1753541287647 0.034889516530985216 0
1753541310829 0.07368333610234258 1
1753541339100 0.09470011629838844 2
1753541361987 0.12086725369662735 3
1753541384205 0.1418840338926732 4
1753541406546 0.16481143047017777 5
1753541429042 0.1810932048513042 6
1753541451141 0.19646120618042864 7
1753541473522 0.21141385612227945 8
1753541496663 0.21797640804120286 9
1753541526636 0.22553580328958298 10
1753541550471 0.23666722046851638 11
1753541573035 0.24131915600598106 12
1753541595312 0.2535304867918259 13
1753541619722 0.2591792656587473 14
1753541642421 0.2660740986874896 15
1753541665615 0.2672370825718558 16
1753541699283 0.2716398072769563 17
1753541723148 0.27886692141551755 18
1753541745553 0.2853464030569862 19
1753541767794 0.2777870078086061 20
1753541789819 0.2818574514038877 21
1753541812549 0.28335271639807275 22
1753541835217 0.2915766738660907 23
1753541857702 0.2893337763748131 24
1753541880996 0.2931550091377305 25
1753541895922 0.2944010632995514 26
1753541925142 0.29132746303372653 27
1753541957350 0.2947333444093703 28
1753541986993 0.30004984216647285 29
1753542002482 0.2993022096693803 30
1753542028283 0.29747466356537633 31
1753542059199 0.29506562551918925 32
1753542078281 0.3008805449410201 33
1753542095871 0.3008805449410201 34
1753542110288 0.3015451071606579 35
1753542141028 0.3043694965941186 36
1753542161036 0.30171124771556734 37
1753542195341 0.30536633992357537 38
1753542209694 0.3046187074264828 39
1753542238184 0.31259345406213657 40
1753542262260 0.3108489782355873 41
1753542281283 0.30478484798139227 42
1753542309371 0.3083568699119455 43
1753542332672 0.31184582156504403 44
1753542360387 0.312759594617046 45
1753542380241 0.3120950323974082 46
1753542409003 0.31259345406213657 47
1753542423150 0.31043362684831366 48
1753542451813 0.31400564877886694 49
1753542470444 0.31325801628177435 50
1753542488931 0.3143379298886858 51
1753542500896 0.3126765243395913 52
1753542518979 0.31624854627014454 53
1753542541027 0.3166638976574182 54
1753542561870 0.31599933543778036 55
1753542580278 0.3111812593454062 56
1753542602761 0.31874065459378637 57
1753542624948 0.3159162651603256 58
1753542646811 0.31782688154178435 59
1753542666737 0.31882372487124105 60
1753542681799 0.3176607409868749 61
1753542698730 0.31442100016614055 62
1753542718865 0.31375643794650276 63
1753542735672 0.31541784349559726 64
1753542758694 0.3158331948828709 65
1753542776700 0.31940521681342415 66
1753542795872 0.31815916265160327 67
1753542812246 0.3194882870908789 68
1753542833909 0.3185745140388769 69
1753542853461 0.3192390762585147 70
1753542864459 0.3220634656919754 71
1753542882555 0.31874065459378637 72
1753542901746 0.3176607409868749 73
1753542920856 0.31840837348396744 74
1753542941452 0.31699617876723707 75
1753542951879 0.3209004818076092 76
1753542962959 0.3207343412526998 77
1753542973531 0.3229772387439774 78
1753542982050 0.32580162817743813 79
1753542992039 0.322478817079249 80
1753543002497 0.3233095198537963 81
1753543011609 0.3242232929057983 82
1753543022237 0.3266323309519854 83
1753543032646 0.32256188735670377 84
1753543044006 0.32580162817743813 85
1753543055409 0.32281109818906795 86
1753543066117 0.3242232929057983 87
1753543076315 0.32480478484798136 88
1753543086688 0.32779531483635155 89
1753543097174 0.3257185578999834 90
1753543108015 0.3263831201196212 91
1753543119304 0.32480478484798136 92
1753543129808 0.3223126765243396 93
1753543141331 0.32580162817743813 94
1753543151558 0.3274630337265326 95
1753543161279 0.3247217145705267 96
1753543172301 0.328875228443263 97
1753543182990 0.32538627679016446 98
1753543193749 0.3258846984548928 99
1753543205088 0.3244725037381625 100
