1753541287648 4.5217967896213045 0
1753541310830 4.31504072677044 1
1753541339101 4.14715847836351 2
1753541361988 3.9943148972325107 3
1753541384207 3.895494015989106 4
1753541406547 3.816328037705574 5
1753541429043 3.7755453231868996 6
1753541451142 3.70267620921559 7
1753541473523 3.685240196356042 8
1753541496664 3.6560786689118525 9
1753541526637 3.6612019556964084 10
1753541550472 3.6462152966596912 11
1753541573036 3.67767237112796 12
1753541595313 3.6315724354741663 13
1753541619723 3.6134261395871876 14
1753541642422 3.6602245933791537 15
1753541665616 3.6909137495169206 16
1753541699284 3.6923418937118067 17
1753541723149 3.692035356315516 18
1753541745554 3.6734488726996757 19
1753541767795 3.738318085732832 20
1753541789820 3.7136671220964406 21
1753541812550 3.7590983495674366 22
1753541835218 3.7080894396080084 23
1753541857703 3.742632114804921 24
1753541880997 3.7080043031814385 25
1753541895923 3.725836065516958 26
1753541925143 3.72428189435996 27
1753541957351 3.7059341919212616 28
1753541986994 3.654144563518276 29
1753542002483 3.6613102513555456 30
1753542028284 3.6562275666900197 31
1753542059200 3.6614176805210454 32
1753542078282 3.677947892270145 33
1753542095872 3.688596078724162 34
1753542110289 3.634372891105601 35
1753542141029 3.674568850575917 36
1753542161037 3.6236746781140248 37
1753542195342 3.6529795485925765 38
1753542209695 3.6695967666472717 39
1753542238185 3.627715711620817 40
1753542262261 3.663578240301824 41
1753542281284 3.701787955683254 42
1753542309372 3.677901815703335 43
1753542332673 3.683472064261557 44
1753542360388 3.636255214773828 45
1753542380242 3.6673729830480166 46
1753542409004 3.666959203372792 47
1753542423151 3.617148897710967 48
1753542451814 3.601239309407074 49
1753542470445 3.6251008419854345 50
1753542488932 3.5854415022465043 51
1753542500897 3.578646663137499 52
1753542518980 3.5804818255503723 53
1753542541028 3.552450771943798 54
1753542561871 3.557532701520497 55
1753542580279 3.5424941004314143 56
1753542602762 3.5522541748907406 57
1753542624949 3.544862703845251 58
1753542646812 3.5423416572089574 59
1753542666738 3.520830498427171 60
1753542681800 3.514123589573707 61
1753542698731 3.5151666031082844 62
1753542718866 3.5328308174920195 63
1753542735674 3.5483425287371975 64
1753542758695 3.504178379495714 65
1753542776701 3.524456823079824 66
1753542795873 3.502772230269096 67
1753542812247 3.5136163121556656 68
1753542833910 3.526210003550593 69
1753542853462 3.5099260886859436 70
1753542864460 3.5241509914635167 71
1753542882556 3.4699660075442966 72
1753542901747 3.510136991670676 73
1753542920857 3.4982906333146473 74
1753542941453 3.5131996410908024 75
1753542951880 3.404383210825057 76
1753542962960 3.366020076764156 77
1753542973532 3.3475294019524138 78
1753542982052 3.325923188535532 79
1753542992040 3.3287703913639817 80
1753543002498 3.3134944200341137 81
1753543011610 3.340187436745715 82
1753543022239 3.3250120853181664 83
1753543032647 3.334045298318031 84
1753543044007 3.2968315041527934 85
1753543055411 3.3117276706950487 86
1753543066118 3.274239557751379 87
1753543076316 3.2611160314552055 88
1753543086689 3.270493422723959 89
1753543097175 3.241039084063636 90
1753543108016 3.2658644577752947 91
1753543119305 3.2601786456202384 92
1753543129809 3.273957950880174 93
1753543141332 3.25305062313226 94
1753543151559 3.2539948871954385 95
1753543161280 3.2682201270654025 96
1753543172302 3.247027251913872 97
1753543182991 3.2466203598615437 98
1753543193750 3.2500808500712277 99
1753543205089 3.244131919195348 100
