1750818338764 0.021265991028410036 0
1750818351654 0.03339425153680013 1
1750818364828 0.038876889848812095 2
1750818378084 0.0538295397906629 3
1750818390931 0.06113972420667885 4
1750818403877 0.07077587639142714 5
1750818416823 0.08016281774381126 6
1750818429373 0.09245721880711082 7
1750818442190 0.09611231101511879 8
1750818454891 0.1101511879049676 9
1750818467645 0.11596610732679848 10
1750818480386 0.1201196211995348 11
1750818493301 0.1235255025751786 12
1750818506166 0.13573683336102343 13
1750818518954 0.13648446585811597 14
1750818532249 0.14636982887522845 15
1750818545080 0.1431300880544941 16
1750818557958 0.14429307193886026 17
1750818570756 0.1512709752450573 18
1750818583491 0.1601594949327131 19
1750818596168 0.16439607908290413 20
1750818608974 0.1651437115799967 21
1750818621886 0.1639807276956305 22
1750818634658 0.17494600431965443 23
1750818647519 0.17403223126765244 24
1750818660346 0.1816746967934873 25
1750818673366 0.18557899983385945 26
1750818686294 0.1807609237414853 27
1750818699116 0.19222462203023757 28
1750818712017 0.2010300714404386 29
1750818725013 0.20642963947499585 30
1750818737968 0.20235919587971424 31
1750818750678 0.20917095863100182 32
1750818763506 0.20510051503572022 33
1750818776248 0.2075095530819073 34
1750818789256 0.2159827213822894 35
1750818802035 0.21739491609901976 36
1750818814681 0.22229606246884864 37
1750818827279 0.2268649277288586 38
1750818840186 0.2215484299717561 39
1750818852879 0.23400897158996511 40
1750818865703 0.2324306363183253 41
1750818878587 0.22827712244558898 42
1750818891110 0.23093537132414022 43
1750818903913 0.23807941518524672 44
1750818916830 0.2349227446419671 45
1750818929718 0.23500581491942182 46
1750818942595 0.24298056155507558 47
1750818955680 0.24713407542781193 48
1750818968467 0.24962618375145373 49
1750818981351 0.2470510051503572 50
1750818994368 0.2505399568034557 51
1750819007062 0.254111978734009 52
1750819019867 0.2572686492772886 53
1750819032672 0.2571025087223791 54
1750819046009 0.25818242232929056 55
1750819058762 0.2602591792656587 56
1750819071651 0.2598438278783851 57
1750819084391 0.26474497424821397 58
1750819097256 0.2602591792656587 59
1750819110256 0.2669878717394916 60
1750819122877 0.2654926067453065 61
1750819135829 0.2702276125602259 62
1750819148754 0.26815085562385776 63
1750819161459 0.27213822894168466 64
1750819174254 0.27670709420169465 65
1750819187167 0.2754610400398737 66
1750819199939 0.27928227280279116 67
1750819213004 0.27338428310350554 68
1750819225935 0.27429805615550756 69
1750819238635 0.2784515700282439 70
1750819251378 0.2774547266987872 71
1750819263830 0.2816082405715235 72
1750819276738 0.28052832696461205 73
1750819289608 0.28426648945007477 74
1750819302297 0.28069446751952154 75
1750819314845 0.28542947333444096 76
1750819327837 0.2874231599933544 77
1750819340718 0.28734008971589964 78
1750819353284 0.2897491277620867 79
1750819366090 0.2891676358199036 80
1750819378656 0.2914105333111813 81
1750819391416 0.2862601761089882 82
1750819404292 0.2918258846984549 83
1750819416961 0.2929888685828211 84
1750819429750 0.29249044691809273 85
1750819442576 0.2935703605250041 86
1750819455334 0.29448413357700615 87
1750819468126 0.2980561555075594 88
1750819481003 0.2985545771722878 89
1750819493936 0.30013291244392754 90
1750819506972 0.3008805449410201 91
1750819519893 0.3017943179930221 92
1750819532754 0.30486791825884696 93
1750819545477 0.305781691310849 94
1750819558372 0.30628011297557733 95
1750819571384 0.30146203688320317 96
1750819584310 0.3110981890679515 97
1750819597237 0.30943678351885695 98
1750819610012 0.3069446751952152 99
1750819622820 0.3055324804784848 100
