1750818338765 4.599646614645036 0
1750818351655 4.5382600513106235 1
1750818364829 4.465117215711119 2
1750818378085 4.388473837788221 3
1750818390932 4.317336535872863 4
1750818403878 4.24254222725894 5
1750818416823 4.1771589052879206 6
1750818429374 4.111559990884669 7
1750818442190 4.05730884515184 8
1750818454892 3.9969912152530807 9
1750818467646 3.9470796110640514 10
1750818480387 3.8989424753149176 11
1750818493302 3.858667607186703 12
1750818506166 3.8093065577686818 13
1750818518955 3.772547509985056 14
1750818532249 3.7263011401057318 15
1750818545081 3.6945593815065374 16
1750818557959 3.6716475750417685 17
1750818570757 3.636598145595079 18
1750818583491 3.6004489349206388 19
1750818596169 3.584153751170543 20
1750818608975 3.55123108551826 21
1750818621887 3.533294943117851 22
1750818634659 3.500216909122407 23
1750818647520 3.475250735370702 24
1750818660347 3.4417189981154652 25
1750818673367 3.4229093639140697 26
1750818686294 3.4136592826101912 27
1750818699117 3.387854743437878 28
1750818712018 3.3541643079491084 29
1750818725014 3.3356625056835516 30
1750818737969 3.3230095556102106 31
1750818750679 3.3015830133170305 32
1750818763507 3.290687959497008 33
1750818776249 3.2745517254698897 34
1750818789257 3.2466878281350064 35
1750818802036 3.239058788475269 36
1750818814682 3.2162360589507735 37
1750818827280 3.199988398262087 38
1750818840187 3.186657210889534 39
1750818852880 3.1564665374757856 40
1750818865704 3.143928384164757 41
1750818878587 3.145682936421646 42
1750818891111 3.128240046478211 43
1750818903914 3.1067381715470215 44
1750818916831 3.101244998716565 45
1750818929719 3.0980888227210133 46
1750818942595 3.074819730986459 47
1750818955680 3.0566662611585205 48
1750818968468 3.0389296904995144 49
1750818981352 3.039733383178611 50
1750818994368 3.0196745244622054 51
1750819007063 3.0182084454779696 52
1750819019868 3.0023560618151928 53
1750819032673 2.9943486208645314 54
1750819046010 2.9798540960273177 55
1750819058762 2.9626384377604276 56
1750819071652 2.9562620792111534 57
1750819084391 2.9480556948934797 58
1750819097257 2.948356141266301 59
1750819110256 2.926638229867608 60
1750819122877 2.92385509878952 61
1750819135830 2.9173148784908847 62
1750819148754 2.912122018680485 63
1750819161460 2.8954335298965255 64
1750819174255 2.880459543513214 65
1750819187167 2.8718137516464544 66
1750819199940 2.8619152059313593 67
1750819213005 2.870036893221194 68
1750819225936 2.861824700263136 69
1750819238636 2.844414646716815 70
1750819251379 2.839797262792234 71
1750819263831 2.8213318338526867 72
1750819276739 2.8216944590326283 73
1750819289609 2.8134152035467244 74
1750819302298 2.8068558843122364 75
1750819314846 2.8064938812705855 76
1750819327838 2.7927940910856304 77
1750819340719 2.7827893463319056 78
1750819353285 2.7758319098646607 79
1750819366090 2.7755769024797754 80
1750819378657 2.7674072986430867 81
1750819391416 2.7649119441343117 82
1750819404293 2.7605875287439616 83
1750819416962 2.753070226434535 84
1750819429751 2.7460620035734054 85
1750819442577 2.7357307865944436 86
1750819455335 2.7296469687766973 87
1750819468127 2.712374123376542 88
1750819481003 2.718568432977145 89
1750819493936 2.708734361795881 90
1750819506973 2.705008542881922 91
1750819519894 2.696287385020253 92
1750819532755 2.695269007554586 93
1750819545478 2.6838946308419156 94
1750819558372 2.673052641456909 95
1750819571385 2.685425649766369 96
1750819584311 2.6652785799859533 97
1750819597238 2.6644674100544594 98
1750819610013 2.65638051646777 99
1750819622821 2.6559171444964624 100
