1754542858303 0.1961405095733454 0
1754542880508 0.37921503593145384 1
1754542905202 0.3481079451228705 2
1754542931311 0.592894115282175 3
1754542961182 0.4829388411477964 4
1754542992212 0.7014422835318358 5
1754543019571 0.6213880094477109 6
1754543051372 0.7491331222674507 7
1754543085711 0.7072214684154983 8
1754543116563 0.7749133122267451 9
1754543140981 0.7391326197296346 10
1754543169874 0.7896376702346851 11
1754543195692 0.7673249912055882 12
1754543221654 0.7977787828534098 13
1754543248264 0.7930046736016886 14
1754543276621 0.8077792853912257 15
1754543301483 0.7807930046736017 16
1754543329385 0.8141615156540529 17
1754543355003 0.8083320769887934 18
1754543389399 0.8189356249057742 19
1754543416066 0.8121011106085733 20
1754543444460 0.8221518669279864 21
1754543474665 0.8140610080908588 22
1754543506175 0.8271269913060958 23
1754543537469 0.8125533946429468 24
1754543566154 0.830393487109905 25
1754543591595 0.8205939996984773 26
1754543624492 0.8338609980401025 27
1754543654569 0.8211970450776421 28
1754543680962 0.8367254635911352 29
1754543713971 0.8285843509724107 30
1754543741066 0.8401427207397356 31
1754543767923 0.8302427257651138 32
