1749836272931 0.22075639270251268 0
1749836572637 0.20510306035599304 1
1749836865566 0.23620619472301374 2
1749837140026 0.23206157717499906 3
1749837413810 0.22486400473670576 4
1749837695783 0.22978573807497318 5
1749837984716 0.24738185989712466 6
1749838265049 0.24860304185323615 7
1749838530270 0.26656921881360324 8
1749838823893 0.2708803611738149 9
1749839117248 0.28003922584465085 10
1749839391474 0.30183547348554934 11
1749839674092 0.2924730784886948 12
1749839905038 0.30111386596602896 13
1749840228401 0.3141768123450394 14
1749840528222 0.3169707286385671 15
1749840789358 0.3299596639899345 16
1749841035979 0.33432631462087853 17
1749841295964 0.3326795692558191 18
1749841547126 0.35081227102838325 19
1749841833536 0.3601931687821485 20
1749842099009 0.3613403397106169 21
1749842329032 0.37814084298560485 22
1749842541991 0.3669651778114939 23
1749842788206 0.373422639973356 24
1749842975927 0.3620804499870481 25
1749843185686 0.3795285497539133 26
1749843400846 0.40484032120785995 27
1749843590580 0.4061910224623469 28
1749843772028 0.38926099988898344 29
1749843953394 0.40139880842245496 30
1749844142310 0.38300706805313994 31
1749844324643 0.3923509602930837 32
1749844484462 0.385689967805203 33
1749844645996 0.3865040891092773 34
1749844811984 0.3912407948784369 35
1749844977506 0.40176886356067054 36
1749845153237 0.40441475779891206 37
1749845304720 0.4141472079339822 38
1749845449115 0.4022129297265293 39
1749845616381 0.40859638086074823 40
1749845757174 0.4249343152129667 41
1749845928742 0.39893794175332126 42
1749846084603 0.4230100284942456 43
1749846223271 0.42282500092513786 44
1749846367966 0.42935647411464306 45
1749846512885 0.4227139843836732 46
1749846651315 0.42867187210894425 47
1749846796533 0.4220478851348851 48
1749846924469 0.41973504052103766 49
1749847048907 0.4220293823779743 50
