1749836272931 2.515417852032119 0
1749836572638 2.7406391606580454 1
1749836865567 2.725959657696216 2
1749837140027 2.8053730919540225 3
1749837413811 2.896802431247908 4
1749837695784 2.957477020460084 5
1749837984717 3.011020305487104 6
1749838265050 3.1004210276268434 7
1749838530271 2.9885343119773804 8
1749838823893 3.0116479331043657 9
1749839117249 2.879935125915541 10
1749839391475 2.742870103231627 11
1749839674092 2.906501997399317 12
1749839905039 2.920703620250958 13
1749840228401 2.716079520204826 14
1749840528223 2.8423900209472026 15
1749840789359 2.723941134508179 16
1749841035980 2.8504089295731347 17
1749841295965 2.656095794790607 18
1749841547127 2.5832772943587554 19
1749841833537 2.4429444419128905 20
1749842099010 2.513643483150548 21
1749842329033 2.446354542824543 22
1749842541992 2.526170767864812 23
1749842788207 2.417856018743954 24
1749842975928 2.5313045974829667 25
1749843185687 2.3208632158082403 26
1749843400847 2.1294581815500138 27
1749843590580 2.082673222589554 28
1749843772029 2.1433025717619127 29
1749843953395 2.1266115986685077 30
1749844142311 2.2398332374018395 31
1749844324644 2.1411345481528916 32
1749844484463 2.2046155413348854 33
1749844645997 2.1896201726053506 34
1749844811985 2.1836601436624923 35
1749844977507 2.0986948184113103 36
1749845153238 2.085681634273481 37
1749845304721 2.059758933008403 38
1749845449116 2.057011750569466 39
1749845616381 2.038525126120953 40
1749845757175 1.9379943122517802 41
1749845928743 2.080493281555954 42
1749846084604 1.9859189366714611 43
1749846223272 1.9426258473782525 44
1749846367967 1.8746588451795694 45
1749846512885 1.9148898790542712 46
1749846651316 1.9273938140192957 47
1749846796534 1.9342036653436854 48
1749846924470 1.9194475813047938 49
1749847048908 1.908746423324923 50
