1753475568202 0.02990529988370161 0
1753475589834 0.06396411364013956 1
1753475613220 0.08589466688818741 2
1753475641441 0.10682837680677854 3
1753475664102 0.12211330785844825 4
1753475687905 0.13399235753447417 5
1753475710291 0.16605748463199868 6
1753475734328 0.18341917262003654 7
1753475756532 0.18690812427313508 8
1753475790269 0.20028243894334607 9
1753475812608 0.20493437448081075 10
1753475836437 0.22046851636484466 11
1753475860279 0.22545273301212826 12
1753475882759 0.236168798803788 13
1753475905718 0.239823891011796 14
1753475936182 0.2507891676358199 15
1753475961154 0.2529489948496428 16
1753475983897 0.2551088220634657 17
1753476007556 0.25743478983219803 18
1753476029609 0.2626682173118458 19
1753476052894 0.2688154178434956 20
1753476077840 0.2694799800631334 21
1753476101266 0.26956305034058814 22
1753476124098 0.2757933211496926 23
1753476146981 0.2732181425485961 24
1753476174552 0.2702276125602259 25
1753476198287 0.27521182920750953 26
1753476220972 0.28077753779697623 27
1753476243637 0.2786177105831533 28
1753476265763 0.2836019272304369 29
1753476290137 0.28576175444425983 30
1753476312979 0.2750456886526001 31
1753476337585 0.2834357866755275 32
1753476359614 0.28675859777371654 33
1753476381677 0.27953148363515534 34
1753476403650 0.28825386276790166 35
1753476426073 0.29008140887190564 36
1753476452335 0.287838511380628 37
1753476474588 0.2931550091377305 38
1753476496941 0.29323807941518526 39
1753476519221 0.29564711746137234 40
1753476547097 0.2941518524671872 41
1753476569705 0.2946502741319156 42
1753476596050 0.29722545273301215 43
1753476622683 0.3005482638312012 44
1753476644793 0.30146203688320317 45
1753476690488 0.29847150689483304 46
1753476713110 0.2952317660740987 47
1753476736469 0.29730852301046684 48
1753476763040 0.296976241900648 49
1753476785413 0.29863764744974247 50
1753476807990 0.30046519355374646 51
1753476838062 0.2980561555075594 52
1753476860474 0.30071440438611063 53
1753476882759 0.2978069446751952 54
1753476905820 0.3033726532646619 55
1753476929442 0.29921913939192557 56
1753476952428 0.30187738827047683 57
1753476981989 0.30204352882538626 58
1753477009041 0.3023758099352052 59
1753477031306 0.29789001495264994 60
1753477054830 0.30104668549592956 61
1753477079238 0.3015451071606579 62
1753477104396 0.299385279946835 63
1753477126132 0.3063631832530321 64
1753477179504 0.3042864263166639 65
1753477203794 0.30569862103339424 66
1753477225718 0.3065293238079415 67
1753477248226 0.3063631832530321 68
1753477274671 0.30569862103339424 69
1753477300616 0.3063631832530321 70
1753477324753 0.3086060807443097 71
1753477348402 0.2999667718890181 72
1753477371305 0.30345572354211664 73
1753477394320 0.3059478318657584 74
1753477416127 0.30644625353048677 75
1753477443692 0.3015451071606579 76
1753477465589 0.30420335603920917 77
1753477496588 0.3073600265824888 78
1753477520388 0.30644625353048677 79
1753477555422 0.3099352051835853 80
1753477583135 0.3096029240737664 81
1753477606797 0.3076923076923077 82
1753477629314 0.3059478318657584 83
1753477653770 0.30719388602757935 84
1753477676229 0.31375643794650276 85
1753477699252 0.31226117295231764 86
1753477721726 0.30544941020103006 87
1753477745729 0.30478484798139227 88
1753477774498 0.3069446751952152 89
1753477797458 0.3067785346403057 90
1753477831666 0.31126432962286094 91
1753477855853 0.310932048513042 92
1753477881292 0.3077753779697624 93
1753477903465 0.31159661073267986 94
1753477927292 0.3083568699119455 95
1753477952162 0.3093537132414022 96
1753477992101 0.31043362684831366 97
1753478014698 0.3042864263166639 98
1753478037918 0.3108489782355873 99
1753478064563 0.3069446751952152 100
