1753475568203 4.545120771995372 0
1753475589835 4.405030427280393 1
1753475613221 4.265028212054999 2
1753475641442 4.129368636742325 3
1753475664103 4.067892446181694 4
1753475687906 3.9972229935080716 5
1753475710292 3.9769396466624167 6
1753475734329 3.9447243757815658 7
1753475756533 3.938124758899399 8
1753475790270 3.9081655198571372 9
1753475812609 3.9501366561540228 10
1753475836438 3.9431919501924844 11
1753475860280 3.961144417231241 12
1753475882760 3.9503603766817106 13
1753475905719 3.9632883066536366 14
1753475936183 4.0257768815445285 15
1753475961155 4.043817487988269 16
1753475983898 4.085685616583224 17
1753476007557 4.0696402235144875 18
1753476029610 4.07855896648315 19
1753476052896 4.13070110113308 20
1753476077841 4.118085573160591 21
1753476101268 4.160898199282722 22
1753476124099 4.152155182318698 23
1753476146982 4.161118013810403 24
1753476174553 4.159565418397415 25
1753476198288 4.2020018257638805 26
1753476220973 4.245143156815932 27
1753476243638 4.228497650164844 28
1753476265764 4.243513214379879 29
1753476290138 4.212431495378994 30
1753476312980 4.245140442790334 31
1753476337586 4.25035883156693 32
1753476359615 4.288000367842201 33
1753476381678 4.299683650808619 34
1753476403651 4.248820795408475 35
1753476426074 4.299639971102474 36
1753476452336 4.251949262892784 37
1753476474589 4.288998774883263 38
1753476496942 4.291990975008821 39
1753476519222 4.2973011870449325 40
1753476547098 4.370930381940857 41
1753476569706 4.3653287742771 42
1753476596051 4.357308000195198 43
1753476622684 4.390321036600797 44
1753476644794 4.34933381830269 45
1753476690490 4.386644773161867 46
1753476713111 4.414562407657302 47
1753476736471 4.335828775509204 48
1753476763041 4.3181319346541915 49
1753476785414 4.3589777971447745 50
1753476807991 4.3655843441831585 51
1753476838063 4.382154838691249 52
1753476860475 4.403926325841513 53
1753476882760 4.3931592575836245 54
1753476905821 4.397782350093482 55
1753476929443 4.383987860279019 56
1753476952429 4.426081474308415 57
1753476981990 4.42477857724197 58
1753477009042 4.449820530325093 59
1753477031307 4.386345605671306 60
1753477054831 4.378979744641046 61
1753477079239 4.3795590554852195 62
1753477104397 4.429824235194097 63
1753477126133 4.458521411845589 64
1753477179505 4.405855542927712 65
1753477203796 4.431838270251061 66
1753477225719 4.394731939453215 67
1753477248227 4.391309535167886 68
1753477274672 4.4106145789057525 69
1753477300617 4.427062633506397 70
1753477324754 4.415289544705617 71
1753477348403 4.368874765522536 72
1753477371306 4.405907870252578 73
1753477394322 4.399492651366008 74
1753477416128 4.447090683041519 75
1753477443693 4.404885289561901 76
1753477465590 4.4468222868619645 77
1753477496589 4.427460782705403 78
1753477520389 4.407696078763544 79
1753477555423 4.428315188179931 80
1753477583136 4.403954408606068 81
1753477606798 4.429001214511601 82
1753477629315 4.465243390941188 83
1753477653771 4.423231950684132 84
1753477676230 4.438508866717687 85
1753477699254 4.4607741371074665 86
1753477721727 4.427546583797349 87
1753477745730 4.396532908057064 88
1753477774499 4.470736460027884 89
1753477797459 4.386239163479338 90
1753477831667 4.428890582167047 91
1753477855854 4.437219425908041 92
1753477881294 4.468158346186325 93
1753477903466 4.436768116796209 94
1753477927293 4.440849297012114 95
1753477952163 4.456381456136429 96
1753477992102 4.4162482927193025 97
1753478014699 4.48209418901142 98
1753478037919 4.4742238600400235 99
1753478064564 4.444095089259906 100
