1752488622842 0.02682119205298013 0
1752488641746 0.039817880794701985 1
1752488660587 0.054718543046357614 2
1752488679458 0.06961920529801324 3
1752488698228 0.08427152317880794 4
1752488717922 0.1017384105960265 5
1752488736922 0.11481788079470198 6
1752488756093 0.12367549668874173 7
1752488775046 0.13302980132450332 8
1752488793839 0.13932119205298013 9
1752488812763 0.14817880794701987 10
1752488831617 0.15571192052980132 11
1752488850729 0.1658112582781457 12
1752488869744 0.1734271523178808 13
1752488888685 0.1783112582781457 14
1752488908010 0.18725165562913906 15
1752488927310 0.19420529801324504 16
1752488946421 0.1994205298013245 17
1752488965211 0.20182119205298013 18
1752488984017 0.2091887417218543 19
1752489002950 0.2191225165562914 20
1752489021736 0.22135761589403974 21
1752489040743 0.2259933774834437 22
1752489059987 0.227317880794702 23
1752489079333 0.23584437086092716 24
1752489098250 0.2406456953642384 25
1752489117208 0.2455298013245033 26
1752489136145 0.2474337748344371 27
1752489155044 0.2509105960264901 28
1752489173881 0.25687086092715233 29
1752489193088 0.26001655629139075 30
1752489212420 0.2627483443708609 31
1752489231445 0.27011589403973507 32
1752489250719 0.2712748344370861 33
1752489269828 0.2730960264900662 34
1752489288864 0.2769867549668874 35
1752489308007 0.27533112582781455 36
1752489327174 0.2827814569536424 37
1752489346340 0.2860927152317881 38
1752489365311 0.2896523178807947 39
1752489384559 0.2889072847682119 40
1752489403389 0.29710264900662253 41
1752489422621 0.2952814569536424 42
1752489441773 0.2994205298013245 43
1752489460970 0.30604304635761587 44
1752489480116 0.3072019867549669 45
1752489499001 0.311341059602649 46
1752489517871 0.31498344370860926 47
1752489536806 0.3172185430463576 48
1752489555813 0.31846026490066226 49
1752489574746 0.3212748344370861 50
1752489593651 0.32276490066225166 51
1752489612432 0.32334437086092715 52
1752489631514 0.3277317880794702 53
1752489650613 0.33683774834437086 54
1752489669922 0.3345198675496689 55
1752489689077 0.34130794701986755 56
1752489708174 0.3443708609271523 57
1752489727254 0.3478476821192053 58
1752489746413 0.347682119205298 59
1752489765577 0.34718543046357614 60
1752489784829 0.3528145695364238 61
1752489804104 0.35653973509933773 62
1752489823329 0.35455298013245035 63
1752489842545 0.35943708609271524 64
1752489861796 0.36200331125827817 65
1752489881062 0.35993377483443706 66
1752489900257 0.36241721854304637 67
1752489919426 0.36829470198675496 68
1752489938501 0.3679635761589404 69
1752489957780 0.37284768211920527 70
1752489976986 0.37764900662251655 71
1752489996110 0.384023178807947 72
1752490015184 0.38120860927152317 73
1752490034202 0.3801324503311258 74
1752490053229 0.3869205298013245 75
1752490072484 0.389817880794702 76
1752490091485 0.39188741721854303 77
1752490110444 0.39461920529801325 78
1752490129285 0.39793046357615897 79
1752490148128 0.3981788079470199 80
1752490167312 0.40223509933774837 81
1752490186467 0.4024006622516556 82
1752490205345 0.40521523178807944 83
1752490224786 0.40711920529801326 84
1752490244112 0.4105132450331126 85
1752490263247 0.41283112582781456 86
1752490282369 0.41357615894039734 87
1752490301172 0.41225165562913907 88
1752490320358 0.414817880794702 89
1752490339577 0.41688741721854305 90
1752490358779 0.4189569536423841 91
1752490377893 0.41804635761589404 92
1752490397112 0.4169701986754967 93
1752490416333 0.4240894039735099 94
1752490435167 0.4320364238410596 95
1752490454355 0.43410596026490067 96
1752490473656 0.43625827814569534 97
1752490492723 0.43518211920529803 98
1752490511729 0.43940397350993377 99
1752490530965 0.4417218543046358 100
