1752141067065 2.275053275267387 0
1752141152859 2.2088273993041834 1
1752141236876 2.2389169204997477 2
1752141328850 2.1517972254515625 3
1752141417100 2.1726912977009194 4
1752141503448 2.1869037317008395 5
1752141596220 2.2803922069514404 6
1752141690021 2.1723131974609378 7
1752141784041 2.2184980806484167 8
1752141872106 2.258067005041524 9
1752141962775 2.1896799228679 10
1752142052394 2.3091695699317123 11
1752142135793 2.2711446584228185 12
1752142218713 2.3887728687623397 13
1752142309196 2.2780533783239063 14
1752142411260 2.343660001399724 15
1752142507069 2.3545082400755284 16
1752142607257 2.3071095597847195 17
1752142703827 2.4105754946307347 18
1752142787240 2.416054402392554 19
1752142880299 2.4560787586030224 20
1752142972853 2.3526149121064743 21
1752143067311 2.4048838141755593 22
1752143155542 2.5185028603340336 23
1752143253487 2.3470598307104056 24
1752143338118 2.3836459027496804 25
1752143423000 2.429005312213677 26
1752143511661 2.4802745726743995 27
1752143597390 2.4623027643099706 28
1752143689109 2.4169677112496357 29
1752143778767 2.3871396952732673 30
1752143876512 2.3796015587401076 31
1752143967360 2.609744666015937 32
1752144063121 2.41024763030913 33
1752144160304 2.4962798958279095 34
1752144253355 2.4648123666910435 35
1752144339103 2.4970573828046025 36
1752144429092 2.5087514239490125 37
1752144517009 2.4866411769590973 38
1752144606488 2.548269821329171 39
1752144693803 2.5074503587413557 40
1752144775430 2.5016093920757485 41
1752144868043 2.505672906546414 42
1752144969975 2.4684429505856937 43
1752145070079 2.52695322915422 44
1752145168755 2.5350788831863404 45
1752145263554 2.5559316433586763 46
1752145353126 2.520304162405172 47
1752145444203 2.5335933937426027 48
1752145537957 2.477287815039306 49
1752145637616 2.517697334404687 50
1752145692758 2.4669781887747404 51
1752145752940 2.4391401938950494 52
1752145809689 2.3913704033051846 53
1752145861447 2.4143447034848875 54
1752145920105 2.4378254826223467 55
1752145975857 2.4488346010714968 56
1752146031155 2.349117867532078 57
1752146089017 2.4428762533263084 58
1752146146789 2.3632818259509656 59
1752146205488 2.3859436071221722 60
1752146264625 2.387010540933199 61
1752146319866 2.386917159171455 62
1752146371954 2.408540890143404 63
1752146426504 2.4165964014339223 64
1752146484702 2.408156827282215 65
1752146544706 2.3652748900539016 66
1752146602822 2.444867013616366 67
1752146656580 2.4053356723335897 68
1752146714869 2.378963633315415 69
1752146771095 2.365664454267536 70
1752146833597 2.3975470216164174 71
1752146888148 2.3778433435811714 72
1752146942619 2.4124039567624127 73
1752146999359 2.403595056696225 74
1752147058160 2.3814972425953007 75
1752147112491 2.438912398938046 76
1752147166066 2.3951595569620046 77
1752147220336 2.376234343783485 78
1752147278966 2.4983553001116126 79
1752147336021 2.4774107613145273 80
1752147389173 2.4390846939972133 81
1752147444738 2.4717472431155763 82
1752147503067 2.4234591190654835 83
1752147557154 2.4677455598209974 84
1752147610659 2.433340688390209 85
1752147664049 2.4371012796085516 86
1752147719722 2.4073304835435754 87
1752147770402 2.464512789221052 88
1752147822927 2.4113533426398 89
1752147885408 2.4033171698469076 90
1752147941125 2.4219414187431214 91
1752147995946 2.4525882912904797 92
1752148051927 2.4520292782712483 93
1752148111151 2.4000591025959124 94
1752148164992 2.441215419010565 95
1752148222272 2.4240808554733766 96
1752148281529 2.479502862733079 97
1752148332407 2.439484054164441 98
1752148386240 2.4872986596487596 99
1752148443051 2.459333301520624 100
1752148483732 2.395895454839768 101
1752148528030 2.334348671499302 102
1752148569883 2.3650951511045393 103
1752148611291 2.279123372369706 104
1752148653130 2.3143476650612667 105
1752148693582 2.394527972840415 106
1752148734814 2.3295548389535905 107
1752148778387 2.342948843225118 108
1752148819635 2.359538484526355 109
1752148863577 2.3221868712536877 110
1752148902629 2.305389036753395 111
1752148943440 2.3523840406970966 112
1752148986109 2.294347241108887 113
1752149027947 2.291286401384049 114
1752149069167 2.292030821365532 115
1752149112768 2.30928022206784 116
1752149155847 2.37139398104828 117
1752149195162 2.413675620041481 118
1752149236781 2.3784072912065617 119
1752149277369 2.388640607558947 120
1752149319141 2.3367415913679794 121
1752149361594 2.3445466408269175 122
1752149407134 2.3567571203786 123
1752149447599 2.3455184988234987 124
1752149492332 2.4308904220168537 125
1752149534263 2.327521180004725 126
1752149576637 2.3671431441294914 127
1752149618405 2.362860266704981 128
1752149659527 2.3808677169064127 129
1752149704591 2.376953056025602 130
1752149745907 2.301597099884404 131
1752149785946 2.3064070272732273 132
1752149828404 2.3739941820351076 133
1752149869500 2.310077411660675 134
1752149911783 2.3256402794043516 135
1752149953043 2.428454691969001 136
1752149999073 2.3658145465722487 137
1752150039046 2.3547584661165555 138
1752150080585 2.3530133909578264 139
1752150123541 2.384969540616264 140
1752150163367 2.35349907244002 141
1752150206676 2.445810009920465 142
1752150247078 2.3416835138519794 143
1752150289981 2.3914633964337 144
1752150331287 2.3105603494637896 145
1752150374224 2.339324981330358 146
1752150415233 2.291089593848133 147
1752150456415 2.3228390828916656 148
1752150503163 2.349978595931833 149
1752150543441 2.3776602071628954 150
1752150570489 2.2059393817965676 151
1752150596432 2.132350537329468 152
1752150623587 2.119161206908459 153
1752150651350 2.1094070524240847 154
1752150679408 2.099785563681123 155
1752150706918 2.112268010759527 156
1752150735569 2.1205156413410666 157
1752150765300 2.09485888177693 158
1752150793757 2.0883566044753734 159
1752150822478 2.1296812688404345 160
1752150850461 2.112329090214202 161
1752150878690 2.07975667086677 162
1752150906853 2.0743635766793567 163
1752150933445 2.1330487107269547 164
1752150962083 2.1182463456578504 165
1752150989474 2.0787197355520144 166
1752151016569 2.1218805652402386 167
1752151044676 2.098170061722839 168
1752151073171 2.096109312907863 169
1752151101505 2.1129053286116366 170
1752151130067 2.065871455152648 171
1752151158061 2.099364692693792 172
1752151186504 2.0950998974895705 173
1752151214003 2.085407808851683 174
1752151241665 2.105238196911858 175
1752151270237 2.0770159111126043 176
1752151299750 2.096874423665616 177
1752151328092 2.0934277578270724 178
1752151354751 2.1016127467772754 179
1752151382553 2.1057315840540354 180
1752151410918 2.095355078465633 181
1752151439553 2.075122303439516 182
1752151466995 2.0728077464002657 183
1752151494112 2.1023410080086418 184
1752151521323 2.0876899036481555 185
1752151550886 2.07724867489732 186
1752151579457 2.062976221081471 187
1752151607206 2.0620018479916618 188
1752151634903 2.0840982653546036 189
1752151662629 2.052653133962113 190
1752151690291 2.0551676630309355 191
1752151718307 2.0926881427331314 192
1752151748288 2.07907378005623 193
1752151776672 2.085931593906311 194
1752151806239 2.082993344704996 195
1752151833419 2.0775196177132735 196
1752151860742 2.072831027099477 197
1752151888541 2.0715438605556162 198
1752151916463 2.062410071700273 199
1752151944998 2.0624481068934126 200
