1751096562503 0.09362020269147699 0
1751096682495 0.1636484465858116 1
1751096809557 0.20676192058481474 2
1751096930881 0.25377969762419006 3
1751097051931 0.28077753779697623 4
1751097178304 0.303954145206845 5
1751097302691 0.31724538959960125 6
1751097429168 0.3428310350556571 7
1751097557324 0.3577836849975079 8
1751097682874 0.3677521182920751 9
1751097809429 0.37780362186409705 10
1751097934418 0.38262169795647116 11
1751098061967 0.39616215318159165 12
1751098133023 0.4076258514703439 13
1751098201669 0.4000664562219638 14
1751098270564 0.4128592789499917 15
1751098339097 0.42274464196710415 16
1751098408074 0.4175112144874564 17
1751098480186 0.4256521016780196 18
1751098550825 0.43296228609403553 19
1751098620041 0.43229772387439774 20
1751098691790 0.4491609901977073 21
1751098763827 0.4443429141053331 22
1751098833065 0.4521515201860774 23
1751098905955 0.4627014454228277 24
1751098976159 0.4692639973417511 25
1751099025588 0.4664396079082904 26
1751099074875 0.46976241900647947 27
1751099123394 0.46760259179265656 28
1751099171754 0.4763249709254029 29
1751099222071 0.47674032231267655 30
