1752242230492 0.17142804277837398 0
1752242276258 0.13351589386818635 1
1752242319795 0.18210413351589386 2
1752242362086 0.27632017170558415 3
1752242402738 0.25907560226473747 4
1752242444998 0.31722976723531804 5
1752242488422 0.32254005846871187 6
1752242530436 0.36228398031306663 7
1752242571462 0.31014321133848943 8
1752242614093 0.3080523998075713 9
1752242656724 0.3938681863597676 10
1752242700151 0.4000851126817896 11
1752242743829 0.3911112755800614 12
1752242781027 0.398623394885838 13
1752242828637 0.37412574473596566 14
1752242872843 0.35645561188617103 15
1752242915460 0.38160085852792064 16
1752242957953 0.4125929763534767 17
1752242999649 0.40626503348999 18
1752243041339 0.40421122747289345 19
1752243084732 0.41105724752988193 20
1752243126923 0.4248788069422344 21
1752243169221 0.386023017429597 22
1752243210333 0.38733671317026236 23
1752243253466 0.4236021167153906 24
1752243291146 0.40206490767124303 25
1752243332184 0.47139473781593455 26
1752243376135 0.4638641157532472 27
1752243418950 0.44408466861562373 28
1752243459375 0.41625652222181103 29
1752243502656 0.4334270806350146 30
1752243545234 0.4350183177293417 31
1752243589295 0.4594234540946601 32
1752243629517 0.4534285608555675 33
1752243671231 0.4576286866743145 34
1752243717848 0.4492284350368205 35
1752243761599 0.43949598490175035 36
1752243806027 0.42439773526255414 37
1752243846200 0.4735595603744958 38
1752243886136 0.4804980942160382 39
1752243930952 0.48360655737704916 40
1752243971802 0.47413314583872995 41
1752244016659 0.4858453909632535 42
1752244059574 0.4251748510528069 43
1752244098425 0.4966139954853273 44
1752244139912 0.4461199718758095 45
1752244180589 0.4745402064907671 46
1752244221874 0.4986307959886023 47
1752244266965 0.46153276838248897 48
1752244309764 0.47624246012655885 49
1752244350855 0.43951448765866113 50
1752244392012 0.497224586463383 51
1752244436712 0.4935795433519594 52
1752244481063 0.4836990711616031 53
1752244524688 0.4318728490545091 54
1752244569676 0.5099729859749103 55
1752244608926 0.49531880250157273 56
1752244654419 0.49975946416015987 57
1752244695942 0.4770195759168116 58
1752244737490 0.43975502349850126 59
1752244778278 0.4007142064167561 60
1752244825115 0.48244088369167004 61
1752244868163 0.5147466972578915 62
1752244910104 0.5026088887244199 63
1752244952142 0.49411612330237203 64
1752244994706 0.47690855937534693 65
1752245040447 0.4855123413388595 66
1752245081204 0.47502127817044737 67
1752245120985 0.5161159012692891 68
1752245160780 0.5071790696813825 69
1752245202132 0.5043111423602117 70
1752245245541 0.49409762054546125 71
1752245287352 0.4739481182696222 72
1752245330162 0.49278392480479594 73
1752245373604 0.4683972911963883 74
1752245417598 0.5182622210709396 75
1752245459164 0.4819598120119898 76
1752245504198 0.4754653443363061 77
1752245548784 0.46153276838248897 78
1752245587383 0.5072345779521149 79
1752245631042 0.49994449172926764 80
1752245670167 0.5328608962735447 81
1752245712976 0.519816452651445 82
1752245759370 0.5020353032601858 83
1752245803320 0.5234985012766902 84
1752245842225 0.49239536690966956 85
1752245885523 0.53796765718092 86
1752245924593 0.48912037893646154 87
1752245968568 0.48210783406727603 88
1752246009624 0.5164489508936831 89
1752246052273 0.48144173481848795 90
1752246094135 0.5276061133108834 91
1752246134147 0.5008881323317175 92
1752246175405 0.5363209118158606 93
1752246214172 0.5228138992709914 94
1752246257342 0.5102875328423935 95
1752246297059 0.5248862080449987 96
1752246340748 0.501258187469933 97
1752246385647 0.528050179476742 98
1752246428617 0.5233689819783147 99
1752246472992 0.47324501350701254 100
1752246515497 0.5161529067831107 101
1752246554720 0.5081042075269215 102
1752246596732 0.5324723383784183 103
1752246641398 0.5402990045516782 104
1752246688620 0.49765014987233097 105
1752246731233 0.5131739629204751 106
1752246774439 0.4960959182918255 107
1752246815469 0.5204640491433223 108
1752246858413 0.5228138992709914 109
1752246901039 0.5173740887392222 110
1752246943213 0.5239240646856381 111
1752246987703 0.5010731599008252 112
1752247031269 0.5167449950042556 113
1752247075693 0.4849572586315361 114
1752247116147 0.5060504015098249 115
1752247157799 0.5002775413536616 116
1752247202777 0.5147466972578915 117
1752247246453 0.5301964992783925 118
1752247290404 0.5121933168042039 119
1752247333092 0.49502275839100024 120
1752247373973 0.5190023313473707 121
1752247415452 0.5421122747289346 122
1752247454012 0.49646597343004106 123
1752247495678 0.49679902305443513 124
1752247536714 0.5174851052806868 125
1752247576386 0.5079376827147245 126
1752247619305 0.5079191799578137 127
1752247661527 0.4874181253006698 128
1752247704157 0.5281796987751175 129
1752247744822 0.5330829293564742 130
1752247788373 0.5326388631906154 131
1752247829068 0.5166524812197018 132
1752247871938 0.508233726825297 133
1752247917468 0.5181327017725641 134
1752247962287 0.5119527809643637 135
1752248008428 0.5176701328497946 136
1752248052972 0.5172075639270252 137
1752248095130 0.521666728342523 138
1752248139406 0.524608666691337 139
1752248185059 0.5076046330903304 140
1752248227470 0.5227953965140806 141
1752248269141 0.5375605965288828 142
1752248313229 0.5159308737001813 143
1752248357544 0.5181141990156534 144
1752248399450 0.49796469673981425 145
1752248447105 0.5038855789512637 146
1752248487282 0.5247381859897124 147
1752248530631 0.5116012285830589 148
1752248575840 0.5316952225881656 149
1752248616236 0.5005550827073234 150
1752248658780 0.5463679088184139 151
1752248704449 0.5036080375976021 152
1752248747576 0.5234429930059579 153
1752248793714 0.48628945712911226 154
1752248839768 0.5279946712060097 155
1752248881754 0.5259408651889131 156
1752248921948 0.48360655737704916 157
1752248964395 0.5119527809643637 158
1752249009737 0.5145246641749621 159
1752249055540 0.5333049624394035 160
1752249095904 0.5323613218369537 161
1752249138281 0.5121933168042039 162
1752249181333 0.5127298967546164 163
1752249229140 0.4597750064759649 164
1752249269805 0.49950042556340896 165
1752249314647 0.5343041113125856 166
1752249359100 0.46554786663212816 167
1752249403919 0.5378566406394553 168
1752249445329 0.525700329349073 169
1752249488067 0.5210931428782889 170
1752249531929 0.5117862561521667 171
1752249573939 0.5482366872664027 172
1752249614909 0.543925544906191 173
1752249656317 0.528309218073493 174
1752249701261 0.5210561373644673 175
1752249746269 0.5149687303408208 176
1752249786935 0.5257373348628945 177
1752249831363 0.520667579469341 178
1752249873823 0.5082892350960293 179
1752249919410 0.5343596195833179 180
1752249960050 0.5262554120563964 181
1752250003984 0.5138215594123524 182
1752250045780 0.5379861599378307 183
1752250088579 0.5350997298597491 184
1752250128577 0.5197239388668912 185
1752250173468 0.46486326462642935 186
1752250219029 0.4953558080153943 187
1752250260165 0.5170595418717389 188
1752250301734 0.5248862080449987 189
1752250347313 0.49892684009917476 190
1752250393371 0.520075491248196 191
1752250432398 0.5362098952743959 192
1752250474514 0.526033378973467 193
1752250514933 0.5331569403841172 194
1752250556816 0.5364134256004145 195
1752250599814 0.5301779965214817 196
1752250641930 0.5023868556414905 197
1752250685022 0.5418347333752729 198
1752250729331 0.5442400917736743 199
1752250771984 0.52444214187914 200
