1753216199588 0.025502575178601095 0
1753216218536 0.05515866422993853 1
1753216235293 0.06853297890014953 2
1753216251825 0.09503239740820735 3
1753216266336 0.10541618209004817 4
1753216285380 0.12003655092208008 5
1753216305021 0.13557069280611397 6
1753216322145 0.15359694301378968 7
1753216335331 0.16315002492108324 8
1753216353840 0.17635819903638478 9
1753216367226 0.18923409204186742 10
1753216384673 0.1991194550589799 11
1753216402083 0.20377139059644458 12
1753216420389 0.21365675361355707 13
1753216438026 0.2199700947001163 14
1753216454630 0.23018773882704768 15
1753216470149 0.2317660740986875 16
1753216484981 0.23550423658415018 17
1753216502447 0.2448081076590796 18
1753216518616 0.25220136235255025 19
1753216533808 0.2541950490114637 20
1753216548607 0.2579332114969264 21
1753216557919 0.26092374148529657 22
1753216576490 0.26715401229440106 23
1753216592822 0.26532646619039707 24
1753216608549 0.2730520019936867 25
1753216626865 0.27587639142714737 26
1753216643410 0.2728027911613225 27
1753216658040 0.2810267486293404 28
1753216675463 0.2897491277620867 29
1753216691344 0.29149360358863596 30
1753216705659 0.28866921415517527 31
1753216720331 0.2952317660740987 32
1753216736139 0.29290579830536634 33
1753216754927 0.2915766738660907 34
1753216771216 0.2999667718890181 35
1753216788527 0.299385279946835 36
1753216804379 0.3079415185246719 37
1753216822320 0.30503405881375645 38
1753216840295 0.3065293238079415 39
1753216859013 0.31342415683668384 40
1753216874187 0.310932048513042 41
1753216891869 0.30819072935703606 42
1753216910181 0.308523010466855 43
1753216928226 0.31317494600431967 44
1753216944235 0.31683003821232764 45
1753216960192 0.31201196211995347 46
1753216977098 0.31824223292905796 47
1753216987940 0.317328459877056 48
1753217004057 0.3207343412526998 49
1753217022275 0.3213158331948829 50
1753217037329 0.3199036384781525 51
1753217052537 0.3227280279116132 52
1753217070742 0.32256188735670377 53
1753217090091 0.3254693470676192 54
1753217109441 0.3267154012294401 55
1753217127987 0.3245555740156172 56
1753217147182 0.3264661903970759 57
1753217165117 0.3282106662236252 58
1753217182287 0.3257185578999834 59
1753217199109 0.32679847150689484 60
1753217215597 0.327047682339259 61
1753217230832 0.32721382289416845 62
1753217246554 0.3277122445588968 63
1753217263068 0.3319488287090879 64
1753217279999 0.3354377803621864 65
1753217296313 0.33635155341418843 66
1753217313799 0.33219803954145205 67
1753217331560 0.3310350556570859 68
1753217349342 0.33061970426981224 69
1753217366022 0.3366007642465526 70
1753217385505 0.3364346236916431 71
1753217401059 0.33518856952982223 72
1753217417650 0.33718225618873565 73
1753217436294 0.3375145372985546 74
1753217455196 0.34017278617710583 75
1753217464090 0.3364346236916431 76
1753217479591 0.33709918591128096 77
1753217497404 0.33934208340255856 78
1753217513384 0.33934208340255856 79
1753217528068 0.3381790995181924 80
1753217546196 0.3382621697956471 81
1753217564153 0.3382621697956471 82
1753217583094 0.33900980229273964 83
1753217600685 0.3364346236916431 84
1753217618504 0.34017278617710583 85
1753217637904 0.3390928725701944 86
1753217652635 0.33900980229273964 87
1753217670640 0.34399401894002324 88
1753217686519 0.3430802458880213 89
1753217702436 0.34175112144874564 90
1753217719880 0.3416680511712909 91
1753217736274 0.3424987539458382 92
1753217753773 0.3416680511712909 93
1753217769770 0.3448247217145705 94
1753217787741 0.34739990031566703 95
1753217804140 0.3410034889516531 96
1753217820679 0.3475660408705765 97
1753217839097 0.3436617378302044 98
1753217856219 0.34739990031566703 99
1753217874146 0.3418341917262004 100
