1753694793554 6.88495702722735 0
1753694812808 6.52681363884167 1
1753694827972 6.568609503849858 2
1753694846738 6.946274014932862 3
1753694865635 12.267544305670752 4
1753694879125 12.013916174013726 5
1753694897175 6.663347316118989 6
1753694914322 6.444672251421647 7
1753694932770 6.573965937199839 8
1753694949567 6.506710798162129 9
1753694965918 12.463477544884226 10
1753694986327 6.727481143697063 11
1753695003217 12.999235003203486 12
1753695020728 12.491556207000832 13
1753695039085 6.851452768475331 14
1753695055324 13.171021853026527 15
1753695069801 12.605329626541321 16
1753695085773 12.509584707394907 17
1753695103185 6.591154163483313 18
1753695122024 6.7098000219648455 19
1753695140619 6.997628864093507 20
1753695159217 12.523995417130834 21
1753695178069 12.855199679912916 22
1753695197053 6.814025336971249 23
1753695213269 14.785317347589267 24
1753695233153 6.626201673916229 25
1753695251773 12.502640981097208 26
1753695271406 6.081429015755804 27
1753695288369 6.552780427831018 28
1753695308151 6.372522514161567 29
1753695320305 7.598192767724363 30
1753695340133 6.0339017985322085 31
1753695357950 6.39223869932254 32
1753695374636 7.088427187307272 33
1753695391395 14.693406486561482 34
1753695409753 6.794405329914567 35
1753695427824 13.160931568675156 36
1753695438765 6.736340263909329 37
1753695458065 6.773975382856132 38
1753695474715 6.521701646404213 39
1753695492507 14.95208414055236 40
1753695507503 6.698391194314002 41
1753695526440 6.456936226773282 42
1753695543727 6.820614463730726 43
1753695560219 14.342187859709416 44
1753695577301 6.035404500044559 45
1753695596569 6.924731798560843 46
1753695613490 14.335429118187394 47
1753695630204 16.261622420250397 48
1753695646284 6.315946529653454 49
1753695663478 6.902737882234134 50
1753695682569 6.266747347969827 51
1753695691795 6.214552611745221 52
1753695706521 14.745343273049626 53
1753695724853 15.111218398219854 54
1753695736366 12.454013807632093 55
1753695754902 12.715831987467908 56
1753695773200 5.9378248630776636 57
1753695789230 6.732121368289971 58
1753695806798 13.797869021728097 59
1753695823275 15.23214839261599 60
1753695841114 12.63967028871844 61
1753695861018 6.336341838330068 62
1753695878524 13.898363280195804 63
1753695897062 13.306376859660286 64
1753695915199 5.882024824177708 65
1753695934380 6.438602537925176 66
1753695954489 6.01305137640754 67
1753695970726 13.604100220655582 68
1753695988880 6.5899115677839974 69
1753696007280 6.3190091308104535 70
1753696025663 13.311414248535236 71
1753696041605 13.947014958780231 72
1753696059513 6.637852139186902 73
1753696076198 6.810661034350851 74
1753696090699 6.58124188033409 75
1753696108062 7.209902584327274 76
1753696126400 14.275644254841414 77
1753696137489 6.821639269399337 78
1753696154054 7.785030924519755 79
1753696171203 6.9878515875982465 80
1753696189732 6.00417793546218 81
1753696208559 15.881329463041789 82
1753696224958 6.917207351694304 83
1753696243234 6.489370649595154 84
1753696261928 7.227483421874152 85
1753696273316 14.973633971676671 86
1753696289543 6.420627301260547 87
1753696301297 6.646515608536954 88
1753696319734 15.196605233450908 89
1753696336040 6.46150236084005 90
1753696354832 6.520846656816078 91
1753696370364 15.73326322361678 92
1753696387114 15.330063061109275 93
1753696405826 13.976499150053597 94
1753696423843 13.425159967925836 95
1753696440290 6.35095630700615 96
1753696459649 6.558793813627513 97
1753696476005 16.197064651438343 98
1753696491653 14.69384578858139 99
1753696508881 13.412022092436516 100
