1753225042466 0.021016780196045855 0
1753225055040 0.02774547266987872 1
1753225066263 0.03206512709752451 2
1753225077717 0.04984216647283602 3
1753225088042 0.065957800299053 4
1753225099357 0.07451403887688984 5
1753225111755 0.08564545605582323 6
1753225124265 0.08988204020601429 7
1753225135222 0.09561388935039043 8
1753225147392 0.11106496095696959 9
1753225160051 0.1226117295231766 10
1753225173512 0.12377471340754279 11
1753225186331 0.1304203356039209 12
1753225198605 0.1406379797308523 13
1753225210036 0.15077255358032896 14
1753225222695 0.1583319488287091 15
1753225234658 0.16630669546436286 16
1753225247664 0.16663897657418175 17
1753225261238 0.17104170127928228 18
1753225271948 0.1807609237414853 19
1753225282814 0.1850805781691311 20
1753225293329 0.1866589134407709 21
1753225304489 0.18890181093204853 22
1753225316277 0.19396909785678684 23
1753225329767 0.19903638478152516 24
1753225341956 0.20219305532480478 25
1753225355507 0.20244226615716895 26
1753225367134 0.2028576175444426 27
1753225379302 0.21290912111646454 28
1753225390896 0.2193886027579332 29
1753225402962 0.21963781359029738 30
1753225415016 0.21722877554411033 31
1753225426752 0.22071772719720884 32
1753225438741 0.22470510051503573 33
1753225450805 0.22221299219139393 34
1753225460708 0.22919089549759097 35
1753225472924 0.23508888519687657 36
1753225484359 0.2377471340754278 37
1753225497508 0.23882704768233926 38
1753225509764 0.24065459378634324 39
1753225522771 0.2479647782023592 40
1753225532514 0.2520352217976408 41
1753225544752 0.24838012958963282 42
1753225556535 0.2508722379132746 43
1753225568136 0.2535304867918259 44
1753225579481 0.252284432630005 45
1753225591570 0.2528659245721881 46
1753225605046 0.2585147034391095 47
1753225616771 0.2602591792656587 48
1753225628410 0.2622528659245722 49
1753225639269 0.2625851470343911 50
1753225653001 0.2640804120285762 51
1753225662275 0.26175444425984384 52
1753225674580 0.26615716896494435 53
1753225687480 0.2652433959129423 54
1753225701531 0.27554411031732845 55
1753225714100 0.2713905964445921 56
1753225725846 0.2760425319820568 57
1753225736968 0.27828542947333446 58
1753225750784 0.27654095364678516 59
1753225764229 0.27429805615550756 60
1753225778216 0.2777870078086061 61
1753225790917 0.2800299052998837 62
1753225803363 0.28518026250207673 63
1753225815349 0.28925070609735837 64
1753225827499 0.2880046519355375 65
1753225839211 0.28700780860608077 66
1753225850782 0.2890014952649942 67
1753225863705 0.28883535471008476 68
1753225875770 0.2914105333111813 69
1753225887367 0.29016447914936033 70
1753225899695 0.29390264163482305 71
1753225909947 0.2909121116464529 72
1753225922888 0.29041368998172457 73
1753225933887 0.29730852301046684 74
1753225945323 0.2946502741319156 75
1753225957004 0.29631167968101013 76
1753225969519 0.2971423824555574 77
1753225979841 0.2973915932879216 78
1753225991283 0.29980063133410867 79
1753226004848 0.2993022096693803 80
1753226017369 0.29946835022428975 81
1753226030053 0.30536633992357537 82
1753226040674 0.3047017777039375 83
1753226049755 0.3031234424322977 84
1753226060528 0.3036218640970261 85
1753226070888 0.30686160491776043 86
1753226082927 0.30403721548429974 87
1753226094770 0.3073600265824888 88
1753226105855 0.30902143213158334 89
1753226117440 0.30727695630503404 90
1753226129251 0.3077753779697624 91
1753226141544 0.31525170294068783 92
1753226153671 0.3139225785014122 93
1753226165603 0.31442100016614055 94
1753226177752 0.3164977571025087 95
1753226190735 0.31217810267486296 96
1753226203328 0.31624854627014454 97
1753226215053 0.313673367669048 98
1753226227547 0.313673367669048 99
1753226239576 0.3105166971257684 100
