1753133983447 4.471748769021379 0
1753134005110 4.21016147039904 1
1753134044249 3.9685667240113287 2
1753134068095 3.7810664129796003 3
1753134101382 3.614835644309604 4
1753134133964 3.4613008909480896 5
1753134168530 3.3373664492941173 6
1753134204233 3.2209893916785206 7
1753134231743 3.1302257741961825 8
1753134267686 3.047235036512428 9
1753134304683 2.9774521971552113 10
1753134342617 2.9074265290239563 11
1753134365625 2.858455858393478 12
1753134402000 2.7922851829741835 13
1753134419235 2.7528005623435794 14
1753134456577 2.6930402382556604 15
1753134483473 2.669323956057177 16
1753134512836 2.63913743738276 17
1753134550650 2.6044834718080114 18
1753134582718 2.5554513753857364 19
1753134618052 2.5639871065338227 20
1753134655457 2.515131754833027 21
1753134687551 2.510849097740902 22
1753134725244 2.4823925782943723 23
1753134762400 2.4639596200420857 24
1753134798114 2.4189218261496843 25
1753134834210 2.415847054471229 26
1753134870564 2.419513758186966 27
1753134891395 2.388380010991347 28
1753134926557 2.360530890737974 29
1753134944792 2.352858385975003 30
1753134981925 2.339029971099369 31
1753135016572 2.3258167455531384 32
1753135045987 2.318963135434983 33
1753135081785 2.310366529544968 34
1753135118464 2.276505374480027 35
1753135144353 2.2840375398044235 36
1753135182104 2.2522083005974496 37
1753135218700 2.2406294796320405 38
1753135235487 2.232973026996079 39
1753135272247 2.213733588817928 40
1753135305209 2.19868457445816 41
1753135341950 2.2193847674004177 42
1753135359184 2.1969091199474073 43
1753135398204 2.18038799382199 44
1753135434841 2.1767231005677172 45
1753135470889 2.179010121152974 46
1753135503781 2.1626663466712426 47
1753135544065 2.1422750576566667 48
1753135580036 2.1217744569710217 49
1753135615531 2.12919828693415 50
1753135653128 2.1108205976359486 51
1753135691755 2.1165287928536087 52
1753135728160 2.103764836001556 53
1753135744790 2.0982082710870515 54
1753135781838 2.0853644329200955 55
1753135819313 2.0696592568871015 56
1753135852477 2.0690367000092147 57
1753135886898 2.069025766845776 58
1753135925466 2.073682117899309 59
1753135945704 2.043759043370363 60
1753135976584 2.048773430933274 61
1753136005989 2.0416358806135193 62
1753136036491 2.038744078274426 63
1753136069047 2.0206184634702256 64
1753136085736 2.003504400649974 65
1753136118239 2.005593734288046 66
1753136152046 1.9943191597129442 67
1753136186186 1.9938787100211075 68
1753136220269 1.9979346688851625 69
1753136255776 1.976532685504745 70
1753136288286 1.9715783833914857 71
1753136311371 1.9579199396477607 72
1753136328315 1.9603358315918566 73
1753136365544 1.9561434573653502 74
1753136383973 1.9478994676351022 75
1753136414509 1.9480662327084388 76
1753136443742 1.939828390874893 77
1753136480267 1.9261591662189954 78
1753136515949 1.9171679857748027 79
1753136548944 1.9289352169132152 80
1753136584490 1.9129707552562776 81
1753136602024 1.9151943642805875 82
1753136641218 1.9166535270104326 83
1753136676458 1.909280197980589 84
1753136710949 1.8893204276286475 85
1753136736501 1.8899765111760107 86
1753136774880 1.8834108343575136 87
1753136812554 1.8705081732253395 88
1753136848602 1.8762899042547785 89
1753136887914 1.8595249812724974 90
1753136922860 1.87012284540605 91
1753136960707 1.85678071070008 92
1753136998242 1.8530048347181745 93
1753137031218 1.838561179171324 94
1753137062990 1.8328630593399744 95
1753137099816 1.8378027532125747 96
1753137133699 1.8238136153555136 97
1753137166912 1.8275385509290114 98
1753137204118 1.8187764880843156 99
1753137222478 1.8201942157314446 100
1753137240345 1.8160951786354373 101
1753137275466 1.8067386135346697 102
1753137308368 1.8083627436432437 103
1753137341321 1.8175566000378662 104
1753137378215 1.8117254902831827 105
1753137402363 1.8051907129571712 106
1753137436852 1.8043699586924948 107
1753137473260 1.8071329350793528 108
1753137508451 1.7812018616646872 109
1753137545167 1.7738093474069558 110
1753137581285 1.762743179069968 111
1753137598372 1.7635977213481626 112
1753137634205 1.7598639523700506 113
1753137669593 1.7531408773578094 114
1753137704217 1.754860746996763 115
1753137738835 1.7478656609684735 116
1753137755881 1.7371702954464625 117
1753137791036 1.7354020096001503 118
1753137830549 1.7284310338042363 119
1753137869918 1.72344792326809 120
1753137909598 1.7310139079720288 121
1753137944597 1.7239185358317957 122
1753137979244 1.7115936728249312 123
1753138004371 1.7219400816086659 124
1753138042694 1.7108293739160152 125
1753138072656 1.7104504525748774 126
1753138103414 1.69905119169551 127
1753138142849 1.7147815975902918 128
1753138177203 1.7099520510152608 129
1753138215328 1.6895130251096393 130
1753138252306 1.6830753776151082 131
1753138284556 1.6921195129525415 132
1753138320809 1.679882273038989 133
1753138357425 1.6731579810557105 134
1753138392126 1.6684851003793224 135
1753138429550 1.67077687409981 136
1753138446512 1.6688327560535308 137
1753138466022 1.653882394687236 138
1753138499520 1.6566733826379767 139
1753138535586 1.6576253039757312 140
1753138552253 1.6457629401683433 141
1753138588859 1.6336310317988898 142
1753138625552 1.6399812364475663 143
1753138658415 1.6520999628153274 144
1753138697118 1.640372435329823 145
1753138724357 1.633165168842341 146
1753138759376 1.6304743822081726 147
1753138796997 1.6271422655201029 148
1753138830643 1.626453013993608 149
1753138861441 1.6111141462755967 150
1753138898824 1.6222750316844634 151
1753138936316 1.6255478105985437 152
1753138969502 1.6113432788117226 153
1753139007104 1.6135900649291797 154
1753139041827 1.605237910370057 155
1753139079538 1.6022449353794395 156
1753139114531 1.615862786024653 157
1753139150779 1.6086497841506953 158
1753139188604 1.592531949872563 159
1753139227217 1.595210224577113 160
1753139263216 1.5770122567450908 161
1753139287193 1.5802422761854753 162
1753139322623 1.5730236279227652 163
1753139358445 1.5794646102700443 164
1753139386195 1.584641282423492 165
1753139421444 1.5646297621113356 166
1753139456577 1.568416506597676 167
1753139473610 1.566437823823816 168
1753139501774 1.5512040335498711 169
1753139541207 1.5543667463163628 170
1753139581386 1.5478117186634592 171
1753139616993 1.5502983777374373 172
1753139648067 1.5541999775914 173
1753139664867 1.5327880426806357 174
1753139702162 1.5570029953159867 175
1753139738121 1.5472844897536122 176
1753139772344 1.5280853567851915 177
1753139810330 1.5384618854841994 178
1753139846515 1.5194112169894434 179
1753139878459 1.5208207655430688 180
1753139915809 1.5330716876356354 181
1753139954086 1.5218678621493777 182
1753139989248 1.509821154248904 183
1753140027147 1.508457838430795 184
1753140048014 1.5153370326060236 185
1753140083787 1.5069355087007505 186
1753140122222 1.5112930160268383 187
1753140156684 1.5020949163539037 188
1753140173484 1.5015524578742414 189
1753140210064 1.5016384835094432 190
1753140244282 1.4923108823731508 191
1753140279164 1.4874573602896712 192
1753140315702 1.476996309746569 193
1753140340961 1.4756293978887414 194
1753140378122 1.4899746061461157 195
1753140395286 1.4841993150047352 196
1753140412917 1.4687735482591993 197
1753140446473 1.4716726518367644 198
1753140481020 1.4601027853194515 199
1753140517235 1.4601186759299092 200
