1754335055848 2.1256186220907103 0
1754335098970 1.9919266441676973 1
1754335129013 1.9124088736967413 2
1754335162419 1.7431543037833972 3
1754335193072 1.6084583506723118 4
1754335221431 1.6326176277388387 5
1754335252553 1.5550334445728038 6
1754335282252 1.5140159041108479 7
1754335315212 1.4998493847068537 8
1754335345822 1.5049692646376323 9
1754335377484 1.439298207477972 10
1754335405618 1.4296332241199912 11
1754335433878 1.4836407620063083 12
1754335459029 1.4444999909218124 13
1754335494884 1.452558971956337 14
1754335524844 1.464775716543231 15
1754335551950 1.408121819183155 16
1754335579286 1.4059429486686186 17
1754335611282 1.3916839018134273 18
1754335639024 1.3899817898389657 19
1754335669578 1.3854251596379168 20
1754335706172 1.3804204165472254 21
1754335735598 1.4162519694530717 22
1754335767257 1.3697292258538014 23
1754335798067 1.4342127986762934 24
1754335823291 1.4516705341573521 25
1754335851463 1.3156992850942648 26
1754335882287 1.3093470715767304 27
1754335915809 1.33549404354726 28
1754335948788 1.3600363697306799 29
1754335979289 1.3148524355502682 30
1754336009324 1.3285491552716766 31
1754336045753 1.32716392799275 32
1754336073758 1.347098964342926 33
1754336101416 1.345225550031381 34
1754336130776 1.3968758845417373 35
1754336159850 1.3490404109511815 36
1754336190191 1.3399958785029196 37
1754336220559 1.3279399915438568 38
1754336255190 1.353594260361051 39
1754336289148 1.3167782687395777 40
1754336323201 1.331133244937817 41
1754336355885 1.328864138049126 42
1754336387613 1.3501429449464197 43
1754336417804 1.3130446125908668 44
1754336451740 1.328872507597872 45
1754336482836 1.3525182476823738 46
1754336511982 1.2952670838844085 47
1754336546780 1.3196985521175089 48
1754336587510 1.3547535352841034 49
1754336621372 1.402609275630968 50
1754336650298 1.3350180979339459 51
1754336685992 1.3209715078210913 52
1754336715834 1.315755799208235 53
1754336751260 1.4047280800515902 54
1754336780953 1.3246841724528293 55
1754336812989 1.334060891804828 56
1754336849048 1.3287862203724852 57
1754336878946 1.3300758056016935 58
1754336907700 1.357953699369698 59
1754336936020 1.4371985663190947 60
1754336971881 1.3442250719114783 61
1754337003424 1.315081312978467 62
1754337032755 1.3313336934060969 63
1754337065329 1.3411393477549247 64
1754337099060 1.3236261682542445 65
1754337130718 1.3903190107998589 66
1754337162640 1.3332320185472661 67
1754337192893 1.3251865023804907 68
1754337223940 1.3455922845535837 69
1754337253759 1.3245002855180528 70
1754337291170 1.3469029891779474 71
1754337318824 1.3839089009866052 72
1754337348571 1.3562159357119434 73
1754337378498 1.364980319935005 74
1754337411361 1.351076918466721 75
1754337439957 1.3631919681641125 76
1754337468472 1.3415131069190669 77
1754337497836 1.3571353874116006 78
1754337526550 1.3524421944422231 79
1754337555061 1.3073742383060174 80
1754337581325 1.314453224722863 81
1754337609743 1.3579941167616758 82
1754337641329 1.3614345404692971 83
1754337670391 1.3233470538479224 84
1754337696586 1.3309212089085154 85
1754337726192 1.3261626233837205 86
1754337761587 1.4194601634656032 87
1754337796933 1.3702569625870087 88
1754337825263 1.3590440058773117 89
1754337858902 1.331223064145966 90
1754337888281 1.2997192692365611 91
1754337918107 1.3332109369387168 92
1754337947464 1.3514760662605585 93
1754337975460 1.3324754807790733 94
1754338005803 1.4018306993932488 95
1754338034417 1.3279217557293543 96
1754338064473 1.4025402819390518 97
1754338102448 1.3545218796441312 98
1754338134518 1.391818339524382 99
1754338176648 1.3857534255095707 100
