1754656493945 0.22691781075380232 0
1754656554633 0.34102431262258076 1
1754656604636 0.3222440143581394 2
1754656666700 0.40879991118676684 3
1754656730296 0.3912407948784369 4
1754656774459 0.4454353698701106 5
1754656818403 0.4496539984457684 6
1754656887191 0.45389112977833695 7
1754656952007 0.4764644932094882 8
1754657003003 0.4705806165118603 9
1754657073311 0.4950597639048218 10
1754657128647 0.48336602153720903 11
1754657187989 0.48332901602338746 12
1754657253710 0.5049402360951781 13
1754657300685 0.5043296451171224 14
1754657362332 0.5229989268400992 15
1754657450175 0.530326018576768 16
1754657530719 0.5199089664359989 17
1754657598196 0.5356363098101617 18
1754657646534 0.5377826296118121 19
1754657712088 0.5296969248418014 20
1754657776623 0.5280686822336528 21
1754657822815 0.5282722125596714 22
1754657869658 0.5322873108093106 23
1754657921305 0.5414831809939681 24
1754657975119 0.5418717388890945 25
1754658019001 0.543166931872849 26
1754658085760 0.548292195537135 27
1754658137953 0.5470155053102912 28
1754658213198 0.5467194611997187 29
1754658256601 0.5509195870184658 30
1754658308919 0.5480701624542057 31
1754658359927 0.5557303038152684 32
1754658447808 0.5526773489249899 33
1754658507053 0.5509380897753765 34
1754658570932 0.555267734892499 35
1754658641386 0.554176072234763 36
1754658693109 0.5539910446656552 37
1754658760324 0.5541575694778522 38
1754658811665 0.5553787514339636 39
1754658863648 0.5536579950412611 40
1754658933785 0.55291788476483 41
1754658985598 0.5544536135884247 42
1754659043425 0.5541945749916738 43
1754659100359 0.5560818561965732 44
1754659152848 0.556784960959183 45
1754659205013 0.5553047404063205 46
1754659256518 0.5565074196055212 47
1754659319820 0.5579876401583836 48
1754659392076 0.5571550160973985 49
1754659451946 0.5630203900381157 50
1754659505647 0.5622247714909522 51
1754659574593 0.5538615253672797 52
1754659624695 0.559967435147837 53
1754659674895 0.5613736446730563 54
1754659729261 0.5575065684787033 55
1754659816844 0.5684416978129742 56
1754659880002 0.5739370166154757 57
1754659922341 0.5704214928024276 58
1754659964377 0.5718462050845576 59
1754660019880 0.572401287791881 60
1754660071140 0.571050586537394 61
1754660114572 0.5712171113495911 62
1754660168428 0.5664063945527884 63
1754660224019 0.5583391925396884 64
1754660280306 0.557784109832365 65
1754660356265 0.5572105243681309 66
1754660427065 0.5583947008104208 67
1754660481615 0.558283684268956 68
1754660536262 0.557617585020168 69
1754660589889 0.5587647559486364 70
1754660669101 0.5581911704844021 71
1754660723601 0.5551197128372127 72
1754660794105 0.5551382155941236 73
1754660842089 0.5696813825259964 74
1754660897413 0.5677570958072753 75
1754660941163 0.5668134552048255 76
1754661001700 0.56786811234874 77
1754661051498 0.5686267253820819 78
1754661102320 0.5716611775154498 79
1754661188388 0.5827998371757391 80
1754661243852 0.5828368426895607 81
1754661326637 0.5832439033415979 82
1754661400930 0.5819117048440218 83
1754661472367 0.580801539429375 84
1754661542903 0.5805239980757133 85
1754661586410 0.5801169374236761 86
1754661639198 0.5786737223846353 87
1754661711872 0.5695888687414424 88
1754661791831 0.5788032416830108 89
1754661854663 0.5788402471968324 90
1754661903411 0.5771379935610406 91
1754661989322 0.5777855900529179 92
1754662051829 0.5807090256448211 93
1754662129975 0.5749731710024794 94
1754662180882 0.5795803574732635 95
1754662248716 0.5804314842911594 96
1754662299983 0.5789142582244754 97
1754662351483 0.5798578988269252 98
1754662427977 0.5790992857935833 99
1754662518177 0.5804314842911594 100
