1754656493946 2.080435578980516 0
1754656554634 1.8676030592632749 1
1754656604637 1.7970673420507666 2
1754656666701 1.5991319177388692 3
1754656730298 1.593152137199503 4
1754656774460 1.4833931889343326 5
1754656818404 1.4589582639443648 6
1754656887192 1.439679765202353 7
1754656952008 1.3937584115217792 8
1754657003004 1.3956639515936533 9
1754657073312 1.347692545495945 10
1754657128649 1.3684217586479333 11
1754657187990 1.3779730331127613 12
1754657253712 1.3301679623314502 13
1754657300686 1.3348220221984886 14
1754657362334 1.2777327011722206 15
1754657450176 1.2631648159031663 16
1754657530720 1.3060203586777155 17
1754657598197 1.2539273716533887 18
1754657646536 1.2539621409350115 19
1754657712089 1.2927755746465124 20
1754657776624 1.308043894687838 21
1754657822816 1.3099055126151056 22
1754657869659 1.3048160812839942 23
1754657921307 1.2525112263707585 24
1754657975120 1.2544070694124188 25
1754658019003 1.2764249172255804 26
1754658085761 1.2439912395333739 27
1754658137955 1.2510404471251122 28
1754658213199 1.256750028855792 29
1754658256602 1.2669886402698658 30
1754658308921 1.2885741536902622 31
1754658359928 1.2425012418938126 32
1754658447809 1.2520703069867778 33
1754658507055 1.261296352518936 34
1754658570933 1.2759389746055185 35
1754658641388 1.2855517135578767 36
1754658693110 1.2571394647518754 37
1754658760325 1.2643664974770625 38
1754658811667 1.2672912931499891 39
1754658863649 1.2769149745746697 40
1754658933786 1.2838701624318685 41
1754658985599 1.2879922671550288 42
1754659043426 1.2946000717505817 43
1754659100361 1.291590548307343 44
1754659152849 1.2939327383659112 45
1754659205015 1.309919260042952 46
1754659256520 1.3099850829793374 47
1754659319822 1.3142881374857158 48
1754659392077 1.3151279021413016 49
1754659451947 1.2980583966416028 50
1754659505648 1.3053470643705336 51
1754659574594 1.3437932318908679 52
1754659624696 1.311603228044342 53
1754659674897 1.3154049505254959 54
1754659729263 1.3403724271635211 55
1754659816845 1.2936587122184144 56
1754659880004 1.2800246840016176 57
1754659922342 1.2979726825187061 58
1754659964378 1.3014616224620756 59
1754660019881 1.300033101309849 60
1754660071141 1.3082425699841194 61
1754660114573 1.3089109133289607 62
1754660168429 1.3169290194724625 63
1754660224021 1.3600332611308725 64
1754660280308 1.3624299617842377 65
1754660356266 1.3679405248084324 66
1754660427067 1.3678509324916877 67
1754660481616 1.3772487637853332 68
1754660536263 1.3819933578249681 69
1754660589890 1.3811297073840296 70
1754660669102 1.3811503922928308 71
1754660723603 1.3975182911942703 72
1754660794107 1.3995125192021722 73
1754660842090 1.3164839711343885 74
1754660897415 1.3666599935363966 75
1754660941165 1.3857397969691068 76
1754661001701 1.3891732621079356 77
1754661051499 1.3896628438047955 78
1754661102321 1.3444811488827524 79
1754661188389 1.285869358637002 80
1754661243853 1.2777006033820784 81
1754661326639 1.2757603463794893 82
1754661400931 1.3088044466441822 83
1754661472368 1.322775577456741 84
1754661542904 1.3289598109873928 85
1754661586411 1.3322127301884081 86
1754661639199 1.3458421725956433 87
1754661711874 1.353830161257129 88
1754661791833 1.3263787635772366 89
1754661854664 1.3256939214779893 90
1754661903412 1.3472077362539703 91
1754661989323 1.3461690346650876 92
1754662051831 1.3188880547473782 93
1754662129976 1.3218036123588723 94
1754662180883 1.3085797258379326 95
1754662248717 1.2994585232572802 96
1754662299984 1.3097702738428398 97
1754662351484 1.313881372601903 98
1754662427979 1.3074996204353866 99
1754662518178 1.3138202887002008 100
