1754687184117 0.19719583898688375 0
1754687208962 0.3865520880446254 1
1754687237997 0.4168048645660586 2
1754687264141 0.6374692195587718 3
1754687296106 0.720840243228303 4
1754687325776 0.7374239911553344 5
1754687355636 0.7708427559173828 6
1754687378443 0.774863058445148 7
1754687410010 0.794060003015227 8
1754687437886 0.7924016282225237 9
1754687465899 0.807276747575255 10
1754687493610 0.8076285240464345 11
1754687518537 0.8045630433690135 12
1754687545166 0.8076787778280315 13
1754687573839 0.8178300417106388 14
1754687606746 0.8176792803658476 15
1754687638451 0.821850344238404 16
1754687663741 0.826523945926931 17
1754687694089 0.8236092265943012 18
1754687729280 0.8284838434092165 19
1754687754833 0.8333082064425348 20
1754687777174 0.8326549072817729 21
1754687800474 0.8321523694658023 22
1754687832361 0.8357203879591939 23
1754687857014 0.8362229257751645 24
1754687883526 0.8371274938439117 25
1754687905795 0.8379818081310618 26
1754687937130 0.8414493190612593 27
1754687965159 0.8439620081411127 28
1754687990603 0.8393386602341826 29
1754688020187 0.8388361224182119 30
1754688048202 0.8484848484848485 31
1754688076690 0.8500929694959546 32
1754688100240 0.8505452535303282 33
1754688124844 0.8513493140358812 34
1754688160151 0.8526056585758078 35
1754688185903 0.852756419920599 36
1754688220717 0.853510226644555 37
1754688245142 0.8545655560580934 38
1754688274923 0.8544650484948992 39
1754688298939 0.85582190059802 40
1754688323251 0.8561736770691994 41
1754688345982 0.8556208854716317 42
1754688378900 0.8565254535403789 43
1754688413337 0.8570782451379466 44
1754688438603 0.8576310367355143 45
1754688461344 0.858133574551485 46
1754688489091 0.858133574551485 47
1754688512418 0.8585356048042615 48
1754688535337 0.8590883964018292 49
1754688560972 0.859691441780994 50
1754688594282 0.8596411879993969 51
1754688620502 0.8601437258153676 52
1754688648099 0.8603447409417558 53
1754688670937 0.860495502286547 54
1754688696016 0.860495502286547 55
1754688723181 0.8610985476657118 56
1754688748797 0.8611990552289059 57
1754688773961 0.8611990552289059 58
1754688801805 0.861249309010503 59
1754688828216 0.861249309010503 60
1754688864797 0.8618523543896678 61
1754688894227 0.8626061611136238 62
1754688926910 0.8626061611136238 63
1754688957515 0.8627066686768179 64
1754688986588 0.8631086989295944 65
1754689015050 0.8630584451479973 66
1754689044615 0.862807176240012 67
1754689071028 0.8633599678375797 68
1754689093067 0.8639630132167445 69
1754689121520 0.8635107291823709 70
1754689144303 0.8647670737222976 71
1754689170359 0.8647670737222976 72
1754689193312 0.8647670737222976 73
1754689217592 0.8651691039750741 74
1754689248497 0.8648173275038946 75
1754689275360 0.8649178350670887 76
1754689300228 0.8653198653198653 77
1754689331091 0.8660234182622243 78
1754689359817 0.8654203728830594 79
1754689387611 0.8652193577566711 80
1754689418208 0.8658224031358359 81
1754689451874 0.8664757022965979 82
1754689480516 0.8662244333886125 83
1754689513483 0.8658224031358359 84
1754689538891 0.8666264636413891 85
1754689561227 0.8667269712045832 86
1754689591953 0.8666264636413891 87
1754689618212 0.8676817930549274 88
1754689651403 0.8669782401125685 89
1754689682504 0.8669782401125685 90
1754689709303 0.8675310317101362 91
1754689735300 0.868134077089301 92
1754689757648 0.8680335695261069 93
1754689781039 0.8683350922156893 94
1754689805744 0.8685863611236746 95
1754689829540 0.8682345846524951 96
1754689866032 0.8675310317101362 97
1754689889850 0.868134077089301 98
1754689915944 0.8678325543997186 99
1754689942125 0.8682848384340922 100
