1754687184118 2.291302528772069 0
1754687208964 2.0016969946093233 1
1754687237998 1.9533591489057531 2
1754687264142 1.621613674445159 3
1754687296107 1.5117351690886622 4
1754687325777 1.4816075735277257 5
1754687355637 1.4839461958238698 6
1754687378444 1.4604347438259917 7
1754687410011 1.509757463576243 8
1754687437888 1.491825061518814 9
1754687465900 1.5482450511861827 10
1754687493612 1.524031370427184 11
1754687518539 1.5817256903918904 12
1754687545167 1.6336965072537246 13
1754687573840 1.6274391395203098 14
1754687606747 1.670881307072793 15
1754687638452 1.7086939382276134 16
1754687663743 1.7053438944147858 17
1754687694090 1.7388598132715065 18
1754687729282 1.7805890812604144 19
1754687754834 1.775837702761518 20
1754687777175 1.7985933910656189 21
1754687800476 1.8251264586531728 22
1754687832363 1.8264135887943127 23
1754687857016 1.8654747922037453 24
1754687883527 1.8928838838898803 25
1754687905796 1.9116191575517014 26
1754687937131 1.8787515589304735 27
1754687965161 1.8708538367940393 28
1754687990604 1.8807291768642773 29
1754688020188 1.8934352395127447 30
1754688048203 1.930138954062337 31
1754688076691 1.951797700891081 32
1754688100242 1.9753316664840805 33
1754688124845 1.9945964379619259 34
1754688160152 2.017257677735943 35
1754688185905 2.032981572783066 36
1754688220718 2.0508618082202394 37
1754688245143 2.0653501198370487 38
1754688274924 2.079549701745755 39
1754688298940 2.09275037089126 40
1754688323252 2.1099662178879024 41
1754688345983 2.1235583597261667 42
1754688378901 2.1304199418603025 43
1754688413338 2.1445485644421387 44
1754688438604 2.159548696838011 45
1754688461345 2.168730116771016 46
1754688489092 2.182153019694314 47
1754688512419 2.1963448280594435 48
1754688535338 2.2061236699616593 49
1754688560974 2.220498835460393 50
1754688594284 2.2300966554584596 51
1754688620504 2.238948934106233 52
1754688648100 2.2454910993009394 53
1754688670938 2.258024551619176 54
1754688696017 2.2615912455379825 55
1754688723183 2.273033053905282 56
1754688748798 2.2812614569817935 57
1754688773962 2.292494857831206 58
1754688801806 2.2996413420980146 59
1754688828218 2.3093602406966456 60
1754688864798 2.31601097448561 61
1754688894228 2.323977440919521 62
1754688926911 2.330469743936846 63
1754688957517 2.34370580666034 64
1754688986589 2.35122753889137 65
1754689015051 2.3604445111399133 66
1754689044617 2.362127749577642 67
1754689071029 2.3754677503609325 68
1754689093069 2.381247370481665 69
1754689121521 2.3852940327567316 70
1754689144304 2.3947489351123274 71
1754689170361 2.3985924041204756 72
1754689193313 2.405827275176157 73
1754689217593 2.409633019777962 74
1754689248498 2.4176836003614164 75
1754689275361 2.4237589845975362 76
1754689300229 2.428850458411226 77
1754689331093 2.4377440837169657 78
1754689359818 2.44303235441478 79
1754689387612 2.4439541676358663 80
1754689418210 2.450064789729736 81
1754689451875 2.4561238627813737 82
1754689480517 2.464136580161675 83
1754689513485 2.4654643097551054 84
1754689538893 2.4737581916713416 85
1754689561228 2.477482991460921 86
1754689591954 2.4818843177213843 87
1754689618213 2.4921061598480065 88
1754689651404 2.495010636750908 89
1754689682505 2.4975076438353656 90
1754689709305 2.504872433438474 91
1754689735301 2.5153029226846 92
1754689757649 2.5201888060470403 93
1754689781041 2.524119961989172 94
1754689805746 2.526151695713858 95
1754689829541 2.533767543503915 96
1754689866033 2.5356201935129365 97
1754689889852 2.5385568921970223 98
1754689915946 2.5455238486442866 99
1754689942126 2.550373206868052 100
