1751176229157 0.05690314005648779 0
1751176294423 0.10284100348895166 1
1751176359841 0.14229938527994684 2
1751176423130 0.16547599268981558 3
1751176488463 0.20734341252699784 4
1751176553495 0.22769563050340588 5
1751176617375 0.2558564545605582 6
1751176682696 0.26092374148529657 7
1751176747974 0.27330121282605085 8
1751176811917 0.2736334939358697 9
1751176874804 0.29888685828210665 10
1751176938733 0.30387107492939025 11
1751177005896 0.3180760923741485 12
1751177072523 0.32023591958797143 13
1751177136784 0.33377637481309186 14
1751177204378 0.3412526997840173 15
1751177269446 0.3499750789167636 16
1751177334213 0.35296560890513373 17
1751177400984 0.3658415019106164 18
1751177466530 0.3669214155175278 19
1751177530635 0.37423159993354377 20
1751177597218 0.37547765409536465 21
1751177664716 0.37597607576009306 22
1751177728485 0.37888353547100845 23
1751177795541 0.38420003322811097 24
1751177858003 0.3901810932048513 25
1751177924634 0.39300548263831203 26
1751177991070 0.39740820734341253 27
1751178053500 0.4048014620368832 28
1751178116416 0.41153015451071606 29
1751178184265 0.4172620036550922 30
1751178249689 0.4116962950656255 31
1751178315800 0.4141884033892673 32
1751178381122 0.42390762585147035 33
1751178447552 0.425236750290746 34
1751178513418 0.42432297723874396 35
1751178579061 0.4274796477820236 36
1751178644703 0.42847649111148034 37
1751178710379 0.4357866755274963 38
1751178776895 0.4371988702442266 39
1751178842354 0.4363681674696793 40
1751178907316 0.445588968267154 41
1751178972807 0.4489948496427978 42
1751179035226 0.4507393254693471 43
1751179098245 0.4473334440937033 44
1751179164187 0.45480976906462867 45
1751179230339 0.45289915268316994 46
1751179295891 0.4535637149028078 47
1751179359816 0.4548928393420834 48
1751179423899 0.4597109154344576 49
1751179490345 0.4652766240239242 50
1751179530120 0.4621199534806446 51
1751179567110 0.46378135902973916 52
1751179605344 0.46187074264828043 53
1751179643618 0.4679348729024755 54
1751179682699 0.46677188901810934 55
1751179721202 0.46535969430137897 56
1751179758017 0.47158996511048346 57
1751179796613 0.47150689483302877 58
1751179835415 0.46677188901810934 59
1751179874118 0.4670210998504735 60
1751179911680 0.47150689483302877 61
1751179950342 0.46776873234756605 62
1751179988709 0.4670210998504735 63
1751180027024 0.47557733842831035 64
1751180065103 0.4807276956305034 65
1751180103100 0.483884366173783 66
1751180141549 0.4758265492606745 67
1751180180913 0.47998006313341085 68
1751180219120 0.47998006313341085 69
1751180257682 0.48272138228941686 70
1751180296160 0.4828044525668716 71
1751180332750 0.47931550091377306 72
1751180370826 0.4843827878385114 73
1751180410155 0.4834690147865094 74
1751180448307 0.4869579664396079 75
1751180486813 0.4903638478152517 76
1751180524325 0.48870244226615717 77
1751180562614 0.489367004485795 78
1751180599446 0.4896162153181592 79
1751180636140 0.4910284100348895 80
1751180672967 0.4886193719887024 81
1751180711583 0.48953314504070444 82
1751180750595 0.482056820069779 83
1751180788384 0.4868748961621532 84
1751180826936 0.4878717394916099 85
1751180864487 0.4921913939192557 86
1751180902797 0.4919421830868915 87
1751180941962 0.49352051835853133 88
1751180980381 0.4953480644625353 89
1751181018967 0.4943512211330786 90
1751181056134 0.5007476324970925 91
1751181092543 0.5038212327629175 92
1751181131590 0.5029074597109154 93
1751181169607 0.49991692972254526 94
1751181207329 0.5014121947167304 95
1751181246172 0.49833859445090545 96
1751181284819 0.5 97
1751181323473 0.4990031566705433 98
1751181361966 0.5028243894334607 99
1751181400923 0.5032397408207343 100
1751181427849 0.5072271141385613 101
1751181455121 0.5100515035720219 102
1751181483002 0.5049011463698289 103
1751181510437 0.5073101844160159 104
1751181537334 0.505150357202193 105
1751181563333 0.5035720219305533 106
1751181590719 0.5049842166472837 107
1751181617845 0.5041535138727363 108
1751181643516 0.5069779033061971 109
1751181669996 0.5030736002658249 110
1751181697128 0.5056487788669214 111
1751181724823 0.5044027247051005 112
1751181752415 0.5109652766240239 113
1751181779853 0.513374314670211 114
1751181807524 0.508223957468018 115
1751181834599 0.5073932546934706 116
1751181861601 0.5058149194218309 117
1751181889470 0.5071440438611065 118
1751181916997 0.512460541618209 119
1751181944359 0.5129589632829373 120
1751181970996 0.5094700116298388 121
1751181997012 0.5114636982887523 122
1751182023097 0.5141219471673035 123
1751182049706 0.5099684332945672 124
1751182076164 0.5083070277454727 125
1751182103240 0.5099684332945672 126
1751182130644 0.5142050174447582 127
1751182157808 0.5146203688320319 128
1751182185574 0.5107160657916597 129
1751182213034 0.512792822728028 130
1751182240344 0.5158664229938528 131
1751182266763 0.5210998504735006 132
1751182293543 0.5103837846818409 133
1751182320082 0.513955806612394 134
1751182347645 0.5128758930054826 135
1751182375206 0.5129589632829373 136
1751182402988 0.5130420335603921 137
1751182430411 0.5131251038378468 138
1751182456756 0.5135404552251205 139
1751182483445 0.5157833527163981 140
1751182510738 0.5166140554909453 141
1751182537298 0.5166971257684001 142
1751182564518 0.5178601096527662 143
1751182591884 0.5145372985545772 144
1751182619763 0.5146203688320319 145
1751182646321 0.5138727363349394 146
1751182674027 0.5137065957800299 147
1751182701131 0.5100515035720219 148
1751182727158 0.5175278285429473 149
1751182753829 0.5162817743811264 150
1751182769987 0.5145372985545772 151
1751182786457 0.514288087722213 152
1751182802452 0.5145372985545772 153
1751182818745 0.5098022927396577 154
1751182834664 0.5121282605083901 155
1751182850980 0.5148695796643961 156
1751182867386 0.5117959793985712 157
1751182883791 0.514288087722213 158
1751182900040 0.5160325635487623 159
1751182916381 0.5191892340920419 160
1751182932867 0.5180262502076757 161
1751182949088 0.5155341418840339 162
1751182965285 0.5161987041036717 163
1751182981685 0.5176939690978568 164
1751182997972 0.5144542282771224 165
1751183014167 0.5189400232596777 166
1751183030008 0.5148695796643961 167
1751183046039 0.5169463366007643 168
1751183061827 0.5198537963116797 169
1751183077939 0.5136235255025752 170
1751183094014 0.5171955474331285 171
1751183109954 0.5175278285429473 172
1751183125870 0.5190230935371324 173
1751183141998 0.5186077421498588 174
1751183158013 0.517943179930221 175
1751183173963 0.5196045854793155 176
1751183190301 0.518856952982223 177
1751183206859 0.5202691476989533 178
1751183223400 0.5191061638145872 179
1751183239571 0.516115633826217 180
1751183256095 0.5214321315833195 181
1751183272653 0.5205183585313174 182
1751183288589 0.5161987041036717 183
1751183304939 0.5198537963116797 184
1751183321335 0.5204352882538628 185
1751183337702 0.5191061638145872 186
1751183353761 0.517029406878219 187
1751183369615 0.517029406878219 188
1751183385521 0.5199368665891344 189
1751183401818 0.5200199368665891 190
1751183417776 0.5171124771556737 191
1751183433582 0.5232596776873235 192
1751183449830 0.5208506396411364 193
1751183465936 0.5206014288087722 194
1751183482113 0.52126599102841 195
1751183498604 0.5207675693636816 196
1751183515135 0.5196045854793155 197
1751183531195 0.5195215152018607 198
1751183547449 0.5174447582654926 199
1751183563794 0.5180262502076757 200
