1754723481054 3.1422853356870606 0
1754723503039 2.593313902048699 1
1754723524665 2.1265538540783893 2
1754723548941 1.7453760629384238 3
1754723569033 1.5141872092735698 4
1754723587060 1.3196032206319968 5
1754723610216 1.1464627223434205 6
1754723632070 1.0075140273335885 7
1754723656633 0.9139379689585496 8
1754723678875 0.8205227736862759 9
1754723701923 0.7397979657965542 10
1754723725776 0.6854491507851541 11
1754723749039 0.6169593773584796 12
1754723773859 0.5739177370798362 13
1754723796556 0.5351837793219303 14
1754723821655 0.4931595642927217 15
1754723846109 0.45927325766519966 16
1754723869356 0.4329900678935241 17
1754723890966 0.4115742985833651 18
1754723907584 0.38966077481050493 19
1754723931548 0.36976847634025184 20
1754723952369 0.3586213614601227 21
1754723974460 0.33475537646439474 22
1754723998510 0.31372651604298113 23
1754724016121 0.30063036102464885 24
1754724038697 0.29134431055175813 25
1754724061632 0.2915039415020324 26
1754724078803 0.273961489407966 27
1754724101335 0.2629519196197449 28
1754724123783 0.2467476189325943 29
1754724145587 0.2351023739826664 30
1754724170720 0.2310861873636764 31
1754724192330 0.22533426130632722 32
1754724216110 0.2166255538186168 33
1754724239413 0.20859593541317772 34
1754724261200 0.20113976149409524 35
1754724283960 0.19449755390131807 36
1754724307278 0.1927957525771406 37
1754724325940 0.19124474736768787 38
1754724349338 0.17956042929585936 39
1754724371466 0.17488513524966195 40
1754724393423 0.1687737580430272 41
1754724415858 0.16200391146767318 42
1754724438629 0.1617741521484181 43
1754724460170 0.15551205015480307 44
1754724481293 0.15203962426273046 45
1754724497581 0.15011759176724207 46
1754724520322 0.1521981905053287 47
1754724538606 0.14475884567591463 48
1754724561398 0.13909331870286035 49
1754724583837 0.13748060095442538 50
1754724608552 0.13201344152136205 51
1754724631711 0.13044559471057246 52
1754724650625 0.12786802565743788 53
1754724674002 0.12733792175244202 54
1754724696876 0.12280380538594081 55
1754724717345 0.11989991053197323 56
1754724740396 0.11872842920606337 57
1754724764050 0.11930249531050334 58
1754724786912 0.11566807325359497 59
1754724809650 0.11175646950544602 60
1754724833484 0.11094174439398283 61
1754724858214 0.10997067739267925 62
1754724877883 0.10697983130391193 63
1754724901443 0.10645562518062779 64
1754724924734 0.10389802581485626 65
1754724946975 0.10485649606251561 66
1754724971177 0.10023547785400673 67
1754724992326 0.09700001083943215 68
1754725017049 0.09652032479757706 69
1754725039134 0.09352268454137394 70
1754725062222 0.09304300493226869 71
1754725083804 0.09124984486758721 72
1754725105171 0.09064660335144628 73
1754725129687 0.08853788484511234 74
1754725151749 0.08748664746661236 75
1754725174757 0.08803253032682118 76
1754725199200 0.08593182298991194 77
1754725223099 0.08509698650501772 78
1754725246054 0.08245981557567893 79
1754725267859 0.08122270689259452 80
1754725288552 0.08028006052474336 81
1754725308105 0.07877090739577325 82
1754725327671 0.07805119364421992 83
1754725349997 0.07731944676481245 84
1754725370709 0.07800742954754389 85
1754725391482 0.07699230544004036 86
1754725414750 0.0773558158730092 87
1754725437074 0.07633473606338766 88
1754725458283 0.0766177615100265 89
1754725480570 0.07507378972171184 90
1754725505555 0.0726329350407852 91
1754725526296 0.0725868960090255 92
1754725549024 0.0709132571898915 93
1754725570243 0.07071881038795526 94
1754725595146 0.06878738059415547 95
1754725618445 0.06832583511260718 96
1754725643812 0.0669979076337039 97
1754725663608 0.06545914731426643 98
1754725686489 0.06592741802607134 99
1754725707038 0.06464015760839979 100
