1751205136741 4.420625155440095 0
1751205200739 4.133888942396606 1
1751205264422 3.864268109997865 2
1751205326972 3.6113365360947904 3
1751205392384 3.409114294665458 4
1751205455422 3.2476323354690204 5
1751205517569 3.1686137847511544 6
1751205581604 3.0442750359744073 7
1751205648545 2.9603091519061335 8
1751205716602 2.8677951610228654 9
1751205784052 2.781766506316733 10
1751205849973 2.711547869163283 11
1751205915804 2.64472509322421 12
1751205982747 2.545530194755661 13
1751206049024 2.46134600816228 14
1751206114483 2.3730031415701114 15
1751206178316 2.3436018381895716 16
1751206242035 2.301928929943856 17
1751206307523 2.2598708129107026 18
1751206372618 2.1589548742573217 19
1751206435740 2.1541597407221946 20
1751206502030 2.133929963602194 21
1751206569624 2.1016959120942644 22
1751206633618 2.0364512767284144 23
1751206701727 1.9922098116138844 24
1751206767812 1.91881363823252 25
1751206835427 1.8775607697671954 26
1751206901744 1.8491685832543325 27
1751206967669 1.8307316509576945 28
1751207032830 1.7795019164593744 29
1751207100496 1.7607889737042874 30
1751207168087 1.6996450296760908 31
1751207233322 1.6994045923858216 32
1751207298695 1.6499952737981092 33
1751207364782 1.6195843197161057 34
1751207429742 1.5729702170374527 35
1751207494874 1.5525412311391478 36
1751207559633 1.5040479258059853 37
1751207623648 1.4974925189320907 38
1751207689832 1.502256280413354 39
1751207755935 1.458700647868902 40
1751207821381 1.4240152051601092 41
1751207889237 1.4117628009845011 42
1751207955186 1.402775772174287 43
1751208020264 1.3809472501086884 44
1751208085912 1.3420900452456126 45
1751208152252 1.3222811660013338 46
1751208217446 1.3129083729846642 47
1751208284765 1.2694129349085252 48
1751208350464 1.2520103134135017 49
1751208413663 1.2181407740858734 50
1751208451670 1.13105561346608 51
1751208487983 1.1159367416360928 52
1751208524393 1.1001793360963978 53
1751208561826 1.0440224404211895 54
1751208600633 1.0563396846992208 55
1751208638922 1.0513870128320422 56
1751208678066 1.0421159169258891 57
1751208717388 1.0384515414974358 58
1751208756353 1.0049919493209858 59
1751208795147 0.9941592764038124 60
1751208832779 0.9540013749592442 61
1751208871498 0.9433458943682175 62
1751208909968 0.9311388484537038 63
1751208948274 0.9120118120891136 64
1751208986699 0.8672935134073944 65
1751209024931 0.8791888142374554 66
1751209063464 0.8631307178416915 67
1751209102812 0.887097195597086 68
1751209140898 0.8830268137582107 69
1751209179553 0.8725362703285974 70
1751209218302 0.8455704518994328 71
1751209256106 0.816870562210773 72
1751209294658 0.8092396474657122 73
1751209333650 0.7953175117481718 74
1751209372063 0.8236758230935615 75
1751209411148 0.7845462187854538 76
1751209447810 0.775104482198614 77
1751209486233 0.7452735727061386 78
1751209525295 0.7573420533524007 79
1751209563024 0.7402792635936323 80
1751209601765 0.7307596496319474 81
1751209641070 0.7591530540813201 82
1751209680233 0.7571087829814069 83
1751209718648 0.7593837439095482 84
1751209757410 0.753706381490537 85
1751209796311 0.745713794947856 86
1751209835337 0.6955233674138016 87
1751209875136 0.7161572969050983 88
1751209913473 0.7116883452329902 89
1751209951368 0.6779918715211173 90
1751209989867 0.6882413208842655 91
1751210028067 0.6687386684711223 92
1751210067223 0.6878625418633236 93
1751210105134 0.66365568148148 94
1751210142953 0.6527110443817715 95
1751210180944 0.6637607745051317 96
1751210220095 0.6264673168918752 97
1751210259235 0.6410718866856965 98
1751210297988 0.6413182323451982 99
1751210337584 0.6422863917041334 100
1751210364725 0.6107245060831434 101
1751210392118 0.5716490278524723 102
1751210419580 0.5903585959612867 103
1751210446160 0.5784686102777306 104
1751210474234 0.5801385925946105 105
1751210500454 0.5463388764769028 106
1751210527580 0.5403314561751632 107
1751210554053 0.5368810089041971 108
1751210580126 0.5452747938169159 109
1751210606704 0.5507214548216586 110
1751210632864 0.5359766060631185 111
1751210659620 0.5512650499599229 112
1751210687517 0.5417032384693327 113
1751210714946 0.532639391168411 114
1751210742393 0.5098860092629102 115
1751210770149 0.5090643562373661 116
1751210798013 0.5121395837960604 117
1751210826338 0.4972521424644966 118
1751210854602 0.4891136141067011 119
1751210882360 0.49729743041802776 120
1751210910122 0.48638891740669304 121
1751210937143 0.49346782489731233 122
1751210964235 0.49758726418551824 123
1751210991970 0.4856054445158768 124
1751211019643 0.4800982426658892 125
1751211047627 0.4790330423669177 126
1751211074996 0.4753833310842532 127
1751211102348 0.46943422737247054 128
1751211130165 0.4727776227816683 129
1751211157797 0.4833319519813137 130
1751211185501 0.4966870465487345 131
1751211213644 0.517635461388019 132
1751211241133 0.4762206034382614 133
1751211269122 0.48112271252147604 134
1751211296589 0.4851011240596436 135
1751211324334 0.46588646757071245 136
1751211352049 0.45506065547599966 137
1751211378537 0.45600123325739206 138
1751211404829 0.4300679006378073 139
1751211431104 0.43460908895222405 140
1751211458615 0.4312003748026161 141
1751211485483 0.44491276374044064 142
1751211513073 0.4385618275682424 143
1751211540508 0.4257956204726762 144
1751211567373 0.42638925930812305 145
1751211594034 0.4067013700912392 146
1751211621046 0.42602704615926645 147
1751211648319 0.420349333337171 148
1751211675635 0.418605875442637 149
1751211703060 0.4172024637754781 150
1751211719533 0.40475065521934545 151
1751211736446 0.3989305835667411 152
1751211752810 0.39710168104682453 153
1751211769354 0.38846775336760314 154
1751211785663 0.38387737608806227 155
1751211801891 0.3895383770966517 156
1751211818305 0.3940493728849154 157
1751211834911 0.38276589542894446 158
1751211851371 0.3838912281354544 159
1751211868120 0.3815618990702236 160
1751211884456 0.3850495923291458 161
1751211900480 0.3768132604257487 162
1751211917072 0.36962287527914434 163
1751211933613 0.3575851239228583 164
1751211950117 0.3545515078568223 165
1751211966419 0.3579039002763362 166
1751211982625 0.3412036687925892 167
1751211999394 0.3537302649537589 168
1751212015802 0.35330278521536335 169
1751212032215 0.3412196973592008 170
1751212048694 0.341825397245224 171
1751212064966 0.34610841714760365 172
1751212081566 0.35047160031723373 173
1751212098407 0.341034067888794 174
1751212114954 0.323385833703987 175
1751212131445 0.3357715560185838 176
1751212147989 0.3318816850986273 177
1751212164777 0.33887090171169726 178
1751212181442 0.34084986663979766 179
1751212197644 0.34095021878462517 180
1751212214201 0.3359495042815181 181
1751212230822 0.3398055673631747 182
1751212247252 0.34433675918901047 183
1751212263680 0.35283666956710424 184
1751212280073 0.3462010695824889 185
1751212296229 0.3306331147462337 186
1751212312796 0.3230303858980954 187
1751212329040 0.32247485568332546 188
1751212345376 0.32747525469662253 189
1751212362032 0.32418985278660906 190
1751212378537 0.3259915066414664 191
1751212394934 0.3277510567393791 192
1751212411439 0.3252362387614858 193
1751212427739 0.3249318377601878 194
1751212443888 0.3149568010854379 195
1751212460335 0.31482969013819656 196
1751212476849 0.3243956531634854 197
1751212493407 0.33566382242011505 198
1751212509961 0.33983197530483755 199
1751212526130 0.3145188700837927 200
