1752532017856 0.016721854304635762 0
1752532032697 0.023509933774834436 1
1752532047673 0.030629139072847682 2
1752532062610 0.03708609271523179 3
1752532077438 0.048096026490066224 4
1752532092568 0.05389072847682119 5
1752532107540 0.05753311258278146 6
1752532122537 0.06109271523178808 7
1752532137492 0.0695364238410596 8
1752532152671 0.0755794701986755 9
1752532167765 0.07740066225165564 10
1752532182771 0.08435430463576159 11
1752532197768 0.08915562913907285 12
1752532213058 0.09279801324503312 13
1752532228454 0.10082781456953642 14
1752532243784 0.10529801324503311 15
1752532259168 0.10827814569536424 16
1752532274287 0.11572847682119206 17
1752532289597 0.11771523178807947 18
1752532304685 0.12293046357615894 19
1752532319754 0.12433774834437086 20
1752532334790 0.1222682119205298 21
1752532350086 0.12483443708609271 22
1752532365539 0.13038079470198677 23
1752532380513 0.13468543046357617 24
1752532395664 0.13799668874172186 25
1752532411022 0.14031456953642385 26
1752532426444 0.1445364238410596 27
1752532441865 0.14420529801324503 28
1752532457234 0.15132450331125827 29
1752532472633 0.15024834437086093 30
1752532488063 0.1544701986754967 31
1752532503280 0.1564569536423841 32
1752532518760 0.1560430463576159 33
1752532534192 0.1562086092715232 34
1752532549202 0.16192052980132451 35
1752532564089 0.16299668874172185 36
1752532579222 0.16548013245033114 37
1752532594136 0.16788079470198675 38
1752532609055 0.1672185430463576 39
1752532623991 0.17301324503311258 40
1752532638943 0.17293046357615893 41
1752532654016 0.1777317880794702 42
1752532668913 0.17566225165562913 43
1752532684006 0.1788907284768212 44
1752532699333 0.18236754966887417 45
1752532714463 0.1802980132450331 46
1752532729387 0.18509933774834436 47
1752532744766 0.18634105960264902 48
1752532760309 0.19114238410596027 49
1752532775414 0.1943708609271523 50
1752532790310 0.19577814569536423 51
1752532805160 0.19602649006622516 52
1752532820452 0.19793046357615893 53
1752532835764 0.201158940397351 54
1752532851220 0.20430463576158941 55
1752532866425 0.20637417218543047 56
1752532881744 0.2099337748344371 57
1752532896745 0.20852649006622517 58
1752532911672 0.2115066225165563 59
1752532926838 0.21043046357615894 60
1752532942120 0.2134933774834437 61
1752532957322 0.21597682119205297 62
1752532972164 0.2144867549668874 63
1752532987174 0.21672185430463575 64
1752533002147 0.21961920529801324 65
1752533017035 0.21589403973509932 66
1752533031882 0.22210264900662252 67
1752533047104 0.22417218543046358 68
1752533061988 0.2240066225165563 69
1752533076923 0.22591059602649008 70
1752533091753 0.22740066225165562 71
1752533106601 0.23071192052980133 72
1752533121494 0.2322019867549669 73
1752533136816 0.22905629139072847 74
1752533152352 0.22955298013245032 75
1752533167676 0.23559602649006622 76
1752533182564 0.23485099337748344 77
1752533197437 0.23874172185430464 78
1752533212358 0.24288079470198676 79
1752533227285 0.23981788079470198 80
1752533242180 0.2408112582781457 81
1752533257274 0.2366721854304636 82
1752533272232 0.24304635761589405 83
1752533287216 0.24346026490066225 84
1752533302314 0.24461920529801323 85
1752533317153 0.24875827814569537 86
1752533332028 0.24900662251655628 87
1752533347039 0.24892384105960264 88
1752533362035 0.24884105960264902 89
1752533377005 0.24817880794701988 90
1752533391944 0.25256622516556293 91
1752533406855 0.25538079470198677 92
1752533421715 0.25579470198675497 93
1752533436566 0.2552980132450331 94
1752533451389 0.25753311258278144 95
1752533466613 0.25653973509933775 96
1752533481937 0.25811258278145693 97
1752533497267 0.26043046357615895 98
1752533512536 0.2581953642384106 99
1752533527922 0.2593543046357616 100
