1752532017857 4.61951335110699 0
1752532032698 4.589311582076383 1
1752532047674 4.543449474030568 2
1752532062611 4.5031310000027895 3
1752532077439 4.459485343945343 4
1752532092569 4.414271399038653 5
1752532107541 4.368873237773574 6
1752532122538 4.326636112186452 7
1752532137493 4.282310139459554 8
1752532152672 4.241157007327751 9
1752532167766 4.204020597461497 10
1752532182772 4.165483593050459 11
1752532197768 4.1268572422863 12
1752532213059 4.094988760918588 13
1752532228455 4.05775255112163 14
1752532243785 4.0270275636038795 15
1752532259168 3.9990828398889806 16
1752532274287 3.9672245502572236 17
1752532289598 3.943410493754006 18
1752532304686 3.9129311954660397 19
1752532319755 3.888406225919498 20
1752532334791 3.8680084811734567 21
1752532350087 3.845345250311567 22
1752532365540 3.821762351592507 23
1752532380514 3.7962881504103776 24
1752532395665 3.7748780731047895 25
1752532411023 3.752835004728676 26
1752532426445 3.7332166759727303 27
1752532441866 3.714914959011437 28
1752532457235 3.6922994435140737 29
1752532472634 3.6739193884195607 30
1752532488064 3.658185321662508 31
1752532503281 3.639876632782216 32
1752532518761 3.628155781917546 33
1752532534193 3.6118743572875105 34
1752532549203 3.5945619410792395 35
1752532564090 3.5792026576452156 36
1752532579223 3.5599927067869506 37
1752532594137 3.5481113946386427 38
1752532609056 3.538677680927508 39
1752532623992 3.5274702023541975 40
1752532638944 3.507974961547053 41
1752532654017 3.4921478478454873 42
1752532668914 3.4808127122483596 43
1752532684007 3.4645157839781207 44
1752532699334 3.4471850108934827 45
1752532714464 3.445070675448362 46
1752532729388 3.4280554306322784 47
1752532744766 3.4147369218095815 48
1752532760310 3.4042263468620693 49
1752532775415 3.3928967293497263 50
1752532790311 3.3771364170255826 51
1752532805161 3.369273109429515 52
1752532820453 3.3575905363203864 53
1752532835765 3.3449550727018864 54
1752532851221 3.3373616363167877 55
1752532866426 3.3230048089395052 56
1752532881745 3.3102050898540805 57
1752532896746 3.303009889975223 58
1752532911673 3.293060777327033 59
1752532926839 3.284361644336399 60
1752532942121 3.2743395553899637 61
1752532957322 3.265652986935565 62
1752532972165 3.2558537009036463 63
1752532987175 3.2447230418272373 64
1752533002148 3.236578017827451 65
1752533017036 3.2315935610696647 66
1752533031883 3.219987404061828 67
1752533047105 3.209462375436231 68
1752533061989 3.203696484130377 69
1752533076924 3.1890642804980116 70
1752533091754 3.1821108761678376 71
1752533106602 3.1708832329801924 72
1752533121495 3.1673114232188384 73
1752533136817 3.163712079108445 74
1752533152353 3.154496105923266 75
1752533167677 3.1433099296374616 76
1752533182565 3.1369820980916856 77
1752533197438 3.1267573419549657 78
1752533212359 3.1174835265341074 79
1752533227286 3.1142933241285533 80
1752533242181 3.110552432610558 81
1752533257275 3.1035856721628674 82
1752533272233 3.0929259748078675 83
1752533287217 3.086215261005134 84
1752533302315 3.0785214279908493 85
1752533317154 3.0677163005815618 86
1752533332029 3.0592245819491644 87
1752533347040 3.0538172396472967 88
1752533362036 3.0491626293009433 89
1752533377006 3.0500281783538097 90
1752533391945 3.036505080854352 91
1752533406856 3.029424834304068 92
1752533421716 3.0228764778860264 93
1752533436567 3.016272400987127 94
1752533451390 3.007333237377266 95
1752533466614 3.0016039751475576 96
1752533481938 2.996888500866459 97
1752533497268 2.9928401456441467 98
1752533512537 2.9860280378642012 99
1752533527923 2.979834857392765 100
