1752682923776 4.452066730669688 0
1752682959843 4.146971985669683 1
1752682997911 3.855386356500233 2
1752683036584 3.6284683963124484 3
1752683075868 3.454864980399197 4
1752683112973 3.295615714161085 5
1752683149191 3.1850302902368552 6
1752683185883 3.0832577861111194 7
1752683223380 3.016956611292261 8
1752683261796 2.963964650398469 9
1752683302988 2.9144711945440562 10
1752683344530 2.8693656766669076 11
1752683382373 2.850597355437593 12
1752683424699 2.7972432971749 13
1752683464738 2.7836813759444574 14
1752683502660 2.7468133597574513 15
1752683539615 2.7453021222912986 16
1752683577650 2.7389610412293433 17
1752683614742 2.7203813132306327 18
1752683654666 2.6826371527922954 19
1752683692391 2.7061792775212186 20
1752683731487 2.6668660882677235 21
1752683771871 2.682170568328319 22
1752683808102 2.6645386189091376 23
1752683845973 2.658421011362946 24
1752683885613 2.6217344979482555 25
1752683909907 2.598430253847495 26
1752683932992 2.605501200055123 27
1752683954489 2.5707860811500276 28
1752683975769 2.5474951595822546 29
1752683998125 2.5498879542595723 30
1752684019890 2.5415899035203005 31
1752684042120 2.5289145513455424 32
1752684065163 2.534120786592885 33
1752684087485 2.5259759564620725 34
1752684111082 2.4934968431017395 35
1752684132449 2.50304716574794 36
1752684155258 2.4721987952364617 37
1752684177025 2.4692371105936988 38
1752684199228 2.470446649425123 39
1752684220990 2.444168757493712 40
1752684245026 2.435259162201046 41
1752684269112 2.4641081584712206 42
1752684291402 2.4434384506450684 43
1752684313119 2.4262390889759016 44
1752684336198 2.4291305826420713 45
1752684360515 2.431816725120756 46
1752684382073 2.412315681841763 47
1752684404255 2.3987732245398754 48
1752684426786 2.3792786449942285 49
1752684448675 2.39017335698866 50
1752684464867 2.353713079691432 51
1752684480907 2.35367997546629 52
1752684497245 2.3357160388643856 53
1752684512961 2.33968658067113 54
1752684529142 2.3215104928635784 55
1752684544938 2.308737040641767 56
1752684560926 2.312691741209258 57
1752684577111 2.308717277081074 58
1752684593351 2.3114856136072177 59
1752684609191 2.286812898943204 60
1752684624876 2.2872319584094623 61
1752684641525 2.2846082885860524 62
1752684658722 2.2874661058493055 63
1752684674487 2.268623752352283 64
1752684690172 2.2590927335976008 65
1752684705768 2.2573961431005056 66
1752684721669 2.2473587932123205 67
1752684738979 2.2500544414781682 68
1752684754890 2.250006081529007 69
1752684771758 2.236297934227819 70
1752684787769 2.228667039824071 71
1752684804957 2.219265342143807 72
1752684822191 2.2191459066412844 73
1752684839566 2.2160848858348245 74
1752684856710 2.209065252142138 75
1752684866883 2.1690108558857983 76
1752684876842 2.1590051756079265 77
1752684886901 2.146859055163222 78
1752684896687 2.1359272239709104 79
1752684906333 2.14749383538818 80
1752684916084 2.1324760553433473 81
1752684925841 2.1386666293391423 82
1752684935655 2.1344114687495663 83
1752684945390 2.1305785314711 84
1752684955393 2.114425352781381 85
1752684965563 2.1205898391156546 86
1752684975667 2.1118018047801868 87
1752684985494 2.103166617361116 88
1752684995244 2.113011810636266 89
1752685004991 2.099631999502573 90
1752685014677 2.0992190162381337 91
1752685024217 2.089289566716731 92
1752685033939 2.0971873522578086 93
1752685043542 2.0817637976541956 94
1752685053268 2.0744002023316197 95
1752685062976 2.0834524393748928 96
1752685072914 2.0745696470119586 97
1752685082830 2.074044323255637 98
1752685092875 2.065312959888311 99
1752685103104 2.0675233505365362 100
