1752791764675 0.020840224942110488 0
1752791789633 0.05069467416473702 1
1752791812652 0.07657955673172345 2
1752791835677 0.08981144558385709 3
1752791859657 0.1057724115117433 4
1752791882497 0.11329804829639431 5
1752791905558 0.12909361561362884 6
1752791929058 0.14439298709890838 7
1752791954315 0.1568805822031095 8
1752791976900 0.16622560370492886 9
1752791999984 0.1733377439629507 10
1752792022935 0.1834270592127026 11
1752792045791 0.19194508766126364 12
1752792071179 0.200297717499173 13
1752792094620 0.20691366192523983 14
1752792118460 0.2112967251075091 15
1752792141466 0.21518359245782334 16
1752792165445 0.22113794244128349 17
1752792191038 0.22949057227919287 18
1752792216847 0.23114455838570955 19
1752792242355 0.2361892160105855 20
1752792266057 0.2385047965597089 21
1752792290657 0.2417300694674165 22
1752792313628 0.25107509096923586 23
1752792336435 0.25355607012901094 24
1752792358835 0.25760833608997685 25
1752792374384 0.26025471386040355 26
1752792389912 0.26108170691366195 27
1752792405603 0.2684419450876613 28
1752792422249 0.2688554416142904 29
1752792439134 0.26910353953026794 30
1752792454699 0.27100562355276214 31
1752792470352 0.2746443929870989 32
1752792485794 0.2765464770095931 33
1752792501077 0.2780350645054582 34
1752792516854 0.28043334435990735 35
1752792533103 0.28250082699305323 36
1752792548904 0.2818392325504466 37
1752792565803 0.28200463116109825 38
1752792581775 0.28531260337413167 39
1752792597176 0.2891994707244459 40
1752792612762 0.2915150512735693 41
1752792628178 0.2920939464108501 42
1752792644409 0.29085345683096264 43
1752792659828 0.2907707575256368 44
1752792676812 0.2943268276546477 45
1752792692283 0.29722130334105196 46
1752792707681 0.29639431028779356 47
1752792723028 0.299702282500827 48
1752792738485 0.29961958319550114 49
1752792754368 0.3028448561032087 50
1752792767503 0.30433344359907377 51
1752792780279 0.3049123387363546 52
1752792793492 0.30449884220972545 53
1752792806979 0.3045815415150513 54
1752792820468 0.30830301025471385 55
1752792833262 0.3114455838570956 56
1752792845937 0.30921270261329803 57
1752792858861 0.3126860734369831 58
1752792871474 0.3114455838570956 59
1752792884037 0.31161098246774727 60
1752792896657 0.3133476678795898 61
1752792909756 0.3128514720476348 62
1752792922467 0.3145054581541515 63
1752792935138 0.3153324512074099 64
1752792947763 0.31442275884882565 65
1752792960431 0.31739993384055576 66
1752792973331 0.3169037380086007 67
1752792985936 0.3178134303671849 68
1752792998992 0.32045980813761166 69
1752793011606 0.3189712206417466 70
1752793024222 0.32277538868673505 71
1752793037630 0.32045980813761166 72
1752793051006 0.32128680119087 73
1752793063909 0.32029440952696 74
1752793076918 0.3208733046642408 75
1752793086805 0.3255044657624876 76
1752793096622 0.3257525636784651 77
1752793106429 0.3253390671518359 78
1752793116261 0.32517366854118424 79
1752793126135 0.3245120740985776 80
1752793135792 0.3269103539530268 81
1752793145413 0.32732385047965595 82
1752793155102 0.32583526298379095 83
1752793164821 0.3285643400595435 84
1752793174605 0.32657955673172345 85
1752793184293 0.3271584518690043 86
1752793194196 0.3271584518690043 87
1752793204205 0.33005292755540855 88
1752793214093 0.3307145219980152 89
1752793224033 0.33030102547138607 90
1752793233887 0.3283989414488918 91
1752793243590 0.32980482963943103 92
1752793253261 0.32889513728084685 93
1752793262973 0.33054912338736353 94
1752793272634 0.33178961296725107 95
1752793282284 0.32980482963943103 96
1752793292036 0.32988752894475687 97
1752793301739 0.33178961296725107 98
1752793311423 0.33154151505127355 99
1752793321074 0.33096261991399273 100
