1752791764676 4.574824643048632 0
1752791789634 4.464232118329557 1
1752791812653 4.33924705546455 2
1752791835678 4.210447677901926 3
1752791859658 4.0859961176660935 4
1752791882498 3.973784137214519 5
1752791905559 3.8611019193604954 6
1752791929059 3.763639664136415 7
1752791954316 3.681272549018038 8
1752791976901 3.6044662818900557 9
1752791999985 3.5378532117809867 10
1752792022936 3.472451165505985 11
1752792045791 3.404038686619102 12
1752792071180 3.3516018231760643 13
1752792094621 3.3011775942951105 14
1752792118461 3.260844356191517 15
1752792141467 3.1997143090673794 16
1752792165446 3.168262829885322 17
1752792191039 3.13716166119607 18
1752792216848 3.1058174338414997 19
1752792242356 3.0763097683181893 20
1752792266058 3.047178344778426 21
1752792290658 3.019782885149563 22
1752792313629 2.9844682234440514 23
1752792336436 2.959918003647687 24
1752792358836 2.9308698691648574 25
1752792374385 2.91373617388745 26
1752792389913 2.903880834020158 27
1752792405604 2.8824001218647712 28
1752792422250 2.8701421335628736 29
1752792439135 2.8526461176791917 30
1752792454700 2.83993785229795 31
1752792470353 2.8212375947472688 32
1752792485795 2.809706414551795 33
1752792501078 2.7994483178499334 34
1752792516855 2.7812084961888326 35
1752792533104 2.7705328070448774 36
1752792548905 2.764595283961647 37
1752792565804 2.757212445346448 38
1752792581776 2.747128925132304 39
1752792597177 2.7307990506707696 40
1752792612763 2.7135929052040098 41
1752792628179 2.703311602821175 42
1752792644410 2.694414645884687 43
1752792659829 2.695928166977351 44
1752792676813 2.6853700298112857 45
1752792692284 2.6724808025421125 46
1752792707682 2.6565009797145676 47
1752792723029 2.6446351282478116 48
1752792738486 2.6425694003621762 49
1752792754369 2.626621309425511 50
1752792767504 2.6237450002937535 51
1752792780280 2.6163596689739217 52
1752792793493 2.6163805379214686 53
1752792806980 2.608890990568748 54
1752792820469 2.598545700648518 55
1752792833263 2.5921411172721807 56
1752792845938 2.5827834611128173 57
1752792858862 2.576216438452708 58
1752792871475 2.576616489930457 59
1752792884038 2.5698226739104864 60
1752792896658 2.5651033610950837 61
1752792909757 2.5559727880435603 62
1752792922468 2.5509356558132232 63
1752792935139 2.5471440476632927 64
1752792947764 2.5433702350908516 65
1752792960432 2.534334301122294 66
1752792973332 2.535488528962785 67
1752792985937 2.5273480637415715 68
1752792998993 2.522972945034135 69
1752793011607 2.5174073886581514 70
1752793024223 2.511896586819838 71
1752793037631 2.509382138732248 72
1752793051007 2.505754007818247 73
1752793063910 2.5009628177121344 74
1752793076919 2.499680883723247 75
1752793086806 2.4890121822292093 76
1752793096623 2.487109795234991 77
1752793106430 2.483481720137581 78
1752793116262 2.48332876312781 79
1752793126136 2.47958517066958 80
1752793135793 2.477007533790054 81
1752793145414 2.4715322585826898 82
1752793155103 2.4730255208332723 83
1752793164822 2.469589158133114 84
1752793174606 2.4668355649482163 85
1752793184294 2.4677079620074553 86
1752793194197 2.4658742829613858 87
1752793204206 2.4621341686865037 88
1752793214094 2.457802453982243 89
1752793224034 2.4559044796766107 90
1752793233888 2.455977950606628 91
1752793243591 2.4527446615795103 92
1752793253262 2.4515817066859933 93
1752793262974 2.4514581481386895 94
1752793272635 2.445716006386176 95
1752793282285 2.448392382802473 96
1752793292037 2.4455462381971445 97
1752793301740 2.4413818687257747 98
1752793311424 2.4430011758725 99
1752793321075 2.439734468215512 100
