1753237878922 0.022096693802957302 0
1753237894299 0.02841003488951653 1
1753237911861 0.03821232762917428 2
1753237927929 0.046685495929556405 3
1753237945016 0.06388104336268483 4
1753237963811 0.06761920584814753 5
1753237979525 0.08705765077255358 6
1753237999001 0.09735836517693969 7
1753238013728 0.10541618209004817 8
1753238031579 0.10990197707260342 9
1753238048947 0.12086725369662735 10
1753238065270 0.13108489782355873 11
1753238085564 0.13058647615883037 12
1753238102031 0.1462867585977737 13
1753238119302 0.15691975411197873 14
1753238135177 0.1618209004818076 15
1753238151243 0.16539292241236087 16
1753238159752 0.16564213324472504 17
1753238175711 0.17046020933709918 18
1753238186691 0.17295231766074098 19
1753238203407 0.18466522678185746 20
1753238219868 0.1786010965276624 21
1753238238859 0.18192390762585148 22
1753238255186 0.19313839508223957 23
1753238271414 0.19986708755607244 24
1753238289271 0.19720883867752118 25
1753238307860 0.20402060142880876 26
1753238326872 0.2100016614055491 27
1753238335455 0.21357368333610235 28
1753238353295 0.22080079747466355 29
1753238374136 0.21523508888519688 30
1753238391893 0.22021930553248048 31
1753238410740 0.23292905798305366 32
1753238429728 0.22910782522013623 33
1753238447828 0.23193221465359695 34
1753238465270 0.23093537132414022 35
1753238482924 0.2374148529656089 36
1753238500670 0.2399069612892507 37
1753238511447 0.24090380461870742 38
1753238530269 0.2488785512543612 39
1753238547773 0.2536966273467353 40
1753238563588 0.2517029406878219 41
1753238579840 0.25402890845655424 42
1753238596110 0.25344741651437114 43
1753238607217 0.2596776873234757 44
1753238623558 0.26075760093038713 45
1753238641580 0.2613390928725702 46
1753238659153 0.26183751453729853 47
1753238678896 0.2554411031732846 48
1753238695672 0.259262335936202 49
1753238714225 0.26333277953148365 50
1753238723318 0.26557567702276125 51
1753238738702 0.263831201196212 52
1753238754906 0.2684831367336767 53
1753238771553 0.26574181757767074 54
1753238788847 0.27487954809769066 55
1753238800811 0.270809104502409 56
1753238818563 0.27670709420169465 57
1753238829267 0.28385113806280116 58
1753238848586 0.2776208672536966 59
1753238868058 0.27429805615550756 60
1753238884915 0.2725535803289583 61
1753238904214 0.27828542947333446 62
1753238920157 0.27853464030569863 63
1753238935722 0.28235587306861604 64
1753238949821 0.27911613224788173 65
1753238967752 0.2775377969762419 66
1753238981928 0.27728858614387775 67
1753239001071 0.2780362186409703 68
1753239019426 0.2813590297391593 69
1753239035496 0.28393420834025584 70
1753239054573 0.28692473832862603 71
1753239072935 0.27886692141551755 72
1753239091317 0.28077753779697623 73
1753239099989 0.2830204352882539 74
1753239119433 0.29041368998172457 75
1753239137520 0.28825386276790166 76
1753239156590 0.2828542947333444 77
1753239173747 0.2846818408373484 78
1753239191223 0.29107825220136235 79
1753239203412 0.29190895497590963 80
1753239220461 0.2890014952649942 81
1753239237377 0.2928227280279116 82
1753239251814 0.2929888685828211 83
1753239270582 0.29689317162319323 84
1753239288001 0.2902475494268151 85
1753239304855 0.29190895497590963 86
1753239322905 0.2914105333111813 87
1753239338248 0.2885861438777205 88
1753239352755 0.2929888685828211 89
1753239370225 0.2914105333111813 90
1753239388406 0.29390264163482305 91
1753239406080 0.29290579830536634 92
1753239422340 0.2875062302708091 93
1753239438257 0.29041368998172457 94
1753239454311 0.29406878218973254 95
1753239472528 0.29107825220136235 96
1753239492232 0.296976241900648 97
1753239508982 0.29631167968101013 98
1753239525925 0.3007974746635654 99
1753239544275 0.2953148363515534 100
