1751791547116 0.22650196934114905 0
1751791639327 0.26024889513489524 1
1751791731733 0.31376319828399196 2
1751791823738 0.3248210950646277 3
1751791918326 0.3597884576268052 4
1751792002039 0.38857967048207254 5
1751792087446 0.39022541097283603 6
1751792174526 0.39198210026072966 7
1751792265538 0.4229922890585995 8
1751792354722 0.4218458181549215 9
1751792445073 0.4370827862941253 10
1751792525008 0.42669058229627027 11
1751792621674 0.4470127036372714 12
1751792710011 0.4553893378205958 13
1751792807998 0.4477893452171823 14
1751792903013 0.45601804767099985 15
1751792991199 0.4604929824885815 16
1751793081506 0.4538915290593391 17
1751793163525 0.4631927365520812 18
1751793264899 0.4703304425007859 19
1751793362048 0.4681854324229368 20
1751793463357 0.4628783816268792 21
1751793555247 0.4788550084136171 22
1751793646934 0.47626620314724755 23
1751793735095 0.4698311729137003 24
1751793830154 0.4734370088204294 25
1751793922010 0.4800199707834834 26
1751794018908 0.48009393664823685 27
1751794109025 0.4711440670130735 28
1751794200206 0.47944673533164445 29
1751794285677 0.48464283733057195 30
1751794379804 0.48628857782133544 31
1751794477799 0.48218347232752085 32
1751794575536 0.49015329425470144 33
1751794665279 0.4881562159063592 34
1751794753906 0.48769392925165034 35
1751794847272 0.4924832189944341 36
1751794945627 0.49035670038277335 37
1751795038751 0.4908559699698589 38
1751795127832 0.49141071395550956 39
1751795206599 0.4932413691081566 40
1751795293409 0.48556741063998965 41
1751795377694 0.49527543038887556 42
1751795471840 0.49239076166349227 43
1751795563772 0.4925941677915642 44
1751795659645 0.4961075463673515 45
1751795759120 0.4968102220825089 46
1751795836735 0.49558978531407755 47
1751795922401 0.4921503726030437 48
1751796015361 0.48597422289613346 49
1751796106925 0.5010632593058304 50
1751796161266 0.5051313818672682 51
1751796213243 0.4989182492279813 52
1751796270874 0.4984744540394608 53
1751796325529 0.49760535512860815 54
1751796383426 0.5036890475045767 55
1751796440331 0.4970136282105808 56
1751796498579 0.5026720168642171 57
1751796557206 0.5020248155476248 58
1751796610726 0.5054087538600935 59
1751796667337 0.5002496347935428 60
1751796724257 0.5061299210414394 61
1751796778205 0.5034671499103164 62
1751796833129 0.5065367332975832 63
1751796886975 0.5016364947576694 64
1751796944221 0.5024501192699569 65
1751797002280 0.5068325967565969 66
1751797057052 0.5027089997965939 67
1751797114766 0.503134303518926 68
1751797167923 0.5085892860444905 69
1751797218414 0.5055566855896004 70
1751797277841 0.4986038943027793 71
1751797334218 0.5038554707002718 72
1751797387929 0.5077756615322029 73
1751797439375 0.5113260230403669 74
1751797497823 0.504650603746371 75
1751797555466 0.5062778527709462 76
1751797607403 0.5018029179533645 77
1751797663010 0.5083858799164186 78
1751797723590 0.5104939070618909 79
1751797783254 0.5005270067863681 80
1751797837071 0.5106418387913978 81
1751797889159 0.5076462212688844 82
1751797944440 0.5074982895393776 83
1751797997877 0.51263891713974 84
1751798053422 0.5051313818672682 85
1751798109923 0.5101980436028772 86
1751798169892 0.5094953678877198 87
1751798227177 0.5072024260803639 88
1751798281941 0.5087926921725624 89
1751798338003 0.5124540024778564 90
1751798391558 0.5104384326633259 91
1751798445391 0.5131196952606372 92
1751798499886 0.5098282142791102 93
1751798558590 0.5116218864993806 94
1751798618520 0.5093844190905897 95
1751798671866 0.5117328352965107 96
1751798726797 0.5096248081510383 97
1751798783760 0.5092734702934596 98
1751798838350 0.5112890401079901 99
1751798894771 0.5159303981212671 100
1751798935266 0.5117698182288873 101
1751798974266 0.5143031490966918 102
1751799015435 0.5159858725198321 103
1751799059058 0.5158379407903253 104
1751799098487 0.5098282142791102 105
1751799139087 0.5098097228129218 106
1751799179191 0.5153571626694281 107
1751799220902 0.514783927217589 108
1751799262278 0.5191479132380407 109
1751799303638 0.5162077701140924 110
1751799342628 0.5176316130105956 111
1751799382857 0.5197211486898796 112
1751799423117 0.5167625140997429 113
1751799462772 0.518019933800551 114
1751799505655 0.5183527801919414 115
1751799544249 0.5153201797370514 116
1751799584751 0.52151482091015 117
1751799622898 0.5141552173671851 118
1751799662685 0.5188150668466502 119
1751799702759 0.5192403705689824 120
1751799744576 0.5199615377503283 121
1751799789688 0.5164666506407293 122
1751799832515 0.518019933800551 123
1751799874894 0.5136004733815345 124
1751799915236 0.5221065478281773 125
1751799956837 0.5196841657575029 126
1751799996668 0.5218476673015403 127
1751800037070 0.5181863569962463 128
1751800075875 0.5202758926755302 129
1751800116426 0.5222174966253075 130
1751800156377 0.5202019268107768 131
1751800198827 0.5245844042974167 132
1751800239639 0.5240851347103311 133
1751800280437 0.520941585458311 134
1751800319941 0.5190554559070989 135
1751800362676 0.522513360084321 136
1751800402110 0.522088056361989 137
1751800445184 0.5187595924480852 138
1751800486189 0.5227722406109581 139
1751800528211 0.521200465984948 140
1751800565431 0.5201834353445884 141
1751800605305 0.5198136060208214 142
1751800646759 0.5190554559070989 143
1751800689119 0.5241036261765195 144
1751800730040 0.5150058248118493 145
1751800773490 0.5172987666192053 146
1751800814103 0.5206087390669206 147
1751800852897 0.5236783224541874 148
1751800894326 0.5199060633517631 149
1751800936466 0.5234379333937388 150
1751800964340 0.528726492723608 151
1751800990550 0.5290408476488101 152
1751801017030 0.525176131215444 153
1751801044416 0.5266924314428891 154
1751801070863 0.5290963220473751 155
1751801099645 0.5322768542317721 156
1751801126814 0.5332569019397548 157
1751801152475 0.5325172432922206 158
1751801179119 0.534625270437693 159
1751801205859 0.5344588472419978 160
1751801233133 0.5323878030289022 161
1751801260067 0.5301688270862996 162
1751801286670 0.5297435233639676 163
1751801312292 0.5329240555483644 164
1751801339850 0.5333308678045082 165
1751801366896 0.5316666358475564 166
1751801392497 0.5392111540524048 167
1751801418546 0.5368072634479187 168
1751801446312 0.5336637141958986 169
1751801473550 0.5326836664879159 170
1751801500698 0.5348471680319532 171
1751801527223 0.5328870726159877 172
1751801554601 0.5341629837829841 173
1751801583211 0.5344773387081861 174
1751801610358 0.5347362192348232 175
1751801636151 0.5347916936333882 176
1751801662693 0.5345143216405629 177
1751801689443 0.5356423010780524 178
1751801716353 0.5340520349858541 179
1751801745077 0.5344218643096211 180
1751801772848 0.5336267312635219 181
1751801800438 0.5290223561826217 182
1751801827193 0.5354573864161689 183
1751801853441 0.5336452227297103 184
1751801878965 0.5382495978106104 185
1751801906057 0.5350690656262135 186
1751801933253 0.5350505741600251 187
1751801959854 0.5326651750217275 188
1751801987076 0.5361600621313264 189
1751802013074 0.5392296455185932 190
1751802040845 0.5401542188280108 191
1751802069454 0.5368812293126722 192
1751802096749 0.5362710109284565 193
1751802124517 0.5387673588638843 194
1751802151784 0.5376208879602064 195
1751802180230 0.5362710109284565 196
1751802207410 0.5379722258177851 197
1751802233977 0.5325727176907857 198
1751802261404 0.5406719798812848 199
1751802289076 0.5392851199171582 200
