1751791547117 2.18857670485361 0
1751791639327 1.9964827142285588 1
1751791731734 1.8080982713208118 2
1751791823739 1.753338753983131 3
1751791918326 1.6681320895976222 4
1751792002040 1.611012235980038 5
1751792087447 1.605008127836385 6
1751792174526 1.6026276718258974 7
1751792265539 1.5431163112934394 8
1751792354723 1.5550021956947124 9
1751792445074 1.5351859018900011 10
1751792525009 1.566707458301882 11
1751792621675 1.5114789047588848 12
1751792710012 1.5066656825152973 13
1751792807999 1.5360952436236106 14
1751792903013 1.5224252223437187 15
1751792991200 1.523124672100658 16
1751793081507 1.5506762781465193 17
1751793163526 1.5231069120028229 18
1751793264900 1.5088849509548183 19
1751793362048 1.5271105601397177 20
1751793463358 1.5535352085060885 21
1751793555248 1.5135162389123658 22
1751793646935 1.5203800208028055 23
1751793735096 1.5585724561024559 24
1751793830155 1.5456653339900452 25
1751793922010 1.527403201381577 26
1751794018909 1.536778187659707 27
1751794109026 1.5834362675135762 28
1751794200207 1.5486151965636432 29
1751794285678 1.5499275551815257 30
1751794379805 1.5453931414552753 31
1751794477800 1.5697436838667405 32
1751794575537 1.5349749672416197 33
1751794665280 1.5640603287323784 34
1751794753907 1.5674402637382159 35
1751794847273 1.5567402263632155 36
1751794945628 1.5798380117700455 37
1751795038752 1.562115466092195 38
1751795127833 1.5792795030633864 39
1751795206600 1.5722810760002568 40
1751795293410 1.6110779919611056 41
1751795377695 1.5607331931489896 42
1751795471840 1.5748729726386148 43
1751795563773 1.5733840864188604 44
1751795659645 1.5831677061085003 45
1751795759121 1.5835641636006403 46
1751795836736 1.5823555495100736 47
1751795922402 1.5963628454781824 48
1751796015362 1.6519269603463675 49
1751796106925 1.5838159786298387 50
1751796161266 1.5237610817411378 51
1751796213244 1.5463521089074912 52
1751796270875 1.5538189538470204 53
1751796325529 1.5454728829512803 54
1751796383427 1.5249560495547492 55
1751796440331 1.5569902185627227 56
1751796498580 1.5207586114973566 57
1751796557207 1.531649988974345 58
1751796610726 1.5070484945454705 59
1751796667338 1.5516176293446264 60
1751796724258 1.5122714143669493 61
1751796778206 1.5172978118145146 62
1751796833130 1.4997097901999257 63
1751796886976 1.5143432101924659 64
1751796944221 1.527560627546793 65
1751797002280 1.513616604374687 66
1751797057053 1.5279892379300513 67
1751797114767 1.5195561513759483 68
1751797167924 1.4899950303761793 69
1751797218415 1.503947566084785 70
1751797277842 1.5501943292421576 71
1751797334218 1.5134606031114493 72
1751797387929 1.510794996996717 73
1751797439376 1.502148859172382 74
1751797497824 1.5232882195831947 75
1751797555467 1.5173230935699475 76
1751797607404 1.5226828287596799 77
1751797663011 1.502030213716108 78
1751797723591 1.4966703178425569 79
1751797783255 1.551959149620779 80
1751797837072 1.501868014234481 81
1751797889160 1.5174008710061782 82
1751797944441 1.5171233845935195 83
1751797997878 1.4891920737618434 84
1751798053423 1.5290509022733867 85
1751798109924 1.4940174542543063 86
1751798169892 1.5061623015328476 87
1751798227178 1.5163489529204655 88
1751798281942 1.5141641969825579 89
1751798338003 1.4940072106565745 90
1751798391559 1.507133517276999 91
1751798445392 1.4859453411286643 92
1751798499887 1.5157744587792574 93
1751798558591 1.5037694834229876 94
1751798618521 1.510533162889055 95
1751798671867 1.4995205876269433 96
1751798726798 1.508879938475844 97
1751798783761 1.5225929550109234 98
1751798838351 1.4952960918097198 99
1751798894772 1.4806248644219397 100
1751798935266 1.4568573670996643 101
1751798974267 1.4346002734749699 102
1751799015436 1.4295604575826646 103
1751799059059 1.4243086786859038 104
1751799098488 1.4564020931627215 105
1751799139088 1.4526224243527155 106
1751799179192 1.4135772522453522 107
1751799220903 1.4204061985629621 108
1751799262279 1.4131763028067947 109
1751799303639 1.4211556161462673 110
1751799342629 1.4091033792288326 111
1751799382857 1.4027566716530755 112
1751799423117 1.4204361872191371 113
1751799462772 1.4081866264813967 114
1751799505656 1.4137494808303546 115
1751799544249 1.4344705003187082 116
1751799584752 1.4020340349430829 117
1751799622899 1.4291876727918362 118
1751799662686 1.4070855624089513 119
1751799702760 1.4061853290722934 120
1751799744577 1.3978094232066574 121
1751799789689 1.4387161310471743 122
1751799832516 1.4243934366514863 123
1751799874895 1.436122527167379 124
1751799915237 1.3945147491335859 125
1751799956838 1.3925541533407215 126
1751799996668 1.3929141359897728 127
1751800037071 1.4069417868621579 128
1751800075875 1.4017781463914638 129
1751800116426 1.3855459951013251 130
1751800156378 1.394750841556982 131
1751800198828 1.3784958880904195 132
1751800239640 1.3831756903357981 133
1751800280438 1.3855132169633262 134
1751800319941 1.4011000160845366 135
1751800362677 1.391413012262392 136
1751800402110 1.3835997612256146 137
1751800445185 1.412508770519027 138
1751800486190 1.3940140423155605 139
1751800528211 1.388799573832761 140
1751800565432 1.392106364308793 141
1751800605305 1.3967395187774025 142
1751800646760 1.394341660150611 143
1751800689120 1.3859940165457525 144
1751800730040 1.4303654584276682 145
1751800773490 1.4119755228734854 146
1751800814104 1.410760685226979 147
1751800852897 1.3837703875644891 148
1751800894326 1.4013303638309522 149
1751800936467 1.3810365652227954 150
1751800964341 1.2502408534860596 151
1751800990551 1.2369620061385256 152
1751801017031 1.2394126994501298 153
1751801044417 1.2362008427505846 154
1751801070864 1.2281441595574192 155
1751801099646 1.2213793727922355 156
1751801126815 1.2183616062169305 157
1751801152476 1.222482866810531 158
1751801179120 1.2172601096299862 159
1751801205860 1.2127197312167664 160
1751801233134 1.227072566111053 161
1751801260068 1.2321862002978332 162
1751801286670 1.2297713151841942 163
1751801312293 1.2196670579519444 164
1751801339851 1.2161993483524542 165
1751801366897 1.2302818451642874 166
1751801392497 1.2063015566640116 167
1751801418547 1.2128394289497002 168
1751801446312 1.2130223000730815 169
1751801473551 1.2143122092350735 170
1751801500699 1.2111734222110015 171
1751801527224 1.214609200316107 172
1751801554602 1.212165381242807 173
1751801583212 1.2103733501171203 174
1751801610358 1.2132220376137632 175
1751801636152 1.2095431168884265 176
1751801662694 1.209206115740703 177
1751801689443 1.2078603075754968 178
1751801716354 1.210619407361463 179
1751801745078 1.209990872464266 180
1751801772849 1.2101769562211282 181
1751801800439 1.2325393012008499 182
1751801827194 1.2129532365295257 183
1751801853441 1.2118552320589053 184
1751801878966 1.1976443728816781 185
1751801906058 1.2044004785442228 186
1751801933254 1.2105840184253427 187
1751801959855 1.2143019000976207 188
1751801987076 1.2022516746092144 189
1751802013075 1.1926889465538606 190
1751802040846 1.1939340944009968 191
1751802069455 1.2035290395208806 192
1751802096750 1.2001679180074196 193
1751802124518 1.1919876253699515 194
1751802151785 1.2026572791441017 195
1751802180231 1.2029002996656963 196
1751802207410 1.1999311831888753 197
1751802233978 1.2186077619560713 198
1751802261404 1.1931376531799824 199
1751802289077 1.1972002590717723 200
