1750870427563 0.02865924572188071 0
1750870448450 0.07451403887688984 1
1750870469244 0.1039209170958631 2
1750870490118 0.12427313507227114 3
1750870511777 0.14346236916431301 4
1750870533145 0.1651437115799967 5
1750870554066 0.1866589134407709 6
1750870574866 0.20078086060807443 7
1750870596336 0.21207841834191726 8
1750870618116 0.2274464196710417 9
1750870639510 0.23517195547433128 10
1750870660396 0.24406047516198703 11
1750870683316 0.24713407542781193 12
1750870705476 0.2571025087223791 13
1750870726857 0.26432962286094036 14
1750870749062 0.2759594617046021 15
1750870770845 0.27230436949659415 16
1750870791853 0.277205515866423 17
1750870813405 0.28310350556570857 18
1750870836865 0.2880046519355375 19
1750870860002 0.287838511380628 20
1750870882783 0.29265658747300216 21
1750870904035 0.2902475494268151 22
1750870924788 0.29980063133410867 23
1750870946163 0.29672703106828374 24
1750870967166 0.3035387938195714 25
1750870988665 0.30171124771556734 26
1750871009984 0.2993022096693803 27
1750871031492 0.30486791825884696 28
1750871052205 0.3099352051835853 29
1750871076482 0.3108489782355873 30
1750871099570 0.31068283768067784 31
1750871123084 0.3101013457384948 32
1750871145561 0.3096859943512211 33
1750871168070 0.30877222129921916 34
1750871189342 0.31442100016614055 35
1750871212090 0.31342415683668384 36
1750871233611 0.31699617876723707 37
1750871255035 0.3170792490446918 38
1750871277167 0.3179930220966938 39
1750871298772 0.32522013623525503 40
1750871322502 0.3203189898654262 41
1750871344330 0.3180760923741485 42
1750871365197 0.31874065459378637 43
1750871388093 0.3235587306861605 44
1750871410228 0.3242232929057983 45
1750871431337 0.31982056820069776 46
1750871452171 0.32563548762252864 47
1750871473816 0.3248878551254361 48
1750871497107 0.32679847150689484 49
1750871518743 0.32596776873234756 50
1750871540582 0.3268815417843496 51
1750871561630 0.3291244392756272 52
1750871582654 0.32895829872071775 53
1750871603618 0.32679847150689484 54
1750871624991 0.32904136899817243 55
1750871646600 0.3291244392756272 56
1750871667824 0.3330287423159993 57
1750871690035 0.33061970426981224 58
1750871713080 0.3316996178767237 59
1750871734960 0.33053663399235755 60
1750871756590 0.3304535637149028 61
1750871778934 0.3310350556570859 62
1750871801231 0.3311181259345406 63
1750871822518 0.3304535637149028 64
1750871843516 0.333444093703273 65
1750871864909 0.3344409370327297 66
1750871886108 0.33460707758763913 67
1750871907588 0.3336102342581824 68
1750871928661 0.333444093703273 69
1750871950397 0.33369330453563717 70
1750871974661 0.33593620202691477 71
1750871997075 0.33776374813091875 72
1750872020297 0.33311181259345407 73
1750872044314 0.33518856952982223 74
1750872065882 0.3369330453563715 75
1750872087482 0.3346901478650939 76
1750872108367 0.3364346236916431 77
1750872132048 0.3364346236916431 78
1750872155677 0.3369330453563715 79
1750872177062 0.33743146702109983 80
1750872198604 0.33577006147200533 81
1750872220290 0.33518856952982223 82
1750872242182 0.33635155341418843 83
1750872263591 0.3366838345240073 84
1750872285286 0.33676690480146204 85
1750872307146 0.3384283103505566 86
1750872329147 0.3375145372985546 87
1750872351279 0.3396743645123775 88
1750872372420 0.33718225618873565 89
1750872393513 0.3360192723043695 90
1750872415284 0.33718225618873565 91
1750872437400 0.33718225618873565 92
1750872459180 0.33577006147200533 93
1750872482256 0.34050506728692476 94
1750872503752 0.3416680511712909 95
1750872525853 0.33892673201528495 96
1750872547451 0.3429141053331118 97
1750872569007 0.33867752118292077 98
1750872590221 0.3406712078418342 99
1750872611932 0.33493935869745806 100
