1750870427564 4.506940678870693 0
1750870448451 4.294591900178894 1
1750870469245 4.066423261601567 2
1750870490118 3.8717784845012235 3
1750870511778 3.70054252601662 4
1750870533146 3.5323300881263537 5
1750870554067 3.400450286092554 6
1750870574867 3.280504374731584 7
1750870596337 3.1830047540376043 8
1750870618117 3.0918977253323794 9
1750870639511 3.016949150431001 10
1750870660397 2.944940623527016 11
1750870683316 2.9003169093126004 12
1750870705477 2.8283607397023345 13
1750870726858 2.795805198986423 14
1750870749062 2.74278676542428 15
1750870770846 2.7210533846922913 16
1750870791854 2.7016115081114846 17
1750870813406 2.667986224057445 18
1750870836865 2.6220908590779177 19
1750870860002 2.6348897468873362 20
1750870882784 2.5884199826443783 21
1750870904036 2.5915906830538518 22
1750870924789 2.5636670748041976 23
1750870946164 2.550594212215655 24
1750870967167 2.5121013014544054 25
1750870988666 2.505433006014028 26
1750871009984 2.5161226356340185 27
1750871031493 2.4833522500887595 28
1750871052206 2.4567800929637555 29
1750871076483 2.457867230573288 30
1750871099571 2.454097734135507 31
1750871123085 2.4386166312981175 32
1750871145562 2.439715915965954 33
1750871168070 2.431189256563263 34
1750871189343 2.3987617894299342 35
1750871212091 2.405594719576204 36
1750871233612 2.377299965893636 37
1750871255036 2.3720821987472696 38
1750871277167 2.3698387090563022 39
1750871298773 2.3420140599568082 40
1750871322503 2.337869635508711 41
1750871344331 2.3620361004896955 42
1750871365198 2.3386769945278747 43
1750871388094 2.322528642558811 44
1750871410229 2.325141300908053 45
1750871431338 2.327291808511941 46
1750871452172 2.306924050848441 47
1750871473817 2.2944012225901895 48
1750871497107 2.271683795912369 49
1750871518743 2.2837683353017186 50
1750871540583 2.271625689958614 51
1750871561631 2.2749033118744966 52
1750871582655 2.261654911464931 53
1750871603619 2.260149755539038 54
1750871624992 2.2497853699753696 55
1750871646601 2.2347853268367897 56
1750871667825 2.2338308181806292 57
1750871690036 2.237356206144591 58
1750871713081 2.2422178799944947 59
1750871734961 2.2148413992744875 60
1750871756591 2.216797808386439 61
1750871778935 2.211876081983148 62
1750871801232 2.2155729875738954 63
1750871822518 2.195689948761899 64
1750871843517 2.1897673828730118 65
1750871864910 2.1849436029610185 66
1750871886109 2.171382654935886 67
1750871907589 2.1800023754976436 68
1750871928662 2.1769350532562908 69
1750871950397 2.161022009237968 70
1750871974662 2.155462158307552 71
1750871997076 2.1435791594722082 72
1750872020297 2.1456464156351855 73
1750872044315 2.144859020454561 74
1750872065883 2.1351214235209275 75
1750872087483 2.1389074859410186 76
1750872108368 2.127203946938631 77
1750872132048 2.119114149958459 78
1750872155678 2.107042212191125 79
1750872177063 2.118705179590846 80
1750872198604 2.1081503250234115 81
1750872220290 2.1104894386664714 82
1750872242183 2.1096733249990116 83
1750872263592 2.103050997561394 84
1750872285287 2.0875573461924644 85
1750872307147 2.0885194864604792 86
1750872329148 2.078310406094667 87
1750872351279 2.0674433248127744 88
1750872372420 2.081207024128485 89
1750872393514 2.06152069115774 90
1750872415285 2.068313900426738 91
1750872437401 2.0544099448395157 92
1750872459180 2.05933422917526 93
1750872482257 2.039976443135473 94
1750872503753 2.0302076418831247 95
1750872525853 2.0424365104403552 96
1750872547452 2.0277101677373057 97
1750872569007 2.0352389958599826 98
1750872590222 2.0259625837238158 99
1750872611932 2.030661857014772 100
