1754272486945 0.2612404248232987 0
1754272551701 0.3014099100766014 1
1754272609258 0.3531251156422307 2
1754272651511 0.41153831920956224 3
1754272693103 0.4493764570921067 4
1754272737659 0.4488768826555157 5
1754272784901 0.44195685157088405 6
1754272855029 0.4263960330089183 7
1754272906140 0.4522258816563668 8
1754272950402 0.48134922103393407 9
1754272998270 0.48945342856085555 10
1754273072965 0.48636346815675535 11
1754273125171 0.4797209784257854 12
1754273192685 0.5172630721977575 13
1754273247387 0.5176516300928838 14
1754273311745 0.5183362320985827 15
1754273356676 0.5330644265995633 16
1754273405940 0.5166339784627909 17
1754273449780 0.5164859564075047 18
1754273501112 0.5360618732191097 19
1754273544617 0.5346741664508011 20
1754273586431 0.5360618732191097 21
1754273649014 0.5369685083077379 22
1754273692500 0.5474410687192391 23
1754273744033 0.5212596676904859 24
1754273808734 0.5491433223550309 25
1754273860708 0.5435554897679754 26
1754273905365 0.5565444251193428 27
1754273957603 0.5549716907819265 28
1754274009012 0.554176072234763 29
1754274079435 0.5562483810087703 30
1754274135712 0.5533619509306886 31
1754274176887 0.5585982311364394 32
1754274223099 0.560726048181179 33
1754274267846 0.5668504607186471 34
1754274311161 0.5617251970543611 35
1754274378474 0.5585797283795285 36
1754274426281 0.554509121859157 37
1754274470377 0.5574880657217925 38
1754274529117 0.5677385930503646 39
1754274582511 0.5572290271250416 40
1754274640612 0.5716981830292713 41
1754274689511 0.5661103504422159 42
1754274756214 0.557617585020168 43
1754274798224 0.5671835103430412 44
1754274842359 0.56383451134219 45
1754274907043 0.5612811308885024 46
1754274963141 0.5719202161122007 47
1754275010000 0.5733449283943307 48
1754275053547 0.565684787033268 49
1754275096502 0.5614476557006994 50
1754275166819 0.5652962291381416 51
1754275223405 0.5686822336528142 52
1754275277269 0.5763423750138771 53
1754275333443 0.574917662731747 54
1754275401022 0.5731043925544906 55
1754275445389 0.5662398697405914 56
1754275497191 0.5675165599674351 57
1754275559975 0.5770824852903083 58
1754275604899 0.570884061725197 59
1754275679069 0.5699034156089258 60
1754275740081 0.5684602005698849 61
1754275793316 0.5723827850349702 62
1754275836551 0.567535062724346 63
1754275908152 0.5683306812715094 64
1754275966814 0.5803204677496947 65
1754276026632 0.5688302557081005 66
1754276089164 0.5742330607260482 67
1754276133263 0.5739000111016541 68
1754276206767 0.575176701328498 69
1754276258712 0.5739740221292973 70
1754276319512 0.5768049439366466 71
1754276389195 0.5737704918032787 72
1754276434258 0.5664619028235207 73
1754276502781 0.5743625800244236 74
1754276577092 0.5739000111016541 75
1754276619949 0.5701069459349443 76
1754276663448 0.573492950449617 77
1754276707117 0.5753617288976057 78
1754276790526 0.5760278281463939 79
1754276845983 0.5816896717610924 80
1754276922149 0.5720867409243977 81
1754276963344 0.5698294045812826 82
1754277021637 0.5700144321503904 83
1754277065115 0.5786922251415461 84
1754277108168 0.5769529659919328 85
1754277151784 0.5758057950634644 86
1754277197037 0.5771749990748621 87
1754277241820 0.5775265514561669 88
1754277325630 0.5719757243829331 89
1754277392707 0.5795988602301743 90
1754277442852 0.5613366391592347 91
1754277509326 0.5799874181253006 92
1754277579108 0.5792103023350479 93
1754277625759 0.5678311068349184 94
1754277677090 0.5825407985789882 95
1754277732025 0.5833364171261518 96
1754277786014 0.5727898456870074 97
1754277831389 0.5831883950708655 98
1754277892776 0.5664248973096991 99
1754277958255 0.568367686785331 100
