1751778837029 0.1597157976538504 0
1751778938427 0.15266624727084335 1
1751779033346 0.16300928838396922 2
1751779124654 0.21328127891055768 3
1751779211620 0.25121193057765606 4
1751779301043 0.2759686193242793 5
1751779394904 0.3408947933242053 6
1751779482974 0.31771083891499835 7
1751779568364 0.30466639529289863 8
1751779667909 0.28621914665285125 9
1751779765712 0.3356955186322762 10
1751779851957 0.37090626503349 11
1751779943307 0.3402656995892388 12
1751780024753 0.35062724345927543 13
1751780134861 0.30485142286200645 14
1751780231237 0.3277023276468194 15
1751780316596 0.33797135773230214 16
1751780400934 0.3764570921067239 17
1751780484955 0.3412093401916886 18
1751780571671 0.32442733967361137 19
1751780667500 0.36711319986678015 20
1751780761849 0.3462790955852422 21
1751780858081 0.3052399807571328 22
1751780945852 0.37057321540909594 23
1751781037337 0.3767531362172964 24
1751781115920 0.3381378825444991 25
1751781204383 0.4095585242201088 26
1751781301291 0.4387373718684084 27
1751781398500 0.3594900640195389 28
1751781489281 0.3618769196610295 29
1751781582316 0.326222107093957 30
1751781676383 0.3399511527217555 31
1751781771751 0.4265255523072938 32
1751781859456 0.4060059948932391 33
1751781952142 0.3731636013766051 34
1751782046831 0.3655219627724531 35
1751782147618 0.3687044369611072 36
1751782246094 0.3822669577767087 37
1751782332274 0.3392480479591459 38
1751782416579 0.4406431558302187 39
1751782513827 0.40637605003145466 40
1751782600094 0.39264700440365613 41
1751782698201 0.39471931317766346 42
1751782795315 0.34633460385597453 43
1751782881805 0.3865595973800096 44
1751782971795 0.3507012544869185 45
1751783059928 0.402823520704585 46
1751783146989 0.4054509121859157 47
1751783245444 0.34261554971690783 48
1751783335493 0.3880953262036043 49
1751783420685 0.3997335603004848 50
1751783478808 0.39000111016541467 51
1751783539217 0.37577249010102504 52
1751783597117 0.41399918587869594 53
1751783653486 0.35634459534470636 54
1751783710921 0.4133145838729971 55
1751783765879 0.4258224475446842 56
1751783827252 0.39373866706139216 57
1751783880201 0.38707767457351144 58
1751783937171 0.3087184990563594 59
1751783993750 0.3237242349110017 60
1751784057410 0.38731821041335157 61
1751784118393 0.4340931798838027 62
1751784175525 0.39747622395736965 63
1751784234377 0.4257669392739518 64
1751784290933 0.37560596528882806 65
1751784351050 0.3626540354512822 66
1751784405479 0.352847574288569 67
1751784458549 0.3930540650556933 68
1751784512696 0.39830884801835476 69
1751784565278 0.4166450801169374 70
1751784622391 0.41157532472338376 71
1751784678078 0.3576767938422825 72
1751784733164 0.4190504385153388 73
1751784789229 0.398623394885838 74
1751784849588 0.4380897753765311 75
1751784904812 0.40569144802575585 76
1751784964281 0.3829330570254968 77
1751785022049 0.38519039336861194 78
1751785075076 0.4221589016763498 79
1751785130768 0.38519039336861194 80
1751785182693 0.42169633275358026 81
1751785237728 0.43024460644636053 82
1751785300496 0.40113976982570404 83
1751785356459 0.44495429819043036 84
1751785407053 0.41716315731043924 85
1751785466683 0.42756170669429744 86
1751785519984 0.4098915738445028 87
1751785575872 0.3787329312067498 88
1751785629406 0.4321503904081708 89
1751785687466 0.4003256485216297 90
1751785745045 0.41827332272508605 91
1751785800383 0.36866743144728564 92
1751785860147 0.4282278059430855 93
1751785911863 0.4507641638604152 94
1751785968208 0.3979757983939607 95
1751786017203 0.4113717943973652 96
1751786072394 0.40328608962735446 97
1751786133299 0.4172001628242608 98
1751786193161 0.4399030455537875 99
1751786254218 0.3954779262110054 100
1751786297300 0.42199237686415275 101
1751786337166 0.41583095881286314 102
1751786380887 0.44772971172704734 103
1751786424595 0.45625948266291677 104
1751786471553 0.3943307552825371 105
1751786512736 0.39743921844354807 106
1751786555290 0.39582947859231027 107
1751786596439 0.40698664100951043 108
1751786641781 0.41042815379491543 109
1751786684820 0.39220293823779745 110
1751786727823 0.42700662398697403 111
1751786771491 0.42628501646745365 112
1751786814371 0.44071716685786183 113
1751786858817 0.38544943196536285 114
1751786899964 0.40232394626799395 115
1751786941083 0.3975132294711912 116
1751786986141 0.38733671317026236 117
1751787028841 0.4209747252340599 118
1751787071716 0.4105576730932909 119
1751787114007 0.4091884690818932 120
1751787155843 0.43002257336343114 121
1751787197290 0.44525034230100285 122
1751787236356 0.3923694630499944 123
1751787278308 0.41000259038596754 124
1751787318347 0.4418088295155978 125
1751787358149 0.450616141805129 126
1751787398137 0.3642452725456093 127
1751787441418 0.38115679236206196 128
1751787484344 0.4354438811382896 129
1751787525558 0.46273544758168966 130
1751787568861 0.4261554971690782 131
1751787610532 0.43788624505051255 132
1751787654651 0.38944602745809126 133
1751787698084 0.42600747511379194 134
1751787743554 0.4003441512785405 135
1751787787614 0.389298005402805 136
1751787833412 0.41832883099581836 137
1751787875561 0.38126780890352663 138
1751787919930 0.4466380490693113 139
1751787964832 0.43788624505051255 140
1751788006454 0.43666506309440106 141
1751788048153 0.4544277097287496 142
1751788090723 0.41403619139251746 143
1751788135300 0.4224364430300115 144
1751788178123 0.4025274765940125 145
1751788225676 0.38609702845724014 146
1751788266519 0.4382748029456389 147
1751788310127 0.4196610294933945 148
1751788356087 0.39810531769233615 149
1751788397311 0.4207711949080413 150
1751788426335 0.4656773859305036 151
1751788456761 0.3800096214335936 152
1751788485539 0.4126854901380306 153
1751788514921 0.39738371017281576 154
1751788544173 0.4641786626207305 155
1751788572815 0.44232690670909963 156
1751788600207 0.4031935758428006 157
1751788628589 0.41762572623320876 158
1751788659087 0.37849239536690965 159
1751788688917 0.4176627317470303 160
1751788716479 0.4526884505791363 161
1751788745529 0.40950301594937644 162
1751788774945 0.4380527698627095 163
1751788805964 0.3375272915664434 164
1751788834034 0.4049143322355031 165
1751788863349 0.4465640380416682 166
1751788892260 0.3877437738222995 167
1751788921511 0.4371831402879029 168
1751788949950 0.4359804610887022 169
1751788979058 0.459849017503608 170
1751789008194 0.44550938089775377 171
1751789036557 0.445990452577434 172
1751789064531 0.46676904858823964 173
1751789092883 0.4484513192465677 174
1751789121634 0.4242682159641787 175
1751789150786 0.39954853273137697 176
1751789178707 0.43585094179032674 177
1751789208092 0.40421122747289345 178
1751789236868 0.4335380971764793 179
1751789266038 0.4191429522998927 180
1751789294214 0.438182289161085 181
1751789323761 0.4114643081819191 182
1751789352879 0.45836879695074567 183
1751789381865 0.45907190171335527 184
1751789409211 0.4197720460348592 185
1751789438851 0.4053769011582726 186
1751789469008 0.3702771712985235 187
1751789498205 0.4186618806202124 188
1751789526317 0.43242793176183253 189
1751789555377 0.3896310550271991 190
1751789585337 0.409373496651001 191
1751789612755 0.44802575583761983 192
1751789641209 0.4172741738519039 193
1751789668708 0.4470451097213485 194
1751789696496 0.4193094771120897 195
1751789725242 0.4214928024275617 196
1751789753212 0.39958553824519855 197
1751789781993 0.43451874329275064 198
1751789810422 0.46055212226621767 199
1751789839349 0.40274950967694184 200
