1753755699075 0.014288087722212992 0
1753755705396 0.013374314670210998 1
1753755712547 0.016780196045854793 2
1753755720046 0.01686326632330952 3
1753755727613 0.028742315999335438 4
1753755734206 0.024173450739325468 5
1753755740854 0.03621864097026084 6
1753755748165 0.031483635155341416 7
1753755754772 0.03065293238079415 8
1753755762754 0.040870576507725534 9
1753755769346 0.05142050174447583 10
1753755775578 0.04975909619538129 11
1753755781881 0.05266655590629673 12
1753755789326 0.05848147532812759 13
1753755796743 0.06288420003322812 14
1753755803090 0.06952982222960624 15
1753755810060 0.06296727031068283 16
1753755816091 0.07019438444924406 17
1753755823386 0.06944675195215153 18
1753755829350 0.0721880711081575 19
1753755835373 0.07135736833361024 20
1753755842243 0.07318491443761423 21
1753755848920 0.07551088220634657 22
1753755855885 0.078418341917262 23
1753755862989 0.08755607243728195 24
1753755869702 0.08888519687655756 25
1753755876584 0.09062967270310683 26
1753755882491 0.08863598604419339 27
1753755888485 0.09104502409038046 28
1753755894865 0.09295564047183917 29
1753755902133 0.10059810599767403 30
1753755908849 0.09968433294567204 31
1753755915665 0.10915434457551088 32
1753755922263 0.10574846319986708 33
1753755929596 0.10857285263332779 34
1753755936034 0.10857285263332779 35
1753755943109 0.11322478817079248 36
1753755950325 0.11920584814753281 37
1753755957487 0.12061804286426317 38
1753755964803 0.11463698288752285 39
1753755971208 0.1241069945173617 40
1753755977831 0.11903970759262336 41
1753755985510 0.1253530486791826 42
1753755992744 0.1260176108988204 43
1753755999709 0.1294234922744642 44
1753756007154 0.13748130918757268 45
1753756013684 0.13656753613557068 46
1753756021209 0.13498920086393087 47
1753756027968 0.1372320983552085 48
1753756035137 0.13673367669048014 49
1753756041825 0.13498920086393087 50
1753756049331 0.1388104336268483 51
1753756056371 0.14005648778866922 52
1753756064115 0.14346236916431301 53
1753756071188 0.1481143047017777 54
1753756078394 0.1490280777537797 55
1753756085693 0.14761588303704934 56
1753756092852 0.1493603588635986 57
1753756100217 0.15035720219305532 58
1753756107481 0.1546768566207011 59
1753756114926 0.1542615052334275 60
1753756121264 0.14703439109486627 61
1753756128712 0.15210167801960459 62
1753756136292 0.15143711579996677 63
1753756143684 0.1545937863432464 64
1753756151314 0.15725203522179765 65
1753756158693 0.15783352716398072 66
1753756166130 0.15766738660907129 67
1753756173357 0.15608905133743148 68
1753756179816 0.1570858946668882 69
1753756186780 0.15991028410034888 70
1753756193693 0.16223625186908125 71
1753756200484 0.16547599268981558 72
1753756207679 0.1637315168632663 73
1753756214796 0.16638976574181757 74
1753756221333 0.1677188901810932 75
1753756227988 0.1692141551752783 76
1753756233906 0.17104170127928228 77
1753756241238 0.17120784183419172 78
1753756248765 0.17793653430802459 79
1753756255869 0.1748629340421997 80
1753756262650 0.18400066456221964 81
1753756268394 0.18375145372985546 82
1753756275438 0.18782189732513707 83
1753756283054 0.1869911945505898 84
1753756290570 0.1875726864927729 85
1753756297975 0.18873567037713906 86
1753756305572 0.18275461040039873 87
1753756312528 0.19023093537132413 88
1753756320067 0.18807110815750125 89
1753756326780 0.18640970260840672 90
1753756333491 0.18732347566040872 91
1753756340360 0.18906795148695796 92
1753756348052 0.1909785678684167 93
1753756354892 0.19521515201860773 94
1753756362407 0.19687655756770228 95
1753756370095 0.19671041701279282 96
1753756377579 0.19579664396079083 97
1753756384728 0.19479980063133412 98
1753756392113 0.19870410367170627 99
1753756399940 0.19629506562551918 100
