1753755699077 4.641217106578229 0
1753755705397 4.61298864000031 1
1753755712548 4.578526704188103 2
1753755720047 4.534611018779349 3
1753755727615 4.509834321269772 4
1753755734207 4.4890158209494055 5
1753755740855 4.486773271628818 6
1753755748166 4.463790189773909 7
1753755754773 4.434200232045998 8
1753755762755 4.407895299154653 9
1753755769347 4.40472087322939 10
1753755775579 4.387218084040686 11
1753755781882 4.377648252005735 12
1753755789327 4.352548458787663 13
1753755796744 4.336417726430136 14
1753755803091 4.326490795877913 15
1753755810061 4.317968367578203 16
1753755816092 4.3151487389649095 17
1753755823387 4.303251184701619 18
1753755829351 4.301545423336919 19
1753755835375 4.294109870225955 20
1753755842244 4.277383977297526 21
1753755848922 4.266956810191581 22
1753755855886 4.2623746483803995 23
1753755862990 4.248209137583841 24
1753755869703 4.2423562937396175 25
1753755876585 4.237618855640336 26
1753755882492 4.254639559255121 27
1753755888486 4.247466741864949 28
1753755894867 4.233057563622592 29
1753755902134 4.208762041557331 30
1753755908850 4.2107103610549865 31
1753755915666 4.215434804038873 32
1753755922264 4.213872161669208 33
1753755929597 4.210219867643362 34
1753755936035 4.19792676563271 35
1753755943110 4.201769305357867 36
1753755950326 4.185625999051014 37
1753755957488 4.18283466202414 38
1753755964804 4.181159794405761 39
1753755971209 4.1637258658944285 40
1753755977832 4.176443080282753 41
1753755985511 4.175787636841882 42
1753755992745 4.166567379960296 43
1753755999710 4.16417470059509 44
1753756007155 4.14883265348982 45
1753756013685 4.145363759824137 46
1753756021210 4.153605661306025 47
1753756027969 4.1314891866898025 48
1753756035138 4.128235025634381 49
1753756041826 4.146098696544121 50
1753756049332 4.139625862247055 51
1753756056372 4.128436629588787 52
1753756064116 4.139956832282831 53
1753756071189 4.121186061860534 54
1753756078395 4.112438654488703 55
1753756085694 4.102466282998879 56
1753756092853 4.099850034052307 57
1753756100219 4.092152671184596 58
1753756107482 4.090781517718308 59
1753756114927 4.085988681573936 60
1753756121265 4.084428415923822 61
1753756128713 4.0813556604397405 62
1753756136293 4.074324701177117 63
1753756143686 4.090709547552556 64
1753756151315 4.071053254649438 65
1753756158694 4.080666693783248 66
1753756166131 4.074510138743362 67
1753756173358 4.071916635395249 68
1753756179817 4.072979871416954 69
1753756186782 4.076760269253632 70
1753756193694 4.081417790878315 71
1753756200485 4.060625339867238 72
1753756207680 4.06523373864588 73
1753756214797 4.0620546856313355 74
1753756221334 4.064345384631251 75
1753756227989 4.065634778939961 76
1753756233907 4.067464362627922 77
1753756241239 4.059333560570993 78
1753756248766 4.051967280058362 79
1753756255870 4.053158426495248 80
1753756262651 4.055255790326013 81
1753756268395 4.049512710126321 82
1753756275439 4.033295494886746 83
1753756283055 4.048000091336865 84
1753756290571 4.0523122785320895 85
1753756297976 4.054764447065901 86
1753756305574 4.032318337567968 87
1753756312529 4.023880900581027 88
1753756320068 4.037744844671356 89
1753756326782 4.024257731467748 90
1753756333492 4.021170916327812 91
1753756340361 4.0186359853792615 92
1753756348053 4.0196385597571345 93
1753756354894 4.024697059891514 94
1753756362408 4.02597025336213 95
1753756370096 4.022221213080593 96
1753756377580 4.03197711185028 97
1753756384729 4.022925356146968 98
1753756392114 4.023019768626512 99
1753756399941 4.0241129443945125 100
