1753050940329 4.641027986777836 0
1753051055421 4.433775330201174 1
1753051171024 4.1365874138836505 2
1753051289001 3.832264669455616 3
1753051405305 3.5259362023986154 4
1753051523301 3.2216042048693607 5
1753051639723 2.9879815298977794 6
1753051755644 2.771646509693169 7
1753051873972 2.589153201565516 8
1753051995241 2.413749355298223 9
1753052115331 2.247272477236652 10
1753052231449 2.1216674979718206 11
1753052351538 1.994011022707979 12
1753052415428 1.8885265255723496 13
1753052479874 1.7914470347375016 14
1753052543936 1.6964699999343553 15
1753052606664 1.6156058096244286 16
1753052667873 1.5496060811907066 17
1753052731882 1.4679718830032777 18
1753052794595 1.3877479794954692 19
1753052856942 1.3378401010689889 20
1753052918427 1.2678687856143114 21
1753052982492 1.2067618237752757 22
1753053044064 1.148879453176558 23
1753053109033 1.1118332649095313 24
1753053170525 1.0226888148980815 25
1753053212502 0.9909159105964798 26
1753053254536 0.9597973086318834 27
1753053295417 0.9138079999189334 28
1753053335841 0.8897668094291638 29
1753053379184 0.8536934577352976 30
1753053420445 0.8267615951782468 31
1753053462074 0.7832004538368859 32
1753053502546 0.7476236632468821 33
1753053542847 0.7266526777773293 34
1753053584241 0.7044159945643915 35
1753053627412 0.6803675782633848 36
1753053678873 0.6560203829993967 37
1753053708663 0.6303011674501281 38
1753053755544 0.5914236618829919 39
1753053772608 0.5657208800290803 40
1753053792076 0.5303941136468774 41
1753053815678 0.5049437517589941 42
1753053875415 0.49426499123835 43
1753053935492 0.4882727360529821 44
1753053949515 0.4733657158461813 45
1753054055508 0.45687988087826165 46
1753054077119 0.4549965685896635 47
1753054087124 0.4434599570997338 48
1753054097129 0.43825826621385383 49
1753054107311 0.43764456581816036 50
