1753696563002 4.5216031379344495 0
1753696590184 4.340756277580046 1
1753696619037 4.163955818761166 2
1753696645313 3.988332979098901 3
1753696686816 3.8641865518856906 4
1753696728689 3.7397413526551198 5
1753696767981 3.629449122556709 6
1753696802284 3.570344112138415 7
1753696833919 3.521095495339741 8
1753696862784 3.4475781618862826 9
1753696901660 3.3878032441891546 10
1753696928732 3.3467742722761336 11
1753696960708 3.3225337518548637 12
1753696994318 3.288706766695975 13
1753697021269 3.2728263821392836 14
1753697063320 3.240201661703501 15
1753697105549 3.2427841301529594 16
1753697131872 3.226610105689736 17
1753697165556 3.222396729692901 18
1753697191122 3.2142478298956343 19
1753697218425 3.216340721545296 20
1753697257772 3.2037314528462577 21
1753697283253 3.1693261750798567 22
1753697313444 3.1681391232231717 23
1753697340930 3.1728054915082633 24
1753697367605 3.1449300697107248 25
1753697411612 3.1457962152111802 26
1753697438235 3.1805363695699818 27
1753697468835 3.1576031100945783 28
1753697494324 3.1433377859419824 29
1753697519973 3.129579762542914 30
1753697556415 3.142779542782936 31
1753697582606 3.1409283377967587 32
1753697624342 3.127199391146713 33
1753697668184 3.1331806856266597 34
1753697708644 3.124584745780198 35
1753697738499 3.1221734359564204 36
1753697765982 3.10495424540653 37
1753697811314 3.094181321902763 38
1753697842005 3.126141491900879 39
1753697873886 3.121041234996584 40
1753697901532 3.110531723678274 41
1753697930246 3.0953524450510956 42
1753697971891 3.0990815902852593 43
1753697997360 3.099294129644485 44
1753698032733 3.074608533794996 45
1753698060011 3.09992289838743 46
1753698085376 3.1021143031072906 47
1753698115324 3.091696815797913 48
1753698150645 3.09318070279851 49
1753698176482 3.099832818127247 50
1753698202783 3.092947476206152 51
1753698230133 3.0800728620869715 52
1753698256686 3.0796268545410754 53
1753698283777 3.065086024005584 54
1753698321333 3.077572832308471 55
1753698365868 3.0722052697813345 56
1753698401232 3.0581430645355945 57
1753698444778 3.0611355684496515 58
1753698488599 3.0537230514986144 59
1753698533130 3.055285777531051 60
1753698563945 3.0539556674551678 61
1753698604973 3.0543352384389157 62
1753698641605 3.049925547981018 63
1753698668979 3.056232294251316 64
1753698705600 3.057961867509913 65
1753698731266 3.0459543337792527 66
1753698757426 3.037349622599199 67
1753698784154 3.0326757614246893 68
1753698811852 3.0408728028296625 69
1753698849941 3.0541651193680037 70
1753698877400 3.049091948702585 71
1753698920568 3.028041779871802 72
1753698964466 3.0385032437615473 73
1753698990444 3.0240952471081344 74
1753699016382 3.03358586320233 75
1753699058442 3.033633832095008 76
1753699083969 3.026462079616091 77
1753699109877 3.0111015634254623 78
1753699138093 3.0213444510197682 79
1753699180110 3.0249213629978473 80
1753699210275 3.0113949976622947 81
1753699252106 3.014843843236556 82
1753699283174 2.990974618082616 83
1753699326507 2.9988022993101837 84
1753699368729 3.0210482363927613 85
1753699403580 2.9938479350479508 86
1753699432377 3.0038492304494526 87
1753699471215 3.0054610281103846 88
1753699512478 3.009528576933295 89
1753699544869 3.011575365620294 90
1753699570749 2.99400358586462 91
1753699601129 2.970668745107308 92
1753699642472 2.9859691695092887 93
1753699670860 2.9876420218111654 94
1753699713201 2.9681654053393904 95
1753699739496 2.9782274125880916 96
1753699777986 2.9722708450417112 97
1753699819500 2.980497813924483 98
1753699845357 2.9777543105560755 99
1753699875252 2.9721265910347276 100
