1753168638902 0.03389267320152849 0
1753168673381 0.0846486127263665 1
1753168702734 0.11056653929224124 2
1753168735272 0.1378966605748463 3
1753168769623 0.15974414354543945 4
1753168804575 0.18624356205349726 5
1753168832808 0.2069280611397242 6
1753168866035 0.22204685163648447 7
1753168901617 0.24190064794816415 8
1753168938366 0.2457218807110816 9
1753168956065 0.25718557899983385 10
1753168986316 0.2612560225951155 11
1753169017659 0.27147366672204687 12
1753169054031 0.2811928891842499 13
1753169091913 0.28883535471008476 14
1753169124613 0.3007974746635654 15
1753169159800 0.2991360691144708 16
1753169192609 0.3042864263166639 17
1753169227728 0.31101511879049676 18
1753169262147 0.31965442764578833 19
1753169287220 0.3194882870908789 20
1753169321260 0.3257185578999834 21
1753169356525 0.32480478484798136 22
1753169387787 0.3318657584316332 23
1753169405928 0.3313673367669048 24
1753169421339 0.3415849808938362 25
1753169456881 0.3414188403389267 26
1753169492113 0.33593620202691477 27
1753169526748 0.34490779199202526 28
1753169558184 0.35055657085894665 29
1753169574146 0.34931051669712576 30
1753169608755 0.35230104668549594 31
1753169624199 0.35512543611895664 32
1753169640958 0.35147034391094867 33
1753169675985 0.3552085063964114 34
1753169701544 0.3603588635986044 35
1753169717522 0.35703605250041537 36
1753169751377 0.3619371988702442 37
1753169779833 0.36143877720551587 38
1753169815197 0.3659245721880711 39
1753169838736 0.3699950157833527 40
1753169873440 0.36825053995680346 41
1753169909268 0.36393088552915764 42
1753169942916 0.36725369662734675 43
1753169963194 0.3708257185579 44
1753169997558 0.37207177271972086 45
1753170031348 0.37049343744808105 46
1753170067062 0.37107492939026415 47
1753170100350 0.3739823891011796 48
1753170135581 0.3758930054826383 49
1753170172620 0.3752284432630005 50
1753170193685 0.37722212992191395 51
1753170213069 0.37547765409536465 52
1753170232544 0.3783851138062801 53
1753170248644 0.3797142382455557 54
1753170267539 0.3819571357368334 55
1753170287178 0.3807941518524672 56
1753170308377 0.383286260176109 57
1753170329806 0.38204020601428806 58
1753170347327 0.3831201196211995 59
1753170367611 0.3827047682339259 60
1753170387262 0.3792988868582821 61
1753170406485 0.3813756437946503 62
1753170427839 0.3801295896328294 63
1753170446040 0.3839508223957468 64
1753170457927 0.3857783684997508 65
1753170478900 0.3873567037713906 66
1753170497159 0.38785512543611894 67
1753170518897 0.3861106496095697 68
1753170540000 0.38561222794484135 69
1753170559863 0.3848645954477488 70
1753170580196 0.38885196876557565 71
1753170599632 0.38777205515866425 72
1753170619068 0.3895165309852135 73
1753170641159 0.39059644459212495 74
1753170659452 0.38976574181757767 75
1753170677023 0.38976574181757767 76
1753170696074 0.3892673201528493 77
1753170716503 0.39159328792158166 78
1753170735874 0.3941684665226782 79
1753170756934 0.39034723375976077 80
1753170777744 0.39043030403721546 81
1753170798440 0.3891842498753946 82
1753170819672 0.3915102176441269 83
1753170837760 0.39059644459212495 84
1753170858547 0.39533145040704437 85
1753170879313 0.3910948662568533 86
1753170899001 0.3936700448579498 87
1753170922074 0.3956637315168633 88
1753170944606 0.39259013125103837 89
1753170965385 0.3989034723375976 90
1753170984355 0.3958298720717727 91
1753170998708 0.3952483801295896 92
1753171018893 0.3967436451237747 93
1753171037493 0.3964944342914105 94
1753171049384 0.39715899651104836 95
1753171069730 0.395746801794318 96
1753171086726 0.39965110483469013 97
1753171106269 0.39624522345904634 98
1753171127877 0.39757434789832197 99
1753171148290 0.3947499584648613 100
1753171162569 0.3963282937365011 101
1753171176082 0.40122944010632994 102
1753171189675 0.4018940023259678 103
1753171203965 0.3964944342914105 104
1753171218156 0.3970759262335936 105
1753171230899 0.3991526831699618 106
1753171246004 0.398488120950324 107
1753171258629 0.39782355873068614 108
1753171271096 0.4004818076092374 109
1753171283975 0.40197707260342247 110
1753171297533 0.40114636982887525 111
1753171310104 0.4034723375976076 112
1753171324411 0.40089715899651107 113
1753171337902 0.40122944010632994 114
1753171350538 0.4013125103837847 115
1753171364243 0.4062967270310683 116
1753171377478 0.4038876889848812 117
1753171392168 0.40056487788669215 118
1753171406126 0.40297391593287923 119
1753171420215 0.4038876889848812 120
1753171431007 0.4042199700947001 121
1753171445142 0.4040538295397907 122
1753171457877 0.40538295397906626 123
1753171470221 0.4058813756437947 124
1753171484090 0.4051337431467021 125
1753171497983 0.40272470510051506 126
1753171512266 0.4038876889848812 127
1753171526752 0.40272470510051506 128
1753171540666 0.40114636982887525 129
1753171554343 0.4057152350888852 130
1753171568208 0.40554909453397575 131
1753171582518 0.40538295397906626 132
1753171596842 0.40654593786343246 133
1753171610840 0.4038876889848812 134
1753171624711 0.4062967270310683 135
1753171639104 0.4056321648114305 136
1753171653511 0.4051337431467021 137
1753171668227 0.4058813756437947 138
1753171683085 0.4076258514703439 139
1753171696741 0.40679514869579664 140
1753171710423 0.408207343412527 141
1753171722665 0.4090380461870743 142
1753171734669 0.406379797308523 143
1753171747382 0.4044691809270643 144
1753171761685 0.4070443595281608 145
1753171774285 0.41020103007144043 146
1753171788323 0.409121116464529 147
1753171802797 0.4101179597939857 148
1753171816547 0.40995181923907625 149
1753171828913 0.4078750623027081 150
1753171836172 0.4050506728692474 151
1753171843145 0.4052998837016116 152
1753171850964 0.40953646785180264 153
1753171858901 0.4085396245223459 154
1753171865942 0.4084565542448912 155
1753171872885 0.40928725701943847 156
1753171880439 0.4078750623027081 157
1753171887950 0.40895497590961954 158
1753171895402 0.4097026084067121 159
1753171903331 0.40737664063797974 160
1753171911234 0.4094533975743479 161
1753171919017 0.41020103007144043 162
1753171926683 0.41111480312344245 163
1753171934649 0.41119787340089714 164
1753171942656 0.41111480312344245 165
1753171950539 0.410034889516531 166
1753171958222 0.41177936534308024 167
1753171965900 0.4104502409038046 168
1753171973200 0.41053331118125935 169
1753171980574 0.4092041867419837 170
1753171988058 0.41053331118125935 171
1753171995514 0.4090380461870743 172
1753172003403 0.4106163814587141 173
1753172010475 0.41078252201362353 174
1753172017689 0.4072105000830703 175
1753172024789 0.41078252201362353 176
1753172032205 0.41269313839508226 177
1753172040219 0.4120285761754444 178
1753172047597 0.4106994517361688 179
1753172054453 0.411862435620535 180
1753172062542 0.41269313839508226 181
1753172070038 0.411862435620535 182
1753172077699 0.4131915600598106 183
1753172085588 0.41236085728526334 184
1753172093485 0.41020103007144043 185
1753172101147 0.4134407708921748 186
1753172108958 0.4122777870078086 187
1753172116273 0.4156005981059977 188
1753172123684 0.41053331118125935 189
1753172131476 0.41393919255690315 190
1753172139453 0.4146868250539957 191
1753172147052 0.41236085728526334 192
1753172154538 0.4153513872736335 193
1753172162306 0.41518524671872403 194
1753172170194 0.40995181923907625 195
1753172177538 0.4106163814587141 196
1753172185729 0.41252699784017277 197
1753172192927 0.4116132247881708 198
1753172200159 0.4116962950656255 199
1753172207739 0.4150191061638146 200
