1753168638903 4.469204503580921 0
1753168673382 4.203866552935773 1
1753168702735 3.9549401666798376 2
1753168735273 3.7568964987755225 3
1753168769624 3.5805941438314144 4
1753168804576 3.4200354360541962 5
1753168832809 3.286196865620559 6
1753168866036 3.1653257526485494 7
1753168901618 3.068125238434614 8
1753168938367 2.9802453131072406 9
1753168956066 2.9022033266932987 10
1753168986317 2.8281980950624916 11
1753169017660 2.7740075169565697 12
1753169054032 2.7042211101630396 13
1753169091914 2.662523706967012 14
1753169124614 2.6042336924905887 15
1753169159801 2.5774096980496783 16
1753169192610 2.544849750047574 17
1753169227729 2.5111448861511376 18
1753169262148 2.4590970584829095 19
1753169287221 2.472269540401305 20
1753169321261 2.4208185059676506 21
1753169356526 2.415269841424754 22
1753169387788 2.3825488327906483 23
1753169405928 2.367210373263642 24
1753169421340 2.3224981313194735 25
1753169456882 2.3152477523768433 26
1753169492114 2.3168007546347598 27
1753169526749 2.2905082596781474 28
1753169558185 2.2580017431060924 29
1753169574147 2.251890306477288 30
1753169608756 2.2402653021126446 31
1753169624200 2.2248860210706427 32
1753169640959 2.220838364807183 33
1753169675986 2.2099535954680047 34
1753169701545 2.178716607426284 35
1753169717523 2.1839195244036187 36
1753169751378 2.151966254736957 37
1753169779834 2.140345737757729 38
1753169815198 2.1279612858664243 39
1753169838737 2.1128584316870205 40
1753169873441 2.1013678744241138 41
1753169909269 2.118559868477783 42
1753169942917 2.0980945643555873 43
1753169963195 2.078326269260797 44
1753169997559 2.075116815343781 45
1753170031349 2.075316766139939 46
1753170067063 2.0572714154374054 47
1753170100351 2.0413160042859966 48
1753170135582 2.017356941283075 49
1753170172621 2.022270891284582 50
1753170193686 2.0031931255045636 51
1753170213070 2.003264622578805 52
1753170232545 1.9919750353665149 53
1753170248645 1.9804860696215347 54
1753170267540 1.972360875092669 55
1753170287179 1.9578270286121204 56
1753170308378 1.9524233366459445 57
1753170329807 1.9535196708400193 58
1753170347328 1.950712406601461 59
1753170367612 1.9267732863130065 60
1753170387263 1.9296913529178985 61
1753170406486 1.9219234898442128 62
1753170427840 1.9225086014327906 63
1753170446041 1.9022622760941172 64
1753170457928 1.888114931692141 65
1753170478901 1.8882651543193827 66
1753170497160 1.87774852719338 67
1753170518898 1.8762338510916081 68
1753170540001 1.8793064293401889 69
1753170559864 1.8629435057673147 70
1753170580197 1.8547523155676913 71
1753170599633 1.840683909180837 72
1753170619069 1.8439152370598098 73
1753170641160 1.8385207546062958 74
1753170659453 1.831796856494499 75
1753170677024 1.8350151066158238 76
1753170696075 1.8248591991959624 77
1753170716504 1.8125025390319687 78
1753170735875 1.8020031106614827 79
1753170756935 1.8130730210563475 80
1753170777745 1.800622192506231 81
1753170798441 1.7989354261195976 82
1753170819673 1.8017444835585072 83
1753170837761 1.7956503735445737 84
1753170858548 1.7769038425292625 85
1753170879314 1.777266642115556 86
1753170899002 1.7627207102358167 87
1753170922075 1.7596061852497933 88
1753170944607 1.7637306285373 89
1753170965386 1.744457261158469 90
1753170984356 1.7548119803783322 91
1753170998709 1.7416265226866128 92
1753171018895 1.7392442774289092 93
1753171037494 1.7247932137825148 94
1753171049385 1.7168918588692372 95
1753171069731 1.724769123910154 96
1753171086727 1.7094597393985855 97
1753171106270 1.717036739229755 98
1753171127878 1.7066925467344682 99
1753171148291 1.7105833350478374 100
1753171162570 1.6907969555586966 101
1753171176083 1.6826464896344397 102
1753171189676 1.6804951427738524 103
1753171203966 1.6885751790393295 104
1753171218157 1.6819124661288927 105
1753171230900 1.6767504273179 106
1753171246005 1.6770721931400396 107
1753171258630 1.6798665398569756 108
1753171271097 1.6565006806281446 109
1753171283976 1.6504603693744824 110
1753171297534 1.6389648396492054 111
1753171310105 1.641056563904076 112
1753171324412 1.6402943835050783 113
1753171337903 1.6360356822960664 114
1753171350539 1.6318247664270404 115
1753171364244 1.6245496962039399 116
1753171377479 1.6156040196623709 117
1753171392169 1.6153081973381231 118
1753171406127 1.61067289866886 119
1753171420216 1.6053852548132979 120
1753171431008 1.60551547873867 121
1753171445143 1.599984703293464 122
1753171457878 1.5903868955654374 123
1753171470222 1.5991725150610079 124
1753171484091 1.587091332676532 125
1753171497984 1.5890750781973153 126
1753171512267 1.5809665320205457 127
1753171526753 1.5942907507721993 128
1753171540667 1.5871537103497366 129
1753171554344 1.5724697925178581 130
1753171568209 1.5693423812656955 131
1753171582519 1.5711106256233038 132
1753171596843 1.5616266619744497 133
1753171610841 1.5578563352526111 134
1753171624712 1.553813143925739 135
1753171639105 1.5544500173002593 136
1753171653512 1.5521423275159307 137
1753171668228 1.5435815240378237 138
1753171683086 1.5397431590868775 139
1753171696742 1.5399631885604204 140
1753171710424 1.5305611143979319 141
1753171722666 1.518832495059472 142
1753171734669 1.5256306984034742 143
1753171747383 1.5360786439823524 144
1753171761686 1.519257234798579 145
1753171774286 1.517260809451304 146
1753171788324 1.5161829359701022 147
1753171802798 1.5107030094816134 148
1753171816548 1.5148132431558472 149
1753171828914 1.5038993030680032 150
1753171836173 1.4987513879772092 151
1753171843146 1.5008334317136933 152
1753171850965 1.4956498481161007 153
1753171858902 1.4895236530646951 154
1753171865943 1.4823491807906455 155
1753171872886 1.4836200804219821 156
1753171880440 1.4912708977682845 157
1753171887951 1.484825997908935 158
1753171895403 1.4714684337753365 159
1753171903332 1.4724852882698334 160
1753171911235 1.4627968977295887 161
1753171919018 1.4666288403928054 162
1753171926684 1.4584574937043746 163
1753171934650 1.4605904328799288 164
1753171942657 1.4601528787435027 165
1753171950540 1.4524020658772299 166
1753171958223 1.449628482237239 167
1753171965901 1.4511494063852515 168
1753171973201 1.4461109740593043 169
1753171980575 1.4406410701049883 170
1753171988059 1.442805041496796 171
1753171995515 1.4424659800208783 172
1753172003404 1.443574096711557 173
1753172010476 1.4374777431395838 174
1753172017690 1.4445766700606304 175
1753172024790 1.4409330526148385 176
1753172032206 1.4272504316039223 177
1753172040220 1.435196931078911 178
1753172047598 1.427332429797046 179
1753172054454 1.4214786601265772 180
1753172062543 1.4275927036599785 181
1753172070039 1.4284391518574193 182
1753172077700 1.4154491122340696 183
1753172085589 1.4168875152859781 184
1753172093486 1.4201370921642051 185
1753172101148 1.4157324752740221 186
1753172108959 1.4124691162090834 187
1753172116274 1.4063298529019472 188
1753172123685 1.4098626963540555 189
1753172131477 1.405579678736198 190
1753172139454 1.4014900644044006 191
1753172147053 1.4019543102411174 192
1753172154539 1.393655042664726 193
1753172162307 1.389575279810665 194
1753172170195 1.402807755695641 195
1753172177539 1.4001043207846353 196
1753172185730 1.391248124707592 197
1753172192928 1.3896893901596203 198
1753172200160 1.3814726120981413 199
1753172207740 1.37702313140066 200
