1752699976852 0.014072847682119206 0
1752699985561 0.016059602649006622 1
1752699994389 0.022516556291390728 2
1752700003070 0.022516556291390728 3
1752700011768 0.027649006622516556 4
1752700020588 0.0326158940397351 5
1752700029302 0.03741721854304636 6
1752700038083 0.03642384105960265 7
1752700046883 0.04105960264900662 8
1752700055554 0.04652317880794702 9
1752700064215 0.05140728476821192 10
1752700072848 0.055463576158940396 11
1752700081504 0.05869205298013245 12
1752700090138 0.06076158940397351 13
1752700098786 0.0646523178807947 14
1752700107666 0.06887417218543046 15
1752700116520 0.07152317880794702 16
1752700125457 0.076158940397351 17
1752700134085 0.07607615894039735 18
1752700142774 0.08129139072847683 19
1752700151534 0.08038079470198675 20
1752700160322 0.07649006622516556 21
1752700169083 0.08104304635761589 22
1752700177983 0.08675496688741721 23
1752700186754 0.09197019867549669 24
1752700195314 0.09660596026490066 25
1752700203962 0.0972682119205298 26
1752700212552 0.10016556291390728 27
1752700221103 0.09975165562913907 28
1752700229643 0.10240066225165563 29
1752700238235 0.10322847682119206 30
1752700246813 0.10554635761589404 31
1752700255576 0.1058774834437086 32
1752700264448 0.10811258278145695 33
1752700273304 0.1093543046357616 34
1752700282065 0.10951986754966887 35
1752700290912 0.11291390728476822 36
1752700299547 0.11233443708609271 37
1752700308172 0.11473509933774835 38
1752700316916 0.11713576158940397 39
1752700325590 0.1206953642384106 40
1752700334159 0.12582781456953643 41
1752700343093 0.12690397350993377 42
1752700351625 0.12682119205298012 43
1752700360437 0.1271523178807947 44
1752700369207 0.1298841059602649 45
1752700377956 0.12955298013245034 46
1752700386564 0.1337748344370861 47
1752700395173 0.13741721854304637 48
1752700403735 0.1400662251655629 49
1752700412489 0.1384933774834437 50
1752700421163 0.1412251655629139 51
1752700429932 0.14130794701986754 52
1752700438517 0.140976821192053 53
1752700447063 0.1429635761589404 54
1752700455739 0.14362582781456953 55
1752700464335 0.148841059602649 56
1752700472891 0.15091059602649007 57
1752700481650 0.1492549668874172 58
1752700490281 0.15240066225165563 59
1752700498865 0.1514072847682119 60
1752700507482 0.1515728476821192 61
1752700516246 0.1543046357615894 62
1752700524830 0.15380794701986755 63
1752700533519 0.1548841059602649 64
1752700542382 0.15736754966887417 65
1752700551031 0.15745033112582782 66
1752700559594 0.15769867549668873 67
1752700568202 0.161341059602649 68
1752700576863 0.16332781456953643 69
1752700585752 0.1656456953642384 70
1752700594551 0.16548013245033114 71
1752700603389 0.16821192052980133 72
1752700611989 0.16870860927152317 73
1752700620554 0.1693708609271523 74
1752700629184 0.1673841059602649 75
1752700637946 0.17392384105960265 76
1752700646472 0.17665562913907285 77
1752700655200 0.17483443708609273 78
1752700663913 0.1745860927152318 79
1752700672743 0.17607615894039735 80
1752700681336 0.17756622516556292 81
1752700689920 0.1793046357615894 82
1752700698549 0.17971854304635762 83
1752700707191 0.17980132450331127 84
1752700715851 0.1820364238410596 85
1752700724378 0.18220198675496688 86
1752700732937 0.1814569536423841 87
1752700741542 0.18418874172185432 88
1752700750139 0.18435430463576158 89
1752700758752 0.18170529801324503 90
1752700767476 0.18617549668874173 91
1752700776208 0.18956953642384106 92
1752700784742 0.18832781456953643 93
1752700793425 0.18899006622516556 94
1752700802104 0.19147350993377482 95
1752700810915 0.19362582781456952 96
1752700819748 0.19528145695364238 97
1752700828515 0.19478476821192053 98
1752700837032 0.19660596026490065 99
1752700845650 0.1968543046357616 100
