1752699976853 4.625364556305488 0
1752699985562 4.614129317668212 1
1752699994390 4.595339500239704 2
1752700003071 4.579549597440875 3
1752700011769 4.562264328362654 4
1752700020589 4.541639009909399 5
1752700029303 4.51953209636322 6
1752700038084 4.498828802757481 7
1752700046884 4.4749213116834365 8
1752700055555 4.450588904237515 9
1752700064216 4.426718953606132 10
1752700072849 4.400115634001117 11
1752700081505 4.371788727173641 12
1752700090139 4.3497816310845385 13
1752700098786 4.3230011068579755 14
1752700107667 4.298385212799835 15
1752700116521 4.27749914970406 16
1752700125458 4.251873858021993 17
1752700134086 4.232298391303361 18
1752700142775 4.208665486588572 19
1752700151535 4.189108517796944 20
1752700160323 4.170146637029581 21
1752700169084 4.151653729901776 22
1752700177984 4.133905770137518 23
1752700186755 4.112580483180533 24
1752700195315 4.093191469491198 25
1752700203963 4.075716339751152 26
1752700212553 4.058330979481621 27
1752700221104 4.040719695251911 28
1752700229644 4.023940090052934 29
1752700238236 4.005853478295694 30
1752700246814 3.992381181017679 31
1752700255577 3.976922228064015 32
1752700264449 3.9656417266270143 33
1752700273305 3.94946738662647 34
1752700282066 3.934455234081368 35
1752700290913 3.9199672679472686 36
1752700299547 3.904504685615124 37
1752700308173 3.892888897681393 38
1752700316917 3.8834321451884355 39
1752700325591 3.8717829740560266 40
1752700334160 3.8576989606872254 41
1752700343094 3.84152722348599 42
1752700351626 3.8311523207417735 43
1752700360438 3.8170158101684284 44
1752700369208 3.803372407368771 45
1752700377957 3.7974630183248 46
1752700386565 3.782644674317719 47
1752700395174 3.7703040246868516 48
1752700403736 3.757626170802859 49
1752700412490 3.7469711438607654 50
1752700421164 3.7351273320746334 51
1752700429933 3.727493945156323 52
1752700438517 3.716201686636829 53
1752700447064 3.7030246928223716 54
1752700455740 3.6959629550427797 55
1752700464336 3.684779710702963 56
1752700472892 3.675635109161972 57
1752700481651 3.6656714445151724 58
1752700490282 3.6550900631472327 59
1752700498866 3.64781998360301 60
1752700507483 3.636943826131786 61
1752700516247 3.6281166686726767 62
1752700524831 3.6218916243682298 63
1752700533520 3.610720305352879 64
1752700542383 3.6007191662971283 65
1752700551032 3.5959560364882655 66
1752700559595 3.58465144964668 67
1752700568203 3.5776217216706727 68
1752700576864 3.569825881364664 69
1752700585753 3.5562990550445184 70
1752700594552 3.5483791778137634 71
1752700603390 3.540193547053619 72
1752700611990 3.533330444512566 73
1752700620555 3.5253815296267677 74
1752700629185 3.5210230799139643 75
1752700637947 3.512145662413838 76
1752700646473 3.5020789779023263 77
1752700655201 3.493990645971458 78
1752700663914 3.4858077440910558 79
1752700672744 3.481395331750762 80
1752700681337 3.4755452552521775 81
1752700689921 3.4675953374320256 82
1752700698550 3.460786387258022 83
1752700707192 3.4508872813000266 84
1752700715852 3.445143615954456 85
1752700724379 3.4377137562510676 86
1752700732938 3.427311139658463 87
1752700741543 3.4199911455502825 88
1752700750140 3.417284265290026 89
1752700758753 3.4154783525970127 90
1752700767477 3.404182585701899 91
1752700776209 3.3943220291836935 92
1752700784743 3.3905212200908093 93
1752700793426 3.384175076578653 94
1752700802105 3.3761868357127893 95
1752700810916 3.368223470230935 96
1752700819749 3.360802407132339 97
1752700828516 3.3560606647179423 98
1752700837033 3.349581500412322 99
1752700845651 3.3422550861045806 100
