1753272133945 0.015035720219305533 0
1753272141488 0.018026250207675693 1
1753272149333 0.02184748297059312 2
1753272156922 0.02616713739823891 3
1753272164663 0.03713241402226283 4
1753272172254 0.04361189566373152 5
1753272180205 0.04984216647283602 6
1753272187475 0.054494102010300714 7
1753272194595 0.06172121614886194 8
1753272201417 0.06454560558232264 9
1753272208810 0.06820069779033062 10
1753272216832 0.06836683834524007 11
1753272224517 0.07168964944342913 12
1753272232287 0.08157501246054162 13
1753272240253 0.08979896992855955 14
1753272249001 0.0964445921249377 15
1753272256679 0.09619538129257352 16
1753272263751 0.09403555407875062 17
1753272271572 0.09461704602093371 18
1753272279139 0.10757600930387108 19
1753272286881 0.10824057152350888 20
1753272294544 0.1126432962286094 21
1753272301566 0.11596610732679848 22
1753272309040 0.11995348064462535 23
1753272316338 0.1207011131417179 24
1753272324461 0.1294234922744642 25
1753272332990 0.12742980561555076 26
1753272341287 0.12701445422827712 27
1753272349207 0.13615218474829707 28
1753272356132 0.14047183917594286 29
1753272364508 0.14088719056321647 30
1753272371482 0.13964113640139558 31
1753272379334 0.14337929888685827 32
1753272385990 0.14578833693304535 33
1753272393590 0.14396079082904137 34
1753272401933 0.14919421830868915 35
1753272409693 0.15343080245888022 36
1753272418027 0.14985878052832696 37
1753272425803 0.15359694301378968 38
1753272433768 0.16099019770726034 39
1753272441207 0.1717062634989201 40
1753272448672 0.1714570526665559 41
1753272455221 0.1689649443429141 42
1753272461950 0.16547599268981558 43
1753272469915 0.1776873234756604 44
1753272476967 0.17718890181093205 45
1753272484394 0.1736168798803788 46
1753272492536 0.17644126931383952 47
1753272500506 0.18499750789167635 48
1753272508684 0.1851636484465858 49
1753272516567 0.17893337763748132 50
1753272524496 0.1841668051171291 51
1753272532211 0.18549592955640473 52
1753272540149 0.18441601594949328 53
1753272547559 0.18865260009968432 54
1753272555008 0.19546436285097193 55
1753272562147 0.19629506562551918 56
1753272569264 0.2010300714404386 57
1753272576672 0.20551586642299385 58
1753272584494 0.20186077421498588 59
1753272592201 0.20219305532480478 60
1753272599768 0.19870410367170627 61
1753272607173 0.20144542282771224 62
1753272613894 0.20626349892008639 63
1753272621085 0.21324140222628343 64
1753272629449 0.21265991028410036 65
1753272637558 0.21673035387938197 66
1753272645230 0.21988702442266156 67
1753272652974 0.2168964944342914 68
1753272660064 0.21473666722046852 69
1753272667906 0.2212161488619372 70
1753272675806 0.22138228941684665 71
1753272683734 0.22254527330121282 72
1753272691395 0.2174779863764745 73
1753272699098 0.22320983552085064 74
1753272707114 0.22445588968267155 75
1753272714641 0.22254527330121282 76
1753272721808 0.22536966273467354 77
1753272729256 0.22462203023758098 78
1753272736330 0.22802791161322478 79
1753272742881 0.23076923076923078 80
1753272750386 0.23159993354377803 81
1753272757908 0.23409204186741983 82
1753272764934 0.23857783684997508 83
1753272772740 0.2392423990696129 84
1753272780482 0.2386609071274298 85
1753272788166 0.24190064794816415 86
1753272796024 0.23641800963615217 87
1753272803918 0.24347898321980396 88
1753272811968 0.24721714570526665 89
1753272819783 0.24555574015617213 90
1753272827692 0.24339591294234922 91
1753272834715 0.247715567369995 92
1753272842674 0.2511214487456388 93
1753272850668 0.25311513540455227 94
1753272858252 0.25560724372819404 95
1753272866289 0.2526167137398239 96
1753272874273 0.25461040039873734 97
1753272882361 0.25477654095364677 98
1753272890002 0.2572686492772886 99
1753272898218 0.2536966273467353 100
