1749058015148 0.09129423492274465 0
1749058136135 0.16389765741817577 1
1749058260961 0.2044359528160824 2
1749058386054 0.2548596112311015 3
1749058508845 0.28949991692972254 4
1749058633887 0.3096029240737664 5
1749058757993 0.3351054992523675 6
1749058881908 0.353796311679681 7
1749059007443 0.36110649609569695 8
1749059129889 0.3718225618873567 9
1749059253513 0.3837016115633826 10
1749059374069 0.3905133743146702 11
1749059495978 0.39782355873068614 12
1749059617708 0.4104502409038046 13
1749059739354 0.4240737664063798 14
1749059866315 0.434042199700947 15
1749059986776 0.44168466522678185 16
1749060109418 0.4409370327296893 17
1749060232237 0.44882870908788836 18
1749060355396 0.46128925070609733 19
1749060477077 0.4625353048679183 20
1749060599179 0.47150689483302877 21
1749060723181 0.47034391094866257 22
1749060843015 0.48180760923741484 23
1749060971092 0.48521349061305863 24
1749061095448 0.49543113473999 25
1749061222905 0.49551420501744475 26
1749061348362 0.4974248213989035 27
1749061471986 0.5081408871905632 28
1749061593137 0.5116298388436618 29
1749061716903 0.526167137398239 30
1749061837816 0.5266655590629673 31
1749061957870 0.5307360026582488 32
1749062076839 0.5353048679182588 33
1749062197811 0.5378800465193554 34
1749062318549 0.5385446087389932 35
1749062437738 0.5353048679182588 36
1749062561948 0.5450240903804618 37
1749062683337 0.5495098853630171 38
1749062809562 0.5488453231433793 39
1749062935202 0.5545771722877555 40
1749063060147 0.5594783186575844 41
1749063189354 0.5556570858946669 42
1749063313246 0.5622196378135903 43
1749063436339 0.5656255191892341 44
1749063561167 0.5701943844492441 45
1749063686372 0.56836683834524 46
1749063809841 0.5713573683336103 47
1749063937035 0.5769230769230769 48
1749064060968 0.5687821897325137 49
1749064186921 0.5766738660907127 50
