1754479231275 0.15113051844724865 0
1754479269394 0.2694371461347741 1
1754479310801 0.3450949191429523 2
1754479349372 0.31593457425156346 3
1754479384666 0.3684639011212671 4
1754479423986 0.3640602449765015 5
1754479458200 0.4011767753395256 6
1754479497818 0.39133330866299076 7
1754479531391 0.41799578137142435 8
1754479570776 0.41316656181771083 9
1754479605379 0.4448062761351441 10
1754479652838 0.4265255523072938 11
1754479697500 0.4516707989490434 12
1754479742725 0.446749065610776 13
1754479777599 0.4598120119897865 14
1754479816736 0.45511231173444844 15
1754479850074 0.4625504200125819 16
1754479889576 0.46621396588091624 17
1754479922119 0.4767605373200607 18
1754479962465 0.47368907967287127 19
1754479996168 0.48393960700144323 20
1754480037010 0.47898086814935426 21
1754480080568 0.4889538541242645 22
1754480120399 0.4864929874551308 23
1754480153490 0.4941346260592828 24
1754480193666 0.4916922621470599 25
1754480229477 0.4965954927284165 26
1754480274920 0.4911186766828257 27
1754480307546 0.5014802205528623 28
1754480352510 0.4984457684194945 29
1754480388748 0.5062354290789327 30
1754480432855 0.5008511268178959 31
1754480471686 0.5106390852236984 32
1754480511733 0.5063649483773082 33
1754480555050 0.5117122451245235 34
1754480603483 0.5074381082781334 35
1754480638231 0.5118787699367205 36
1754480682405 0.5059948932390926 37
1754480715691 0.5153017799652149 38
1754480756152 0.5064759649187729 39
1754480792422 0.517892165932724 40
1754480834307 0.5103985493838582 41
1754480865917 0.5193908892424971 42
1754480906739 0.5131554601635644 43
1754480940994 0.5199089664359989 44
1754480980671 0.5104540576545905 45
1754481014685 0.5203530326018577 46
1754481055360 0.511175665174111 47
1754481090804 0.5220552862376494 48
1754481132775 0.5150242386115531 49
1754481163906 0.524775191503534 50
1754481207023 0.515116752396107 51
1754481244690 0.524183103282389 52
1754481286115 0.5161899122969322 53
1754481317275 0.5241275950116567 54
1754481358722 0.5173740887392222 55
1754481393142 0.5247011804758909 56
1754481435474 0.5163379343522185 57
1754481466696 0.526791992006809 58
1754481507872 0.518225215557118 59
1754481541610 0.5268104947637198 60
1754481584209 0.519575916811605 61
1754481615946 0.5273100692003109 62
1754481661468 0.5221663027791141 63
1754481692886 0.5291048366206564 64
1754481734571 0.5205935684416978 65
1754481765800 0.5282722125596714 66
1754481810110 0.5218147503978092 67
1754481842496 0.5293823779743182 68
1754481885441 0.5227028827295267 69
1754481918027 0.5304555378751434 70
1754481960546 0.5234244902490471 71
1754481995259 0.5302335047922141 72
1754482039983 0.522591866188062 73
1754482071348 0.5315472005328794 74
1754482116652 0.5208156015246271 75
1754482147650 0.5312141509084853 76
1754482190233 0.5200939940051068 77
1754482221436 0.5320282722125597 78
1754482269759 0.5220737889945601 79
1754482313164 0.5320097694556489 80
1754482355613 0.5239795729563705 81
1754482387493 0.5321947970247567 82
1754482432059 0.5226473744587944 83
1754482464942 0.5320467749694705 84
1754482508661 0.5221478000222033 85
1754482539285 0.5324538356215076 86
1754482583151 0.5200384857343744 87
1754482615657 0.5331014321133849 88
1754482658494 0.522924915812456 89
1754482689951 0.5322132997816674 90
1754482733238 0.5243866336084076 91
1754482763227 0.5335454982792436 92
1754482807311 0.5242016060392999 93
1754482839097 0.5326388631906154 94
1754482884043 0.5237760426303519 95
1754482915429 0.533008918328831 96
1754482957894 0.5239795729563705 97
1754482988679 0.5333234651963142 98
1754483032558 0.5251822521555711 99
1754483064177 0.5338415423898161 100
