1754479231276 2.2380943381588874 0
1754479269395 2.1020420658566836 1
1754479310802 1.967740701039337 2
1754479349372 1.9662855042060905 3
1754479384667 1.9562179891505898 4
1754479423987 1.8903607626834396 5
1754479458200 1.9197111015258757 6
1754479497818 1.8689649153804508 7
1754479531392 1.9258494980470426 8
1754479570777 1.849244080523671 9
1754479605379 1.8956439607915379 10
1754479652839 1.8549343775908558 11
1754479697500 1.914730309082081 12
1754479742725 1.839342552901122 13
1754479777599 1.9253874554401107 14
1754479816737 1.8409225364986148 15
1754479850075 1.9393601123196726 16
1754479889577 1.8417081904200565 17
1754479922119 1.9428942854316167 18
1754479962465 1.851008702199684 19
1754479996168 1.9395629141233752 20
1754480037011 1.857934322816458 21
1754480080569 1.956799900671854 22
1754480120399 1.861628144740931 23
1754480153490 1.969784196754364 24
1754480193666 1.8678586694422434 25
1754480229477 1.9827633584191764 26
1754480274921 1.8812519808052521 27
1754480307547 1.9863449588157336 28
1754480352511 1.8817284801003165 29
1754480388749 1.9920056687136338 30
1754480432855 1.889296039899515 31
1754480471686 1.9946953512274976 32
1754480511733 1.8953962820911345 33
1754480555050 2.0127387255441285 34
1754480603484 1.9097289276096219 35
1754480638231 2.032582237782055 36
1754480682405 1.9269962685522273 37
1754480715692 2.0334025217130907 38
1754480756153 1.9565240617638027 39
1754480792422 2.0511511472971233 40
1754480834308 1.95874334505411 41
1754480865917 2.0631325575261843 42
1754480906740 1.9588705394366055 43
1754480940994 2.0786472030561693 44
1754480980672 1.9763490517978646 45
1754481014685 2.101243356883133 46
1754481055361 1.9907897074155994 47
1754481090805 2.1156994461070124 48
1754481132776 1.996123600636556 49
1754481163907 2.1135175635707246 50
1754481207023 2.0058206272684065 51
1754481244690 2.1410481348145614 52
1754481286115 2.0129983608654705 53
1754481317276 2.160376332132237 54
1754481358723 2.037611308238782 55
1754481393143 2.171916552544163 56
1754481435474 2.0464880599600854 57
1754481466697 2.1843970651443576 58
1754481507872 2.0430032256455672 59
1754481541611 2.195463156141522 60
1754481584210 2.045243868438098 61
1754481615946 2.205339503583651 62
1754481661469 2.053602179672363 63
1754481692886 2.2145367076638696 64
1754481734571 2.069153127708428 65
1754481765801 2.2312768973713673 66
1754481810111 2.0886279221095707 67
1754481842497 2.2424745960954082 68
1754481885442 2.082498225266046 69
1754481918027 2.2449679860087133 70
1754481960546 2.092157237633111 71
1754481995260 2.2555602806020953 72
1754482039983 2.090309586622622 73
1754482071349 2.250868826125148 74
1754482116653 2.1187349883536553 75
1754482147651 2.262252268213441 76
1754482190234 2.1144709780621773 77
1754482221437 2.270548799525528 78
1754482269760 2.113315346562578 79
1754482313165 2.2792136965503698 80
1754482355614 2.128887490848243 81
1754482387494 2.2969944741901713 82
1754482432060 2.1417957809738373 83
1754482464942 2.3019495845852833 84
1754482508662 2.1452595612792535 85
1754482539286 2.3049309797388644 86
1754482583151 2.164042881375837 87
1754482615657 2.3198049531715523 88
1754482658495 2.17253734370559 89
1754482689952 2.3262929825903833 90
1754482733239 2.1625277342914453 91
1754482763227 2.327125116817869 92
1754482807312 2.1752015617040175 93
1754482839097 2.3405452494464445 94
1754482884044 2.1686909235137493 95
1754482915429 2.346666589033765 96
1754482957895 2.1689610025031256 97
1754482988679 2.351895173972608 98
1754483032559 2.1846319624615593 99
1754483064177 2.3603144672890153 100
