1754104040223 0.028742315999335438 0
1754104070472 0.06703771390596444 1
1754104100191 0.08946668881874066 2
1754104142595 0.11438777205515867 3
1754104179005 0.14155175278285428 4
1754104222668 0.15293238079415186 5
1754104264872 0.16971257684000665 6
1754104313944 0.18840338926732014 7
1754104351093 0.19430137896660574 8
1754104381691 0.21315833194882872 9
1754104423048 0.2144043861106496 10
1754104453212 0.22819405216813424 11
1754104496335 0.23567037713905964 12
1754104537764 0.2445588968267154 13
1754104567776 0.24048845323143378 14
1754104606199 0.25660408705765075 15
1754104636480 0.2571025087223791 16
1754104678288 0.2650772553580329 17
1754104710659 0.27155673699950156 18
1754104742557 0.274464196710417 19
1754104784509 0.2780362186409703 20
1754104828319 0.2816082405715235 21
1754104866833 0.28493105166971255 22
1754104898943 0.28833693304535635 23
1754104945438 0.2891676358199036 24
1754104976327 0.29365343080245887 25
1754105007133 0.2945672038544609 26
1754105051712 0.29664396079082905 27
1754105098050 0.2987207177271972 28
1754105142935 0.3008805449410201 29
1754105189479 0.29988370161156336 30
1754105225740 0.3055324804784848 31
1754105268348 0.29988370161156336 32
1754105312338 0.30644625353048677 33
1754105353306 0.3025419504901146 34
1754105395052 0.30827379963449075 35
1754105435133 0.3063631832530321 36
1754105471697 0.30985213490613056 37
1754105504541 0.30760923741485297 38
1754105534755 0.31242731350722713 39
1754105581991 0.3101844160159495 40
1754105615797 0.3126765243395913 41
1754105658180 0.31317494600431967 42
1754105704751 0.3108489782355873 43
1754105746650 0.3157501246054162 44
1754105782122 0.3150855623857784 45
1754105816271 0.3159162651603256 46
1754105856316 0.3169131084897824 47
1754105891192 0.31782688154178435 48
1754105932571 0.31782688154178435 49
1754105976240 0.3159162651603256 50
1754106026312 0.31824223292905796 51
1754106056564 0.31998670875560725 52
1754106088366 0.31741153015451073 53
1754106118222 0.31982056820069776 54
1754106153592 0.3194882870908789 55
1754106184677 0.3233095198537963 56
1754106215819 0.32040206014288086 57
1754106249985 0.32214653596943016 58
1754106282470 0.32065127097524504 59
1754106326036 0.3214819737497923 60
1754106367353 0.3204851304203356 61
1754106407472 0.3197374979232431 62
1754106439070 0.32139890347233757 63
1754106483272 0.3254693470676192 64
1754106513349 0.32497092540289085 65
1754106554107 0.32580162817743813 66
1754106589444 0.3260508390098023 67
1754106624587 0.3248878551254361 68
1754106654727 0.32779531483635155 69
1754106690985 0.32870908788835357 70
1754106721997 0.3280445256687157 71
1754106752573 0.32654926067453066 72
1754106793775 0.32654926067453066 73
1754106830072 0.3278783851138063 74
1754106881088 0.3264661903970759 75
1754106912741 0.32438943346070775 76
1754106949961 0.32895829872071775 77
1754106990809 0.3264661903970759 78
1754107020702 0.3267154012294401 79
1754107052645 0.32679847150689484 80
1754107095644 0.32621697956471174 81
1754107144294 0.32621697956471174 82
1754107176194 0.3260508390098023 83
1754107214137 0.32713075261671376 84
1754107261109 0.3263831201196212 85
1754107307960 0.3258846984548928 86
1754107349441 0.32621697956471174 87
1754107380086 0.3264661903970759 88
1754107418782 0.32563548762252864 89
1754107451073 0.32580162817743813 90
1754107481373 0.32654926067453066 91
1754107517711 0.32522013623525503 92
1754107559746 0.3263000498421665 93
1754107604104 0.32555241734507395 94
1754107637179 0.3260508390098023 95
1754107681380 0.3258846984548928 96
1754107727978 0.32463864429307193 97
1754107761166 0.3254693470676192 98
1754107800818 0.32621697956471174 99
1754107832648 0.32563548762252864 100
