1754104040224 4.54552292866197 0
1754104070474 4.372606847869425 1
1754104100192 4.218877632365015 2
1754104142597 4.076973421625024 3
1754104179007 3.9851400450349077 4
1754104222670 3.888898554569659 5
1754104264873 3.811012636732172 6
1754104313945 3.757754067692155 7
1754104351095 3.7401543040733554 8
1754104381693 3.6657580936845564 9
1754104423049 3.6490154872631075 10
1754104453214 3.6306446304404103 11
1754104496336 3.619740905622529 12
1754104537766 3.5889853071433078 13
1754104567778 3.568348325054674 14
1754104606200 3.5913612221693687 15
1754104636482 3.567115694465286 16
1754104678289 3.573522861132589 17
1754104710660 3.5568525412075687 18
1754104742558 3.576068220920058 19
1754104784510 3.5506894899651855 20
1754104828321 3.575939568821719 21
1754104866835 3.5650905226533647 22
1754104898944 3.5786618322888586 23
1754104945439 3.575846702284483 24
1754104976328 3.5828743937387704 25
1754105007135 3.5692647955025505 26
1754105051714 3.600815509048609 27
1754105098051 3.605143469786589 28
1754105142937 3.590648174616402 29
1754105189480 3.6075358417062087 30
1754105225741 3.5950367863294495 31
1754105268350 3.6081982919251376 32
1754105312339 3.6114473217986425 33
1754105353307 3.5968919019428203 34
1754105395053 3.619022402373735 35
1754105435135 3.612757778119083 36
1754105471698 3.6230876879615748 37
1754105504542 3.6281802814222326 38
1754105534756 3.6451335943819063 39
1754105581992 3.6388671270135706 40
1754105615798 3.674039442317459 41
1754105658181 3.6982923760763846 42
1754105704752 3.632846052722343 43
1754105746651 3.6795839086864053 44
1754105782123 3.640240255553844 45
1754105816272 3.680399517776403 46
1754105856317 3.6585461846091905 47
1754105891194 3.6858381206276127 48
1754105932572 3.6457989038807948 49
1754105976241 3.672037299110516 50
1754106026313 3.6376751632240434 51
1754106056565 3.6791008644041394 52
1754106088367 3.664874735029329 53
1754106118224 3.6930871591935426 54
1754106153594 3.6713563812798 55
1754106184678 3.6995000040326613 56
1754106215820 3.6707559765432887 57
1754106249986 3.6905034297516366 58
1754106282471 3.6734247273868985 59
1754106326037 3.690349660540979 60
1754106367355 3.6615379008196167 61
1754106407473 3.7012873900332046 62
1754106439071 3.6621178395923 63
1754106483273 3.694862033965249 64
1754106513350 3.665062522973618 65
1754106554108 3.7122747433356444 66
1754106589445 3.677944927154213 67
1754106624588 3.694231177622316 68
1754106654728 3.6820885496836473 69
1754106690986 3.7086980292602023 70
1754106721998 3.6613206975777843 71
1754106752575 3.6794033969675906 72
1754106793776 3.6733399487456584 73
1754106830073 3.695823518239347 74
1754106881090 3.65776437146503 75
1754106912743 3.657261965568344 76
1754106949962 3.6901952093098798 77
1754106990810 3.708217015180859 78
1754107020704 3.7148782198827344 79
1754107052646 3.71762210208331 80
1754107095646 3.727314095403964 81
1754107144296 3.7313528360807138 82
1754107176195 3.7318333613901213 83
1754107214138 3.7344860727223526 84
1754107261110 3.7374785062261617 85
1754107307961 3.7477648992946544 86
1754107349443 3.7474784720100525 87
1754107380088 3.7552824257887614 88
1754107418783 3.760145170022863 89
1754107451074 3.762150089837787 90
1754107481374 3.7681924310388313 91
1754107517712 3.7684226804639933 92
1754107559747 3.7677236010362773 93
1754107604105 3.7705296411857767 94
1754107637181 3.7749095094296865 95
1754107681381 3.785374540739739 96
1754107727979 3.7852527314049103 97
1754107761167 3.7933286227992102 98
1754107800819 3.793679837379889 99
1754107832649 3.804152705310079 100
