1753372017290 0.04735005814919422 0
1753372085201 0.10034889516530986 1
1753372141612 0.12659910284100348 2
1753372168285 0.15600598105997673 3
1753372197471 0.18873567037713906 4
1753372232240 0.21224455889682672 5
1753372260027 0.2274464196710417 6
1753372287726 0.24198371822561887 7
1753372315565 0.25477654095364677 8
1753372352033 0.26341584980893834 9
1753372384744 0.2696461206180429 10
1753372449683 0.27521182920750953 11
1753372479592 0.2843495597275295 12
1753372511748 0.29564711746137234 13
1753372554741 0.30220966938029575 14
1753372596665 0.3126765243395913 15
1753372638049 0.31500249210832365 16
1753372688846 0.3180760923741485 17
1753372716247 0.32222960624688485 18
1753372760839 0.3286260176108988 19
1753372822557 0.3302874231599934 20
1753372850032 0.33535471008473167 21
1753372881710 0.33253032065127097 22
1753372908488 0.34175112144874564 23
1753372943913 0.3391759428476491 24
1753372971809 0.34058813756437945 25
1753373003278 0.3442432297723874 26
1753373038190 0.3434125269978402 27
1753373073449 0.34557235421166305 28
1753373099415 0.35230104668549594 29
1753373126386 0.3536301711247716 30
1753373162854 0.3515534141884034 31
1753373198981 0.3526333277953148 32
1753373235506 0.35612227944841335 33
1753373272613 0.35587306861604917 34
1753373289129 0.35794982555241733 35
1753373312346 0.3590297391593288 36
1753373341313 0.3611895663731517 37
1753373376762 0.3625186908124273 38
1753373415329 0.36368167469679347 39
1753373451510 0.3641800963615218 40
1753373486537 0.36783518856952985 41
1753373522855 0.36575843163316163 42
1753373540809 0.3668383452400731 43
1753373575368 0.3685828210666224 44
1753373610612 0.3681674696793487 45
1753373648137 0.3664229938527995 46
1753373683033 0.36908124273135073 47
1753373716551 0.36924738328626017 48
1753373753334 0.3731516863266323 49
1753373791718 0.3697458049509885 50
1753373814971 0.37481309187572687 51
1753373838575 0.3724871241069945 52
1753373863427 0.37539458381790997 53
1753373886810 0.37572686492772883 54
1753373899986 0.37406545937863434 55
1753373925178 0.37780362186409705 56
1753373948586 0.37821897325137066 57
1753373974059 0.3799634490779199 58
1753373997260 0.3801295896328294 59
1753374023967 0.38062801129755774 60
1753374047383 0.3753115135404552 61
1753374072847 0.3783020435288254 62
1753374095546 0.378717394916099 63
1753374120433 0.38037880046519357 64
1753374142794 0.38278783851138065 65
1753374163668 0.38386775211829205 66
1753374188325 0.3827047682339259 67
1753374213699 0.3801295896328294 68
1753374238359 0.38046187074264826 69
1753374262399 0.383286260176109 70
1753374287627 0.3846984548928393 71
1753374311915 0.38303704934374483 72
1753374335695 0.38403389267320154 73
1753374359061 0.38594450905466027 74
1753374383287 0.3852799468350224 75
1753374395254 0.3855291576673866 76
1753374407657 0.38602757933211496 77
1753374419387 0.3863598604419339 78
1753374431772 0.3915102176441269 79
1753374444596 0.3845323143379299 80
1753374456576 0.3855291576673866 81
1753374469329 0.38760591460375476 82
1753374480008 0.3891011795979399 83
1753374492014 0.3882704768233926 84
1753374503594 0.39225785014121944 85
1753374516047 0.3889350390430304 86
1753374528008 0.3914271473666722 87
1753374539766 0.39200863930885527 88
1753374551530 0.3923409204186742 89
1753374564431 0.39225785014121944 90
1753374576390 0.3933377637481309 91
1753374588643 0.3929224123608573 92
1753374599617 0.39242399069612893 93
1753374612199 0.39400232596776874 94
1753374624699 0.39591294234922747 95
1753374635812 0.39184249875394583 96
1753374648860 0.3972420667885031 97
1753374660235 0.39533145040704437 98
1753374673014 0.39441767735504235 99
1753374684250 0.39184249875394583 100
