1753372017291 4.435457246626339 0
1753372085202 4.162480301476842 1
1753372141613 3.9018403477039167 2
1753372168286 3.7354557848944525 3
1753372197472 3.5698130168309143 4
1753372232241 3.4400651947452725 5
1753372260028 3.3538167038755105 6
1753372287727 3.2654295601239136 7
1753372315566 3.2047417391715975 8
1753372352034 3.1539023930207284 9
1753372384745 3.1177991482347944 10
1753372449684 3.0855516491948523 11
1753372479593 3.0510049089087827 12
1753372511750 3.0207835615030465 13
1753372554742 2.98908304106144 14
1753372596666 2.970371079453616 15
1753372638050 2.965691037034859 16
1753372688847 2.9681773264429565 17
1753372716248 2.9521151750026373 18
1753372760840 2.897357230169999 19
1753372822558 2.91761661280546 20
1753372850033 2.910730657273941 21
1753372881711 2.9160269520963227 22
1753372908489 2.9034035812052355 23
1753372943914 2.9048842919947937 24
1753372971810 2.8509281304284704 25
1753373003279 2.8781746009524136 26
1753373038191 2.8679146831268594 27
1753373073450 2.829702030130699 28
1753373099416 2.8102211357566147 29
1753373126387 2.815594847923444 30
1753373162855 2.7951442562067053 31
1753373198982 2.8064723473403164 32
1753373235507 2.795582382449248 33
1753373272614 2.8046839344941765 34
1753373289130 2.7673960622757843 35
1753373312347 2.777600695075263 36
1753373341314 2.7623017513401513 37
1753373376763 2.770895927969844 38
1753373415330 2.7713166872348514 39
1753373451511 2.752421583402703 40
1753373486538 2.743739822355991 41
1753373522856 2.760665145085481 42
1753373540810 2.751398782683706 43
1753373575369 2.7319010213613013 44
1753373610613 2.723000201577296 45
1753373648138 2.733930721242923 46
1753373683034 2.730551869710773 47
1753373716552 2.7132749117039365 48
1753373753335 2.7079157441742225 49
1753373791719 2.6910213632398032 50
1753373814972 2.6813955678896666 51
1753373838576 2.6747630388573587 52
1753373863428 2.660305953270273 53
1753373886811 2.6357996567887327 54
1753373899987 2.662047645848437 55
1753373925180 2.6357926473966278 56
1753373948587 2.6631153008508295 57
1753373974060 2.6316179332186374 58
1753373997261 2.6396984970015844 59
1753374023968 2.601496518241309 60
1753374047384 2.6059979795879538 61
1753374072848 2.5871718340580823 62
1753374095547 2.596217296938064 63
1753374120434 2.5957269045124995 64
1753374142795 2.566620594061651 65
1753374163669 2.5956652753583604 66
1753374188326 2.5647175035517966 67
1753374213700 2.604628244268767 68
1753374238360 2.5849441465073784 69
1753374262401 2.5790887066393275 70
1753374287628 2.566659445751035 71
1753374311916 2.535788928397307 72
1753374335696 2.5589052248846715 73
1753374359062 2.5466634772092784 74
1753374383288 2.583090380381393 75
1753374395255 2.4851077215772936 76
1753374407658 2.464269382247343 77
1753374419388 2.4495652962751184 78
1753374431773 2.446790970707568 79
1753374444597 2.459929830579235 80
1753374456577 2.4334870412272247 81
1753374469330 2.452109805944949 82
1753374480009 2.4550833948506896 83
1753374492015 2.443865996804365 84
1753374503595 2.4338263506157474 85
1753374516048 2.452051718580745 86
1753374528009 2.4112016064342683 87
1753374539767 2.4201117349540273 88
1753374551531 2.4416579308744804 89
1753374564432 2.397200614497686 90
1753374576391 2.406893557638747 91
1753374588645 2.3933127678495794 92
1753374599618 2.399438180440975 93
1753374612200 2.3943529969093365 94
1753374624700 2.389424245504436 95
1753374635813 2.405115907886682 96
1753374648861 2.3713913097584762 97
1753374660236 2.382221999634108 98
1753374673015 2.390970051977694 99
1753374684251 2.3658241960238553 100
