1753283940818 0.025585645456055822 0
1753283975076 0.045937863432463866 1
1753284008639 0.06413025419504902 2
1753284029123 0.07409868748961622 3
1753284050329 0.08315334773218143 4
1753284084133 0.10541618209004817 5
1753284121604 0.131001827546104 6
1753284137182 0.14919421830868915 7
1753284174232 0.15260009968433294 8
1753284202563 0.15509220800797474 9
1753284233566 0.16472836019272305 10
1753284267919 0.18117627512875892 11
1753284301566 0.18773882704768233 12
1753284324362 0.19936866589134408 13
1753284352795 0.20834025585645455 14
1753284368960 0.2240405382953979 15
1753284396986 0.22304369496594117 16
1753284426207 0.23292905798305366 17
1753284463074 0.23857783684997508 18
1753284488319 0.2488785512543612 19
1753284520846 0.2414022262834358 20
1753284550535 0.2423159993354378 21
1753284582028 0.24804784847981393 22
1753284617242 0.2526167137398239 23
1753284650287 0.25519189234092043 24
1753284686360 0.2517029406878219 25
1753284722683 0.26399734175112144 26
1753284744606 0.2713075261671374 27
1753284780154 0.2704768233925901 28
1753284806447 0.2754610400398737 29
1753284831967 0.27055989367004485 30
1753284868673 0.2724705100515036 31
1753284890077 0.2770393753115135 32
1753284923859 0.28393420834025584 33
1753284939646 0.2846818408373484 34
1753284972115 0.28833693304535635 35
1753285005488 0.2912443927562718 36
1753285039567 0.29664396079082905 37
1753285078111 0.2958963282937365 38
1753285111116 0.30071440438611063 39
1753285145273 0.3002159827213823 40
1753285177818 0.3017943179930221 41
1753285215069 0.3029573018773883 42
1753285249035 0.2949825552417345 43
1753285286364 0.29008140887190564 44
1753285321211 0.2981392257850141 45
1753285356081 0.2991360691144708 46
1753285391009 0.30603090214321316 47
1753285426978 0.2995514205017445 48
1753285462757 0.3031234424322977 49
1753285498133 0.3086060807443097 50
1753285528162 0.3029573018773883 51
1753285543906 0.3007974746635654 52
1753285575798 0.31408871905632163 53
1753285597187 0.31101511879049676 54
1753285631907 0.3158331948828709 55
1753285668978 0.31982056820069776 56
1753285684560 0.310932048513042 57
1753285719333 0.3220634656919754 58
1753285735503 0.31442100016614055 59
1753285771806 0.303040372154843 60
1753285806242 0.3025419504901146 61
1753285842605 0.31558398405050675 62
1753285858140 0.3111812593454062 63
1753285889002 0.321897325137066 64
1753285925736 0.30171124771556734 65
1753285960810 0.3096029240737664 66
1753285992332 0.31242731350722713 67
1753286026205 0.3108489782355873 68
1753286061759 0.31982056820069776 69
1753286093779 0.32214653596943016 70
1753286123779 0.3179099518192391 71
1753286158196 0.3052832696461206 72
1753286192248 0.3184914437614222 73
1753286229538 0.31724538959960125 74
1753286266035 0.33037049343744807 75
1753286299742 0.32497092540289085 76
1753286322716 0.3169131084897824 77
1753286357828 0.3163316165475993 78
1753286390671 0.3264661903970759 79
1753286423463 0.3107659079581326 80
1753286439815 0.3277122445588968 81
1753286473549 0.33153347732181426 82
1753286509141 0.3235587306861605 83
1753286526925 0.32737996344907794 84
1753286563971 0.3330287423159993 85
1753286597651 0.33402558564545604 86
1753286636395 0.3341086559229108 87
1753286652277 0.328875228443263 88
1753286688822 0.3319488287090879 89
1753286704591 0.31624854627014454 90
1753286739056 0.3232264495763416 91
1753286754720 0.3135072271141386 92
1753286788304 0.3235587306861605 93
1753286823004 0.33219803954145205 94
1753286857809 0.3286260176108988 95
1753286886219 0.3379298886858282 96
1753286904958 0.3308689151021764 97
1753286941267 0.33552085063964115 98
1753286974263 0.3429141053331118 99
1753287001875 0.338594450905466 100
