1753283940819 4.5398388013162245 0
1753283975077 4.423913283827125 1
1753284008640 4.311158471520381 2
1753284029124 4.261385249861052 3
1753284050330 4.1779972557863205 4
1753284084134 4.121427913882643 5
1753284121605 4.092638369015456 6
1753284137183 4.048423252721051 7
1753284174233 4.017763019810709 8
1753284202564 3.992275166882342 9
1753284233567 3.9735595850495544 10
1753284267920 3.9529495159083425 11
1753284301567 3.957198444561279 12
1753284324363 3.9394696145660992 13
1753284352796 3.9150022047314637 14
1753284368961 3.913839237311148 15
1753284396987 3.9066485821975285 16
1753284426208 3.935213160043807 17
1753284463075 3.935561443249585 18
1753284488320 3.9132515966967407 19
1753284520847 3.954692304134369 20
1753284550536 3.94724324007353 21
1753284582029 3.929697419776291 22
1753284617243 3.937923514151483 23
1753284650288 3.9667947259005403 24
1753284686361 3.9298909237876867 25
1753284722684 3.9740931532772814 26
1753284744607 4.012520399224914 27
1753284780155 4.004751315145445 28
1753284806448 3.959834247025786 29
1753284831968 3.9531154085002362 30
1753284868674 3.962088556400414 31
1753284890078 4.02052118278141 32
1753284923860 4.032678260591261 33
1753284939647 4.052554562468647 34
1753284972116 4.016865970783747 35
1753285005490 4.03412519882035 36
1753285039568 3.9869407111980073 37
1753285078112 3.990834112100212 38
1753285111117 4.042354641891718 39
1753285145274 4.0126729473289995 40
1753285177819 4.056490836911665 41
1753285215070 4.0475162599657 42
1753285249036 4.02536878249083 43
1753285286365 4.056461582900647 44
1753285321212 4.038047816007766 45
1753285356082 4.0573579173170256 46
1753285391010 4.065706808221796 47
1753285426979 4.0015613927641756 48
1753285462758 4.027845078428636 49
1753285498134 4.071670361336112 50
1753285528163 4.034762069614257 51
1753285543907 4.0773603913600125 52
1753285575799 4.058450319089023 53
1753285597188 4.029637814570295 54
1753285631908 4.082336376298621 55
1753285668979 4.080660430171902 56
1753285684561 4.0704616662733395 57
1753285719334 4.080823076496659 58
1753285735504 4.033906627422924 59
1753285771807 4.0151240814629094 60
1753285806243 4.015463004948062 61
1753285842606 4.025840191818076 62
1753285858141 4.052253452017308 63
1753285889003 4.106433448764195 64
1753285925737 4.044586549327874 65
1753285960811 4.038829607340206 66
1753285992333 4.002657413050476 67
1753286026206 4.01860276179035 68
1753286061760 4.076344510815183 69
1753286093780 4.057777196219009 70
1753286123780 4.0677405343856465 71
1753286158197 3.989993470789455 72
1753286192249 4.042060566448323 73
1753286229539 4.012034186442743 74
1753286266036 4.078868866167233 75
1753286299743 4.028186693731202 76
1753286322717 4.057041073557007 77
1753286357829 4.031940668025855 78
1753286390672 4.021843493861679 79
1753286423464 4.049460023340933 80
1753286439816 4.040163063549504 81
1753286473550 4.082414454600048 82
1753286509142 4.082845338875879 83
1753286526926 4.095948199111657 84
1753286563972 4.049216806832208 85
1753286597652 4.107970446955762 86
1753286636396 4.049616287577899 87
1753286652278 4.003806222595052 88
1753286688823 4.055072525911544 89
1753286704592 3.9498907407513184 90
1753286739057 3.975412774093515 91
1753286754721 3.9813560818976943 92
1753286788305 3.9991308858210224 93
1753286823005 4.037001889441734 94
1753286857810 4.037663388504056 95
1753286886220 4.038135528570717 96
1753286904959 4.014366086307771 97
1753286941268 4.034040961560205 98
1753286974264 4.0784549646113994 99
1753287001876 4.0544723278524595 100
