1753093393632 4.45215827749224 0
1753093416266 4.144121452239947 1
1753093442407 3.847586753478632 2
1753093464510 3.6212997706671293 3
1753093486721 3.444816008338022 4
1753093508775 3.2829325527894393 5
1753093531643 3.172849682926957 6
1753093553387 3.070948603806024 7
1753093575732 3.0029728305367254 8
1753093600856 2.946739412228366 9
1753093625995 2.8987441889584677 10
1753093647954 2.8482967135945634 11
1753093670780 2.830474607563837 12
1753093694496 2.779167524246422 13
1753093717525 2.759351213879105 14
1753093739850 2.7252004478523535 15
1753093764013 2.722351084988495 16
1753093790289 2.713505614736784 17
1753093813605 2.695360237770336 18
1753093836564 2.654342046577727 19
1753093865162 2.6824123694710114 20
1753093890137 2.6388102595240883 21
1753093918550 2.656080061083784 22
1753093948435 2.631964506477361 23
1753093974715 2.625933819802193 24
1753093996895 2.590997140333103 25
1753094022056 2.5925905973741914 26
1753094052347 2.6069574221815865 27
1753094076619 2.576967290356883 28
1753094104982 2.5549950585077936 29
1753094128276 2.560248525662386 30
1753094152508 2.5582228205672464 31
1753094180843 2.54875647324502 32
1753094203099 2.554543150328123 33
1753094225787 2.550514903882229 34
1753094260475 2.5168212210347547 35
1753094284665 2.524281327870132 36
1753094308110 2.496456068862704 37
1753094337590 2.4937240692343914 38
1753094360396 2.497419746363854 39
1753094386409 2.468908707865189 40
1753094408735 2.463394061270357 41
1753094433314 2.497562164996154 42
1753094456923 2.4746323944800044 43
1753094479492 2.455394953074603 44
1753094504504 2.4645794866507984 45
1753094533383 2.465736524871726 46
1753094556272 2.443915489849797 47
1753094580461 2.4358108525814735 48
1753094604553 2.4133889934063255 49
1753094627017 2.425454436632025 50
1753094655190 2.4143871463730786 51
1753094679400 2.420912531491577 52
1753094705844 2.4092889083812468 53
1753094728112 2.406247268380805 54
1753094754379 2.3942137662665095 55
1753094777018 2.3786731716023253 56
1753094808066 2.3837918378888228 57
1753094831470 2.389716457833578 58
1753094854446 2.3944908710865827 59
1753094879659 2.364274903617411 60
1753094901360 2.3682086224410295 61
1753094923623 2.3642209294538765 62
1753094967883 2.3683552489434545 63
1753094991575 2.3448531816172333 64
1753095015916 2.3373594160598423 65
1753095046767 2.3351017566240713 66
1753095071235 2.323493549722237 67
1753095094316 2.3299184359296716 68
1753095119267 2.322896539143786 69
1753095141463 2.311719164863419 70
1753095165295 2.3067646456247446 71
1753095189849 2.2951978074129866 72
1753095212021 2.2988491266198827 73
1753095234241 2.2971069307369927 74
1753095256591 2.2845501006397897 75
1753095279590 2.288108701454244 76
1753095302962 2.275435597222079 77
1753095325005 2.2687269680063253 78
1753095348650 2.259608280391505 79
1753095376471 2.2747436043488527 80
1753095399436 2.2613394882753695 81
1753095425122 2.2625502697962876 82
1753095448566 2.2633770915345806 83
1753095470551 2.2559036139190685 84
1753095492863 2.237801860711594 85
1753095515132 2.2405759586833165 86
1753095550067 2.2274613260449563 87
1753095576790 2.217707668361142 88
1753095609443 2.233444297424693 89
1753095636444 2.212142994263714 90
1753095658492 2.2178227433377065 91
1753095683030 2.2035720037738007 92
1753095709825 2.2126095996170667 93
1753095731616 2.1931202920158803 94
1753095753287 2.1820605642490243 95
1753095779975 2.1916133308914523 96
1753095802111 2.1758212904724696 97
1753095826392 2.181838380951192 98
1753095848907 2.1752711597515915 99
1753095873702 2.180201865313292 100
1753095896416 2.171698674131251 101
1753095918489 2.1637390729216857 102
1753095940937 2.1606316389486766 103
1753095963617 2.177705989875013 104
1753095986438 2.168967971191992 105
1753096008241 2.1617530125186866 106
1753096032580 2.1604025029939984 107
1753096056031 2.1638254192795157 108
1753096078476 2.1411935617750872 109
1753096100829 2.1321441494809283 110
1753096123652 2.1226443482707498 111
1753096145969 2.1213760850076073 112
1753096169800 2.1212593472357524 113
1753096192423 2.1083068500835545 114
1753096220648 2.1109834831815233 115
1753096248010 2.1045949944649864 116
1753096273638 2.089078589668955 117
1753096297860 2.0894970459234865 118
1753096320298 2.0908007817142154 119
1753096344879 2.0836889257638567 120
1753096367208 2.093660356062592 121
1753096391383 2.082790116129198 122
1753096414747 2.073603639267284 123
1753096440338 2.0862993660298543 124
1753096462372 2.0712937586965183 125
1753096484679 2.0718317757835947 126
1753096506571 2.0585675964447265 127
1753096529011 2.0723253526440546 128
1753096551317 2.0654966845565896 129
1753096573543 2.0492322944068815 130
1753096596905 2.0400411182693743 131
1753096624047 2.0520581292211824 132
1753096646956 2.0370639908367383 133
1753096669987 2.0322321299342687 134
1753096692210 2.02694611881668 135
1753096714505 2.02293794715185 136
1753096737444 2.0297215873662786 137
1753096762236 2.0090211817051893 138
1753096788083 2.0133190380963204 139
1753096810307 2.013095555019057 140
1753096845498 2.0090043920120153 141
1753096868819 1.9890522294527544 142
1753096905223 1.999181431738633 143
1753096928219 2.0153388463196134 144
1753096950874 2.0002593044164314 145
1753096976567 1.987418611978457 146
1753096999613 1.989611023772359 147
1753097028103 1.9891297039682083 148
1753097050189 1.9853437392297937 149
1753097074106 1.9672706067362549 150
1753097097288 1.9788885806211869 151
1753097120049 1.982604265161565 152
1753097142944 1.9651213616248104 153
1753097165838 1.9730362471042628 154
1753097190570 1.9665858386289838 155
1753097212957 1.9626070262513842 156
1753097239710 1.9775806654850343 157
1753097262021 1.9700051358951438 158
1753097284281 1.9462318654404223 159
1753097310187 1.942899669702768 160
1753097342970 1.921618513402816 161
1753097365028 1.9286335089321316 162
1753097393073 1.926811035174497 163
1753097416194 1.9265962546310507 164
1753097438258 1.9381019857188453 165
1753097462535 1.921954087979295 166
1753097492350 1.9234555277363055 167
1753097515231 1.914236139751648 168
1753097538052 1.9038485007886359 169
1753097563560 1.9025676185882947 170
1753097589409 1.9030482508382442 171
1753097612145 1.904616832712887 172
1753097634497 1.908835352243527 173
1753097658650 1.8903124938218332 174
1753097687265 1.9091097955085488 175
1753097709384 1.9045747664604484 176
1753097742311 1.8820520886462662 177
1753097765597 1.8947835704317575 178
1753097790969 1.8763668603819392 179
1753097812868 1.8717361214163601 180
1753097835392 1.8852802909260566 181
1753097857695 1.8728710227798133 182
1753097879533 1.8607907783061572 183
1753097911989 1.8558441141870112 184
1753097938973 1.8657676151891862 185
1753097961298 1.8565364000945817 186
1753097984007 1.8577019594583235 187
1753098008130 1.854005168455369 188
1753098030445 1.853033351612736 189
1753098054433 1.8478026447003482 190
1753098078355 1.8417826101844919 191
1753098101994 1.837941551091881 192
1753098125860 1.8316317756694775 193
1753098148649 1.8229152051508615 194
1753098170850 1.8436639517316524 195
1753098196359 1.837382561452944 196
1753098224855 1.820586616116482 197
1753098252112 1.8160446301160322 198
1753098279786 1.807843653731115 199
1753098302194 1.8097229718204746 200
