1752225334621 2.1652707807160683 0
1752225378669 2.0454709126409325 1
1752225421739 1.9725662384651181 2
1752225463438 1.8123708865030321 3
1752225503379 1.6946151101872968 4
1752225545148 1.7091454935485395 5
1752225588762 1.6379243858460402 6
1752225631112 1.5954743730353123 7
1752225669984 1.5922645949113177 8
1752225711631 1.595680016716762 9
1752225753960 1.5261770402185935 10
1752225794038 1.5083746036132535 11
1752225836296 1.5347248312789576 12
1752225873500 1.5119239120678438 13
1752225918562 1.5191478213740195 14
1752225961149 1.5464506907183124 15
1752225999949 1.487928682297688 16
1752226038599 1.4689769439492932 17
1752226078322 1.4517988763467147 18
1752226119333 1.4454534391555691 19
1752226162705 1.449666006427581 20
1752226205153 1.428232299585109 21
1752226248050 1.4596194489171712 22
1752226287821 1.4243512128076887 23
1752226329966 1.4560902614415614 24
1752226366756 1.477823460645136 25
1752226407268 1.358464034614494 26
1752226449630 1.3321530918457754 27
1752226492138 1.35304296286077 28
1752226530955 1.3690401342627476 29
1752226574065 1.340980489679038 30
1752226614600 1.3428710231448673 31
1752226656788 1.331747549252855 32
1752226697495 1.355563732642048 33
1752226736275 1.3520936151063003 34
1752226778189 1.3935521250548073 35
1752226819816 1.352853647603963 36
1752226862080 1.3301279241808008 37
1752226901223 1.3105233942191925 38
1752226940702 1.320105191171349 39
1752226986840 1.2966167723671764 40
1752227026498 1.2950146898186836 41
1752227069613 1.3037325341703387 42
1752227111790 1.311857748944175 43
1752227150904 1.2864107625515497 44
1752227193928 1.2894351386935008 45
1752227235558 1.3023077010780657 46
1752227276458 1.2609895256026307 47
1752227322967 1.2685163184833783 48
1752227363802 1.2868870189585855 49
1752227403638 1.338401217167788 50
1752227446348 1.2741792861678711 51
1752227489588 1.253235914191676 52
1752227531209 1.250691033757348 53
1752227572880 1.316878655551412 54
1752227616742 1.2551309879039325 55
1752227654984 1.2537614150969072 56
1752227698514 1.252171856658411 57
1752227737999 1.2584679251550814 58
1752227780322 1.2788228983776286 59
1752227820268 1.3478932624191777 60
1752227864008 1.2574361397157352 61
1752227904744 1.2429280336381863 62
1752227946333 1.2383185619530968 63
1752227988920 1.2420694815620423 64
1752228031299 1.2193465220797373 65
1752228076488 1.2660834275403519 66
1752228117024 1.2361682113674028 67
1752228155962 1.2187791178608394 68
1752228195074 1.2363387387145461 69
1752228233400 1.2150462577424135 70
1752228274948 1.2218794177077297 71
1752228316743 1.2560959992489762 72
1752228355074 1.232052980555312 73
1752228397112 1.2282365452954374 74
1752228440392 1.2234787608587898 75
1752228479733 1.2378899605015548 76
1752228522493 1.2213104368597552 77
1752228566496 1.2318076643173015 78
1752228604664 1.2112685672011951 79
1752228646535 1.1828222985847285 80
1752228683688 1.1788231653231052 81
1752228724882 1.2273100319756973 82
1752228772490 1.2141962205424774 83
1752228815308 1.1830013162171191 84
1752228852662 1.1896334373227992 85
1752228897902 1.1875993461778924 86
1752228936780 1.255573288771311 87
1752228977538 1.2299401820140532 88
1752229016606 1.2064736830003633 89
1752229058133 1.1940425884293728 90
1752229100529 1.1608859327745396 91
1752229141861 1.1860204181839549 92
1752229182316 1.2017444835275772 93
1752229220641 1.184439197911603 94
1752229259989 1.243472808516776 95
1752229296071 1.1716474171541726 96
1752229336944 1.24282058539931 97
1752229379921 1.1931281020402187 98
1752229422297 1.2156457773422187 99
1752229465313 1.2269961015328619 100
1752229506523 1.1792964918652928 101
1752229544729 1.2038281424445816 102
1752229586674 1.1715928507632314 103
1752229628698 1.1709005745308176 104
1752229676543 1.23676721955612 105
1752229717162 1.1828228044722713 106
1752229758443 1.1568476310371731 107
1752229798478 1.1791205138021996 108
1752229839886 1.177689641442102 109
1752229880957 1.1699910969842693 110
1752229920954 1.155224219248066 111
1752229962932 1.2034110710051453 112
1752230004004 1.1513020644130096 113
1752230046214 1.179381715371727 114
1752230085181 1.1488549482390409 115
1752230126666 1.193261471685069 116
1752230171069 1.169721763850698 117
1752230212812 1.1742597685215945 118
1752230253601 1.197069538246838 119
1752230296825 1.2183339828446844 120
1752230336261 1.1836778182527894 121
1752230376260 1.1812766169225386 122
1752230414429 1.1834198495429396 123
1752230454326 1.2190260638378159 124
1752230493710 1.2078621781381311 125
1752230531058 1.1744100616007254 126
1752230570270 1.2554028427326775 127
1752230610876 1.200443630854666 128
1752230653601 1.1511931344604007 129
1752230693482 1.1459801168946813 130
1752230735185 1.139517352564575 131
1752230777367 1.1980141554812405 132
1752230818828 1.1707044177769945 133
1752230860729 1.1666698956239885 134
1752230904478 1.1595424268396264 135
1752230948205 1.2046623288661007 136
1752230991279 1.163544711440319 137
1752231035043 1.1632318397838965 138
1752231078267 1.1811642206421897 139
1752231121822 1.1848603838703022 140
1752231161648 1.1975457731111998 141
1752231201952 1.2237585222118754 142
1752231242485 1.1791229594846666 143
1752231287069 1.213607906365417 144
1752231327706 1.2205741806878403 145
1752231372143 1.1863337045584796 146
1752231411635 1.1728191135656814 147
1752231455253 1.1975713541550514 148
1752231499713 1.1826146473185204 149
1752231538257 1.1742283959093986 150
1752231578601 1.1571781017205331 151
1752231622511 1.1503538095412726 152
1752231663423 1.1709784605106848 153
1752231705438 1.2505068115532727 154
1752231747093 1.2005925658074041 155
1752231787712 1.1865634012867607 156
1752231826261 1.2154841568626042 157
1752231867352 1.1851593510223437 158
1752231910540 1.1913784319926164 159
1752231956039 1.1877253259662273 160
1752231996063 1.1611334766665726 161
1752232037622 1.1477671846227784 162
1752232079509 1.1567396743550726 163
1752232124628 1.2246521994738444 164
1752232163458 1.1878391913335 165
1752232206717 1.1698831823705855 166
1752232248621 1.194289493597126 167
1752232291453 1.1404147546747547 168
1752232332023 1.1848098013651511 169
1752232373974 1.1701086574191242 170
1752232416092 1.1448345828124995 171
1752232456279 1.1260981707802205 172
1752232498253 1.1477480344000681 173
1752232538902 1.1472167293668833 174
1752232580512 1.1887867153269533 175
1752232622761 1.2025252127701263 176
1752232663269 1.1914089018812435 177
1752232705221 1.2394601061622046 178
1752232745721 1.2228444986068523 179
1752232789953 1.1783234930147077 180
1752232832401 1.187944857911194 181
1752232873688 1.1989442675272808 182
1752232914195 1.1772549000308232 183
1752232954487 1.156672950736889 184
1752232992687 1.1647362947715671 185
1752233036969 1.2120110540259734 186
1752233081079 1.1800326068306675 187
1752233122648 1.2053794810103053 188
1752233163734 1.1745022070486484 189
1752233205509 1.220912990795285 190
1752233249706 1.2366477164572007 191
1752233289268 1.1751890961845 192
1752233330551 1.1755540222132228 193
1752233369909 1.1656248767376962 194
1752233409600 1.1398989068503524 195
1752233450683 1.2017680988722454 196
1752233490419 1.2537620382450967 197
1752233532292 1.1547382964770894 198
1752233573009 1.1479252371123734 199
1752233613901 1.1430236686095938 200
