1753425412080 0.03572021930553248 0
1753425433995 0.07725535803289584 1
1753425461942 0.09528160824057152 2
1753425488519 0.1228609403555408 3
1753425513230 0.14038876889848811 4
1753425536889 0.16506064130254194 5
1753425559414 0.18341917262003654 6
1753425581825 0.20019936866589133 7
1753425604568 0.21224455889682672 8
1753425627264 0.21922246220302377 9
1753425649838 0.22802791161322478 10
1753425681724 0.23791327463033726 11
1753425708363 0.24057152350888852 12
1753425738140 0.24970925402890845 13
1753425770090 0.26341584980893834 14
1753425793435 0.27330121282605085 15
1753425816513 0.26997840172786175 16
1753425838581 0.2710583153347732 17
1753425861243 0.2787838511380628 18
1753425885785 0.28551254361189565 19
1753425907830 0.28567868416680514 20
1753425930889 0.28451570028243894 21
1753425953585 0.2915766738660907 22
1753425975450 0.2918258846984549 23
1753425998582 0.2894168466522678 24
1753426020894 0.29016447914936033 25
1753426044152 0.29290579830536634 26
1753426074089 0.29406878218973254 27
1753426096535 0.2979730852301047 28
1753426118107 0.29980063133410867 29
1753426142816 0.30262502076756936 30
1753426169044 0.3029573018773883 31
1753426201650 0.3027080910450241 32
1753426224013 0.3047017777039375 33
1753426250167 0.30071440438611063 34
1753426272308 0.30445256687157335 35
1753426294476 0.30503405881375645 36
1753426317866 0.30727695630503404 37
1753426340257 0.3071108157501246 38
1753426364615 0.3086060807443097 39
1753426386783 0.31408871905632163 40
1753426426302 0.3116796810101346 41
1753426450089 0.3117627512875893 42
1753426472829 0.31259345406213657 43
1753426499889 0.31558398405050675 44
1753426524934 0.3101844160159495 45
1753426555259 0.3075261671373982 46
1753426578056 0.3150855623857784 47
1753426607526 0.31342415683668384 48
1753426631822 0.31400564877886694 49
1753426654527 0.3166638976574182 50
1753426684373 0.31317494600431967 51
1753426707868 0.31558398405050675 52
1753426738317 0.3163316165475993 53
1753426762615 0.3184914437614222 54
1753426786759 0.3164977571025087 55
1753426810372 0.31699617876723707 56
1753426835958 0.31840837348396744 57
1753426858794 0.31882372487124105 58
1753426882705 0.3201528493105167 59
1753426908598 0.31898986542615054 60
1753426930835 0.3184914437614222 61
1753426952875 0.3220634656919754 62
1753426975395 0.31874065459378637 63
1753427000657 0.3211496926399734 64
1753427024099 0.32222960624688485 65
1753427047344 0.32214653596943016 66
1753427070849 0.3227280279116132 67
1753427102380 0.32181425485961124 68
1753427124302 0.3210666223625187 69
1753427147330 0.3234756604087058 70
1753427169781 0.32621697956471174 71
1753427191886 0.3248878551254361 72
1753427218578 0.3235587306861605 73
1753427242081 0.32737996344907794 74
1753427264728 0.32463864429307193 75
1753427287959 0.3260508390098023 76
1753427334264 0.3257185578999834 77
1753427357474 0.3247217145705267 78
1753427381564 0.32538627679016446 79
1753427404019 0.3244725037381625 80
1753427427875 0.32380794151852466 81
1753427450735 0.32480478484798136 82
1753427478241 0.3260508390098023 83
1753427500140 0.32538627679016446 84
1753427523128 0.3263831201196212 85
1753427545367 0.33277953148363515 86
1753427578807 0.3251370659578003 87
1753427601570 0.3226449576341585 88
1753427624560 0.3260508390098023 89
1753427660708 0.3238910117959794 90
1753427685202 0.3310350556570859 91
1753427712106 0.32654926067453066 92
1753427735080 0.3282937365010799 93
1753427757050 0.3291244392756272 94
1753427779904 0.3319488287090879 95
1753427802523 0.32480478484798136 96
1753427825674 0.3320318989865426 97
1753427851919 0.32904136899817243 98
1753427873997 0.3286260176108988 99
1753427896768 0.32721382289416845 100
