1753425412081 4.53505557801689 0
1753425433996 4.347796366488642 1
1753425461943 4.180542862896741 2
1753425488520 4.023776071519127 3
1753425513231 3.935240914218469 4
1753425536890 3.82635891604658 5
1753425559415 3.764015085167355 6
1753425581826 3.7265714975824213 7
1753425604569 3.6970431050961925 8
1753425627265 3.651938571593681 9
1753425649839 3.6515178748268693 10
1753425681725 3.6538377604391763 11
1753425708364 3.6562938102495472 12
1753425738141 3.631399068898001 13
1753425770091 3.616864643721282 14
1753425793437 3.6400140501148757 15
1753425816514 3.6622755938954223 16
1753425838582 3.6864371446915616 17
1753425861244 3.665030857114319 18
1753425885787 3.651909168811991 19
1753425907831 3.704123213859152 20
1753425930890 3.7112221394056157 21
1753425953586 3.713454314899834 22
1753425975451 3.7068521037750797 23
1753425998583 3.7498059140124265 24
1753426020895 3.698200147557668 25
1753426044153 3.7618952636677343 26
1753426074090 3.755557240764325 27
1753426096536 3.7578770087824926 28
1753426118108 3.730804422128572 29
1753426142817 3.735421694763711 30
1753426169045 3.7097208125368275 31
1753426201651 3.744983188416649 32
1753426224014 3.7609325643113576 33
1753426250168 3.785364933921518 34
1753426272309 3.732951914841322 35
1753426294477 3.7698923091642476 36
1753426317867 3.744259349545018 37
1753426340258 3.771505600483404 38
1753426364616 3.7875942380704823 39
1753426386784 3.7546821556491166 40
1753426426303 3.809042575775168 41
1753426450090 3.806014541353384 42
1753426472830 3.797237762583053 43
1753426499890 3.8110761944096216 44
1753426524935 3.7837920235300393 45
1753426555260 3.8245941790065947 46
1753426578057 3.7870999463253328 47
1753426607527 3.765461467485544 48
1753426631823 3.740950414852059 49
1753426654528 3.78163287599208 50
1753426684374 3.77227743855516 51
1753426707869 3.793368562681826 52
1753426738318 3.793121856409876 53
1753426762616 3.7648579690166537 54
1753426786760 3.80403611934205 55
1753426810373 3.756214618542549 56
1753426835959 3.8007615442417184 57
1753426858795 3.8002839656782514 58
1753426882706 3.790263517180368 59
1753426908599 3.752787182803283 60
1753426930836 3.756429069029484 61
1753426952876 3.7623783911489297 62
1753426975396 3.783937082679907 63
1753427000658 3.799167029218186 64
1753427024101 3.77069192682008 65
1753427047345 3.781328379690061 66
1753427070850 3.777176562201705 67
1753427102381 3.795172019829484 68
1753427124303 3.807254448910342 69
1753427147331 3.783671471999452 70
1753427169782 3.7856690721903217 71
1753427191887 3.7512525876656215 72
1753427218579 3.7763858628830516 73
1753427242082 3.7581027910895966 74
1753427264729 3.807831126436526 75
1753427287960 3.767099113931065 76
1753427334265 3.756931970931541 77
1753427357475 3.75881286198361 78
1753427381565 3.732836520894473 79
1753427404020 3.769190503824927 80
1753427427876 3.7603824056215704 81
1753427450736 3.814090195189687 82
1753427478242 3.7884743139693415 83
1753427500141 3.7812314607073607 84
1753427523129 3.745851354321555 85
1753427545368 3.815466475171209 86
1753427578808 3.7582978350575136 87
1753427601571 3.757741799605743 88
1753427624561 3.773752931618471 89
1753427660709 3.72335840541839 90
1753427685203 3.7591877141104106 91
1753427712107 3.74915179586867 92
1753427735081 3.7527138597235865 93
1753427757051 3.7650180146227537 94
1753427779905 3.7466220762545555 95
1753427802524 3.7760485155680583 96
1753427825675 3.743870948424372 97
1753427851920 3.7376849589599277 98
1753427873999 3.753343885969881 99
1753427896769 3.730083089017062 100
