1753657823653 4.550089431547375 0
1753657839539 4.411534731221963 1
1753657857134 4.27632838940366 2
1753657875023 4.1068712083783 3
1753657897479 4.043635909441101 4
1753657924845 3.9786257795969244 5
1753657943260 3.924716041449299 6
1753657963114 3.8673296432461193 7
1753657978845 3.8012911230232156 8
1753658012201 3.7646471468517784 9
1753658042885 3.773953614511308 10
1753658072576 3.7744753498067216 11
1753658104107 3.7266715160409483 12
1753658131488 3.684621949236022 13
1753658146106 3.7148422482972068 14
1753658164342 3.7545916434485784 15
1753658190968 3.7435864032524653 16
1753658217239 3.737515751918656 17
1753658251287 3.7403823149194277 18
1753658274760 3.725590881355439 19
1753658302063 3.7614833906520535 20
1753658316403 3.731677280638003 21
1753658333610 3.7765273769908583 22
1753658361503 3.7678203769659593 23
1753658376658 3.7812628019651773 24
1753658406106 3.763466716904001 25
1753658436604 3.7909520950482514 26
1753658465496 3.8515646828158827 27
1753658495284 3.838261157561107 28
1753658525535 3.81061434609218 29
1753658547711 3.8389072182987194 30
1753658565868 3.8340904821871113 31
1753658595693 3.837506138235736 32
1753658625801 3.8820848903987266 33
1753658647941 3.89461703814892 34
1753658662330 3.8459732974453633 35
1753658688991 3.9029297842331374 36
1753658705253 3.86489919527701 37
1753658720181 3.843738833065436 38
1753658735832 3.8816303660004525 39
1753658765867 3.8746917344338225 40
1753658794486 3.850817323710086 41
1753658810348 3.9021126718688497 42
1753658827450 3.9054300095476746 43
1753658844564 3.860048036809545 44
1753658875213 3.9030424475570085 45
1753658890515 3.9160251665262527 46
1753658915099 3.906212045208359 47
1753658942293 3.883392990773556 48
1753658957973 3.882542631704829 49
1753658974834 3.93864390223152 50
1753658995566 3.9077936536343083 51
1753659025262 3.9235676383218845 52
1753659040068 3.9586106436422592 53
1753659068257 3.9400225575123904 54
1753659084607 3.9008236326515786 55
1753659111757 3.9274262542454212 56
1753659145377 3.919105954943753 57
1753659160211 3.9660990275918104 58
1753659178373 3.9750149196275335 59
1753659195204 3.942026581046945 60
1753659224384 3.95090684828199 61
1753659238438 3.930778962513422 62
1753659268342 3.94957816659263 63
1753659296207 3.9640802544894194 64
1753659310608 3.9470032784767444 65
1753659332143 3.978509034680058 66
1753659365735 3.9614049645523117 67
1753659391888 3.9361685897003635 68
1753659407070 3.975295190919416 69
1753659438761 3.9499927842765454 70
1753659453242 3.9801246200920675 71
1753659471937 3.9640849319230713 72
1753659497115 4.003452355567881 73
1753659518725 3.953895299772409 74
1753659540236 4.022790153649817 75
1753659568483 3.9947762890767793 76
1753659593360 3.9651705015806953 77
1753659623176 3.9454267865869634 78
1753659639789 3.949855156166455 79
1753659663213 3.9938613120111794 80
1753659679635 3.924469846063614 81
1753659694790 4.012732686258604 82
1753659723521 4.014817150991366 83
1753659738310 4.026084421094578 84
1753659752703 3.9644856633757617 85
1753659773600 4.010677919671061 86
1753659798723 3.9532638161401663 87
1753659817187 3.9700870537098716 88
1753659840391 4.012430838244334 89
1753659854933 3.904891873100084 90
1753659886199 3.998018101761969 91
1753659901983 3.9837963894386874 92
1753659923818 4.010307622104914 93
1753659940588 3.9993785488107236 94
1753659954487 3.989797998466834 95
1753659969886 4.023416739193359 96
1753659999081 4.019455158525267 97
1753660022969 4.049244329376958 98
1753660054056 4.043816233032367 99
1753660080627 4.01457016086773 100
