1754231363553 0.1007475113791955 0
1754231420262 0.21835103430411132 1
1754231457614 0.1797912889020464 2
1754231497241 0.13510713096251342 3
1754231534669 0.0996558487214595 4
1754231590850 0.0990082522295822 5
1754231632849 0.18876512600377457 6
1754231669903 0.16117751544980202 7
1754231708398 0.12502312844613847 8
1754231764590 0.0990082522295822 9
1754231800565 0.09860119157754506 10
1754231841740 0.2215520112496762 11
1754231910418 0.10030344521333678 12
1754231952753 0.10072900862228472 13
1754232033514 0.20649076712430153 14
1754232090831 0.17847759316138104 15
1754232136857 0.0996558487214595 16
1754232201362 0.0996558487214595 17
1754232232928 0.12831661917625725 18
1754232281805 0.26070384487288606 19
1754232317583 0.17163157310439256 20
1754232356250 0.10655737704918032 21
1754232391340 0.2332272508603782 22
1754232427352 0.17237168338082373 23
1754232468324 0.10108056100358953 24
1754232526885 0.24808496465973431 25
1754232585253 0.10215372090441475 26
1754232626759 0.24055434259704697 27
1754232682775 0.221737038818784 28
1754232716389 0.2971542759871221 29
1754232753292 0.23319024534655663 30
1754232825398 0.27021426192502684 31
1754232866302 0.2545609295785072 32
1754232917210 0.13196166228768086 33
1754232962673 0.0996558487214595 34
1754233017672 0.3570291973504052 35
1754233091170 0.0990082522295822 36
1754233128283 0.20452947489175888 37
1754233168085 0.2771898012803908 38
1754233232716 0.1986826037079525 39
1754233273641 0.2666987381119787 40
1754233319906 0.23278318469451947 41
1754233357812 0.2624986122932317 42
1754233393672 0.3053139917847759 43
1754233426685 0.1032083780483292 44
1754233469934 0.20419642526736484 45
1754233520791 0.2009584428079784 46
1754233569811 0.10868519409392 47
1754233614623 0.10104355548976797 48
1754233649158 0.26653221329978166 49
1754233694329 0.14704140916996633 50
1754233728605 0.1824371831402879 51
1754233783955 0.24085038670761943 52
1754233843227 0.10104355548976797 53
1754233891159 0.10030344521333678 54
1754233926651 0.10163564371091292 55
1754233976840 0.2697516930022573 56
1754234037150 0.31567553565481254 57
1754234094218 0.26847500277541353 58
1754234142858 0.0996558487214595 59
1754234177103 0.0990082522295822 60
1754234224252 0.0996558487214595 61
1754234259332 0.323705732154091 62
1754234314277 0.09967435147837028 63
1754234362145 0.09924878806942235 64
1754234411287 0.22149650297894385 65
1754234453845 0.1968508307737853 66
1754234487890 0.13018539762424602 67
1754234542583 0.09935980461088702 68
1754234575426 0.24314472856455613 69
1754234608155 0.2871072789845687 70
1754234643204 0.09969285423528106 71
1754234678213 0.09860119157754506 72
1754234720222 0.13582873848203383 73
1754234762194 0.3618769196610295 74
1754234818734 0.250212781704474 75
1754234853766 0.3225955667394442 76
1754234891313 0.10054398105317693 77
1754234935842 0.19988528290715316 78
1754234993165 0.273729785738075 79
1754235038730 0.34566850460718646 80
1754235071369 0.3354549827924361 81
1754235106083 0.10559523368981978 82
1754235144867 0.2894571291122377 83
1754235179610 0.32971912815009435 84
1754235229008 0.3158420604670096 85
1754235299770 0.34935055323243164 86
1754235341002 0.2369463049994449 87
1754235383455 0.16452651445065314 88
1754235419028 0.26527402582984866 89
1754235473082 0.21096843429671022 90
1754235540023 0.24305221478000222 91
1754235573083 0.0996558487214595 92
1754235617391 0.09904525774340377 93
1754235680587 0.0996558487214595 94
1754235713646 0.0996558487214595 95
1754235774802 0.35850941790326757 96
1754235824501 0.23846353106612886 97
1754235869705 0.10130259408651889 98
1754235906252 0.1007475113791955 99
1754235961791 0.10200569884912852 100
