1754331868986 0.17492506383451134 0
1754331908335 0.17901417311179366 1
1754331938703 0.24495799874181254 2
1754331969868 0.33576952965991935 3
1754332001121 0.3655219627724531 4
1754332029689 0.37849239536690965 5
1754332066554 0.3932390926248011 6
1754332100655 0.38754024349628097 7
1754332129536 0.4031010620582467 8
1754332169958 0.3981423232061577 9
1754332199409 0.4224179402731007 10
1754332228186 0.42258446508529773 11
1754332262012 0.4301520926618066 12
1754332288173 0.4209747252340599 13
1754332322086 0.43696110720497355 14
1754332358646 0.4009917477704178 15
1754332386365 0.4362580024423639 16
1754332416541 0.44352958590830033 17
1754332448809 0.4548717758946083 18
1754332478563 0.46514080598009105 19
1754332513994 0.4368685934204196 20
1754332546933 0.44806276135144135 21
1754332578812 0.46123672427191653 22
1754332607554 0.4647892535987862 23
1754332637377 0.457166117751545 24
1754332662740 0.4435665914221219 25
1754332692236 0.4766310180216852 26
1754332723070 0.4886023017429597 27
1754332752491 0.47833327165747697 28
1754332783395 0.4698220034785183 29
1754332813121 0.48628945712911226 30
1754332842595 0.4866965177811494 31
1754332879853 0.4787773378233357 32
1754332908163 0.4883617659031196 33
1754332939725 0.4800540280501795 34
1754332970457 0.46604744106871926 35
1754333001449 0.47466972578914257 36
1754333038472 0.4827924360729749 37
1754333066765 0.482866447100618 38
1754333093472 0.4898789919698035 39
1754333124312 0.4908041298153425 40
1754333150320 0.49339451578285165 41
1754333181378 0.47433667616474856 42
1754333213412 0.47999851977944713 43
1754333247667 0.48601191577545055 44
1754333277018 0.4865855012396847 45
1754333304592 0.4876956666543315 46
1754333332608 0.49620693483329015 47
1754333365739 0.4928949413462606 48
1754333394250 0.49221033934056174 49
1754333431851 0.4791288902046405 50
1754333462311 0.48199681752581136 51
1754333496490 0.501091662657736 52
1754333525450 0.4924138696665803 53
1754333555219 0.4801280390778226 54
1754333588151 0.48453169522258815 55
1754333617079 0.4964474706731303 56
1754333649229 0.4797394811826962 57
1754333679661 0.4930614661584576 58
1754333707881 0.4816267623875958 59
1754333741747 0.47837027717129854 60
1754333779221 0.4944121674129445 61
1754333812020 0.49433815638530143 62
1754333840851 0.4975391333308663 63
1754333871284 0.4923213558820264 64
1754333899342 0.5015912370943271 65
1754333929929 0.48610442956000444 66
1754333965488 0.5022943418569367 67
1754333994903 0.47698257040299 68
1754334021868 0.496891536838989 69
1754334051414 0.4874551308144914 70
1754334092458 0.4855123413388595 71
1754334123871 0.49128520149502275 72
1754334158068 0.4926359027495097 73
1754334191530 0.48789919698035006 74
1754334223099 0.49126669873811196 75
1754334251959 0.4900640195389113 76
1754334286725 0.4913592125226659 77
1754334315689 0.4948932390926248 78
1754334344699 0.49583687969507456 79
1754334373005 0.5026273914813307 80
1754334400074 0.4983717573918514 81
1754334430559 0.49341301853976244 82
1754334464750 0.49679902305443513 83
1754334495935 0.4946156977389631 84
1754334522139 0.49339451578285165 85
1754334564927 0.5000185027569107 86
1754334591475 0.48541982755430557 87
1754334622438 0.49304296340154685 88
1754334653241 0.4988158235577101 89
1754334683731 0.4879547052510824 90
1754334712267 0.502016800503275 91
1754334741060 0.4989823483699071 92
1754334770645 0.49411612330237203 93
1754334797512 0.4939681012470858 94
1754334825969 0.4895089368315879 95
1754334852416 0.5019057839618103 96
1754334887890 0.48455019797949894 97
1754334924823 0.49983347518780297 98
1754334953322 0.4999814972430892 99
1754334983320 0.500592088221145 100
