1754331868988 2.2131819714416148 0
1754331908337 2.1855082595150885 1
1754331938704 2.040776320472847 2
1754331969869 1.8986230268649207 3
1754332001123 1.7910612649770685 4
1754332029690 1.77924404210914 5
1754332066555 1.7447592337791629 6
1754332100656 1.7244871322665931 7
1754332129537 1.7018745202989647 8
1754332169959 1.7059610737091393 9
1754332199410 1.6729174335992152 10
1754332228188 1.6872183600770179 11
1754332262013 1.6811608806135627 12
1754332288174 1.7185690908356004 13
1754332322087 1.6725435609812194 14
1754332358647 1.7606846234085256 15
1754332386366 1.664616150390764 16
1754332416543 1.7031606919560476 17
1754332448810 1.6978833561304312 18
1754332478564 1.6822677693200063 19
1754332513995 1.6984345019306197 20
1754332546934 1.6872586925454796 21
1754332578813 1.6880221558922068 22
1754332607555 1.7130621609333208 23
1754332637378 1.7388636021603068 24
1754332662741 1.7704815726026648 25
1754332692237 1.6334052924458309 26
1754332723071 1.636770298271233 27
1754332752492 1.6640727860528706 28
1754332783396 1.7465361170776676 29
1754332813122 1.6336769538844558 30
1754332842596 1.6571207780507313 31
1754332879855 1.6698684019821934 32
1754332908165 1.6694429743680472 33
1754332939726 1.7139487955502295 34
1754332970458 1.767131249850894 35
1754333001450 1.7047324827757049 36
1754333038473 1.6804408605934893 37
1754333066767 1.724655985853649 38
1754333093473 1.682403914704051 39
1754333124313 1.6862505186943961 40
1754333150321 1.679371280366708 41
1754333181380 1.7440731287310944 42
1754333213413 1.7534607163450264 43
1754333247668 1.7339106687661332 44
1754333277019 1.720266107161589 45
1754333304593 1.7422880967826164 46
1754333332609 1.7085537205437575 47
1754333365740 1.7287460182054508 48
1754333394251 1.7827388586925965 49
1754333431852 1.82079262164749 50
1754333462313 1.8080750814085493 51
1754333496492 1.7137673788186134 52
1754333525451 1.7461340691949434 53
1754333555220 1.8161935731013212 54
1754333588153 1.8033217721437254 55
1754333617080 1.7601542044670382 56
1754333649230 1.842132249865637 57
1754333679662 1.7964714974359257 58
1754333707882 1.8444231401202928 59
1754333741749 1.8606109132251354 60
1754333779222 1.7666911642318601 61
1754333812021 1.779031356587376 62
1754333840852 1.7899114051592178 63
1754333871285 1.8076909104383996 64
1754333899344 1.7602578454380975 65
1754333929930 1.8295624761028326 66
1754333965489 1.7710879461186473 67
1754333994905 1.9408764070111064 68
1754334021869 1.8002522386360553 69
1754334051415 1.8831352200468872 70
1754334092460 1.8941631183347318 71
1754334123872 1.8770286514571193 72
1754334158069 1.8302572569606528 73
1754334191532 1.8444242604274959 74
1754334223100 1.8446492766248843 75
1754334251960 1.8112962194504292 76
1754334286726 1.828010225222659 77
1754334315690 1.8425175091170054 78
1754334344700 1.8508299170774125 79
1754334373007 1.7858880916348046 80
1754334400075 1.8319576112233256 81
1754334430560 1.863079495242454 82
1754334464751 1.8573461419107893 83
1754334495936 1.8548594552640347 84
1754334522140 1.8753542813844226 85
1754334564928 1.8402005521406248 86
1754334591476 1.904467650122768 87
1754334622439 1.9056250701817588 88
1754334653242 1.863230737782975 89
1754334683733 1.8961906856505255 90
1754334712268 1.8440255395831107 91
1754334741061 1.8726855887719887 92
1754334770646 1.9286470952587726 93
1754334797514 1.9008765722547647 94
1754334825971 1.9034854238033074 95
1754334852417 1.8753920914501976 96
1754334887892 1.9886926281446164 97
1754334924824 1.8835947848897936 98
1754334953323 1.898951941397022 99
1754334983321 1.833803120308054 100
