1752175284059 0.15062823355506283 0
1752175378010 0.18579083518107908 1
1752175478329 0.1991869918699187 2
1752175566794 0.2320768662232077 3
1752175659562 0.24216555801921655 4
1752175750028 0.23798965262379895 5
1752175847550 0.24351441241685143 6
1752175938397 0.24874353288987436 7
1752176029960 0.2772727272727273 8
1752176119668 0.2944013303769401 9
1752176204257 0.3167220990391722 10
1752176293419 0.31045824094604585 11
1752176383505 0.29573170731707316 12
1752176473015 0.33656688839615667 13
1752176565338 0.31967849223946787 14
1752176659645 0.351330376940133 15
1752176749589 0.36132668144863267 16
1752176846865 0.32982261640798227 17
1752176937343 0.33887657058388765 18
1752177023930 0.34162971175166296 19
1752177107590 0.35698447893569846 20
1752177192386 0.37536954915003695 21
1752177277449 0.35454545454545455 22
1752177368572 0.3625092387287509 23
1752177458039 0.3738543976348854 24
1752177551905 0.3764781966001478 25
1752177646724 0.3608277900960828 26
1752177735698 0.38562453806356245 27
1752177821192 0.38309312638580933 28
1752177915670 0.3852180339985218 29
1752178005327 0.3956393200295639 30
1752178096271 0.3508869179600887 31
1752178185074 0.3877864005912786 32
1752178272939 0.38045084996304507 33
1752178363174 0.39661862527716185 34
1752178453007 0.39621212121212124 35
1752178539604 0.39144493717664447 36
1752178635724 0.3925351071692535 37
1752178733189 0.4123429416112343 38
1752178819935 0.39780118255728014 39
1752178916488 0.41967849223946785 40
1752179003106 0.3852919438285292 41
1752179093795 0.3807280118255728 42
1752179181779 0.41903178122690315 43
1752179281299 0.40022172949002216 44
1752179380129 0.41692535107169254 45
1752179478041 0.40062823355506283 46
1752179568380 0.4256651884700665 47
1752179656162 0.41250923872875095 48
1752179751937 0.4153917220990392 49
1752179847426 0.4087583148558758 50
1752179902013 0.4332779009608278 51
1752179956918 0.43120842572062085 52
1752180014557 0.4368440502586844 53
1752180075968 0.4192350332594235 54
1752180133135 0.42147080561714706 55
1752180185269 0.4217479674796748 56
1752180246084 0.44284922394678494 57
1752180305343 0.4236511456023651 58
1752180360495 0.4296747967479675 59
1752180416129 0.41638950480413894 60
1752180474502 0.42971175166297115 61
1752180533260 0.4124538063562454 62
1752180589296 0.4291574279379157 63
1752180645083 0.42442719881744273 64
1752180699010 0.42889874353288987 65
1752180756764 0.42317073170731706 66
1752180814483 0.4227087952697709 67
1752180871791 0.43152254249815225 68
1752180928062 0.4121212121212121 69
1752180985081 0.41829268292682925 70
1752181040714 0.4443458980044346 71
1752181100233 0.4232261640798226 72
1752181157644 0.4322246858832225 73
1752181212744 0.4310421286031042 74
1752181270254 0.4312638580931264 75
1752181324134 0.4213968957871397 76
1752181383790 0.44031781226903177 77
1752181443016 0.4224131559497413 78
1752181497445 0.42815964523281597 79
1752181552496 0.44009608277900963 80
1752181608957 0.4286770140428677 81
1752181667566 0.43087583148558756 82
1752181722985 0.43508869179600884 83
1752181778667 0.45437915742793794 84
1752181838280 0.45570953436807093 85
1752181893861 0.4438839615668884 86
1752181952609 0.4317812269031781 87
1752182007757 0.4438839615668884 88
1752182063459 0.44842941611234294 89
1752182118111 0.4341278640059128 90
1752182182066 0.446359940872136 91
1752182236287 0.4469327420546933 92
1752182290596 0.4462121212121212 93
1752182346887 0.42568366592756834 94
1752182406519 0.4322062084257206 95
1752182461124 0.4323909830007391 96
1752182514610 0.43906134515890616 97
1752182572403 0.4414079822616408 98
1752182630767 0.4442719881744272 99
1752182688571 0.4463229859571323 100
1752182731362 0.44757945306725794 101
1752182774336 0.4379342202512934 102
1752182815885 0.456189948263119 103
1752182857607 0.43906134515890616 104
1752182899646 0.4459719142645972 105
1752182943949 0.45160753880266075 106
1752182984537 0.4479490022172949 107
1752183026901 0.4095528455284553 108
1752183067554 0.4412971175166297 109
1752183112870 0.43542128603104213 110
1752183153881 0.4531781226903178 111
1752183195178 0.4557649667405765 112
1752183238465 0.4397080561714708 113
1752183279292 0.4502032520325203 114
1752183323741 0.4381559497413156 115
1752183369435 0.4396156688839616 116
1752183409510 0.43470066518847006 117
1752183447488 0.42742054693274206 118
1752183487658 0.4586474501108647 119
1752183528737 0.4592017738359202 120
1752183569711 0.4388950480413895 121
1752183612921 0.4407982261640798 122
1752183652923 0.4443643754619364 123
1752183695870 0.4430709534368071 124
1752183737856 0.45846267553584624 125
1752183780887 0.45469327420546934 126
1752183823957 0.44340354767184037 127
1752183865535 0.4343311160384331 128
1752183906803 0.4431818181818182 129
1752183949099 0.4520509977827051 130
1752183991932 0.4363266814486327 131
1752184035355 0.45539541759053953 132
1752184076320 0.4445861049519586 133
1752184122307 0.43798965262379896 134
1752184164742 0.4479859571322986 135
1752184209611 0.4583148558758315 136
1752184250483 0.4443643754619364 137
1752184294242 0.4374907612712491 138
1752184335959 0.45899852180339984 139
1752184376120 0.44074279379157427 140
1752184417470 0.4322431633407243 141
1752184459914 0.44401330376940135 142
1752184501696 0.4444567627494457 143
1752184545215 0.44325572801182556 144
1752184589593 0.42721729490022176 145
1752184631102 0.45914634146341465 146
1752184673097 0.44262749445676275 147
1752184714509 0.4450480413895048 148
1752184758353 0.4429231337767923 149
1752184802800 0.4448078344419808 150
1752184830647 0.4402439024390244 151
1752184859001 0.4576681448632668 152
1752184887144 0.45648558758314856 153
1752184915368 0.4479120473022912 154
1752184942808 0.4568920916481892 155
1752184968985 0.441869918699187 156
1752184996416 0.4519770879526977 157
1752185023993 0.4580007390983001 158
1752185051398 0.458130081300813 159
1752185079952 0.469419807834442 160
1752185109339 0.45480413895048044 161
1752185138376 0.4495380635624538 162
1752185167611 0.46696230598669625 163
1752185196236 0.46123429416112344 164
1752185224830 0.4570583887657058 165
1752185252804 0.44327420546932744 166
1752185280824 0.4385439763488544 167
1752185309737 0.4670916481892092 168
1752185338300 0.4632668144863267 169
1752185366541 0.4431079083518108 170
1752185395149 0.4424611973392461 171
1752185424199 0.45266075388026605 172
1752185451664 0.4485772357723577 173
1752185480095 0.4620288248337029 174
1752185508024 0.460439763488544 175
1752185535814 0.4577974870657798 176
1752185563962 0.4487250554323725 177
1752185592765 0.45772357723577234 178
1752185620681 0.4542867701404287 179
1752185649239 0.4317073170731707 180
1752185677823 0.4533813747228381 181
1752185705625 0.44355136733185513 182
1752185733171 0.4460827790096083 183
1752185763071 0.4549889135254989 184
1752185791408 0.45563562453806356 185
1752185819792 0.46112342941611234 186
1752185848785 0.4718588322246859 187
1752185876649 0.46250923872875094 188
1752185904482 0.4490022172949002 189
1752185933179 0.4657612712490761 190
1752185961065 0.4534552845528455 191
1752185988945 0.45467479674796746 192
1752186016326 0.46103104212860313 193
1752186043729 0.429249815225425 194
1752186071550 0.46304508499630453 195
1752186099314 0.4537878787878788 196
1752186127889 0.4576866223207687 197
1752186156111 0.4410938654841094 198
1752186185000 0.45129342202512934 199
1752186213148 0.43660384331116037 200
