1754604391658 2.467468025142057 0
1754604414114 2.203025201405375 1
1754604442473 2.039980314407788 2
1754604464879 2.0164939769314416 3
1754604485844 1.896180822218654 4
1754604510191 2.048697989376681 5
1754604535078 1.9978859570038268 6
1754604557907 2.0145922677014436 7
1754604588905 2.1788447664541324 8
1754604614456 2.2059176723035656 9
1754604640345 2.2346672013207605 10
1754604665010 2.3093613611958026 11
1754604692319 2.295913952659073 12
1754604721278 2.33678845816215 13
1754604741124 2.378850552548297 14
1754604762669 2.536840103599613 15
1754604782713 2.4435777653403474 16
1754604803735 2.567136874543387 17
1754604828627 2.5687975084084522 18
1754604849708 2.6603332981070054 19
1754604877381 2.6711703349107454 20
1754604901538 2.6973946161911453 21
1754604927926 2.7462348303097213 22
1754604956574 2.7445912276762634 23
1754604976066 2.842186691267651 24
1754605002962 2.762164891355371 25
1754605026266 2.764108146513899 26
1754605053610 2.828005631805275 27
1754605077989 2.8202885541327474 28
1754605097601 2.884703690226776 29
1754605122628 2.832643325314056 30
1754605144393 2.8438976422548654 31
1754605165264 2.936245018083913 32
1754605185583 2.961451082187972 33
1754605208516 2.9346328247173403 34
1754605236048 3.0082227831294674 35
1754605258183 3.0660369785639165 36
1754605277739 2.9975406980215156 37
1754605299178 3.045764220275204 38
1754605326224 3.112509794223505 39
1754605348772 3.0158384877571294 40
1754605374421 3.1481121890381125 41
1754605395866 3.0813695607185156 42
1754605418228 3.0924937836729685 43
1754605443567 3.0829415169775314 44
1754605467142 3.1873153171590163 45
1754605496833 3.1503101827138447 46
1754605515651 3.153413182687608 47
1754605539077 3.1774650587101543 48
1754605558816 3.1578681259399235 49
1754605578057 3.2528097965153355 50
1754605598933 3.2138937340895857 51
1754605618749 3.2453304227234137 52
1754605644548 3.2504948948592274 53
1754605668436 3.2915231654266006 54
1754605692366 3.2530227912136955 55
1754605722815 3.2561777195190356 56
1754605754364 3.2307020600755054 57
1754605780438 3.1863791453895502 58
1754605802509 3.2309106541972157 59
1754605828324 3.2954894825221768 60
1754605856478 3.2944588171666758 61
1754605885303 3.2857084139642843 62
1754605912133 3.367389777334724 63
1754605945949 3.3311473545685732 64
1754605978692 3.346804747943657 65
1754606006371 3.3437042012625637 66
1754606031824 3.3627059045216035 67
1754606051104 3.3885972837294385 68
1754606081733 3.335786615092215 69
1754606112252 3.3199569332564307 70
1754606136398 3.351079812173031 71
1754606157267 3.3951416456833616 72
1754606180011 3.405465554425415 73
1754606204205 3.3539850649121004 74
1754606235439 3.3894944664667177 75
1754606257603 3.368578877247898 76
1754606280466 3.371247290651105 77
1754606304377 3.4143423061299676 78
1754606330656 3.5032116714457087 79
1754606354849 3.486686613484267 80
1754606375759 3.4637764951900007 81
1754606396095 3.5066308536003765 82
1754606420767 3.43223922352982 83
1754606444772 3.4996419237612817 84
1754606467284 3.3377592352626086 85
1754606495253 3.3863074652473606 86
1754606513519 3.4410581941211658 87
1754606538145 3.53250643036377 88
1754606563262 3.4689959086469884 89
1754606592125 3.501532636855549 90
1754606615539 3.4946574670002013 91
1754606641597 3.5132269539695966 92
1754606659746 3.4931062791369007 93
1754606682250 3.4037356032585495 94
1754606711563 3.5386646566535243 95
1754606741342 3.5181471399196886 96
1754606767192 3.514165361438075 97
1754606793893 3.5318108250041473 98
1754606821420 3.545624675302836 99
1754606848750 3.4929327568024084 100
