1752788902707 0.02570907281472881 0
1752788924013 0.055979432741748214 1
1752788946415 0.07936639575385636 2
1752788968656 0.10573892851219108 3
1752788989113 0.13186266379167358 4
1752789010409 0.14463426770608726 5
1752789031236 0.15765466909935313 6
1752789054354 0.16818709570409687 7
1752789075757 0.18021230718195388 8
1752789098774 0.19704760325095372 9
1752789120449 0.20293581025045612 10
1752789142080 0.21263891192569248 11
1752789163127 0.21877591640404712 12
1752789184912 0.2259081107978106 13
1752789205904 0.23104992536075633 14
1752789226571 0.23503068502239177 15
1752789249182 0.23735279482501245 16
1752789270803 0.24962680378172167 17
1752789291485 0.25476861834466746 18
1752789314842 0.261569082766628 19
1752789335291 0.2626472051749876 20
1752789357283 0.26629623486482 21
1752789378594 0.2690330071321944 22
1752789401095 0.2705257920053077 23
1752789423142 0.27243323934317465 24
1752789444870 0.2777409188920219 25
1752789458424 0.28006302869464256 26
1752789473118 0.28097528611710065 27
1752789487600 0.28304859844086916 28
1752789501044 0.287526953060209 29
1752789514635 0.2895173328910267 30
1752789529156 0.28960026538397743 31
1752789543919 0.2931663625808592 32
1752789558667 0.2949079449328247 33
1752789572414 0.2942444849892188 34
1752789585741 0.29590313484823355 35
1752789599743 0.2993033670592138 36
1752789613636 0.2977276496931498 37
1752789627963 0.30328412672084926 38
1752789642683 0.3036158566926522 39
1752789657106 0.30403051915740587 40
1752789670474 0.3066014264388788 41
1752789684059 0.3075136838613369 42
1752789698460 0.30850887377674574 43
1752789711955 0.30942113119920384 44
1752789725637 0.3113285785370708 45
1752789738916 0.30942113119920384 46
1752789753431 0.3107480510864157 47
1752789766707 0.31705092055067174 48
1752789780044 0.31696798805772103 49
1752789794729 0.31705092055067174 50
1752789805085 0.31655332559296734 51
1752789815573 0.3182119754519821 52
1752789826339 0.3197876928180461 53
1752789837541 0.31663625808591805 54
1752789848152 0.318875435395588 55
1752789859016 0.3227732625642727 56
1752789869977 0.32136341018411013 57
1752789881113 0.32111461270525793 58
1752789891659 0.3224415325924697 59
1752789902303 0.3221098026206668 60
1752789913389 0.32484657488804114 61
1752789923864 0.3224415325924697 62
1752789934635 0.3297395919721347 63
1752789945112 0.3256758998175485 64
1752789955759 0.3255929673245978 65
1752789966235 0.32451484491623817 66
1752789976793 0.32750041466246477 67
1752789987343 0.32791507712721846 68
1752789997965 0.32841267208492286 69
1752790009194 0.3310665118593465 70
1752790020479 0.33206170177475536 71
1752790031701 0.331232376845248 72
1752790043086 0.3301542544368884 73
1752790054272 0.3303201194227898 74
1752790065517 0.3307347818875435 75
1752790073057 0.33322275667606566 76
1752790080651 0.3337203516337701 77
1752790088371 0.33313982418311494 78
1752790096098 0.3342179465914745 79
1752790103838 0.33405208160557304 80
1752790111572 0.33604246143639077 81
1752790119155 0.3369547188588489 82
1752790126799 0.33678885387294744 83
1752790134330 0.3372035163377011 84
1752790141885 0.33645712390114446 85
1752790149387 0.33678885387294744 86
1752790156957 0.33745231381655333 87
1752790164436 0.3372035163377011 88
1752790172065 0.33662298888704595 89
1752790179699 0.3382816387460607 90
1752790187206 0.3391938961685188 91
1752790194616 0.33819870625311 92
1752790202157 0.3386963012108144 93
1752790209554 0.339774423619174 94
1752790217208 0.34052081605573065 95
1752790224699 0.33944269364737106 96
1752790232246 0.34085254602753357 97
1752790239720 0.3391938961685188 98
1752790247273 0.3421794659147454 99
1752790255096 0.3411013435063858 100
