1753297296463 0.028243894334607077 0
1753297315854 0.056155507559395246 1
1753297335438 0.06770227612560226 2
1753297354134 0.09062967270310683 3
1753297374661 0.1104834690147865 4
1753297394775 0.1247715567369995 5
1753297415044 0.14678518026250206 6
1753297434151 0.1583319488287091 7
1753297454028 0.17137398238910118 8
1753297473623 0.1795979398571191 9
1753297493991 0.18532978900149527 10
1753297515513 0.18649277288586144 11
1753297532286 0.20310682837680677 12
1753297548658 0.22080079747466355 13
1753297569074 0.2267818574514039 14
1753297589487 0.2411530154510716 15
1753297609015 0.23882704768233926 16
1753297629097 0.2451403887688985 17
1753297651135 0.2536966273467353 18
1753297670663 0.26059146037547765 19
1753297691085 0.2596776873234757 20
1753297712885 0.2698122611729523 21
1753297729621 0.2697291908954976 22
1753297749611 0.2787838511380628 23
1753297769603 0.2774547266987872 24
1753297787955 0.28235587306861604 25
1753297807952 0.28385113806280116 26
1753297826545 0.28792158165808274 27
1753297845669 0.2928227280279116 28
1753297866084 0.29980063133410867 29
1753297886763 0.29822229606246886 30
1753297905616 0.30187738827047683 31
1753297927892 0.2999667718890181 32
1753297947885 0.30544941020103006 33
1753297968670 0.3083568699119455 34
1753297988706 0.3160824057152351 35
1753298008191 0.31658082737996346 36
1753298028239 0.3195713573683336 37
1753298043874 0.32372487124106997 38
1753298063043 0.3235587306861605 39
1753298083996 0.3292075095530819 40
1753298102983 0.3311181259345406 41
1753298124592 0.329789001495265 42
1753298146712 0.33402558564545604 43
1753298166260 0.33585313174946 44
1753298186369 0.3356869911945506 45
1753298205741 0.3384283103505566 46
1753298225855 0.3416680511712909 47
1753298246115 0.34033892673201527 48
1753298263665 0.34715068948330285 49
1753298282898 0.3446585811596611 50
1753298303778 0.3466522678185745 51
1753298323309 0.34715068948330285 52
1753298342044 0.35396245223459044 53
1753298362159 0.35296560890513373 54
1753298382550 0.3559561388935039 55
1753298402019 0.3549592955640472 56
1753298417041 0.3581990363847815 57
1753298436850 0.3575344741651437 58
1753298458652 0.35944509054660245 59
1753298478002 0.3606080744309686 60
1753298495623 0.35794982555241733 61
1753298514798 0.35894666888187404 62
1753298534080 0.3593620202691477 63
1753298554775 0.36600764246552586 64
1753298575522 0.3641800963615218 65
1753298594762 0.36825053995680346 66
1753298616618 0.3659245721880711 67
1753298635899 0.36550922080079745 68
1753298653775 0.368084399401894 69
1753298673292 0.3677521182920751 70
1753298692682 0.37290247549426814 71
1753298711212 0.37124106994517364 72
1753298730657 0.37232098355208504 73
1753298750788 0.3747300215982721 74
1753298770369 0.37481309187572687 75
1753298790594 0.37630835686991193 76
1753298810774 0.3749792324306363 77
1753298828406 0.3779697624190065 78
1753298848468 0.37821897325137066 79
1753298866891 0.37747134075427813 80
1753298885922 0.37564379465027414 81
1753298904914 0.3765575677022761 82
1753298923733 0.3755607243728194 83
1753298943504 0.37564379465027414 84
1753298953580 0.38594450905466027 85
1753298973379 0.3799634490779199 86
1753298992126 0.38037880046519357 87
1753299011990 0.3839508223957468 88
1753299031816 0.38262169795647116 89
1753299051985 0.38478152517029407 90
1753299070955 0.3851968765575677 91
1753299088288 0.3881043362684831 92
1753299107899 0.3855291576673866 93
1753299127175 0.38901810932048514 94
1753299147257 0.3863598604419339 95
1753299167050 0.3856952982222961 96
1753299185827 0.3882704768233926 97
1753299207290 0.3857783684997508 98
1753299225940 0.3855291576673866 99
1753299245564 0.3885196876557568 100
