1753297296464 4.5479466516263045 0
1753297315855 4.4040096502636805 1
1753297335440 4.263009910575478 2
1753297354135 4.148008951072485 3
1753297374662 4.031822224733658 4
1753297394776 3.9339932524992567 5
1753297415045 3.8483087801542437 6
1753297434152 3.7610643932728167 7
1753297454029 3.689871433203137 8
1753297473624 3.624786433576285 9
1753297493992 3.568318851082302 10
1753297515515 3.511701748269904 11
1753297532287 3.466610882276244 12
1753297548659 3.4123209289965284 13
1753297569075 3.377103273835489 14
1753297589488 3.332719425285198 15
1753297609016 3.3013947415672567 16
1753297629098 3.2745662318552777 17
1753297651136 3.242001635705588 18
1753297670664 3.1955252306308 19
1753297691086 3.2070094443209385 20
1753297712886 3.1584710143553503 21
1753297729622 3.1507226676437825 22
1753297749612 3.117354731165897 23
1753297769604 3.097785109404307 24
1753297787956 3.0628939435330698 25
1753297807953 3.0639422486037855 26
1753297826546 3.0555585963528613 27
1753297845670 3.0304394320762174 28
1753297866085 2.9932302877576276 29
1753297886764 2.9879981958099453 30
1753297905617 2.9815100026686885 31
1753297927893 2.9651287443475494 32
1753297947886 2.9463593150047056 33
1753297968671 2.9431250241560414 34
1753297988707 2.912805225516929 35
1753298008192 2.91950272803499 36
1753298028240 2.8908032018780556 37
1753298043875 2.8867251835935703 38
1753298063044 2.8829257408953253 39
1753298083997 2.856562598105387 40
1753298102984 2.853585938982174 41
1753298124593 2.8692888110913666 42
1753298146713 2.8259238578432395 43
1753298166261 2.8249940023346074 44
1753298186370 2.8147493009433973 45
1753298205742 2.823485258611224 46
1753298225856 2.8168741689854784 47
1753298246116 2.794435551683659 48
1753298263666 2.77251294772632 49
1753298282899 2.7752601285725396 50
1753298303779 2.7666905007100797 51
1753298323310 2.773805712202909 52
1753298342045 2.748506700456418 53
1753298362160 2.740319321640603 54
1753298382551 2.7398836843703864 55
1753298402020 2.7403645220801027 56
1753298417042 2.7239970013455417 57
1753298436851 2.7114276108294786 58
1753298458653 2.7195985318169766 59
1753298478003 2.702700749258877 60
1753298495624 2.6992708106860737 61
1753298514799 2.6851913222448824 62
1753298534081 2.6855050166548176 63
1753298554776 2.684279971949039 64
1753298575523 2.661730317990035 65
1753298594763 2.681508569481394 66
1753298616619 2.6682051394656208 67
1753298635900 2.666686226034826 68
1753298653776 2.6648999170352052 69
1753298673293 2.6471144922419025 70
1753298692683 2.6518366579725843 71
1753298711213 2.6244094788953003 72
1753298730658 2.6423623869089883 73
1753298750789 2.6261641445431505 74
1753298770370 2.641564059045797 75
1753298790595 2.617651636088631 76
1753298810775 2.6155612455127417 77
1753298828407 2.600875097320279 78
1753298848469 2.6041154201827967 79
1753298866892 2.6048788693946867 80
1753298885923 2.605821413013453 81
1753298904915 2.61380501452265 82
1753298923734 2.616486164502809 83
1753298943505 2.6019897216217713 84
1753298953581 2.587189198580045 85
1753298973380 2.600168707122468 86
1753298992127 2.5698878522077595 87
1753299011991 2.5693000367630825 88
1753299031817 2.5937413838279 89
1753299051986 2.5563726258057415 90
1753299070956 2.566116799033956 91
1753299088289 2.5577431962445236 92
1753299107900 2.5611136313206813 93
1753299127176 2.538562210261847 94
1753299147258 2.559379416285768 95
1753299167051 2.563027934668043 96
1753299185828 2.542288053964005 97
1753299207291 2.562044138728495 98
1753299225941 2.5545456725610762 99
1753299245565 2.538473407371097 100
