1752942713220 0.028825386276790165 0
1752942744578 0.07351719554743313 1
1752942758423 0.10234258182422329 2
1752942775875 0.12518690812427313 3
1752942797984 0.14670210998504735 4
1752942825367 0.16231932214653597 5
1752942841830 0.18807110815750125 6
1752942868557 0.20302375809935205 7
1752942881501 0.21133078584482473 8
1752942901215 0.22520352217976408 9
1752942914734 0.23326133909287258 10
1752942945707 0.24547266987871738 11
1752942975495 0.24646951320817412 12
1752943004751 0.2572686492772886 13
1752943035823 0.2620867253696627 14
1752943061782 0.27770393753115136 15
1752943075961 0.2734673533809603 16
1752943088506 0.27645788336933047 17
1752943102195 0.28177438112643294 18
1752943128643 0.28833693304535635 19
1752943142027 0.28833693304535635 20
1752943171333 0.2928227280279116 21
1752943202199 0.2915766738660907 22
1752943224074 0.299385279946835 23
1752943237445 0.2985545771722878 24
1752943256728 0.3023758099352052 25
1752943269691 0.3007974746635654 26
1752943287488 0.2997175610566539 27
1752943316844 0.3046187074264828 28
1752943344836 0.31059976740322315 29
1752943368138 0.30910450240903803 30
1752943398454 0.3091875726864928 31
1752943413777 0.308523010466855 32
1752943440399 0.3069446751952152 33
1752943474025 0.3083568699119455 34
1752943503512 0.3129257351719555 35
1752943530361 0.31458714072105 36
1752943559920 0.3169131084897824 37
1752943584198 0.317328459877056 38
1752943615788 0.31699617876723707 39
1752943628402 0.3242232929057983 40
1752943657040 0.3211496926399734 41
1752943685236 0.3184914437614222 42
1752943707831 0.31965442764578833 43
1752943724082 0.32380794151852466 44
1752943749201 0.32123276291742814 45
1752943766818 0.31907293570360523 46
1752943794459 0.3263000498421665 47
1752943809419 0.32463864429307193 48
1752943828833 0.3254693470676192 49
1752943856721 0.3258846984548928 50
