1753902145093 0.023758099352051837 0
1753902198618 0.05299883701611564 1
1753902243399 0.08896826715401229 2
1753902293806 0.08946668881874066 3
1753902343761 0.11197873400897158 4
1753902397961 0.11920584814753281 5
1753902441755 0.1262668217311846 6
1753902491637 0.1303372653264662 7
1753902541326 0.16663897657418175 8
1753902586610 0.17727197208838677 9
1753902631214 0.1810932048513042 10
1753902681859 0.1879049676025918 11
1753902713026 0.18773882704768233 12
1753902758856 0.18616049177604252 13
1753902809438 0.1901478650938694 14
1753902861596 0.19679348729024754 15
1753902908816 0.19646120618042864 16
1753902960471 0.20468516364844658 17
1753903006677 0.21540122944010634 18
1753903058928 0.21581658082737995 19
1753903097636 0.21473666722046852 20
1753903136114 0.2234590463532148 21
1753903181462 0.2199700947001163 22
1753903231595 0.22819405216813424 23
1753903279267 0.22520352217976408 24
1753903328681 0.2187240405382954 25
1753903379093 0.2262003655092208 26
