1753640183175 0.03164977571025087 0
1753640205143 0.05565708589466689 1
1753640231112 0.08273799634490779 2
1753640262678 0.10782522013623526 3
1753640290480 0.12909121116464528 4
1753640319435 0.14047183917594286 5
1753640346826 0.17286924738328627 6
1753640368807 0.1900647948164147 7
1753640393561 0.1941352384116963 8
1753640422809 0.2059312178102675 9
1753640446064 0.20726034224954312 10
1753640472164 0.22578501412194718 11
1753640503289 0.2267818574514039 12
1753640529005 0.23882704768233926 13
1753640555706 0.2448911779365343 14
1753640603688 0.25161987041036715 15
1753640625981 0.2536966273467353 16
1753640652931 0.2556903140056488 17
1753640676134 0.25618873567037714 18
1753640707457 0.2644957634158498 19
1753640731331 0.26333277953148365 20
1753640757428 0.2734673533809603 21
1753640781886 0.26773550423658415 22
1753640807601 0.27213822894168466 23
1753640837955 0.2754610400398737 24
1753640870537 0.2787838511380628 25
1753640888749 0.2774547266987872 26
1753640904724 0.2837680677853464 27
1753640935498 0.28675859777371654 28
1753640960334 0.2859278949991693 29
1753640978300 0.2885861438777205 30
1753640994818 0.2845987705598937 31
1753641021586 0.28634324638644293 32
1753641053460 0.28983219803954147 33
1753641070871 0.28493105166971255 34
1753641095607 0.2909951819239076 35
1753641109348 0.2919920252533644 36
1753641123567 0.29573018773882703 37
1753641152211 0.29423492274464197 38
1753641184981 0.2947333444093703 39
1753641204172 0.30229273965775044 40
1753641221822 0.29880378800465196 41
1753641251299 0.30187738827047683 42
1753641267332 0.3013789666057485 43
1753641294462 0.2978069446751952 44
1753641320275 0.30104668549592956 45
1753641342997 0.3017943179930221 46
1753641362293 0.30046519355374646 47
1753641378935 0.3008805449410201 48
1753641400267 0.3041202857617544 49
1753641416431 0.3008805449410201 50
1753641437322 0.300299052998837 51
1753641456575 0.30262502076756936 52
1753641477259 0.30204352882538626 53
1753641493996 0.3011297557733843 54
1753641513643 0.3061970426981226 55
1753641533049 0.3080245888021266 56
1753641552312 0.3058647615883037 57
1753641570596 0.3086060807443097 58
1753641592919 0.3029573018773883 59
1753641613465 0.2983884366173783 60
1753641635161 0.29880378800465196 61
1753641651720 0.30827379963449075 62
1753641666793 0.30387107492939025 63
1753641687375 0.30902143213158334 64
1753641708559 0.3093537132414022 65
1753641728675 0.3077753779697624 66
1753641749275 0.3055324804784848 67
1753641769042 0.30644625353048677 68
1753641789849 0.30910450240903803 69
1753641809148 0.3096029240737664 70
1753641819586 0.31201196211995347 71
1753641841824 0.30544941020103006 72
1753641859365 0.30569862103339424 73
1753641880179 0.31101511879049676 74
1753641901130 0.31242731350722713 75
1753641912840 0.3083568699119455 76
1753641923351 0.3073600265824888 77
1753641934692 0.3077753779697624 78
1753641944540 0.30910450240903803 79
1753641954027 0.31143047017777037 80
1753641965777 0.3129257351719555 81
1753641976367 0.3086060807443097 82
1753641987501 0.313673367669048 83
1753641998209 0.31284266489450074 84
1753642008956 0.3123442432297724 85
1753642019355 0.31226117295231764 86
1753642030708 0.31035055657085897 87
1753642041685 0.3149194218308689 88
1753642052592 0.3135072271141386 89
1753642064108 0.3159162651603256 90
1753642075378 0.31558398405050675 91
1753642086155 0.3149194218308689 92
1753642097981 0.3150855623857784 93
1753642109121 0.3163316165475993 94
1753642120005 0.3179099518192391 95
1753642131077 0.3113473999003157 96
1753642142187 0.31242731350722713 97
1753642153579 0.317328459877056 98
1753642164922 0.31874065459378637 99
1753642176209 0.3125103837846818 100
