1754711531865 5.341312429446838 0
1754711542707 4.538139454216383 1
1754711555078 4.975828347114358 2
1754711566923 4.30660607967058 3
1754711580064 3.8002722682212955 4
1754711594858 3.2132182102420077 5
1754711607065 3.8314017934238325 6
1754711614443 3.359594570245352 7
1754711628250 3.1036950429761805 8
1754711640849 3.119502341840189 9
1754711652847 3.250799106958795 10
1754711667458 2.973924358743441 11
1754711682029 3.184505653248906 12
1754711696740 9.705576176206764 13
1754711709723 2.4429972776828337 14
1754711722093 4.5685947155114714 15
1754711737920 10.3710379511415 16
1754711749837 2.436992616606963 17
1754711764845 3.03569363711251 18
1754711777518 4.738647713939292 19
1754711788863 2.2612667652726235 20
1754711801164 7.692490537663937 21
1754711808686 2.080481706654027 22
1754711822126 2.4115330914419775 23
1754711837032 2.239310325059617 24
1754711850131 2.167209441326927 25
1754711863824 8.788628504778485 26
1754711874885 1.9299756134625907 27
1754711888404 1.761488488585258 28
1754711903029 2.309711216616735 29
1754711917330 2.0807695618783306 30
1754711927369 1.6924877498486501 31
1754711939241 1.5916396528547554 32
1754711952708 1.6980350975052254 33
1754711964039 1.8301263167072712 34
1754711978164 2.2927587948142722 35
1754711992021 7.251490442978633 36
1754712005524 1.9151424043677072 37
1754712020800 1.4211038125221482 38
1754712033867 1.6084858376106999 39
1754712048421 1.6031906188664675 40
1754712061231 1.8149888421505 41
1754712072973 1.809636091056063 42
1754712087481 1.7157230263982655 43
1754712104218 7.303064141171921 44
1754712117431 1.8071841329792444 45
1754712132689 1.891059411220082 46
1754712147406 7.747659671114172 47
1754712161535 1.9588376705856618 48
1754712177184 2.2305542966667296 49
1754712190944 1.5957110479116234 50
1754712205188 1.6768433428631142 51
1754712218589 2.1308931924280894 52
1754712233812 2.064965664285044 53
1754712246334 2.0102605414805166 54
1754712260907 1.6383433254233708 55
1754712274029 1.696924634239802 56
1754712287015 1.4666853733607872 57
1754712301221 1.4053830960950988 58
1754712315442 1.551998050594912 59
1754712331181 1.3403137196117991 60
1754712344027 9.46376333443301 61
1754712356567 5.6796877519229865 62
1754712368703 1.6400977573244775 63
1754712383797 1.570245158798532 64
1754712397008 1.6402879034070106 65
1754712407592 1.5455285679568826 66
1754712420725 1.749274911618541 67
1754712436801 1.5556558941879635 68
1754712450755 1.3028177373682817 69
1754712465649 1.389427463116503 70
1754712477792 1.6080685307868214 71
1754712490053 9.96540201947915 72
1754712503768 1.4112806603577435 73
1754712516036 1.7436265656134267 74
1754712529520 1.4131866084158748 75
1754712543222 2.1145924385500474 76
1754712557635 9.142788853532505 77
1754712571761 1.4250164899353914 78
1754712587016 1.5169661222239126 79
1754712600901 1.765055159123698 80
1754712616122 1.3827134843487894 81
1754712628260 1.5931529842521586 82
1754712641421 1.7941067725948958 83
1754712654108 1.3582206884865404 84
1754712665877 2.0345691186555546 85
1754712682183 1.987416897573969 86
1754712696734 1.4870482241036782 87
1754712705309 1.6865055865293472 88
1754712719681 1.5106486784988276 89
1754712732058 1.5015415768590337 90
1754712742153 1.4350390167282776 91
1754712754126 1.3256584400137712 92
1754712767698 10.331577604789805 93
1754712779360 1.7921876029061996 94
1754712791747 1.6250366704502224 95
1754712803834 1.5177410236272837 96
1754712816053 1.647954317663833 97
1754712829023 1.7199774189204784 98
1754712841952 10.337948347469528 99
1754712855039 1.3911761538838796 100
