1753272942222 0.03023758099352052 0
1753272976830 0.06163814587140721 1
1753273006772 0.08913440770892175 2
1753273035335 0.10848978235587307 3
1753273065385 0.12360857285263332 4
1753273100044 0.14404386110649608 5
1753273131622 0.17286924738328627 6
1753273147745 0.18499750789167635 7
1753273183833 0.20061472005316497 8
1753273219347 0.20800797474663565 9
1753273256967 0.2153181591626516 10
1753273272844 0.2299385279946835 11
1753273306264 0.23766406379797309 12
1753273324964 0.2511214487456388 13
1753273359744 0.26341584980893834 14
1753273391913 0.2774547266987872 15
1753273414680 0.27571025087223794 16
1753273449865 0.28052832696461205 17
1753273487841 0.28700780860608077 18
1753273520507 0.29074597109154343 19
1753273553209 0.29489948496427976 20
1753273588407 0.29689317162319323 21
1753273625459 0.2981392257850141 22
1753273663771 0.31001827546104005 23
1753273698362 0.308523010466855 24
1753273724406 0.31126432962286094 25
1753273740621 0.3167469679348729 26
1753273761086 0.31375643794650276 27
1753273782409 0.3176607409868749 28
1753273800207 0.3201528493105167 29
1753273819834 0.3267154012294401 30
1753273839401 0.3242232929057983 31
1753273859917 0.3276291742814421 32
1753273878426 0.32895829872071775 33
1753273895698 0.3322811098189068 34
1753273913672 0.3326964612061804 35
1753273932815 0.33153347732181426 36
1753273952916 0.3335271639807277 37
1753273973688 0.338594450905466 38
1753273993485 0.33892673201528495 39
1753274013861 0.33992357534474166 40
1753274033934 0.342249543113474 41
1753274054523 0.34017278617710583 42
1753274073507 0.34274796477820235 43
1753274093208 0.34731683003821234 44
1753274112809 0.34648612726366507 45
1753274132600 0.3469014786509387 46
1753274151402 0.3497258680843994 47
1753274170532 0.3500581491942183 48
1753274190118 0.35047350058149196 49
1753274209425 0.3499750789167636 50
1753274224244 0.3550423658415019 51
1753274237446 0.3547931550091377 52
1753274251138 0.3518856952982223 53
1753274264182 0.3516364844658581 54
1753274277562 0.35512543611895664 55
1753274291666 0.35828210666223625 56
1753274304230 0.35927894999169296 57
1753274317505 0.3596112311015119 58
1753274329940 0.36010965276624024 59
1753274343861 0.3631001827546104 60
1753274357134 0.3566207011131417 61
1753274369961 0.35853131749460043 62
1753274384301 0.36069114470842334 63
1753274395933 0.3630171124771557 64
1753274407742 0.3630171124771557 65
1753274421482 0.36409702608406713 66
1753274434165 0.3650107991360691 67
1753274447822 0.36202026914769897 68
1753274461925 0.365343080245888 69
1753274475140 0.36143877720551587 70
1753274489739 0.36941352384116966 71
1753274504559 0.3681674696793487 72
1753274518676 0.36849975078916763 73
1753274532382 0.36825053995680346 74
1753274545877 0.36966273467353383 75
1753274553940 0.368998172453896 76
1753274561241 0.3699950157833527 77
1753274568695 0.3699950157833527 78
1753274576718 0.37190563216481143 79
1753274584293 0.3685828210666224 80
1753274592680 0.37099185911280946 81
1753274599578 0.3705765077255358 82
1753274607203 0.36700448579498257 83
1753274615372 0.36982887522844327 84
1753274623829 0.3734008971589965 85
1753274631899 0.37464695132081743 86
1753274639838 0.37365010799136067 87
1753274647966 0.3743146702109985 88
1753274655421 0.3748961621531816 89
1753274663409 0.37605914603754775 90
1753274671394 0.3719887024422662 91
1753274679248 0.3749792324306363 92
1753274687492 0.37605914603754775 93
1753274695661 0.3745638810433627 94
1753274703444 0.37846818408373484 95
1753274710831 0.37564379465027414 96
1753274718412 0.3767237082571856 97
1753274726679 0.37904967602591794 98
1753274734575 0.3798803788004652 99
1753274742895 0.3769729190895498 100
