1753272942223 4.521157216504624 0
1753272976831 4.351176527529617 1
1753273006773 4.192804974585634 2
1753273035336 4.051538149114916 3
1753273065386 3.95420229189433 4
1753273100045 3.8569319455149595 5
1753273131623 3.779563448743792 6
1753273147746 3.7192074791530243 7
1753273183834 3.665096748596783 8
1753273219348 3.6079464145396227 9
1753273256968 3.5616587285937356 10
1753273272845 3.536103114028496 11
1753273306265 3.483539245593643 12
1753273324965 3.447952298293248 13
1753273359745 3.418679374413813 14
1753273391914 3.4093217504981586 15
1753273414681 3.407282606399876 16
1753273449866 3.405929712487049 17
1753273487842 3.378601291553971 18
1753273520508 3.3537070997851695 19
1753273553210 3.3802812553945336 20
1753273588408 3.3490678821606212 21
1753273625460 3.353681183239651 22
1753273663772 3.3418548306956817 23
1753273698363 3.345581047521914 24
1753273724407 3.3152850882102083 25
1753273740622 3.3427751329126556 26
1753273761087 3.3301778207961727 27
1753273782410 3.29734050747776 28
1753273800208 3.277142434047019 29
1753273819835 3.280996520299278 30
1753273839402 3.2617249936930217 31
1753273859918 3.26982747781873 32
1753273878427 3.2857017547029965 33
1753273895699 3.2826194199269536 34
1753273913673 3.2450195036800333 35
1753273932816 3.2721060070233867 36
1753273952917 3.2301625289201437 37
1753273973689 3.2431879798220504 38
1753273993486 3.2384403038232854 39
1753274013862 3.227856261795837 40
1753274033935 3.246875136044658 41
1753274054524 3.2489946554968867 42
1753274073508 3.244639956297219 43
1753274093209 3.2424034744989676 44
1753274112810 3.2209930632509267 45
1753274132601 3.2333111962747454 46
1753274151403 3.2245556405358275 47
1753274170533 3.1999835259100626 48
1753274190119 3.1942614362288944 49
1753274209426 3.207768116567555 50
1753274224245 3.1739361737520064 51
1753274237447 3.1780787483390114 52
1753274251139 3.1795559274067946 53
1753274264183 3.1541312833501793 54
1753274277563 3.1580905345882773 55
1753274291667 3.152393351242842 56
1753274304231 3.1518747650960655 57
1753274317506 3.1533120538931327 58
1753274329941 3.1499618369022704 59
1753274343862 3.1191153002855105 60
1753274357135 3.13127633786442 61
1753274369962 3.1230805609570975 62
1753274384302 3.133349722532376 63
1753274395934 3.1457287658032573 64
1753274407743 3.122065351421766 65
1753274421483 3.1068860177685105 66
1753274434166 3.103149427366437 67
1753274447823 3.115983763829456 68
1753274461926 3.114088816758513 69
1753274475141 3.1171059117015543 70
1753274489740 3.114902250678562 71
1753274504560 3.08759084727244 72
1753274518677 3.1030090800562844 73
1753274532383 3.095407226666677 74
1753274545878 3.1016589468795246 75
1753274553941 3.0543143732826366 76
1753274561242 3.047309129678587 77
1753274568696 3.02106381206765 78
1753274576719 3.0033750660457548 79
1753274584294 3.023977059396489 80
1753274592681 3.0044507185743354 81
1753274599579 3.037795941999551 82
1753274607204 3.027210209751991 83
1753274615373 3.0113932312837717 84
1753274623830 3.0019722614232207 85
1753274631900 3.006159107779795 86
1753274639839 2.9874845649726054 87
1753274647967 2.9700032076248353 88
1753274655422 2.9968592739965847 89
1753274663410 2.9638980104673704 90
1753274671395 2.973882481086249 91
1753274679249 2.972178389609937 92
1753274687493 2.9763803697524325 93
1753274695662 2.966743626831058 94
1753274703445 2.9615597529552122 95
1753274710832 2.9717852227724917 96
1753274718413 2.953534480928122 97
1753274726680 2.956878606024887 98
1753274734576 2.9664547902012433 99
1753274742896 2.947744192321444 100
