1752660639762 4.4506890952125655 0
1752660689118 4.148028730073966 1
1752660739333 3.848867690495852 2
1752660788804 3.6252965784442055 3
1752660839340 3.447449938775506 4
1752660890026 3.2903836709257197 5
1752660941177 3.179005536556144 6
1752660991142 3.0735386333273005 7
1752661041788 3.0073825360267423 8
1752661093269 2.950180399172175 9
1752661143828 2.899165880002844 10
1752661193658 2.8531240057149527 11
1752661243927 2.8313604700413175 12
1752661293893 2.780011735418447 13
1752661343545 2.7634594841129636 14
1752661395159 2.727817622518709 15
1752661445638 2.725239430599618 16
1752661494413 2.715238344098115 17
1752661546469 2.6965634523200848 18
1752661597635 2.657339489660794 19
1752661649325 2.681848853215385 20
1752661701082 2.640380187061048 21
1752661751681 2.655518010342862 22
1752661801858 2.6358426031544506 23
1752661852486 2.6301422740505638 24
1752661901566 2.5977943253663076 25
1752661929400 2.572085746974969 26
1752661957115 2.5788341576857507 27
1752661984125 2.545969817953445 28
1752662011232 2.5255224006798107 29
1752662039553 2.52874498522339 30
1752662067513 2.517905788822363 31
1752662095191 2.505404920957407 32
1752662123138 2.507873994837897 33
1752662150736 2.5016201862226994 34
1752662177846 2.468707473885068 35
1752662205226 2.477795376603537 36
1752662232336 2.4485341528889326 37
1752662260460 2.444668081791911 38
1752662288708 2.4454841857133336 39
1752662316450 2.4211745173499835 40
1752662344180 2.40911965831712 41
1752662372415 2.4395211606712666 42
1752662401173 2.419088090219416 43
1752662429818 2.401309561127024 44
1752662459333 2.402548094019902 45
1752662486866 2.4049454318676364 46
1752662513962 2.385754394001805 47
1752662542163 2.371371121558342 48
1752662570370 2.355113132993006 49
1752662598023 2.3662091585495504 50
1752662617409 2.3323415652709443 51
1752662635977 2.3309675804813876 52
1752662654713 2.3158360882879525 53
1752662674393 2.317510759005439 54
1752662693248 2.305153937157938 55
1752662712100 2.288824724618499 56
1752662731791 2.285952067535451 57
1752662750887 2.2891914821345827 58
1752662769547 2.2880968937759842 59
1752662788471 2.2627426709876097 60
1752662806541 2.266278338151064 61
1752662826152 2.2625626227981153 62
1752662844766 2.262841326152026 63
1752662863199 2.246065211682096 64
1752662882232 2.2363557378276417 65
1752662900837 2.2325560937032063 66
1752662919256 2.221102445167112 67
1752662938408 2.2275916688466926 68
1752662957601 2.2248206488268973 69
1752662976780 2.212544440306438 70
1752662995785 2.2064795255268135 71
1752663015369 2.1926200118529344 72
1752663034825 2.199365170019694 73
1752663053565 2.191945283282973 74
1752663072200 2.18645202022862 75
1752663081971 2.148001983290962 76
1752663091750 2.130491753335053 77
1752663101867 2.1188354425866573 78
1752663111978 2.1103964632470182 79
1752663121732 2.119937870789457 80
1752663131430 2.1098566225418662 81
1752663141151 2.110157655525916 82
1752663150907 2.109210031427058 83
1752663160525 2.1060633708160275 84
1752663170535 2.090790571537719 85
1752663180717 2.0921371604395254 86
1752663190880 2.084152448402461 87
1752663201088 2.0717868342961343 88
1752663211106 2.082268974797375 89
1752663220798 2.0643497164259648 90
1752663230614 2.0664804657119467 91
1752663240210 2.0598623306556934 92
1752663250256 2.061994737359888 93
1752663260141 2.049801600976553 94
1752663269815 2.043171183927385 95
1752663279800 2.051256471157049 96
1752663289958 2.038859813700762 97
1752663300019 2.0452879072919403 98
1752663309893 2.0366086586358834 99
1752663319635 2.0349768272321027 100
