1751590705389 0.012875893005482638 0
1751590724838 0.010549925236750291 1
1751590746399 0.00930387107492939 2
1751590769480 0.010632995514205018 3
1751590792429 0.010051503572021931 4
1751590815483 0.010134573849476657 5
1751590838836 0.011131417178933378 6
1751590862132 0.012958963282937365 7
1751590885491 0.013706595780029905 8
1751590908900 0.014952649941850806 9
1751590934584 0.013706595780029905 10
1751590957697 0.013540455225120452 11
1751590981048 0.011463698288752284 12
1751591003979 0.021349061305864763 13
