1753588476764 0.02118292075095531 0
1753588493788 0.03322811098189068 1
1753588514601 0.05216813424156837 2
1753588532562 0.06911447084233262 3
1753588551682 0.07476324970925403 4
1753588575403 0.08348562884200034 5
1753588596967 0.1039209170958631 6
1753588620178 0.11538461538461539 7
1753588642503 0.1285097192224622 8
1753588665331 0.13748130918757268 9
1753588684283 0.14769895331450408 10
1753588701281 0.15392922412360857 11
1753588720225 0.16755274962618374 12
1753588739582 0.17619205848147532 13
1753588759691 0.18940023259677688 14
1753588781026 0.20078086060807443 15
1753588799041 0.2003655092208008 16
1753588818328 0.19978401727861772 17
1753588839168 0.20975245057318492 18
1753588855452 0.21457052666555906 19
1753588872870 0.21955474331284267 20
1753588895666 0.22711413856122278 21
1753588906353 0.2259511546768566 22
1753588925568 0.23126765243395914 23
1753588942171 0.23600265824887856 24
1753588962718 0.23899318823724872 25
1753588981045 0.24223292905798305 26
1753588997840 0.24298056155507558 27
1753589016508 0.2476324970925403 28
1753589038496 0.24879548097690646 29
1753589060082 0.2482139890347234 30
1753589076381 0.2507060973583652 31
1753589096885 0.2560225951154677 32
1753589119667 0.25618873567037714 33
1753589140956 0.2625020767569364 34
1753589152252 0.262003655092208 35
1753589169076 0.2678185745140389 36
1753589190931 0.26856620701113143 37
1753589210461 0.27072603422495434 38
1753589228871 0.27487954809769066 39
1753589249686 0.2797806944675195 40
1753589270938 0.28069446751952154 41
1753589294335 0.2824389433460708 42
1753589314594 0.28110981890679515 43
1753589332719 0.2797806944675195 44
1753589352257 0.2861771058315335 45
1753589371962 0.28542947333444096 46
1753589390506 0.2885861438777205 47
1753589409666 0.2877554411031733 48
1753589431984 0.2871739491609902 49
1753589454267 0.28991526831699616 50
1753589464995 0.2847649111148031 51
1753589483135 0.28709087888353546 52
1753589502919 0.29174281442100014 53
1753589525080 0.29149360358863596 54
1753589545731 0.29506562551918925 55
1753589565255 0.289666057484632 56
1753589586041 0.2949825552417345 57
1753589606215 0.2985545771722878 58
1753589625735 0.2977238743977405 59
1753589645300 0.29348729024754944 60
1753589666130 0.2946502741319156 61
1753589676855 0.29489948496427976 62
1753589698845 0.29606246884864595 63
1753589717988 0.30378800465193556 64
1753589738626 0.3027911613224788 65
1753589758806 0.3046187074264828 66
1753589776766 0.3052001993686659 67
1753589795849 0.29847150689483304 68
1753589811782 0.30328958298720715 69
1753589833450 0.3029573018773883 70
1753589855176 0.3052832696461206 71
1753589876249 0.30245888021265993 72
1753589897606 0.30328958298720715 73
1753589920407 0.30910450240903803 74
1753589930912 0.3099352051835853 75
1753589952775 0.31068283768067784 76
1753589963491 0.3045356371490281 77
1753589984055 0.3076923076923077 78
1753590007615 0.3107659079581326 79
1753590026574 0.30843994018940024 80
1753590046346 0.3091875726864928 81
1753590062184 0.3115135404552251 82
1753590080929 0.3105166971257684 83
1753590101686 0.31375643794650276 84
1753590115687 0.3111812593454062 85
1753590136758 0.3139225785014122 86
1753590158205 0.313673367669048 87
1753590173543 0.31716231932214656 88
1753590194880 0.31483635155341416 89
1753590216717 0.31500249210832365 90
1753590235838 0.31525170294068783 91
1753590254326 0.31217810267486296 92
1753590275984 0.3120950323974082 93
1753590291327 0.31782688154178435 94
1753590312587 0.31724538959960125 95
1753590333003 0.31533477321814257 96
1753590356264 0.3151686326632331 97
1753590378888 0.3183253032065127 98
1753590399320 0.32098355208506396 99
1753590413714 0.31558398405050675 100
