1753360695223 4.439377129913549 0
1753360727358 4.167383399112476 1
1753360755034 3.932008375805226 2
1753360813351 3.760234398631327 3
1753360881116 3.617125226117298 4
1753360913104 3.484250022716965 5
1753360977074 3.3980099717102483 6
1753361003872 3.309538278364691 7
1753361031896 3.2475412134895714 8
1753361060283 3.203923142986533 9
1753361109162 3.1548115193070565 10
1753361174942 3.133494528979032 11
1753361204365 3.0903417303749747 12
1753361231863 3.068217960704094 13
1753361298091 3.070463589337062 14
1753361366081 3.0248757595358895 15
1753361397444 3.0305693642218556 16
1753361465245 3.030537953640432 17
1753361517343 3.007654521817766 18
1753361553120 2.9632639419299136 19
1753361622550 3.0007728918760135 20
1753361680237 2.9740297692225903 21
1753361708206 2.988003678658837 22
1753361736034 2.9755555187453533 23
1753361787926 2.9633603777239874 24
1753361814756 2.931456182455263 25
1753361842622 2.959193835213085 26
1753361910717 2.9761240674371026 27
1753361980062 2.948103140514998 28
1753362043277 2.939291046039408 29
1753362071118 2.9352947328505494 30
1753362135377 2.918473244966835 31
1753362186523 2.938403347454502 32
1753362215855 2.9484266735010003 33
1753362243150 2.955271425201544 34
1753362311141 2.9105990301193265 35
1753362382921 2.920454286810593 36
1753362452381 2.900412833473627 37
1753362499485 2.9036146729068295 38
1753362538093 2.915673995503174 39
1753362579915 2.882380071892589 40
1753362650838 2.8874748839627853 41
1753362691979 2.909980810403849 42
1753362719544 2.898302645568482 43
1753362747343 2.8920040774866735 44
1753362817142 2.897244419038084 45
1753362845028 2.903431787885777 46
1753362912304 2.888183365321653 47
1753362940492 2.880594386789908 48
1753363008823 2.873925751787233 49
1753363036437 2.8551026303668006 50
1753363064637 2.8594265845991074 51
1753363096801 2.87589161896536 52
1753363123917 2.878989766557475 53
1753363151364 2.8537119378084967 54
1753363184150 2.8760912562715606 55
1753363220213 2.85884258041299 56
1753363283523 2.881484603267268 57
1753363311899 2.843482297801727 58
1753363341752 2.8703862356419942 59
1753363378080 2.8394556946087444 60
1753363427469 2.8386440143148177 61
1753363470760 2.8070482835391872 62
1753363501464 2.8138746331755926 63
1753363528587 2.8398998272992073 64
1753363588414 2.805293806901248 65
1753363619918 2.8342803756274373 66
1753363680718 2.8079061204948346 67
1753363708568 2.818268456759189 68
1753363745328 2.8203704205625573 69
1753363809501 2.8128295226479008 70
1753363868282 2.8125268268779147 71
1753363896290 2.761482652045239 72
1753363923736 2.798012365191258 73
1753363951394 2.779565439460716 74
1753364012198 2.8211156314869923 75
1753364079247 2.7795764042785986 76
1753364128280 2.779029309970985 77
1753364155892 2.769032779565776 78
1753364226311 2.7665097564365304 79
1753364289699 2.786225628247319 80
1753364317611 2.763533445381113 81
1753364345263 2.80002267616305 82
1753364373858 2.8060480384193136 83
1753364435188 2.8016948783546094 84
1753364470082 2.789113170296409 85
1753364498843 2.7944646535429976 86
1753364526016 2.7531476518765583 87
1753364597080 2.7679050231118985 88
1753364635066 2.8024979531796164 89
1753364676823 2.735394845587061 90
1753364707600 2.7570360679429653 91
1753364771653 2.7469806286499923 92
1753364800045 2.7462866595410533 93
1753364858901 2.734939345588343 94
1753364925171 2.753273883869949 95
1753364989165 2.7676228561391265 96
1753365018164 2.7109652759702567 97
1753365045453 2.7459226010558644 98
1753365102597 2.757866207645868 99
1753365134879 2.7260181784869912 100
