1752065390553 0.22147229053791676 0
1752065481463 0.2087686532665175 1
1752065573604 0.2771500952310509 2
1752065670658 0.31082305516004366 3
1752065762199 0.3359529577100168 4
1752065849333 0.36679672331219143 5
1752065936947 0.3539636457774737 6
1752066023795 0.3697923408347048 7
1752066118075 0.39059524029660314 8
1752066206253 0.4031694373046839 9
1752066292379 0.4188686920985965 10
1752066371378 0.40104291869302316 11
1752066467469 0.4107324469757207 12
1752066556029 0.43885796704820723 13
1752066649290 0.4334029845226428 14
1752066739880 0.4314428891066773 15
1752066830455 0.4570905527099244 16
1752066921720 0.4409290112613029 17
1752067001507 0.43987499768856675 18
1752067102918 0.45967935797629395 19
1752067200661 0.4613620813994342 20
1752067295290 0.43717524362506704 21
1752067387132 0.4668725383235637 22
1752067474820 0.46748275670777933 23
1752067562501 0.4554263207529725 24
1752067652930 0.45991974703674254 25
1752067745673 0.4634331256125298 26
1752067838534 0.4685552617467039 27
1752067928869 0.4622311803102868 28
1752068021126 0.4701640193050907 29
1752068112715 0.47125501581020357 30
1752068204252 0.4664287431350432 31
1752068304176 0.4708482035540598 32
1752068401786 0.48149928807855175 33
1752068490952 0.4792988036021376 34
1752068576708 0.46949832652230994 35
1752068665248 0.4866029327465375 36
1752068754474 0.4797980731892232 37
1752068845177 0.48519758131622254 38
1752068937256 0.4768209471328982 39
1752069020295 0.4856783594371198 40
1752069113180 0.4704968656964811 41
1752069200044 0.47556352743209007 42
1752069291358 0.4853085301133527 43
1752069385163 0.4862700863551471 44
1752069479458 0.4890992806819653 45
1752069577304 0.4847352946615137 46
1752069655726 0.4779304351041994 47
1752069743586 0.4879713012444757 48
1752069835066 0.4779489265703878 49
1752069926509 0.48765694631927364 50
1752069980209 0.49825255644520056 51
1752070031409 0.4912627822260027 52
1752070090427 0.487046727935058 53
1752070144676 0.4880452671092291 54
1752070202976 0.5000462286654709 55
1752070258882 0.49264964219012924 56
1752070317604 0.493000980047708 57
1752070374829 0.4952384474564988 58
1752070428590 0.4969026794134507 59
1752070485442 0.4906895467741637 60
1752070541331 0.5005824811849332 61
1752070594699 0.4918175262116533 62
1752070651200 0.493629689898112 63
1752070708040 0.47961315852733966 64
1752070764882 0.487675437785462 65
1752070822251 0.4950535327946153 66
1752070877950 0.49185450914403 67
1752070937362 0.49688418794726236 68
1752070992168 0.5017659350209878 69
1752071041839 0.4916141200835814 70
1752071097881 0.49244623606205734 71
1752071155112 0.5004900238539913 72
1752071208796 0.49390706189093736 73
1752071260750 0.5044471976182991 74
1752071318660 0.4988257918970395 75
1752071377183 0.4991031638898648 76
1752071429083 0.4863810351522772 77
1752071485853 0.4997503652064572 78
1752071544980 0.5002866177259195 79
1752071606687 0.4904306662475268 80
1752071660901 0.5049279757391963 81
1752071714533 0.4932228776419682 82
1752071770836 0.5053717709277169 83
1752071825241 0.5045026720168642 84
1752071879848 0.495663751178831 85
1752071937307 0.4945357717413414 86
1752071998097 0.5063333271695113 87
1752072055942 0.48419904214205145 88
1752072114689 0.48983893932949946 89
1752072168168 0.4983450137761423 90
1752072223216 0.4988627748294162 91
1752072277633 0.5067586308918434 92
1752072332994 0.5017289520886111 93
1752072388061 0.5095323508200965 94
1752072445714 0.49510900719318035 95
1752072499502 0.5039479280312136 96
1752072553136 0.5028384400599123 97
1752072609282 0.495090515726992 98
1752072665541 0.5022097302095083 99
1752072721450 0.5072394090127407 100
1752072762177 0.5082009652545351 101
1752072803528 0.5076092383365077 102
1752072845838 0.507572255404131 103
1752072888284 0.5085523031121137 104
1752072927420 0.4961075463673515 105
1752072967373 0.50376301336933 106
1752073009349 0.5073318663436824 107
1752073050131 0.5068880711551619 108
1752073090554 0.5081639823221583 109
1752073131245 0.5075352724717543 110
1752073170697 0.5085523031121137 111
1752073210452 0.511751326762699 112
1752073251028 0.5003051091921078 113
1752073290142 0.4984189796408957 114
1752073333058 0.5072209175465523 115
1752073373165 0.5032267608498678 116
1752073415278 0.511492446236062 117
1752073455903 0.501932358216683 118
1752073498110 0.5083119140516652 119
1752073538597 0.5051868562658334 120
1752073581119 0.5029124059246658 121
1752073624752 0.5029863717894192 122
1752073669205 0.5065922076961482 123
1752073711042 0.5059450063795559 124
1752073750074 0.5099021801438636 125
1752073791224 0.4900608369237597 126
1752073830741 0.5076832042012611 127
1752073868864 0.5080530335250282 128
1752073907759 0.5105123985280793 129
1752073948352 0.5116588694317572 130
1752073987885 0.512380036613103 131
1752074029502 0.5172432922206401 132
1752074070925 0.5133231013887091 133
1752074111326 0.5128793062001886 134
1752074153308 0.5106233473252094 135
1752074195853 0.5133785757872742 136
1752074234866 0.5119732243569592 137
1752074277850 0.5009338190425119 138
1752074318090 0.5047430610773128 139
1752074362505 0.5129717635311304 140
1752074399967 0.51117809131086 141
1752074439550 0.5106603302575862 142
1752074480244 0.5009523105087003 143
1752074522982 0.5127498659368701 144
1752074562522 0.5121581390188428 145
1752074606445 0.5037445219031417 146
1752074646736 0.4966253074206254 147
1752074685392 0.5134525416520276 148
1752074725822 0.5087926921725624 149
1752074767675 0.5145805210895172 150
1752074795162 0.5102165350690656 151
1752074821314 0.5155420773313116 152
1752074847661 0.5139333197729248 153
1752074875170 0.5138223709757946 154
1752074901526 0.5108822278518463 155
1752074929343 0.5210895171878178 156
1752074956714 0.5219586160986704 157
1752074982517 0.5248802677564304 158
1752075008693 0.5219031417001054 159
1752075035239 0.5228462064757115 160
1752075061739 0.5226243088814512 161
1752075088204 0.5189814900423455 162
1752075114833 0.5180754081991161 163
1752075140678 0.5233269845966086 164
1752075167250 0.5245474213650401 165
1752075194032 0.5116033950331922 166
1752075219637 0.5277649364818137 167
1752075245815 0.5246953530945468 168
1752075273343 0.5236598309879991 169
1752075300839 0.5199245548179515 170
1752075328428 0.526636957044324 171
1752075355197 0.5229016808742766 172
1752075382454 0.5198136060208214 173
1752075410725 0.5236413395218107 174
1752075437758 0.5242700493722148 175
1752075463865 0.5251576397492557 176
1752075490229 0.5180569167329278 177
1752075517165 0.5205347732021672 178
1752075543946 0.5140257771038665 179
1752075572277 0.5180938996653045 180
1752075600039 0.5194067937646776 181
1752075628373 0.5108637363856581 182
1752075655499 0.5215518038425266 183
1752075681848 0.5231235784685367 184
1752075707092 0.5324247859612788 185
1752075733920 0.5279498511436972 186
1752075761102 0.5291702879121285 187
1752075786919 0.5237337968527525 188
1752075814348 0.5231975443332901 189
1752075840770 0.5278758852789438 190
1752075868852 0.5278573938127554 191
1752075898219 0.5276909706170603 192
1752075926134 0.5221250392943656 193
1752075953585 0.5333308678045082 194
1752075980118 0.528985373250245 195
1752076007247 0.5196471828251262 196
1752076034003 0.5237707797851292 197
1752076060664 0.5231605614009135 198
1752076087559 0.5169104458292498 199
1752076115589 0.5294106769725772 200
