1752065390554 2.2228919555272943 0
1752065481463 2.082572991016392 1
1752065573605 1.9201965609563731 2
1752065670659 1.8805533239024714 3
1752065762200 1.8231960199466781 4
1752065849333 1.768335025914626 5
1752065936948 1.790554720815059 6
1752066023796 1.7793457369320917 7
1752066118076 1.7615634212530582 8
1752066206254 1.7698885830617406 9
1752066292380 1.7816969515338148 10
1752066371379 1.7911956140084067 11
1752066467470 1.7707272451162273 12
1752066556029 1.7485821841013691 13
1752066649291 1.793892471031699 14
1752066739881 1.8099205117328225 15
1752066830455 1.7751207998486822 16
1752066921721 1.7839809977137102 17
1752067001508 1.7981789578542922 18
1752067102919 1.7880324757960622 19
1752067200662 1.782282660692552 20
1752067295291 1.8530831204103928 21
1752067387133 1.8055264317086317 22
1752067474821 1.8431027136598637 23
1752067562502 1.8344676434314182 24
1752067652931 1.879981363846564 25
1752067745674 1.8372684010926619 26
1752067838535 1.8366698837773214 27
1752067928870 1.8675097274589636 28
1752068021127 1.849440423497334 29
1752068112716 1.865010556247307 30
1752068204253 1.876842750652632 31
1752068304177 1.8764142177970964 32
1752068401787 1.8695639930324326 33
1752068490953 1.8833287969327894 34
1752068576709 1.9111805492132745 35
1752068665249 1.8701681765657516 36
1752068754475 1.9009306688190897 37
1752068845178 1.926296592034778 38
1752068937257 1.9066429656271011 39
1752069020296 1.938462302241656 40
1752069113181 1.9359941378874508 41
1752069200045 1.9222872603812298 42
1752069291359 1.912989196453849 43
1752069385164 1.91537864924199 44
1752069479458 1.9189742886953194 45
1752069577305 1.9483653414674267 46
1752069655727 1.9330723721096386 47
1752069743587 1.9052884615013903 48
1752069835067 1.9840704345253306 49
1752069926510 1.941968933857583 50
1752069980209 1.867706271805353 51
1752070031409 1.8587765366404958 52
1752070090428 1.8626794541586886 53
1752070144677 1.8452640525121429 54
1752070202977 1.8440987028437514 55
1752070258883 1.9157605595444405 56
1752070317605 1.8579842067008392 57
1752070374830 1.8575766628550872 58
1752070428591 1.8296156438813704 59
1752070485443 1.870802796168135 60
1752070541332 1.854700685617508 61
1752070594700 1.8264524929624106 62
1752070651201 1.8221435821466874 63
1752070708040 1.8442376693698128 64
1752070764883 1.8629084181262716 65
1752070822251 1.8336237425034883 66
1752070877951 1.839994734643859 67
1752070937363 1.8398680829062777 68
1752070992169 1.8046473734530022 69
1752071041840 1.806879320581997 70
1752071097882 1.8575129139491118 71
1752071155113 1.8347528293710818 72
1752071208797 1.8815419316637478 73
1752071260751 1.8420859671954934 74
1752071318661 1.838907229441639 75
1752071377184 1.8376505938230667 76
1752071429084 1.8593252293442044 77
1752071485854 1.8234556408942004 78
1752071544981 1.8358000074774976 79
1752071606688 1.879034267497134 80
1752071660902 1.838593866890663 81
1752071714534 1.8431541111259124 82
1752071770836 1.8725687948178393 83
1752071825242 1.8640062063014562 84
1752071879849 1.87441811411894 85
1752071937308 1.8515831523258703 86
1752071998098 1.8624961931338275 87
1752072055943 1.8743177911991533 88
1752072114690 1.8622599817558907 89
1752072168169 1.8347849253466186 90
1752072223217 1.8537955546411231 91
1752072277634 1.8382897346503182 92
1752072332995 1.8759759679640344 93
1752072388062 1.841998285804063 94
1752072445715 1.8499753570358937 95
1752072499503 1.863400588211161 96
1752072553137 1.8608602461780077 97
1752072609283 1.8559127264412332 98
1752072665542 1.841461813373383 99
1752072721451 1.8557000816689948 100
1752072762177 1.7798852052093301 101
1752072803528 1.7517042527902917 102
1752072845839 1.757218340625574 103
1752072888285 1.7348753586311032 104
1752072927421 1.792505834675069 105
1752072967374 1.7581271561689857 106
1752073009350 1.7395254127526432 107
1752073050132 1.7310080487192936 108
1752073090555 1.7413665080068694 109
1752073131246 1.7444594912000637 110
1752073170698 1.7390623116848176 111
1752073210452 1.7368293065422056 112
1752073251029 1.7589543196206219 113
1752073290143 1.7420698289531422 114
1752073333059 1.7606204038545719 115
1752073373166 1.7715308980683857 116
1752073415279 1.7448904973581065 117
1752073455903 1.7311494972553885 118
1752073498111 1.7181919429093262 119
1752073538598 1.7613214900405674 120
1752073581119 1.7356230771012078 121
1752073624753 1.76283660894914 122
1752073669206 1.7879549922145956 123
1752073711043 1.7418268614151473 124
1752073750075 1.7131753095368212 125
1752073791224 1.748277357272327 126
1752073830742 1.721543288822897 127
1752073868865 1.7404839424944192 128
1752073907759 1.7221441119975096 129
1752073948353 1.7235203678471835 130
1752073987886 1.7277274780073435 131
1752074029502 1.7269769798229802 132
1752074070925 1.714722351985935 133
1752074111327 1.706732957623163 134
1752074153309 1.7274345895036052 135
1752074195854 1.7176882958096011 136
1752074234867 1.739625191694495 137
1752074277851 1.7492678397513532 138
1752074318091 1.7318296826069066 139
1752074362505 1.7047027983926513 140
1752074399968 1.7488889772353005 141
1752074439551 1.7292693756520054 142
1752074480245 1.7278242977462903 143
1752074522983 1.7215522577667728 144
1752074562523 1.7381394283327258 145
1752074606446 1.7463317099051365 146
1752074646737 1.7892214659554517 147
1752074685393 1.7234978254588862 148
1752074725823 1.7334565545706024 149
1752074767676 1.7179791080716027 150
1752074795163 1.5655857971031863 151
1752074821315 1.5260996632497905 152
1752074847662 1.5326875705071243 153
1752074875171 1.5258464003127687 154
1752074901527 1.5130293721542782 155
1752074929344 1.4984072371032313 156
1752074956715 1.5028597074491332 157
1752074982518 1.5134658176573321 158
1752075008694 1.507982362072303 159
1752075035240 1.496508525838347 160
1752075061740 1.5007633188719762 161
1752075088205 1.512064596228944 162
1752075114833 1.510079771088058 163
1752075140679 1.5139507623831407 164
1752075167251 1.507420444352336 165
1752075194033 1.5104317867021881 166
1752075219638 1.482791696160299 167
1752075245816 1.5021939900254369 168
1752075273344 1.5049930703112961 169
1752075300840 1.4887607138586434 170
1752075328429 1.4867406492417874 171
1752075355198 1.480613934235074 172
1752075382455 1.4958367856352501 173
1752075410726 1.493793927282365 174
1752075437759 1.493338080569267 175
1752075463866 1.4879338502022164 176
1752075490229 1.495949735773471 177
1752075517166 1.4858034167021898 178
1752075543946 1.4928750540831006 179
1752075572277 1.4858542579187186 180
1752075600040 1.4841795897271575 181
1752075628374 1.5207924347714281 182
1752075655500 1.5003674540944603 183
1752075681849 1.494469352762357 184
1752075707093 1.4852449488424533 185
1752075733921 1.487705496575071 186
1752075761103 1.508281986017971 187
1752075786920 1.5088983112378553 188
1752075814348 1.4819112213782302 189
1752075840771 1.4752660136673164 190
1752075868852 1.4762243937989679 191
1752075898219 1.4899565168073179 192
1752075926135 1.4816232725592051 193
1752075953585 1.489091152122045 194
1752075980119 1.5023531382799116 195
1752076007247 1.4903416548470318 196
1752076034004 1.4953694509356255 197
1752076060665 1.498165384826509 198
1752076087560 1.4879902903303863 199
1752076115590 1.4823038003364426 200
