1752706619750 4.614710804739721 0
1752706633399 4.58317848123135 1
1752706647459 4.544142220741569 2
1752706661663 4.498489752354456 3
1752706675452 4.449258995300998 4
1752706689148 4.397371020539479 5
1752706702897 4.354443235738082 6
1752706716636 4.306088122231969 7
1752706730556 4.259994143137934 8
1752706744341 4.21515900465378 9
1752706758088 4.175732647755435 10
1752706771902 4.135898976995234 11
1752706785550 4.097210929033641 12
1752706799288 4.054436619892863 13
1752706812976 4.016643142108484 14
1752706826722 3.985823484787229 15
1752706840406 3.9553232747976934 16
1752706854607 3.9238532335267498 17
1752706869019 3.893722948428143 18
1752706883582 3.8651254170972362 19
1752706898142 3.8356563308884764 20
1752706912591 3.806543820629683 21
1752706927128 3.777547643232611 22
1752706941423 3.7550140886057837 23
1752706955942 3.731411018226715 24
1752706970531 3.7097443965545414 25
1752706985037 3.687473298751446 26
1752706999025 3.668493242665749 27
1752707012751 3.645645830791426 28
1752707026663 3.6262424263017627 29
1752707041168 3.6089182236687365 30
1752707055611 3.587092424336794 31
1752707070137 3.5674015693701278 32
1752707084694 3.5500435897005285 33
1752707099133 3.5374886019392098 34
1752707113681 3.519156792325039 35
1752707128157 3.503083422085032 36
1752707142728 3.483930072572224 37
1752707157367 3.4652317986561796 38
1752707171867 3.4486688239787653 39
1752707186284 3.4364256155149113 40
1752707200786 3.4197428531252934 41
1752707214780 3.4034800240766 42
1752707228951 3.391037383546776 43
1752707242778 3.3747019475986675 44
1752707257043 3.359536097327205 45
1752707271526 3.3461575458638424 46
1752707286098 3.335098425241225 47
1752707299835 3.3216997370742356 48
1752707314170 3.30671950816394 49
1752707328664 3.2929489833450645 50
1752707343232 3.2830336216580527 51
1752707357820 3.2701456220322407 52
1752707372317 3.2537240308984816 53
1752707386227 3.242305199050169 54
1752707400635 3.230535228537044 55
1752707415150 3.2205096867842506 56
1752707429371 3.2098917966986704 57
1752707443320 3.1967449626914446 58
1752707457537 3.1840742396961486 59
1752707471862 3.1758041569806084 60
1752707486092 3.1631231751766378 61
1752707499772 3.1532116640210917 62
1752707513505 3.146890005292064 63
1752707527177 3.1365932379719736 64
1752707540890 3.1224012066525275 65
1752707555323 3.1130461779271226 66
1752707569856 3.109633688800193 67
1752707584444 3.096195280296863 68
1752707598812 3.0812847672184156 69
1752707612651 3.0751558347395154 70
1752707626399 3.0642559975704478 71
1752707640239 3.054534147246862 72
1752707653898 3.0452753355679576 73
1752707667747 3.034759597157024 74
1752707681884 3.0271043294915594 75
1752707695679 3.0223823133114824 76
1752707709485 3.0125961890320623 77
1752707723213 2.9986849506287987 78
1752707736997 2.993731944414097 79
1752707750987 2.988680147517681 80
1752707765478 2.977501627263423 81
1752707779151 2.972328947454525 82
1752707793038 2.965417666724976 83
1752707806851 2.9590937579652414 84
1752707820475 2.946835952229514 85
1752707834222 2.9418983442384463 86
1752707848116 2.9348822174339557 87
1752707862584 2.925993559653299 88
1752707876852 2.9158638014362874 89
1752707890628 2.9112306683044125 90
1752707904346 2.9030186237052407 91
1752707918063 2.8934493567579365 92
1752707931791 2.8875595381691457 93
1752707945898 2.8835365702874345 94
1752707959697 2.8765269592372484 95
1752707973482 2.869819974894191 96
1752707987276 2.8618561792536887 97
1752708001008 2.860759033165174 98
1752708015371 2.8472053909281354 99
1752708029332 2.844168390225895 100
