1754644597628 0.18260370795248493 0
1754644641785 0.3139547792621101 1
1754644690523 0.29262110054398105 2
1754644736042 0.3984383673167302 3
1754644801131 0.39930799689153684 4
1754644850929 0.4421973874107242 5
1754644912389 0.442715464604226 6
1754644987034 0.457166117751545 7
1754645052040 0.4730784886948155 8
1754645120854 0.4742071568663731 9
1754645174378 0.4846612145209636 10
1754645245392 0.4919513007438108 11
1754645334902 0.5 12
1754645391500 0.5070125448691855 13
1754645449125 0.5046626947415165 14
1754645511953 0.5054028050179477 15
1754645570587 0.5091033564001036 16
1754645623643 0.5115272175554157 17
1754645688899 0.5110646486326462 18
1754645769161 0.5143396366058542 19
1754645816853 0.5306220626873405 20
1754645876230 0.5344706361247826 21
1754645926807 0.532250305295489 22
1754646002738 0.5360988787329312 23
1754646061974 0.5296784220848907 24
1754646138419 0.5362654035451282 25
1754646186030 0.5376161047996152 26
1754646239578 0.5420567664582022 27
1754646313546 0.5385967509158864 28
1754646372443 0.537801132368723 29
1754646420821 0.5368204862524516 30
1754646470457 0.5337860341190838 31
1754646517903 0.5473300521777745 32
1754646569012 0.5490323058135662 33
1754646616896 0.5399659549272842 34
1754646675708 0.5378196351256337 35
1754646724976 0.5392628501646746 36
1754646774693 0.5518077193501831 37
1754646819405 0.5435369870110647 38
1754646865615 0.5402990045516782 39
1754646921752 0.5402064907671243 40
1754646999501 0.5396144025459794 41
1754647050567 0.5392998556784961 42
1754647105227 0.5390963253524775 43
1754647153279 0.5389853088110128 44
1754647217015 0.5408910927728231 45
1754647261736 0.5415016837508789 46
1754647306057 0.5410946230988417 47
1754647381192 0.5392998556784961 48
1754647425460 0.5386892647004403 49
1754647480209 0.5421307774858454 50
1754647528394 0.5424268215964179 51
1754647579398 0.5420752692151131 52
1754647649356 0.5411686341264849 53
1754647704952 0.542574843651704 54
1754647778289 0.5400954742256596 55
1754647822740 0.5407985789882692 56
1754647871798 0.5421307774858454 57
1754647915817 0.5406135514191615 58
1754647976129 0.5427783739777227 59
1754648033909 0.5423898160825963 60
1754648087683 0.5395033860045146 61
1754648164982 0.5393738667061392 62
1754648252720 0.5467379639566295 63
1754648326276 0.5606705399104467 64
1754648389420 0.5556932983014469 65
1754648433280 0.553417459201421 66
1754648485140 0.5610776005624838 67
1754648562227 0.5595788772527106 68
1754648622951 0.5500869629574807 69
1754648690074 0.5595603744957999 70
1754648757092 0.557784109832365 71
1754648814472 0.5632794286348666 72
1754648885793 0.557451060207971 73
1754648931232 0.5548051659697295 74
1754648985564 0.5542685860193168 75
1754649041166 0.5563038892795027 76
1754649106632 0.5560078451689302 77
1754649160875 0.555434259704696 78
1754649205010 0.5558783258705547 79
1754649254743 0.5556747955445361 80
1754649313404 0.5541945749916738 81
1754649372791 0.5550827073233912 82
1754649423480 0.5544721163453354 83
1754649475815 0.5545646301298893 84
1754649543386 0.5538245198534582 85
1754649606904 0.553750508825815 86
1754649665505 0.5545831328868002 87
1754649710137 0.5543055915331384 88
1754649776311 0.5531584206046701 89
1754649837896 0.5539540391518336 90
1754649902520 0.5525293268697036 91
1754649958922 0.5516782000518077 92
1754650032682 0.5525663323835251 93
1754650096527 0.5519557414054694 94
1754650165749 0.5516226917810754 95
1754650239093 0.552325796543685 96
1754650310269 0.5516411945379862 97
1754650363066 0.5518077193501831 98
1754650413588 0.5502349850127669 99
1754650471615 0.5504755208526071 100
