1749044027454 0.05856454560558232 0
1749044063431 0.09719222462203024 1
1749044100793 0.1306695464362851 2
1749044138686 0.15633826216979566 3
1749044176224 0.17943179930220968 4
1749044214007 0.19222462203023757 5
1749044251361 0.20717727197208838 6
1749044288700 0.22146535969430137 7
1749044326648 0.22919089549759097 8
1749044365151 0.2402392423990696 9
1749044403194 0.25020767569363683 10
1749044441012 0.25319820568200696 11
1749044479211 0.25677022761256024 12
1749044517291 0.2636650606413025 13
1749044554984 0.26898155839840504 14
1749044593013 0.2775377969762419 15
1749044629044 0.28177438112643294 16
1749044665714 0.2837680677853464 17
1749044703833 0.28908456554244893 18
1749044741310 0.289666057484632 19
1749044778182 0.29008140887190564 20
1749044816043 0.2927396577504569 21
1749044854294 0.2995514205017445 22
1749044891529 0.3055324804784848 23
1749044929976 0.3096859943512211 24
1749044967443 0.310932048513042 25
1749045005755 0.312759594617046 26
1749045043664 0.3125103837846818 27
1749045080971 0.31226117295231764 28
1749045118089 0.31741153015451073 29
1749045156738 0.32214653596943016 30
1749045195161 0.3234756604087058 31
1749045232957 0.3251370659578003 32
1749045270620 0.3280445256687157 33
1749045308283 0.3257185578999834 34
1749045345621 0.32812759594617047 35
1749045383112 0.331616547599269 36
1749045420585 0.33493935869745806 37
1749045457938 0.33377637481309186 38
1749045494591 0.33560392091709584 39
1749045531136 0.33776374813091875 40
1749045568129 0.33876059146037546 41
1749045607013 0.34233261339092874 42
1749045644507 0.344077089217478 43
1749045681536 0.34374480810765906 44
1749045718078 0.3447416514371158 45
1749045754415 0.3441601594949327 46
1749045790340 0.34631998670875563 47
1749045827172 0.3465691975411198 48
1749045863089 0.3490613058647616 49
1749045899680 0.34889516530985215 50
