1749044027458 4.494491338629641 0
1749044063432 4.274922821440582 1
1749044100793 4.051144769533486 2
1749044138687 3.851886065680723 3
1749044176224 3.709478091622361 4
1749044214008 3.5771700218225937 5
1749044251362 3.466024907435024 6
1749044288701 3.367496380313899 7
1749044326648 3.2813019921119198 8
1749044365151 3.1968752783654666 9
1749044403194 3.1220666139052664 10
1749044441013 3.0673868707269616 11
1749044479212 3.0099503217048134 12
1749044517291 2.9593563953108424 13
1749044554985 2.903227965387791 14
1749044593013 2.8498677253322273 15
1749044629045 2.803250202790886 16
1749044665715 2.774120502396259 17
1749044703834 2.7323210681121157 18
1749044741311 2.694310505383152 19
1749044778183 2.665678109226732 20
1749044816044 2.628085192222463 21
1749044854295 2.595812003243716 22
1749044891530 2.5635787864200403 23
1749044929977 2.5291806225918982 24
1749044967443 2.486753579785013 25
1749045005756 2.467083637894277 26
1749045043665 2.463524714594581 27
1749045080972 2.438037844942417 28
1749045118090 2.412810638240026 29
1749045156739 2.39169641027635 30
1749045195162 2.3708545732718647 31
1749045232958 2.3571687375937955 32
1749045270621 2.3379089410388203 33
1749045308283 2.3236867846586766 34
1749045345622 2.310515372918002 35
1749045383112 2.2926530311805653 36
1749045420586 2.278862058627801 37
1749045457939 2.268293883355539 38
1749045494591 2.2498001235154756 39
1749045531136 2.240073362272194 40
1749045568130 2.22956080927023 41
1749045607014 2.216268377012944 42
1749045644507 2.199957406924221 43
1749045681536 2.1978029120038567 44
1749045718079 2.190001529773377 45
1749045754416 2.185861009003586 46
1749045790341 2.180633206955522 47
1749045827173 2.1705847990993896 48
1749045863090 2.1623319626581075 49
1749045899681 2.1509789082997983 50
