1753473562622 0.03405881375643795 0
1753473586399 0.07767070942016946 1
1753473609922 0.1001827546104004 2
1753473631901 0.12593454062136566 3
1753473655242 0.14670210998504735 4
1753473684854 0.16439607908290413 5
1753473706733 0.1866589134407709 6
1753473734949 0.20019936866589133 7
1753473761832 0.21041701279282274 8
1753473786444 0.21972088386775213 9
1753473812518 0.2243728194052168 10
1753473836464 0.23209835520850639 11
1753473865325 0.2488785512543612 12
1753473888073 0.25178601096527664 13
1753473910984 0.26474497424821397 14
1753473937169 0.26914769895331453 15
1753473959571 0.2694799800631334 16
1753473987105 0.26873234756604086 17
1753474011897 0.274464196710417 18
1753474038018 0.28052832696461205 19
1753474061006 0.28326964612061806 20
1753474083758 0.2819405216813424 21
1753474110592 0.2874231599933544 22
1753474143371 0.29016447914936033 23
1753474184809 0.28692473832862603 24
1753474218169 0.29481641468682507 25
1753474236424 0.29232430636318324 26
1753474268966 0.2944010632995514 27
1753474290120 0.29647782023591956 28
1753474318243 0.302126599102841 29
1753474332896 0.3005482638312012 30
1753474348474 0.29980063133410867 31
1753474368154 0.2977238743977405 32
1753474382585 0.29980063133410867 33
1753474396800 0.30063133410865595 34
1753474413140 0.30486791825884696 35
1753474427862 0.3027911613224788 36
1753474457120 0.3036218640970261 37
1753474485290 0.29988370161156336 38
1753474515926 0.3036218640970261 39
1753474544710 0.308523010466855 40
1753474573924 0.30819072935703606 41
1753474595516 0.30843994018940024 42
1753474613125 0.30445256687157335 43
1753474644788 0.31059976740322315 44
1753474668166 0.3080245888021266 45
1753474698215 0.3091875726864928 46
1753474718619 0.310932048513042 47
1753474732478 0.3119288918424988 48
1753474752276 0.3096029240737664 49
1753474766192 0.3105166971257684 50
1753474788742 0.3111812593454062 51
1753474811508 0.31375643794650276 52
1753474832706 0.31217810267486296 53
1753474852144 0.3139225785014122 54
1753474873798 0.3166638976574182 55
1753474893207 0.3151686326632331 56
1753474914956 0.317328459877056 57
1753474933418 0.315500913773052 58
1753474952575 0.31467021099850473 59
1753474974650 0.31375643794650276 60
1753474991938 0.3135072271141386 61
1753475012881 0.3161654759926898 62
1753475030714 0.3147532812759595 63
1753475050274 0.31840837348396744 64
1753475069990 0.3189067951486958 65
1753475090742 0.3179099518192391 66
1753475110917 0.3189067951486958 67
1753475132980 0.3133410865592291 68
1753475150930 0.3179099518192391 69
1753475174300 0.3203189898654262 70
1753475196926 0.3197374979232431 71
1753475208190 0.32023591958797143 72
1753475222547 0.31840837348396744 73
1753475244258 0.3223126765243396 74
1753475264297 0.32256188735670377 75
1753475276176 0.3232264495763416 76
1753475287257 0.324306363183253 77
1753475297843 0.32538627679016446 78
1753475306662 0.32239574680179434 79
1753475317620 0.31874065459378637 80
1753475328116 0.32239574680179434 81
1753475339076 0.32281109818906795 82
1753475349592 0.3245555740156172 83
1753475360140 0.3223126765243396 84
1753475371300 0.32397408207343414 85
1753475381714 0.32538627679016446 86
1753475393517 0.3241402226283436 87
1753475405014 0.324306363183253 88
1753475416876 0.3223126765243396 89
1753475428085 0.32463864429307193 90
1753475438304 0.32463864429307193 91
1753475448076 0.3230603090214321 92
1753475458318 0.32123276291742814 93
1753475469412 0.3266323309519854 94
1753475479248 0.32870908788835357 95
1753475490726 0.32372487124106997 96
1753475500740 0.3280445256687157 97
1753475508676 0.3280445256687157 98
1753475519718 0.32696461206180427 99
1753475530010 0.3232264495763416 100
