1753473562623 4.524086830331132 0
1753473586400 4.325365540821149 1
1753473609923 4.141991645827356 2
1753473631902 3.988600530841905 3
1753473655243 3.8978199035983176 4
1753473684855 3.812681728375709 5
1753473706734 3.766236870514346 6
1753473734950 3.718398981848679 7
1753473761833 3.7036949932562755 8
1753473786446 3.640264462554123 9
1753473812519 3.6318862114735393 10
1753473836465 3.6642524295083696 11
1753473865326 3.654533996619947 12
1753473888074 3.61610955041082 13
1753473910985 3.6051174144748366 14
1753473937170 3.638418872246909 15
1753473959572 3.652754426594932 16
1753473987106 3.6761462197727326 17
1753474011898 3.6837058152569266 18
1753474038019 3.6784615679050643 19
1753474061007 3.713142321608161 20
1753474083759 3.7033498913679543 21
1753474110593 3.720829664157958 22
1753474143372 3.7014642194689853 23
1753474184810 3.716857383293097 24
1753474218170 3.707802273621492 25
1753474236425 3.7271224076864136 26
1753474268967 3.7296813061937524 27
1753474290121 3.6968046233921674 28
1753474318244 3.6581257190894423 29
1753474332897 3.659713605303823 30
1753474348475 3.6345524131303852 31
1753474368155 3.6462715272905686 32
1753474382586 3.6747599430015883 33
1753474396802 3.69004266922208 34
1753474413141 3.6402549534555906 35
1753474427863 3.670934630247259 36
1753474457121 3.6316185913485795 37
1753474485292 3.6513231854093053 38
1753474515927 3.653491253576211 39
1753474544711 3.6295267019399815 40
1753474573925 3.6548896119494296 41
1753474595517 3.6715579040007102 42
1753474613126 3.6663018623314336 43
1753474644789 3.667945355775591 44
1753474668167 3.652231964123476 45
1753474698216 3.6662656729017797 46
1753474718620 3.6558568652023156 47
1753474732479 3.6310796147985274 48
1753474752277 3.609442810201949 49
1753474766193 3.636959378116673 50
1753474788743 3.5744496639221626 51
1753474811509 3.5885328859415084 52
1753474832707 3.58248815939164 53
1753474852145 3.553885263649832 54
1753474873799 3.551473635426374 55
1753474893208 3.5601962507020533 56
1753474914957 3.562586263676497 57
1753474933419 3.550175709591847 58
1753474952576 3.5386895795925115 59
1753474974651 3.5064664477489065 60
1753474991939 3.521685513524137 61
1753475012882 3.5146271427709403 62
1753475030715 3.517780398653376 63
1753475050275 3.548199587812806 64
1753475069991 3.533219229557021 65
1753475090743 3.5038454860112087 66
1753475110918 3.502089736204837 67
1753475132981 3.503288758405334 68
1753475150932 3.5337619270321015 69
1753475174301 3.5069063163734078 70
1753475196927 3.5205410894089897 71
1753475208191 3.4759037241598483 72
1753475222548 3.50382334533958 73
1753475244259 3.4965647474339776 74
1753475264298 3.508270879913933 75
1753475276177 3.408659809015864 76
1753475287258 3.3833753083179525 77
1753475297844 3.3527811939751513 78
1753475306663 3.3168416976317574 79
1753475317621 3.32683596557829 80
1753475328117 3.321392936432092 81
1753475339077 3.3495824661688167 82
1753475349593 3.3087419060096503 83
1753475360141 3.306955960947341 84
1753475371301 3.28788654511819 85
1753475381715 3.333173293159656 86
1753475393518 3.284669573466931 87
1753475405015 3.2516668241351785 88
1753475416877 3.2682402682469016 89
1753475428086 3.241368292031689 90
1753475438305 3.2620716272949 91
1753475448077 3.2442992297575097 92
1753475458319 3.2589550920923678 93
1753475469413 3.2588871146756304 94
1753475479249 3.2433002434014577 95
1753475490727 3.2697974499124043 96
1753475500741 3.25137235547277 97
1753475508677 3.2454765340378406 98
1753475519719 3.2478817678234972 99
1753475530011 3.227839575873481 100
