1753563887658 0.0367170626349892 0
1753563912519 0.08406712078418342 1
1753563940546 0.11397242066788503 2
1753563962958 0.14238245555740156 3
1753563986056 0.1668051171290912 4
1753564008553 0.17851802625020768 5
1753564032841 0.20543279614553914 6
1753564058588 0.21299219139391926 7
1753564083176 0.2293570360525004 8
1753564105895 0.2392423990696129 9
1753564133332 0.24289749127762086 10
1753564155784 0.25120451902309354 11
1753564180866 0.25436118956637316 12
1753564203812 0.26831699617876725 13
1753564228290 0.2688154178434956 14
1753564257640 0.28052832696461205 15
1753564286035 0.2837680677853464 16
1753564308532 0.2826050839009802 17
1753564332143 0.28667552749626185 18
1753564354637 0.2897491277620867 19
1753564376434 0.29224123608572855 20
1753564398912 0.2921581658082738 21
1753564423373 0.2973915932879216 22
1753564446862 0.30013291244392754 23
1753564470176 0.29564711746137234 24
1753564493809 0.3013789666057485 25
1753564519990 0.29905299883701614 26
1753564545964 0.30038212327629177 27
1753564568672 0.3042864263166639 28
1753564591341 0.3075261671373982 29
1753564615005 0.3073600265824888 30
1753564637480 0.303954145206845 31
1753564659771 0.3067785346403057 32
1753564682783 0.30669546436285094 33
1753564713187 0.30661239408539626 34
1753564739126 0.30819072935703606 35
1753564763178 0.31001827546104005 36
1753564787612 0.30976906462867587 37
1753564809658 0.3117627512875893 38
1753564833100 0.3120950323974082 39
1753564855690 0.3195713573683336 40
1753564877970 0.3192390762585147 41
1753564901338 0.3147532812759595 42
1753564930657 0.31724538959960125 43
1753564952512 0.31840837348396744 44
1753564977112 0.31624854627014454 45
1753565000871 0.3151686326632331 46
1753565027117 0.3197374979232431 47
1753565054860 0.31982056820069776 48
1753565077912 0.31915600598106 49
1753565104660 0.3179930220966938 50
1753565129051 0.3192390762585147 51
1753565155322 0.3217311845821565 52
1753565177658 0.3216481143047018 53
1753565199949 0.32123276291742814 54
1753565228747 0.3267154012294401 55
1753565250957 0.3254693470676192 56
1753565281520 0.3276291742814421 57
1753565304099 0.3263000498421665 58
1753565326484 0.3263831201196212 59
1753565350887 0.32405715235088883 60
1753565375996 0.3210666223625187 61
1753565399160 0.32438943346070775 62
1753565426173 0.3238910117959794 63
1753565452054 0.3286260176108988 64
1753565474141 0.327961455391261 65
1753565496867 0.3298720717727197 66
1753565521730 0.32713075261671376 67
1753565545474 0.3242232929057983 68
1753565572482 0.32937365010799136 69
1753565598387 0.3294567203854461 70
1753565621459 0.33037049343744807 71
1753565653703 0.3292075095530819 72
1753565682164 0.3298720717727197 73
1753565710621 0.3313673367669048 74
1753565734138 0.3300382123276292 75
1753565758315 0.331616547599269 76
1753565780590 0.33053663399235755 77
1753565810273 0.3314504070443595 78
1753565835551 0.3314504070443595 79
1753565863467 0.33153347732181426 80
1753565888550 0.32895829872071775 81
1753565917240 0.32995514205017445 82
1753565954770 0.33061970426981224 83
1753565977412 0.32895829872071775 84
1753566001370 0.329789001495265 85
1753566030794 0.3297059312178103 86
1753566054979 0.3301212826050839 87
1753566080146 0.33336102342581825 88
1753566102855 0.33253032065127097 89
1753566127675 0.3330287423159993 90
1753566150020 0.33277953148363515 91
1753566172237 0.3336102342581824 92
1753566195878 0.3324472503738162 93
1753566223044 0.3356869911945506 94
1753566247352 0.3378468184083735 95
1753566269936 0.3335271639807277 96
1753566296895 0.3351054992523675 97
1753566322365 0.3344409370327297 98
1753566345524 0.3366007642465526 99
1753566369740 0.3341917262003655 100
