1749142319468 0.02184748297059312 0
1749142331819 0.03281275959461705 1
1749142344468 0.04111978734008972 2
1749142357113 0.05441103173284599 3
1749142369724 0.060724372819405216 4
1749142382233 0.06944675195215153 5
1749142394600 0.08165808273799635 6
1749142406985 0.09403555407875062 7
1749142419575 0.09661073267984716 8
1749142432433 0.10649609569695963 9
1749142445316 0.11571689649443428 10
1749142458241 0.11953812925735172 11
1749142471121 0.12236251869081242 12
1749142484013 0.13590297391593287 13
1749142496956 0.13415849808938363 14
1749142509879 0.14612061804286428 15
1749142522492 0.14288087722212992 16
1749142534953 0.14744974248213988 17
1749142547910 0.1511879049676026 18
1749142560299 0.1611563382621698 19
1749142572682 0.1648945007476325 20
1749142585128 0.16838345240073102 21
1749142597725 0.16414686825053995 22
1749142610323 0.17411530154510715 23
1749142622923 0.17585977737165642 24
1749142635338 0.18084399401894002 25
1749142647932 0.18333610234258182 26
1749142660359 0.18034557235421167 27
1749142672806 0.1903970759262336 28
1749142685107 0.1994517361687988 29
1749142697695 0.20426981226117294 30
1749142710292 0.20368832031898987 31
1749142722750 0.20618042864263167 32
1749142735185 0.2060142880877222 33
1749142747704 0.20709420169463366 34
1749142760192 0.21457052666555906 35
1749142772573 0.21697956471174615 36
1749142785144 0.223708257185579 37
1749142797536 0.22536966273467354 38
1749142810137 0.22262834357866756 39
1749142822612 0.23550423658415018 40
1749142835194 0.2318491443761422 41
1749142848009 0.23052001993686658 42
1749142860418 0.22968931716231933 43
1749142873053 0.2373317826881542 44
1749142885993 0.23442432297723875 45
1749142899025 0.23459046353214819 46
1749142911983 0.24314670210998504 47
1749142924869 0.24538959960126266 48
1749142937218 0.24946004319654427 49
1749142949668 0.24696793487290247 50
