1749142319469 4.599160035800475 0
1749142331820 4.537814177412147 1
1749142344469 4.46447349158409 2
1749142357114 4.386858496588128 3
1749142369725 4.315841955977969 4
1749142382234 4.24273736847572 5
1749142394601 4.17578161817935 6
1749142406985 4.112877123099936 7
1749142419576 4.055568771073947 8
1749142432434 3.999839625515232 9
1749142445317 3.94718482522292 10
1749142458241 3.9000626216001604 11
1749142471122 3.8614424644690923 12
1749142484014 3.812914366526543 13
1749142496956 3.7761602254561435 14
1749142509880 3.729430751013292 15
1749142522493 3.7001632099796176 16
1749142534954 3.6759347124662476 17
1749142547910 3.639143395134534 18
1749142560300 3.6025513026673917 19
1749142572683 3.58840014069468 20
1749142585129 3.5523863366818076 21
1749142597726 3.536676143322761 22
1749142610323 3.505082109678388 23
1749142622924 3.4797517973574967 24
1749142635339 3.44557562552129 25
1749142647932 3.425487839270147 26
1749142660359 3.4142095048848145 27
1749142672807 3.3900405200337436 28
1749142685108 3.3583577216157954 29
1749142697695 3.341220977354259 30
1749142710292 3.3246576480472356 31
1749142722751 3.3069099214915627 32
1749142735186 3.2935415807940718 33
1749142747704 3.2771909730807085 34
1749142760192 3.247187989916505 35
1749142772573 3.2415267718863503 36
1749142785144 3.214680765794645 37
1749142797537 3.2026861851548123 38
1749142810138 3.1871661319221807 39
1749142822613 3.1567954387493176 40
1749142835195 3.1464287079161344 41
1749142848009 3.1473668400127286 42
1749142860418 3.1297060518016324 43
1749142873054 3.1102769183773304 44
1749142885994 3.1036431404506093 45
1749142899026 3.0973757087722884 46
1749142911984 3.07654827767073 47
1749142924870 3.057989205868081 48
1749142937219 3.040379309796419 49
1749142949669 3.0371531288627303 50
