1751972593830 0.27857750804869924 0
1751973187285 0.20824852903082558 1
1751973760176 0.23579913407097658 2
1751974306921 0.21738889094475078 3
1751974829549 0.23657624986122933 4
1751975367170 0.20515856862672538 5
1751975933445 0.24201606039299856 6
1751976465531 0.25887207193871886 7
1751976971153 0.26527402582984866 8
1751977529793 0.24673426340524737 9
1751978097680 0.25570810050697557 10
1751978620583 0.27511749250638345 11
1751979153455 0.29260259778707026 12
1751979605521 0.2883839692114125 13
1751980233525 0.313621729637716 14
1751980807261 0.2991340709765755 15
1751981308269 0.3062761351441365 16
1751981808168 0.3126595862783555 17
1751982311101 0.31623061836213595 18
1751982832547 0.3377863301631943 19
1751983406593 0.3371942419420494 20
1751983958445 0.3511083151389557 21
1751984508455 0.35051622691781076 22
1751985019151 0.35915701439514486 23
1751985575702 0.3752174073937017 24
1751986033311 0.3578433186544795 25
1751986547735 0.3810642785775081 26
1751987128101 0.3894090219442697 27
1751987680016 0.3990859638086075 28
1751988182156 0.39246197683454837 29
1751988728692 0.39743921844354807 30
1751989271314 0.3981423232061577 31
1751989838561 0.4426784590904045 32
1751990350526 0.4218628575657773 33
1751990852555 0.41773674277467343 34
1751991423274 0.3954779262110054 35
1751991972481 0.4193834881397328 36
1751992554847 0.4282648114569071 37
1751993061488 0.4254338896495578 38
1751993550790 0.4169041187136883 39
1751994129750 0.44258594530585055 40
1751994612533 0.45685157088406175 41
1751995208672 0.4485808385449432 42
1751995769680 0.4533175443141028 43
1751996258656 0.4548902786515191 44
1751996794809 0.47013655034600155 45
1751997309848 0.4729304666395293 46
1751997825468 0.4678422084890649 47
1751998417672 0.48090515486807534 48
1751998937123 0.4889538541242645 49
1751999445103 0.47774118343633204 50
