1751972593831 2.1624258173783746 0
1751973187286 2.217286071369783 1
1751973760177 2.187735076519205 2
1751974306922 2.2386631909990347 3
1751974829550 2.2340948074070086 4
1751975367171 2.2986796888711694 5
1751975933446 2.297947931290226 6
1751976465532 2.298016544674661 7
1751976971155 2.2222269116714823 8
1751977529794 2.2692840173346145 9
1751978097681 2.2662570870374563 10
1751978620584 2.1972008809737003 11
1751979153456 2.186479807749109 12
1751979605522 2.199487803622712 13
1751980233526 2.033132795764589 14
1751980807263 2.073824096380666 15
1751981308270 2.052724162365996 16
1751981808170 2.107505158095353 17
1751982311102 2.0838421219002647 18
1751982832548 1.9657877180487655 19
1751983406594 1.9253210522302546 20
1751983958446 1.894253889952429 21
1751984508456 1.8686452823897248 22
1751985019152 1.9260732119257424 23
1751985575703 1.832600147594106 24
1751986033313 1.8964643641946088 25
1751986547736 1.8055566437841486 26
1751987128102 1.7669766044391013 27
1751987680017 1.7394008064922322 28
1751988182157 1.7077745916507265 29
1751988728693 1.7163336790925605 30
1751989271315 1.7002235180434508 31
1751989838562 1.5445256998141836 32
1751990350527 1.6209980004355273 33
1751990852556 1.6606933777467088 34
1751991423275 1.6922483625709195 35
1751991972482 1.6252394690770853 36
1751992554849 1.565779904768332 37
1751993061490 1.5595876102019288 38
1751993550791 1.612973256790565 39
1751994129751 1.5092527137372735 40
1751994612534 1.499472859088394 41
1751995208674 1.5226320066600298 42
1751995769681 1.4599756372025212 43
1751996258657 1.4455051854403895 44
1751996794810 1.4250998014201215 45
1751997309849 1.413019649919172 46
1751997825470 1.4457047735943525 47
1751998417673 1.36724960268796 48
1751998937124 1.324671147575036 49
1751999445104 1.3700492172431757 50
