1753483562794 0.03206512709752451 0
1753483585652 0.058979896992855954 1
1753483611164 0.08572852633327795 2
1753483635801 0.10525004153513873 3
1753483659555 0.11937198870244227 4
1753483683356 0.14005648778866922 5
1753483705822 0.16904801462036884 6
1753483727727 0.183585313174946 7
1753483759842 0.19239076258514703 8
1753483793087 0.20202691476989534 9
1753483816100 0.21257684000664562 10
1753483847654 0.21922246220302377 11
1753483878451 0.2243728194052168 12
1753483900782 0.23650107991360692 13
1753483923598 0.2473002159827214 14
1753483946372 0.24904469180927064 15
1753483968391 0.25095530819072936 16
1753484002605 0.2545273301212826 17
1753484025436 0.2576840006645622 18
1753484047837 0.2662402392423991 19
1753484076105 0.26831699617876725 20
1753484099335 0.2740488453231434 21
1753484122404 0.26956305034058814 22
1753484157273 0.270809104502409 23
1753484179752 0.2742149858780528 24
1753484202642 0.2791992025253364 25
1753484221435 0.2809436783518857 26
1753484254272 0.28268815417843496 27
1753484284780 0.2847649111148031 28
1753484313099 0.28576175444425983 29
1753484347991 0.28310350556570857 30
1753484379120 0.28077753779697623 31
1753484401886 0.28675859777371654 32
1753484422909 0.2862601761089882 33
1753484456182 0.2846818408373484 34
1753484483081 0.29041368998172457 35
1753484516600 0.29107825220136235 36
1753484544856 0.29564711746137234 37
1753484571596 0.2941518524671872 38
1753484590492 0.29822229606246886 39
1753484614182 0.3025419504901146 40
1753484642946 0.2997175610566539 41
1753484664440 0.2963947499584649 42
1753484685517 0.300299052998837 43
1753484717641 0.2996344907791992 44
1753484745610 0.29946835022428975 45
1753484773981 0.29888685828210665 46
1753484809429 0.2996344907791992 47
1753484824591 0.303040372154843 48
1753484850186 0.30245888021265993 49
1753484866305 0.30129589632829373 50
1753484881279 0.3025419504901146 51
1753484900196 0.2980561555075594 52
1753484919263 0.30013291244392754 53
1753484939729 0.3025419504901146 54
1753484961643 0.3083568699119455 55
1753484982264 0.30503405881375645 56
1753484993814 0.3069446751952152 57
1753485015654 0.30719388602757935 58
1753485035038 0.3047017777039375 59
1753485054974 0.3025419504901146 60
1753485077264 0.303954145206845 61
1753485099184 0.3055324804784848 62
1753485119354 0.30378800465193556 63
1753485139190 0.3108489782355873 64
1753485156979 0.3061970426981226 65
1753485176981 0.30819072935703606 66
1753485192560 0.3099352051835853 67
1753485216801 0.31043362684831366 68
1753485239625 0.3043694965941186 69
1753485256654 0.30785844824721714 70
1753485277822 0.30902143213158334 71
1753485297787 0.30885529157667385 72
1753485318059 0.30843994018940024 73
1753485335408 0.31068283768067784 74
1753485357484 0.3101013457384948 75
1753485369221 0.3120950323974082 76
1753485380396 0.3069446751952152 77
1753485390913 0.3083568699119455 78
1753485401839 0.3113473999003157 79
1753485410918 0.31068283768067784 80
1753485422074 0.3129257351719555 81
1753485433924 0.31126432962286094 82
1753485444792 0.3159162651603256 83
1753485456028 0.31342415683668384 84
1753485466024 0.3141717893337764 85
1753485476866 0.3143379298886858 86
1753485487267 0.31467021099850473 87
1753485498500 0.31624854627014454 88
1753485510531 0.3115135404552251 89
1753485520735 0.31624854627014454 90
1753485531931 0.3169131084897824 91
1753485542315 0.31558398405050675 92
1753485554031 0.3145040704435953 93
1753485565561 0.31874065459378637 94
1753485576637 0.31716231932214656 95
1753485587310 0.3174946004319654 96
1753485598646 0.31741153015451073 97
1753485609535 0.3179099518192391 98
1753485620739 0.3197374979232431 99
1753485631565 0.31658082737996346 100
