1753483562796 4.537199986931369 0
1753483585653 4.396229525718961 1
1753483611165 4.247917714915183 2
1753483635802 4.115848755656887 3
1753483659556 4.06381280614532 4
1753483683357 3.980384851754223 5
1753483705823 3.9397957659984986 6
1753483727728 3.92351005189113 7
1753483759843 3.90024571896198 8
1753483793088 3.8801088504497914 9
1753483816101 3.910322994922938 10
1753483847655 3.9054598604118658 11
1753483878452 3.898167779553408 12
1753483900783 3.8865853497412792 13
1753483923599 3.924572667072298 14
1753483946373 3.9689335157667203 15
1753483968392 3.953021285305165 16
1753484002606 3.9885853697600586 17
1753484025437 4.003169063145856 18
1753484047838 3.995629749117997 19
1753484076106 4.022092124998732 20
1753484099336 4.045203878212783 21
1753484122405 4.042808882429101 22
1753484157274 4.075678715261362 23
1753484179753 4.1086609594229255 24
1753484202643 4.075101346313816 25
1753484221436 4.083595192389998 26
1753484254273 4.08724578346361 27
1753484284781 4.043761785782688 28
1753484313100 4.024904258850105 29
1753484347992 4.024519386392404 30
1753484379122 4.036208256664424 31
1753484401887 4.071225265811542 32
1753484422910 4.0744338552150845 33
1753484456183 4.09244035508037 34
1753484483082 4.066147334105077 35
1753484516601 4.070279302719772 36
1753484544857 4.059804245436708 37
1753484571597 4.073286582034711 38
1753484590493 4.057844166832754 39
1753484614183 4.071488259988092 40
1753484642947 4.080734787394647 41
1753484664441 4.091159786791277 42
1753484685519 4.083283455882219 43
1753484717642 4.071763863724304 44
1753484745611 4.072889111522951 45
1753484773982 4.098755806634605 46
1753484809430 4.0790137174077605 47
1753484824592 4.054240491998123 48
1753484850187 4.079122920749975 49
1753484866306 4.060914818519428 50
1753484881280 4.027939659396982 51
1753484900197 4.0247286740557175 52
1753484919264 4.025462892445143 53
1753484939730 4.01955160696927 54
1753484961644 4.006241382228502 55
1753484982265 3.998665443834188 56
1753484993815 3.9997159859567386 57
1753485015656 4.003736221115568 58
1753485035039 3.9838017030496506 59
1753485054975 3.9547236591427866 60
1753485077265 3.9575260518004542 61
1753485099185 3.957174735494951 62
1753485119355 3.9979541665728457 63
1753485139191 3.9870195665333803 64
1753485156980 3.9703107376488016 65
1753485176982 3.9831511087187117 66
1753485192562 3.948302125483034 67
1753485216802 3.954259663776614 68
1753485239626 3.9888283114199807 69
1753485256655 4.004097984298101 70
1753485277823 3.9833349176382615 71
1753485297788 3.9278640392142674 72
1753485318060 3.971025839881384 73
1753485335410 3.960615801571752 74
1753485357485 3.986812864026656 75
1753485369222 3.874373760220146 76
1753485380397 3.820715305563994 77
1753485390915 3.805889823891224 78
1753485401840 3.787584302240297 79
1753485410919 3.7800839801517134 80
1753485422075 3.771850471567424 81
1753485433925 3.7851910124883466 82
1753485444794 3.7738133936241147 83
1753485456029 3.784224340427518 84
1753485466025 3.7714978307392037 85
1753485476867 3.7439025412558213 86
1753485487268 3.744281104566862 87
1753485498501 3.7116575508118674 88
1753485510532 3.7413825314210585 89
1753485520736 3.7182174645618407 90
1753485531932 3.721642380938492 91
1753485542316 3.7122355803557334 92
1753485554032 3.722403491708269 93
1753485565562 3.7200860214716074 94
1753485576638 3.7108537246303395 95
1753485587311 3.725209228574394 96
1753485598647 3.708423110394329 97
1753485609536 3.7200107348451033 98
1753485620740 3.7283843685815365 99
1753485631566 3.698457083213302 100
