1753066555313 0.029240737664063796 0
1753066570552 0.07268649277288586 1
1753066588650 0.10383784681840838 2
1753066601418 0.1260176108988204 3
1753066615663 0.14487456388104336 4
1753066632387 0.16447914936035887 5
1753066645943 0.1860774214985878 6
1753066673698 0.2031898986542615 7
1753066700804 0.2134906130586476 8
1753066731769 0.22728027911613224 9
1753066754579 0.23359362020269148 10
1753066767852 0.2426482804452567 11
1753066794130 0.2463864429307194 12
1753066821845 0.25535803289582987 13
1753066835994 0.2630835686991195 14
1753066866544 0.27654095364678516 15
1753066884803 0.27296893171623193 16
1753066900694 0.2774547266987872 17
1753066931938 0.2828542947333444 18
1753066956040 0.28850307360026584 19
1753066987578 0.28833693304535635 20
1753067015713 0.29207509553081906 21
1753067041752 0.29041368998172457 22
1753067075609 0.2995514205017445 23
1753067092851 0.2983884366173783 24
1753067107295 0.30478484798139227 25
1753067136166 0.30129589632829373 26
1753067163315 0.30046519355374646 27
1753067178772 0.30445256687157335 28
1753067203648 0.3110981890679515 29
1753067234043 0.3107659079581326 30
1753067248655 0.3099352051835853 31
1753067275104 0.3105166971257684 32
1753067287926 0.3091875726864928 33
1753067309187 0.3091875726864928 34
1753067338774 0.31483635155341416 35
1753067356909 0.3139225785014122 36
1753067384128 0.31699617876723707 37
1753067415540 0.3180760923741485 38
1753067448073 0.3179930220966938 39
1753067460925 0.32563548762252864 40
1753067479798 0.32239574680179434 41
1753067498697 0.31824223292905796 42
1753067511504 0.3193221465359694 43
1753067543922 0.3236418009636152 44
1753067574329 0.32214653596943016 45
1753067596192 0.3201528493105167 46
1753067613759 0.32563548762252864 47
1753067627126 0.32405715235088883 48
1753067640820 0.327047682339259 49
1753067660231 0.3263831201196212 50
1753067679256 0.32580162817743813 51
1753067695712 0.3291244392756272 52
1753067704245 0.3314504070443595 53
1753067723289 0.32812759594617047 54
1753067742228 0.33078584482472173 55
1753067753563 0.3292075095530819 56
1753067770278 0.3336102342581824 57
1753067787850 0.3302874231599934 58
1753067805940 0.3322811098189068 59
1753067824118 0.32995514205017445 60
1753067841479 0.33037049343744807 61
1753067857156 0.33078584482472173 62
1753067872387 0.3316996178767237 63
1753067890121 0.3308689151021764 64
1753067907228 0.33336102342581825 65
1753067924241 0.33535471008473167 66
1753067941296 0.33560392091709584 67
1753067957579 0.33336102342581825 68
1753067973752 0.3328626017610899 69
1753067991492 0.33593620202691477 70
1753068005897 0.3366838345240073 71
1753068020646 0.33651769396909786 72
1753068038439 0.33460707758763913 73
1753068053867 0.33435786675527496 74
1753068072656 0.3379298886858282 75
1753068088978 0.3338594450905466 76
1753068102851 0.3388436617378302 77
1753068122457 0.3366838345240073 78
1753068141081 0.3382621697956471 79
1753068159486 0.3360192723043695 80
1753068175373 0.33518856952982223 81
1753068190411 0.33734839674364514 82
1753068208512 0.33809602924073767 83
1753068226776 0.3379298886858282 84
1753068241765 0.3366838345240073 85
1753068256560 0.3366007642465526 86
1753068272019 0.33734839674364514 87
1753068289844 0.3384283103505566 88
1753068306274 0.3370161156338262 89
1753068324516 0.33676690480146204 90
1753068340276 0.3354377803621864 91
1753068355831 0.33743146702109983 92
1753068372764 0.3368499750789168 93
1753068390730 0.34116962950656254 94
1753068404863 0.34116962950656254 95
1753068422077 0.338594450905466 96
1753068439778 0.3414188403389267 97
1753068455979 0.3390928725701944 98
1753068471732 0.34058813756437945 99
1753068489675 0.338594450905466 100
1753068501458 0.3420003322811098 101
1753068513557 0.34175112144874564 102
1753068526449 0.34058813756437945 103
1753068540424 0.33709918591128096 104
1753068553306 0.34017278617710583 105
1753068565590 0.3390928725701944 106
1753068577346 0.34092041867419837 107
1753068589652 0.3402558564545606 108
1753068601149 0.34175112144874564 109
1753068610929 0.3425818242232929 110
1753068622332 0.3419172620036551 111
1753068634143 0.3447416514371158 112
1753068648202 0.343163316165476 113
1753068658955 0.3430802458880213 114
1753068671289 0.3441601594949327 115
1753068683979 0.3432463864429307 116
1753068696853 0.34357866755274963 117
1753068710313 0.34150191061638147 118
1753068722319 0.3441601594949327 119
1753068731353 0.343163316165476 120
1753068743858 0.34357866755274963 121
1753068756303 0.342249543113474 122
1753068766185 0.3438278783851138 123
1753068778702 0.34399401894002324 124
1753068791967 0.3466522678185745 125
1753068803913 0.3438278783851138 126
1753068816150 0.34399401894002324 127
1753068827974 0.3416680511712909 128
1753068839610 0.3398405050672869 129
1753068852662 0.3426648945007476 130
1753068864651 0.3441601594949327 131
1753068876309 0.34017278617710583 132
1753068887097 0.3402558564545606 133
1753068899689 0.34299717561056653 134
1753068911514 0.34332945672038545 135
1753068925131 0.34332945672038545 136
1753068938101 0.3454062136567536 137
1753068951613 0.3450739325469347 138
1753068963412 0.3459877055989367 139
1753068976187 0.34432630004984216 140
1753068988612 0.3448247217145705 141
1753069000101 0.34499086226948 142
1753069012902 0.34615384615384615 143
1753069024909 0.3444924406047516 144
1753069035209 0.3469014786509387 145
1753069044693 0.34715068948330285 146
1753069054123 0.3454062136567536 147
1753069066836 0.34548928393420836 148
1753069077547 0.343163316165476 149
1753069090386 0.3478152517029407 150
1753069097273 0.34399401894002324 151
1753069104205 0.34789832198039544 152
1753069110822 0.34706761920584817 153
1753069117198 0.3478152517029407 154
1753069123280 0.34548928393420836 155
1753069130346 0.3469014786509387 156
1753069137306 0.34399401894002324 157
1753069144449 0.3456554244891178 158
1753069151622 0.3493935869745805 159
1753069158655 0.34499086226948 160
1753069165075 0.3478152517029407 161
1753069172106 0.34955972752948994 162
1753069179138 0.34872902475494266 163
1753069185423 0.3475660408705765 164
1753069191302 0.34731683003821234 165
1753069198263 0.34789832198039544 166
1753069205404 0.3500581491942183 167
1753069212476 0.3482306030902143 168
1753069219870 0.34789832198039544 169
1753069227112 0.34856288420003323 170
1753069234196 0.34715068948330285 171
1753069241364 0.34872902475494266 172
1753069248340 0.3483967436451238 173
1753069254215 0.3502242897491278 174
1753069261077 0.3481475328127596 175
1753069267854 0.34789832198039544 176
1753069274870 0.3506396411364014 177
1753069281876 0.3502242897491278 178
1753069288493 0.3490613058647616 179
1753069295509 0.3526333277953148 180
1753069302754 0.35030736002658247 181
1753069309542 0.3503904303040372 182
1753069316380 0.3518026250207676 183
1753069323740 0.35113806280112975 184
1753069330560 0.34715068948330285 185
1753069337343 0.34889516530985215 186
1753069344020 0.34897823558730684 187
1753069351417 0.3512211330785845 188
1753069358100 0.3508057816913108 189
1753069365522 0.34955972752948994 190
1753069372801 0.3512211330785845 191
1753069379724 0.3518856952982223 192
1753069386623 0.35047350058149196 193
1753069392943 0.3513872736334939 194
1753069399596 0.3482306030902143 195
1753069406379 0.35014121947167304 196
1753069413436 0.3518856952982223 197
1753069420517 0.35429473334440936 198
1753069427548 0.3531317494600432 199
1753069434354 0.3527994683502243 200
