1753066555314 4.5060355655282125 0
1753066570553 4.294765473614725 1
1753066588651 4.066853474949327 2
1753066601419 3.8713335063889427 3
1753066615664 3.695383428324667 4
1753066632388 3.5305583869373662 5
1753066645944 3.399676948222056 6
1753066673699 3.2763121284672874 7
1753066700805 3.1787263564123434 8
1753066731770 3.0932195036538563 9
1753066754580 3.0173555525875533 10
1753066767853 2.9467538619502447 11
1753066794131 2.8980327757179563 12
1753066821846 2.8294290376340907 13
1753066835995 2.7941512109327338 14
1753066866545 2.74295405492957 15
1753066884804 2.71901758594541 16
1753066900695 2.699342699349553 17
1753066931939 2.666695357458889 18
1753066956041 2.620479323198536 19
1753066987579 2.634547286221038 20
1753067015714 2.587207929446147 21
1753067041753 2.5899306206504753 22
1753067075610 2.5617628020992695 23
1753067092852 2.5481228651795984 24
1753067107296 2.5095794288838498 25
1753067136166 2.5032771347500087 26
1753067163316 2.5144398529246956 27
1753067178772 2.4810627666703287 28
1753067203649 2.4558267414995782 29
1753067234044 2.4576126504665967 30
1753067248656 2.4535413050461137 31
1753067275105 2.439499167709002 32
1753067287927 2.440386469334602 33
1753067309188 2.430690345730587 34
1753067338775 2.399184623514719 35
1753067356910 2.405322920441778 36
1753067384129 2.379013121817081 37
1753067415541 2.373167411457495 38
1753067448074 2.3671882651016563 39
1753067460926 2.3402087279180863 40
1753067479799 2.3372996327329854 41
1753067498698 2.3641633448755104 42
1753067511505 2.338864422723895 43
1753067543923 2.3207436541503292 44
1753067574330 2.3245305023733533 45
1753067596193 2.325092193176136 46
1753067613760 2.3077844007644597 47
1753067627127 2.2934426418268767 48
1753067640821 2.2697786953442733 49
1753067660232 2.282626269694485 50
1753067679257 2.2543450691159808 51
1753067695713 2.2566938486017567 52
1753067704246 2.236865165918602 53
1753067723290 2.2338410879995405 54
1753067742229 2.2228014787902546 55
1753067753564 2.2082501061075925 56
1753067770279 2.206277639613326 57
1753067787851 2.2063536727914492 58
1753067805941 2.2073837346379723 59
1753067824119 2.1859104079063223 60
1753067841480 2.1871609661497957 61
1753067857157 2.182057813179498 62
1753067872388 2.1820487764802183 63
1753067890122 2.163652606449392 64
1753067907228 2.154172298066653 65
1753067924242 2.1527335063380924 66
1753067941297 2.1374635468352587 67
1753067957580 2.14569549406587 68
1753067973753 2.1415629280482884 69
1753067991493 2.126658513847646 70
1753068005898 2.1204703607169355 71
1753068020647 2.108696555317125 72
1753068038440 2.1121219424526947 73
1753068053868 2.111116622102115 74
1753068072657 2.100418721943054 75
1753068088979 2.104985854245124 76
1753068102852 2.094589579520029 77
1753068122458 2.085744800118901 78
1753068141082 2.072766008078676 79
1753068159487 2.082957856266275 80
1753068175374 2.072735336709794 81
1753068190412 2.074427098023285 82
1753068208513 2.0769884935405987 83
1753068226777 2.068314207488371 84
1753068241766 2.0547662034925165 85
1753068256561 2.0548844978044194 86
1753068272020 2.0447443112536807 87
1753068289845 2.0335357867341024 88
1753068306275 2.0446897989476414 89
1753068324517 2.0280094637671353 90
1753068340277 2.035092560576761 91
1753068355832 2.0191707240715906 92
1753068372765 2.0225482964625927 93
1753068390731 2.006448321808607 94
1753068404864 1.9981965452633068 95
1753068422078 2.006255083058551 96
1753068439779 1.9938232514877288 97
1753068455980 1.9999362782000893 98
1753068471733 1.99185297802598 99
1753068489676 1.9948114257285503 100
1753068501459 1.9726979573041563 101
1753068513558 1.9603907657789552 102
1753068526450 1.9584428064396724 103
1753068540425 1.9711246881955007 104
1753068553307 1.9582070197789496 105
1753068565591 1.9564311382599167 106
1753068577347 1.9555205594922074 107
1753068589653 1.9547328062797105 108
1753068601150 1.9394339276755643 109
1753068610930 1.930751857511032 110
1753068622333 1.9228202277507136 111
1753068634144 1.9209606265974124 112
1753068648203 1.9176345508343635 113
1753068658956 1.9106426833650805 114
1753068671290 1.9103217931881629 115
1753068683980 1.9073190459587734 116
1753068696854 1.8967829430526724 117
1753068710314 1.8990204741175358 118
1753068722319 1.8949083622988154 119
1753068731354 1.8855252392455377 120
1753068743859 1.8928565014531102 121
1753068756304 1.8858925648246583 122
1753068766186 1.878001785343462 123
1753068778703 1.8873612323870625 124
1753068791968 1.877509816766988 125
1753068803914 1.8756900370597038 126
1753068816151 1.8661531092252186 127
1753068827975 1.8776551756902922 128
1753068839611 1.874860442407545 129
1753068852663 1.8591479708688405 130
1753068864652 1.8505055570537274 131
1753068876310 1.86110254911727 132
1753068887098 1.8503521600438297 133
1753068899690 1.846356198802346 134
1753068911515 1.8413845190058842 135
1753068925132 1.836866321760148 136
1753068938102 1.840866938609193 137
1753068951614 1.8262448061685093 138
1753068963413 1.82810799803815 139
1753068976188 1.831648941223438 140
1753068988613 1.822228146221343 141
1753069000102 1.8064999083865836 142
1753069012903 1.8141267762533904 143
1753069024910 1.82320365221085 144
1753069035210 1.8109619159904435 145
1753069044694 1.8018779413083261 146
1753069054124 1.807204648191536 147
1753069066837 1.8049615818526425 148
1753069077548 1.8039831035074039 149
1753069090387 1.786945947820572 150
1753069097274 1.7782647909988822 151
1753069104206 1.7790257766210216 152
1753069110823 1.7638307024559188 153
1753069117199 1.7579050802442897 154
1753069123281 1.7598288388388055 155
1753069130347 1.755673224508086 156
1753069137307 1.7640313655607787 157
1753069144450 1.7607080535309412 158
1753069151623 1.74627092775363 159
1753069158656 1.7476714215154856 160
1753069165076 1.730972234925436 161
1753069172107 1.7349655185366137 162
1753069179139 1.7345340446157584 163
1753069185424 1.7387306419251696 164
1753069191303 1.7372370680536529 165
1753069198264 1.7295122661977418 166
1753069205405 1.7269043928124215 167
1753069212477 1.7243376460432154 168
1753069219871 1.717798712343516 169
1753069227113 1.7187963025053292 170
1753069234197 1.716764018431262 171
1753069241365 1.7176339112632462 172
1753069248341 1.7171187937485164 173
1753069254216 1.707711381063385 174
1753069261078 1.713059177972179 175
1753069267855 1.7155572621104045 176
1753069274871 1.7014387964187625 177
1753069281877 1.7034744316662696 178
1753069288494 1.695553144238836 179
1753069295510 1.6901734126195431 180
1753069302755 1.696423215593496 181
1753069309543 1.6950708243678025 182
1753069316381 1.6845506804675403 183
1753069323741 1.6856457581035025 184
1753069330561 1.6922835320447263 185
1753069337344 1.6861754417006034 186
1753069344021 1.6853513002157612 187
1753069351418 1.68026789360785 188
1753069358101 1.679437498552251 189
1753069365523 1.676821327581532 190
1753069372802 1.6667380137960166 191
1753069379725 1.6692442698243688 192
1753069386624 1.6655325306819837 193
1753069392944 1.6586820638169757 194
1753069399597 1.668205154445077 195
1753069406380 1.6674780661867366 196
1753069413437 1.657608664232475 197
1753069420518 1.6595706569203914 198
1753069427549 1.6536247432983537 199
1753069434355 1.6487366906130398 200
