1753642219261 0.024838012958963283 0
1753642241022 0.038461538461538464 1
1753642277559 0.05025751786010965 2
1753642300922 0.07576009303871074 3
1753642324384 0.092706429639475 4
1753642347098 0.11555075593952484 5
1753642369552 0.13615218474829707 6
1753642398896 0.1487788669214155 7
1753642425758 0.1580827379963449 8
1753642449147 0.1751121448745639 9
1753642482482 0.1745306529323808 10
1753642504921 0.2000332281109819 11
1753642532426 0.19803954145206845 12
1753642576585 0.21606579165974416 13
1753642600311 0.21631500249210833 14
1753642623316 0.22080079747466355 15
1753642652357 0.22827712244558898 16
1753642675133 0.22578501412194718 17
1753642700877 0.22960624688486458 18
1753642727754 0.23542116630669546 19
1753642751002 0.24073766406379798 20
1753642781567 0.24381126432962286 21
1753642812203 0.24248213989034723 22
1753642834353 0.2473832862601761 23
1753642857111 0.24306363183253032 24
1753642879849 0.246801794317993 25
1753642909718 0.25494268150855626 26
1753642932428 0.2619205848147533 27
1753642955921 0.2616713739823891 28
1753642978969 0.2564379465027413 29
1753643001688 0.2619205848147533 30
1753643042804 0.2675693636816747 31
1753643065515 0.2713905964445921 32
1753643087576 0.26840006645622194 33
1753643110943 0.26615716896494435 34
1753643142139 0.26773550423658415 35
1753643174979 0.27155673699950156 36
1753643201745 0.2712244558896827 37
1753643224935 0.26682173118458213 38
1753643247268 0.2837680677853464 39
1753643269945 0.28310350556570857 40
1753643293144 0.28351885695298223 41
1753643315885 0.28692473832862603 42
1753643345261 0.27870078086060807 43
1753643369550 0.28052832696461205 44
1753643392713 0.28368499750789167 45
1753643417321 0.28152517029406876 46
1753643442721 0.28052832696461205 47
1753643468063 0.28069446751952154 48
1753643491526 0.2884200033228111 49
1753643515063 0.2840172786177106 50
1753643540631 0.2843495597275295 51
1753643562659 0.28152517029406876 52
1753643585841 0.27894999169297224 53
1753643609094 0.2752948994849643 54
1753643632408 0.2903306197042698 55
1753643654880 0.2897491277620867 56
1753643679237 0.29049676025917925 57
1753643705251 0.29041368998172457 58
1753643727681 0.2880046519355375 59
1753643749830 0.28044525668715736 60
1753643771411 0.2845987705598937 61
1753643797056 0.29107825220136235 62
1753643832347 0.28825386276790166 63
1753643855355 0.2918258846984549 64
1753643878653 0.29573018773882703 65
1753643912809 0.2893337763748131 66
1753643936711 0.2812759594617046 67
1753643985143 0.2861771058315335 68
1753644009008 0.29049676025917925 69
1753644031297 0.29207509553081906 70
1753644054331 0.29946835022428975 71
1753644078659 0.2928227280279116 72
1753644101069 0.2941518524671872 73
1753644130721 0.2978069446751952 74
1753644156759 0.3011297557733843 75
1753644179243 0.2941518524671872 76
1753644202553 0.292407376640638 77
1753644224648 0.2944010632995514 78
1753644247010 0.301212826050839 79
1753644275534 0.2993022096693803 80
1753644297911 0.29224123608572855 81
1753644320862 0.2978069446751952 82
1753644344356 0.299385279946835 83
1753644369517 0.2973915932879216 84
1753644392731 0.29847150689483304 85
1753644419548 0.30004984216647285 86
1753644441874 0.29921913939192557 87
1753644484693 0.29689317162319323 88
1753644510504 0.30162817743811265 89
1753644532720 0.29647782023591956 90
1753644557279 0.2977238743977405 91
1753644582730 0.29506562551918925 92
1753644605604 0.2952317660740987 93
1753644636819 0.2946502741319156 94
1753644658783 0.30071440438611063 95
1753644682603 0.2944010632995514 96
1753644707893 0.2953148363515534 97
1753644730737 0.3002159827213823 98
1753644753092 0.3019604585479316 99
1753644780935 0.3002159827213823 100
