1753642219262 4.538764766655 0
1753642241023 4.4342994790716785 1
1753642277560 4.345141901608715 2
1753642300923 4.244518661703568 3
1753642324385 4.200724638812985 4
1753642347099 4.156713468456249 5
1753642369553 4.159754588093112 6
1753642398897 4.147167510643592 7
1753642425759 4.164737482104847 8
1753642449148 4.14515522402384 9
1753642482483 4.194009362853055 10
1753642504922 4.2055072757982765 11
1753642532427 4.264427151957374 12
1753642576586 4.201941688331656 13
1753642600312 4.220881171943902 14
1753642623318 4.286359741002302 15
1753642652359 4.310237188023936 16
1753642675135 4.366432074105846 17
1753642700878 4.391646222923311 18
1753642727755 4.3976744469001865 19
1753642751003 4.438760323151806 20
1753642781568 4.427638891246384 21
1753642812204 4.45167967663397 22
1753642834354 4.452922864965775 23
1753642857112 4.5425618798083205 24
1753642879850 4.48518618552798 25
1753642909719 4.542576252915266 26
1753642932430 4.613218632489474 27
1753642955922 4.6234151949366655 28
1753642978970 4.624302566675093 29
1753643001689 4.576794495696577 30
1753643042805 4.567271090633925 31
1753643065516 4.639556825329355 32
1753643087577 4.687533792815315 33
1753643110944 4.721159934629629 34
1753643142140 4.6932284090372525 35
1753643174981 4.725374073457409 36
1753643201746 4.690424942077266 37
1753643224936 4.720699162186003 38
1753643247269 4.764101613687905 39
1753643269946 4.730286369272096 40
1753643293145 4.775021621611708 41
1753643315886 4.8036915965629285 42
1753643345262 4.802530154592074 43
1753643369551 4.7981160427173775 44
1753643392714 4.797335633344295 45
1753643417322 4.828082209053487 46
1753643442722 4.8786354871456235 47
1753643468064 4.774468037337034 48
1753643491528 4.746547990549706 49
1753643515064 4.81677875821998 50
1753643540632 4.801639521931425 51
1753643562660 4.8196171956827865 52
1753643585842 4.89824500930661 53
1753643609095 4.906658533680736 54
1753643632409 4.8672358197076075 55
1753643654881 4.867947084266014 56
1753643679238 4.8505057545044 57
1753643705253 4.907147956124582 58
1753643727682 4.886908071975026 59
1753643749831 4.897054087550702 60
1753643771412 4.866493211624562 61
1753643797057 4.874503198597166 62
1753643832348 4.887204896190172 63
1753643855356 4.950980095371688 64
1753643878654 4.903511361460053 65
1753643912810 4.903912253068266 66
1753643936712 4.896159114748346 67
1753643985144 4.886618143436698 68
1753644009009 4.930157816401958 69
1753644031298 4.920871216804569 70
1753644054332 4.947155736226196 71
1753644078660 4.849203192628336 72
1753644101070 4.9162085541348794 73
1753644130722 4.913218998599063 74
1753644156760 4.958784410883179 75
1753644179244 4.957342297802238 76
1753644202554 4.954096249888372 77
1753644224649 4.941846740005106 78
1753644247011 4.93193407203331 79
1753644275535 4.9534282732281785 80
1753644297912 4.980522680526424 81
1753644320863 4.9794019683213335 82
1753644344357 4.972936184330449 83
1753644369519 4.99978517280273 84
1753644392732 5.004817404980114 85
1753644419549 5.0152046750575385 86
1753644441875 4.999661644546151 87
1753644484695 4.9686577435684995 88
1753644510505 5.006480179270283 89
1753644532721 4.946265668758889 90
1753644557280 4.956928019753483 91
1753644582731 4.965509548483969 92
1753644605606 4.973104150331676 93
1753644636821 5.002601451599641 94
1753644658784 4.990870053170365 95
1753644682604 5.00048685597685 96
1753644707894 4.989632254257115 97
1753644730738 4.992507722991908 98
1753644753093 5.032799590501384 99
1753644780936 5.028568796903912 100
