1750023036279 0.14163860415201865 0
1750023054638 0.24976871553861527 1
1750023074309 0.16389742071568664 2
1750023091811 0.13923324575361729 3
1750023108910 0.22771342930096583 4
1750023129213 0.15444251193427821 5
1750023146322 0.19640676460792658 6
1750023164091 0.15853162121156053 7
1750023181978 0.10655737704918032 8
1750023201114 0.0994708211523517 9
1750023217993 0.1101284091329608 10
1750023235284 0.22306923731636014 11
1750023252545 0.2379639566295378 12
1750023270064 0.10082152240683862 13
1750023287519 0.22044184583502943 14
1750023306224 0.17699737260851867 15
1750023323305 0.15742145579691375 16
1750023340464 0.19459349443067017 17
1750023357333 0.13249824223809348 18
1750023374456 0.24268215964178663 19
1750023391417 0.18301076860452206 20
