1752855033503 0.07692307692307693 0
1752855154499 0.12892507060973585 1
1752855276473 0.1696295065625519 2
1752855399929 0.2050174447582655 3
1752855523511 0.23508888519687657 4
1752855647274 0.26150523342747967 5
1752855768466 0.27770393753115136 6
1752855891509 0.2965608905133743 7
1752856015261 0.31375643794650276 8
1752856141571 0.3185745140388769 9
1752856266893 0.3248878551254361 10
1752856390197 0.33211496926399736 11
1752856514329 0.3444924406047516 12
1752856640051 0.353796311679681 13
1752856763266 0.362601761089882 14
1752856888327 0.37904967602591794 15
1752857009070 0.3798803788004652 16
1752857127846 0.39209170958631 17
1752857253225 0.4052998837016116 18
1752857376142 0.4042199700947001 19
1752857495210 0.4052998837016116 20
1752857618338 0.4126100681176275 21
1752857743669 0.4171789333776375 22
1752857865642 0.42365841501910617 23
1752857992347 0.43071938860275794 24
1752858114397 0.43794650274131913 25
1752858240796 0.4396079082904137 26
1752858366094 0.43927562718059476 27
1752858488325 0.44783186575843165 28
1752858608489 0.458963282937365 29
1752858736519 0.4622860940355541 30
1752858861353 0.4608738993188237 31
1752858986688 0.458049509885363 32
1752859105408 0.46660574846319985 33
1752859228816 0.4708423326133909 34
1752859351419 0.4816414686825054 35
1752859474491 0.47856786841668053 36
1752859598488 0.4791493603588636 37
1752859722399 0.4840505067286925 38
1752859845861 0.49210832364180096 39
1752859969139 0.4946835022428975 40
1752860092824 0.5006645622196378 41
1752860220201 0.4996677188901811 42
1752860343797 0.501827546104004 43
1752860465149 0.5063133410865592 44
1752860588194 0.5079747466356538 45
1752860711948 0.5111314171789334 46
1752860834723 0.513955806612394 47
1752860962666 0.5222628343578668 48
1752861083307 0.52583485628842 49
1752861206897 0.5262502076756936 50
