1752855033504 4.359664332869163 0
1752855154500 4.011142644155822 1
1752855276474 3.6955384235547712 2
1752855399930 3.4003115106661665 3
1752855523512 3.1735283212760024 4
1752855647275 2.990893761691101 5
1752855768467 2.86635867670431 6
1752855891510 2.729801023797177 7
1752856015262 2.624666455912525 8
1752856141572 2.5503655171688693 9
1752856266894 2.467896124375717 10
1752856390198 2.3954883385063788 11
1752856514330 2.308926249893047 12
1752856640052 2.217284484749859 13
1752856763267 2.1446437361843294 14
1752856888328 2.0633999089655655 15
1752857009071 2.030530541683121 16
1752857127847 1.932373046946715 17
1752857253226 1.8749235870792518 18
1752857376143 1.815181208915929 19
1752857495211 1.7833560250417337 20
1752857618339 1.736435390274553 21
1752857743670 1.6827771796806508 22
1752857865643 1.642753462603175 23
1752857992348 1.576541055354782 24
1752858114398 1.5236367742841053 25
1752858240797 1.4852602387287173 26
1752858366095 1.4505320233554988 27
1752858488326 1.4204576477879234 28
1752858608490 1.3816954023632502 29
1752858736520 1.3487111906668934 30
1752858861354 1.3192133393904908 31
1752858986689 1.2955447612951978 32
1752859105409 1.2561033243419835 33
1752859228817 1.2063947933211339 34
1752859351420 1.1550987507952297 35
1752859474492 1.1203824412720764 36
1752859598489 1.1029935228574237 37
1752859722400 1.068645599509232 38
1752859845862 1.0514136210982739 39
1752859969140 1.021208213756828 40
1752860092825 0.9901522296728524 41
1752860220202 0.9736805283855222 42
1752860343798 0.9722535264305887 43
1752860465150 0.9353209815500022 44
1752860588195 0.9090099299689403 45
1752860711949 0.9036129314146841 46
1752860834724 0.862482574535485 47
1752860962667 0.8205843582218518 48
1752861083308 0.8028300744692828 49
1752861206898 0.7826605673620587 50
