1752351240137 0.2338563445953447 0
1752351339306 0.15455352847574289 1
1752351440194 0.1629352773563261 2
1752351530950 0.21309625134144988 3
1752351620538 0.24962069348332902 4
1752351711543 0.2755615586722422 5
1752351810153 0.34111682640713464 6
1752351901567 0.31741479480442586 7
1752351989174 0.30540650556932986 8
1752352086852 0.2851274839951153 9
1752352180609 0.3360655737704918 10
1752352272168 0.37114680087333013 11
1752352365741 0.33956259482662915 12
1752352445845 0.3504607186470784 13
1752352555649 0.30538800281241907 14
1752352651250 0.32662916774599415 15
1752352734345 0.33902601487621653 16
1752352827489 0.3758835066424897 17
1752352913817 0.34198645598194133 18
1752353005543 0.32344669355734007 19
1752353104470 0.36639159234725976 20
1752353195976 0.3469081893202087 21
1752353290842 0.3047034008067202 22
1752353382945 0.3724604966139955 23
1752353475804 0.3747363357140214 24
1752353556713 0.33684268956074453 25
1752353648594 0.41003959589978906 26
1752353743305 0.4380342671057988 27
1752353836858 0.35891647855530473 28
1752353921639 0.3623209858268882 29
1752354015248 0.32500092513784556 30
1752354106153 0.338822484550198 31
1752354200740 0.4255449061910225 32
1752354286360 0.4065425748436517 33
1752354371824 0.37360766754246383 34
1752354471728 0.3632461236724272 35
1752354564819 0.36868593420419643 36
1752354660264 0.3809347592791326 37
1752354746251 0.33939607001443217 38
1752354828458 0.44162380194649004 39
1752354931903 0.4052473818598971 40
1752355014086 0.39190689412722496 41
1752355116854 0.3937016615475706 42
1752355210074 0.34594604596084816 43
1752355296186 0.38546793472227364 44
1752355384931 0.3513118454649743 45
1752355473747 0.40365614476557005 46
1752355562499 0.4046922991525737 47
1752355661276 0.3412833512193317 48
1752355749213 0.3865410946230988 49
1752355836069 0.4008807312289531 50
1752355923956 0.38816933723124747 51
1752356025019 0.3575842800577286 52
1752356115595 0.402823520704585 53
1752356206047 0.35301409910076603 54
1752356301232 0.3979572956370499 55
1752356384369 0.422473448543833 56
1752356485310 0.37778929060430005 57
1752356577827 0.38211893572142247 58
1752356669268 0.3030566554416608 59
1752356762693 0.3098101617140954 60
1752356857981 0.3884283758279984 61
1752356949273 0.43083669466750546 62
1752357044605 0.38670761943529586 63
1752357141024 0.40657958035747327 64
1752357230475 0.3769936720571365 65
1752357332073 0.36274654923583616 66
1752357422567 0.31530548051659696 67
1752357507385 0.40021463198016505 68
1752357596084 0.3813973282019021 69
1752357680534 0.40756022647374457 70
1752357772592 0.40585797283795283 71
1752357861683 0.33456685046071866 72
1752357947745 0.4181438034267106 73
1752358039654 0.3902416460052548 74
1752358137616 0.4343522184805536 75
1752358221828 0.38835436480035523 76
1752358310989 0.3808237427376679 77
1752358406318 0.36492987455130815 78
1752358490321 0.42498982348369907 79
1752358584554 0.3719054139066721 80
1752358664023 0.4226769788698516 81
1752358755113 0.4380527698627095 82
1752358856951 0.3963845612996336 83
1752358952209 0.44217888465381344 84
1752359033626 0.40014062095252195 85
1752359136839 0.4292454575731784 86
1752359223335 0.40165784701920587 87
1752359314085 0.3804721903563631 88
1752359405059 0.4204011397698257 89
1752359500311 0.38069422343929243 90
1752359591911 0.41806979239906744 91
1752359676091 0.3606927432187396 92
1752359770225 0.42782074529104835 93
1752359855437 0.43488879843096623 94
1752359941922 0.3904821818450949 95
1752360020977 0.3948858379898605 96
1752360115151 0.39653258335491987 97
1752360210469 0.4218443548088665 98
1752360300811 0.4405691448025756 99
1752360394661 0.3889464530215002 100
1752360492748 0.42082670317877363 101
1752360578133 0.3981608259630685 102
1752360669123 0.4350923287569848 103
1752360762299 0.44158679643266846 104
1752360864938 0.3801391407319691 105
1752360951326 0.40165784701920587 106
1752361042726 0.4002701402508974 107
1752361129101 0.4080412981534249 108
1752361224498 0.3865966028938312 109
1752361313847 0.40720867409243977 110
1752361404788 0.4233245753617289 111
1752361498312 0.4160159863819709 112
1752361590179 0.4359064500610591 113
1752361693251 0.36683565851311845 114
1752361779287 0.39347962846464124 115
1752361866205 0.3896310550271991 116
1752361966279 0.37595751767013286 117
1752362066082 0.4189394219738741 118
1752362158932 0.40350812271028386 119
1752362254885 0.4077452540428524 120
1752362343148 0.4177552455315842 121
1752362432382 0.4386818635976761 122
1752362516029 0.3663545868334382 123
1752362605076 0.4030825593013359 124
1752362690624 0.4411797357806313 125
1752362770374 0.45015357288235947 126
1752362861661 0.3577878103837472 127
1752362950294 0.3702771712985235 128
1752363043221 0.4346297598342153 129
1752363134089 0.45509380897753765 130
1752363228728 0.42530437035118235 131
1752363317980 0.425581911704844 132
1752363408491 0.38916848610442956 133
1752363509188 0.4235836139584798 134
1752363606812 0.4050808570477001 135
1752363709108 0.3791029863449654 136
1752363807408 0.41090922547459574 137
1752363902529 0.379639566295378 138
1752363998625 0.4512082300262739 139
1752364102132 0.42571143100321945 140
1752364193739 0.42996706509269883 141
1752364283251 0.4511342189986308 142
1752364372397 0.4088369167005884 143
1752364468494 0.421807349295045 144
1752364561704 0.3948858379898605 145
1752364660686 0.38889094475076785 146
1752364749237 0.4392554490619102 147
1752364844288 0.42012359841616403 148
1752364947385 0.4001591237094327 149
1752365033496 0.41251896532583354 150
1752365121137 0.4587943603596936 151
1752365222273 0.3503497021056137 152
1752365312727 0.41649705806165116 153
1752365409269 0.38335862043444474 154
1752365501683 0.4607556525922362 155
1752365590732 0.4312437553195426 156
1752365681048 0.39162935277356326 157
1752365771293 0.41882840543240946 158
1752365871457 0.3733486289457129 159
1752365968540 0.3949598490175036 160
1752366053588 0.4337416275024979 161
1752366145208 0.4008807312289531 162
1752366240812 0.41855086407874775 163
1752366348423 0.3415238870591718 164
1752366433634 0.40424823298671503 165
1752366532971 0.4309662139658809 166
1752366627360 0.3702586685416127 167
1752366725571 0.43076268363986236 168
1752366817886 0.4261184916552566 169
1752366911229 0.4431965362839063 170
1752367005765 0.4300595788772527 171
1752367097152 0.42902342449024905 172
1752367186341 0.4559449357954335 173
1752367279880 0.4300780816341635 174
1752367371462 0.40870739740221296 175
1752367465189 0.3934241201939089 176
1752367551338 0.4211967583169892 177
1752367649828 0.3878547903637642 178
1752367741091 0.42956000444066167 179
1752367838351 0.40324908411353294 180
1752367927333 0.4242497132072679 181
1752368026614 0.39527439588498686 182
1752368117383 0.45570439995559336 183
1752368208390 0.4384043222440144 184
1752368290862 0.41368463901121266 185
1752368388475 0.3956074455093809 186
1752368489845 0.3521259667690486 187
1752368579081 0.41990156533323464 188
1752368663994 0.4230285312511564 189
1752368760658 0.3719239166635829 190
1752368861685 0.4025644821078341 191
1752368944950 0.43466676534803683 192
1752369035351 0.40265699589238796 193
1752369122342 0.43825630018872813 194
1752369209025 0.403748658550124 195
1752369301393 0.40350812271028386 196
1752369387832 0.39379417533212446 197
1752369479158 0.429448987899197 198
1752369570263 0.44554638641157535 199
1752369662926 0.3816193612848314 200
