1752351240138 2.2568724317830773 0
1752351339307 2.076990137680584 1
1752351440195 2.2103481056398318 2
1752351530951 2.226652279493427 3
1752351620539 2.1753890201927177 4
1752351711544 2.1537415735168772 5
1752351810154 2.2639144083365648 6
1752351901568 2.2579894280976847 7
1752351989175 2.372348881110153 8
1752352086853 2.4370845087412936 9
1752352180610 2.449731705892745 10
1752352272169 2.4688260076454047 11
1752352365742 2.6403613168813473 12
1752352445845 2.5861415625701323 13
1752352555650 2.7822009316869374 14
1752352651251 2.6425099184768674 15
1752352734345 2.685042630746414 16
1752352827490 2.682953961538934 17
1752352913817 2.644401338322896 18
1752353005544 2.9103820834931673 19
1752353104471 2.707274457181442 20
1752353195977 2.7160667766631135 21
1752353290843 2.8114331100291787 22
1752353382946 2.8092346449507626 23
1752353475805 2.8957697787566223 24
1752353556713 2.8321675621203015 25
1752353648595 2.9139569785104875 26
1752353743306 3.060349912981836 27
1752353836859 2.9215328976229156 28
1752353921640 2.971011640746092 29
1752354015249 3.1554303096672065 30
1752354106154 3.2518782135649125 31
1752354200741 3.0358423889022124 32
1752354286361 3.0796750645472106 33
1752354371825 3.082939447685997 34
1752354471729 3.131550248611092 35
1752354564820 3.020748735125516 36
1752354660265 2.982467077051744 37
1752354746252 3.2667257198307205 38
1752354828459 3.282952615436097 39
1752354931903 3.041734207195614 40
1752355014087 3.1474872047613047 41
1752355116855 3.140548668358746 42
1752355210075 3.1891267389613254 43
1752355296187 3.1924736486199636 44
1752355384932 3.1923918330097343 45
1752355473748 3.1429780956471287 46
1752355562500 3.184694598353668 47
1752355661277 3.094517511871084 48
1752355749214 3.3477402676730192 49
1752355836070 3.2545751763733652 50
1752355923957 3.277473127761812 51
1752356025020 3.2574353413866812 52
1752356115596 3.231114634177643 53
1752356206048 3.3240197463594434 54
1752356301233 3.3147829853548036 55
1752356384370 3.3100067820519445 56
1752356485311 3.196957856506762 57
1752356577828 3.303577184218528 58
1752356669269 3.442409650133115 59
1752356762694 3.343235411474279 60
1752356857982 3.215537006841922 61
1752356949274 3.246324214407916 62
1752357044606 3.2279277196869893 63
1752357141024 3.31834982736964 64
1752357230476 3.2380875010473975 65
1752357332074 3.258879694767017 66
1752357422568 3.3157536306391124 67
1752357507386 3.2302049846736236 68
1752357596085 3.398386678562705 69
1752357680535 3.2173247720738 70
1752357772593 3.2890978344502173 71
1752357861684 3.3271957584203236 72
1752357947746 3.2933232022905634 73
1752358039655 3.3036075884517877 74
1752358137616 3.463869337897248 75
1752358221829 3.4205837367977776 76
1752358310990 3.344027821072254 77
1752358406319 3.3807155123312107 78
1752358490321 3.36483769674442 79
1752358584555 3.3547871303220202 80
1752358664024 3.5400713676223137 81
1752358755114 3.376968394458715 82
1752358856952 3.2829406266148458 83
1752358952210 3.3608871642863165 84
1752359033627 3.437291067670615 85
1752359136840 3.3793117832006114 86
1752359223336 3.4293917657914728 87
1752359314085 3.344287993218066 88
1752359405060 3.3769172532569933 89
1752359500311 3.2449467759796358 90
1752359591912 3.318369590539595 91
1752359676092 3.3750335727066156 92
1752359770225 3.2959388290287728 93
1752359855438 3.359528765624446 94
1752359941923 3.6043952714716125 95
1752360020978 3.337413989538324 96
1752360115152 3.4973715298532233 97
1752360210469 3.4554995370485226 98
1752360300812 3.50243716340459 99
1752360394662 3.3955963346162927 100
1752360492749 3.3366963668933773 101
1752360578134 3.2753033338380044 102
1752360669124 3.3686059993302333 103
1752360762300 3.4596338777239666 104
1752360864939 3.4456053372641233 105
1752360951327 3.356512380116617 106
1752361042727 3.3286397100329155 107
1752361129102 3.3068359450077454 108
1752361224499 3.4745845801843616 109
1752361313847 3.307742915276621 110
1752361404789 3.3262302734617744 111
1752361498313 3.314103061803822 112
1752361590180 3.3646512064308554 113
1752361693252 3.266496513285198 114
1752361779288 3.2905481952417963 115
1752361866206 3.2801025911156487 116
1752361966279 3.3562770727509332 117
1752362066083 3.318498452829509 118
1752362158933 3.3443821654976773 119
1752362254886 3.2420429499928516 120
1752362343149 3.1972456952914525 121
1752362432383 3.465390613471645 122
1752362516029 3.3048485121022284 123
1752362605077 3.4693381111771746 124
1752362690625 3.318800292043639 125
1752362770375 3.4290305201131366 126
1752362861662 3.2375114477784876 127
1752362950295 3.3202285189012164 128
1752363043222 3.4351835600239395 129
1752363134090 3.5939685463988997 130
1752363228729 3.333543855575569 131
1752363317980 3.422369291937531 132
1752363408492 3.292855560666781 133
1752363509189 3.2940222405972914 134
1752363606813 3.387697680702617 135
1752363709109 3.438816061609531 136
1752363807409 3.369738324124282 137
1752363902529 3.343546222783112 138
1752363998626 3.496678861590401 139
1752364102133 3.3528275596194237 140
1752364193740 3.366471633101778 141
1752364283252 3.5087805132135594 142
1752364372398 3.293617653216703 143
1752364468495 3.220974012693358 144
1752364561705 3.258700385829838 145
1752364660687 3.3287032846312825 146
1752364749238 3.4675455546505862 147
1752364844289 3.3279155334192847 148
1752364947386 3.338396693969002 149
1752365033497 3.322595757321436 150
1752365121138 3.526091162187245 151
1752365222274 3.3072774943253767 152
1752365312728 3.287766627903918 153
1752365409270 3.402200967481734 154
1752365501684 3.575442985635026 155
1752365590733 3.421060442659074 156
1752365681049 3.67949243023389 157
1752365771294 3.49852630319808 158
1752365871458 3.5972382993077523 159
1752365968541 3.5070117774861274 160
1752366053589 3.503619012520482 161
1752366145209 3.2867246519040063 162
1752366240813 3.381135452061637 163
1752366348424 3.2574290129373846 164
1752366433635 3.2379313885474525 165
1752366532972 3.6283049848666877 166
1752366627361 3.2768032132168203 167
1752366725572 3.317947118142703 168
1752366817887 3.408332119808849 169
1752366911230 3.3778126960751917 170
1752367005766 3.521523660036829 171
1752367097153 3.4696656150216056 172
1752367186342 3.534300400640377 173
1752367279881 3.479720383696699 174
1752367371463 3.3133833601689306 175
1752367465190 3.4133913698618943 176
1752367551339 3.4678677373457396 177
1752367649829 3.3419924207153766 178
1752367741092 3.410375989834307 179
1752367838352 3.2056188193859843 180
1752367927334 3.471650711409179 181
1752368026615 3.3091772579925114 182
1752368117384 3.5224983760768396 183
1752368208391 3.425503324915423 184
1752368290863 3.4671226366325882 185
1752368388476 3.4126619222659027 186
1752368489845 3.545694117597448 187
1752368579082 3.3752128250574893 188
1752368663995 3.439633848569801 189
1752368760659 3.428391944042319 190
1752368861686 3.590308882316958 191
1752368944951 3.53099711001328 192
1752369035352 3.359728006816174 193
1752369122343 3.4106574900413578 194
1752369209026 3.259610037196502 195
1752369301394 3.4660660687832814 196
1752369387833 3.389415672557089 197
1752369479159 3.4634174054465117 198
1752369570263 3.458347673213163 199
1752369662927 3.3504180314119494 200
