1749934589304 0.13980683121785145 0
1749935174708 0.14593124375531955 1
1749935741342 0.15897568737741924 2
1749936280985 0.19764644932094882 3
1749936785748 0.18739592199237687 4
1749937313590 0.20628723679828295 5
1749937866977 0.23035932353920735 6
1749938390482 0.21892461976834549 7
1749938881837 0.24542056766458203 8
1749939423118 0.2550420012581875 9
1749939980364 0.2725086037819635 10
1749940494600 0.2804832920105096 11
1749941024547 0.2878103837471783 12
1749941469453 0.29164045442770975 13
1749942087363 0.2996151426562558 14
1749942650996 0.30264959478962367 15
1749943142835 0.3159900825222958 16
1749943632782 0.32144839581097584 17
1749944125178 0.3291455426858602 18
1749944636389 0.3295155978240758 19
1749945204002 0.33371572364282276 20
1749945748515 0.33732376124042485 21
1749946290067 0.3466676534803686 22
1749946786599 0.35108981238204495 23
1749947330407 0.3518484254153869 24
1749947782833 0.36095178181549054 25
1749948288439 0.37042519335380975 26
1749948858234 0.38337712319135553 27
1749949402292 0.37876993672057135 28
1749949893400 0.3676127743033712 29
1749950429639 0.372756540724568 30
1749950964257 0.378880953262036 31
1749951523084 0.3770676830847796 32
1749952023858 0.37571698183029273 33
1749952519364 0.3792695111571624 34
1749953080085 0.39253598786219146 35
1749953622374 0.40391518336232096 36
1749954189367 0.40585797283795283 37
1749954682034 0.41250046256892275 38
1749955160166 0.405173370832254 39
1749955732558 0.4028790289753173 40
1749956208922 0.40058468711838063 41
1749956791585 0.41033564001036155 42
1749957338147 0.4156829367575769 43
1749957814797 0.4104466565518262 44
1749958337782 0.4200310846316101 45
1749958846487 0.45390963253524774 46
1749959360633 0.4400140620952522 47
1749959943045 0.4385523442993006 48
1749960454709 0.4454353698701106 49
1749960947230 0.4485068275173001 50
