1749934589305 2.346749762316977 0
1749935174709 2.4309621991292434 1
1749935741342 2.533763068736576 2
1749936280986 2.6313989204152555 3
1749936785749 2.711320082500558 4
1749937313591 2.7397362387659907 5
1749937866978 2.722068638199969 6
1749938390483 2.8134063693712186 7
1749938881838 2.7574768569938413 8
1749939423119 2.761946932502614 9
1749939980365 2.640383966994155 10
1749940494601 2.6199126264763115 11
1749941024548 2.5914562998609108 12
1749941469454 2.6524114191185033 13
1749942087364 2.567344462794871 14
1749942650997 2.5973563122572876 15
1749943142836 2.4985225116949428 16
1749943632783 2.541163387705643 17
1749944125179 2.4582100174844013 18
1749944636390 2.4325979482787026 19
1749945204003 2.357314825506899 20
1749945748516 2.369740313438463 21
1749946290068 2.292105459900313 22
1749946786600 2.264961798990524 23
1749947330408 2.274653101450372 24
1749947782834 2.2289008841655007 25
1749948288440 2.073849285360639 26
1749948858235 2.0147518591120526 27
1749949402293 2.0992191433684755 28
1749949893401 2.0524348368843643 29
1749950429640 2.0393178783013415 30
1749950964258 1.9604892576716666 31
1749951523085 1.9771607319028295 32
1749952023859 2.0063490523162817 33
1749952519365 1.9945313197537522 34
1749953080086 1.8454717420915516 35
1749953622375 1.776237431399034 36
1749954189368 1.789893254342172 37
1749954682035 1.7753073004105175 38
1749955160167 1.8101717294516888 39
1749955732559 1.7739371877116934 40
1749956208923 1.788349745710851 41
1749956791587 1.7685829044515367 42
1749957338148 1.7481985858715332 43
1749957814798 1.7021003986917946 44
1749958337783 1.6831176999152972 45
1749958846488 1.524393861708334 46
1749959360634 1.5457627026235028 47
1749959943046 1.5556564724979267 48
1749960454710 1.5476585919208283 49
1749960947231 1.550605291788936 50
