1753016259266 0.038461538461538464 0
1753016488669 0.0771722877554411 1
1753016721738 0.12826050839009803 2
1753016956520 0.18051171290912113 3
1753017189052 0.2190563216481143 4
1753017423786 0.2512875893005483 5
1753017657107 0.28667552749626185 6
1753017890444 0.3163316165475993 7
1753018128666 0.327961455391261 8
1753018370424 0.3466522678185745 9
1753018608395 0.3651769396909786 10
1753018838579 0.37821897325137066 11
1753019076934 0.38719056321648115 12
1753019201213 0.3954975909619538 13
1753019326410 0.407293570360525 14
1753019451834 0.418840338926732 15
1753019573209 0.4240737664063798 16
1753019693344 0.4298056155507559 17
1753019819106 0.4407708921747799 18
1753019940944 0.44509054660242564 19
1753020060552 0.44882870908788836 20
1753020183796 0.4595447748795481 21
1753020306803 0.463532148197375 22
1753020427908 0.4685163648446586 23
1753020555038 0.47374979232430636 24
1753020677409 0.4776540953646785 25
1753020757586 0.4842166472836019 26
1753020837765 0.4868748961621532 27
1753020915454 0.48770559893670046 28
1753020991069 0.49252367502907457 29
1753021073543 0.49609569695962785 30
1753021152905 0.49792324306363184 31
1753021233320 0.5049842166472837 32
1753021309997 0.507891676358199 33
1753021389524 0.5130420335603921 34
1753021467533 0.5162817743811264 35
1753021546964 0.5181923907625852 36
1753021626307 0.522512045190231 37
1753021723253 0.5206844990862269 38
1753021764554 0.5350556570858946 39
1753021801370 0.5350556570858946 40
1753021830290 0.5350556570858946 41
1753021866679 0.532231267652434 42
1753021902025 0.5369662734673534 43
1753021930870 0.5398737331782688 44
1753021951792 0.541618209004818 45
1753021972002 0.544691809270643 46
1753021986046 0.5465193553746469 47
1753022014647 0.5458547931550092 48
