1753016259267 4.643208554709499 0
1753016488670 4.377730790305073 1
1753016721739 4.022009626183706 2
1753016956521 3.6709096617318515 3
1753017189053 3.371130678370099 4
1753017423787 3.086165438681922 5
1753017657108 2.8596225022134685 6
1753017890445 2.6277485364749107 7
1753018128667 2.4622914134882365 8
1753018370425 2.306153627438734 9
1753018608396 2.1538081241093012 10
1753018838580 2.038938473538266 11
1753019076935 1.9292340978596545 12
1753019201214 1.8253417413313036 13
1753019326411 1.7396401497585101 14
1753019451834 1.6547829023113958 15
1753019573210 1.5720360131194138 16
1753019693345 1.4842198229741541 17
1753019819107 1.408750412279834 18
1753019940945 1.3536881229014521 19
1753020060553 1.2998193072252167 20
1753020183797 1.2239910980757092 21
1753020306804 1.1773097643850488 22
1753020427909 1.1345914416662144 23
1753020555039 1.077365401775256 24
1753020677410 1.0155993588946932 25
1753020757587 0.9563535379269652 26
1753020837766 0.9281520905648597 27
1753020915455 0.8996382814896926 28
1753020991070 0.869768304312627 29
1753021073544 0.8375717528611827 30
1753021152906 0.795148315472319 31
1753021233321 0.7584540057747303 32
1753021309998 0.73103983697742 33
1753021389525 0.7049716392769353 34
1753021467534 0.6806061800064951 35
1753021546965 0.6560247817986239 36
1753021626308 0.6184293467730368 37
1753021723254 0.6054355076832421 38
1753021764555 0.5454395674632874 39
1753021801371 0.5198785506922975 40
1753021830291 0.5110245656179622 41
1753021866680 0.5121027311360061 42
1753021902026 0.48063523118355145 43
1753021930871 0.46027210413551006 44
1753021951793 0.44688028320180984 45
1753021972003 0.4442984013456511 46
1753021986047 0.4384456375013779 47
1753022014648 0.4292610147901676 48
