1754712879536 0.18730189222937277 0
1754712892908 0.18307559312265873 1
1754712907450 0.20507155892805687 2
1754712919093 0.2631831716453751 3
1754712935464 0.33224474113917973 4
1754712946354 0.31860532129478436 5
1754712958351 0.27980021131495536 6
1754712973626 0.36855249255595046 7
1754712988343 0.4055326097396984 8
1754713001679 0.37201037364326195 9
1754713015915 0.39487080972048794 10
1754713029430 0.408414177312458 11
1754713044028 0.35577754298338293 12
1754713059456 0.41216021515704543 13
1754713073491 0.5162808567860916 14
1754713085405 0.16396119489002017 15
1754713098327 0.5983094803573143 16
1754713111345 0.538661031601191 17
1754713125660 0.41869176832196714 18
1754713138561 0.16684276246277976 19
1754713151485 0.4684468350782826 20
1754713159383 0.49255595043703776 21
1754713173125 0.548554413600999 22
1754713187193 0.5237729324752666 23
1754713199234 0.5697819613869946 24
1754713213751 0.6002305254058208 25
1754713227506 0.5910095091729901 26
1754713241543 0.7232734607626549 27
1754713255205 0.681202574200365 28
1754713269126 0.57295168571703 29
1754713283725 0.6760157525693977 30
1754713297868 0.7253866103160119 31
1754713311707 0.7394102391701085 32
1754713320022 0.7363365670924983 33
1754713333175 0.7187590048986648 34
1754713347480 0.6525790029776198 35
1754713359416 0.634905388531361 36
1754713374149 0.6507540101815388 37
1754713387696 0.8376716934012103 38
1754713402105 0.7948323888195178 39
1754713415219 0.790702141965229 40
1754713430562 0.7198155796753434 41
1754713446266 0.726923446354817 42
1754713460319 0.745845740082605 43
1754713472393 0.7471904716165594 44
1754713487777 0.7467102103544329 45
1754713502340 0.7364326193449237 46
1754713516379 0.7388339256555566 47
1754713526461 0.7111708769570646 48
1754713542277 0.6528671597348957 49
1754713555759 0.8181730861588704 50
1754713570721 0.7964652771107482 51
1754713583509 0.74738257612141 52
1754713593972 0.6801459994236865 53
1754713606729 0.6933051580059553 54
1754713620433 0.8102007492075689 55
1754713633400 0.8018442032465661 56
1754713647768 0.8531361060416867 57
1754713661489 0.8776294304101431 58
1754713675080 0.841513783498223 59
1754713690954 0.9029872250504274 60
1754713705335 0.9155700701181443 61
1754713718326 0.6980117183747959 62
1754713731502 0.83008356545961 63
1754713744518 0.8547689943329171 64
1754713758964 0.8311401402362886 65
1754713774571 0.8940543655748727 66
1754713789775 0.8193257131879742 67
1754713803966 0.8810873114974546 68
1754713818649 0.9143213908366151 69
1754713833821 0.8938622610700221 70
1754713846526 0.8467006051291903 71
1754713861819 0.8689847276918644 72
1754713877046 0.9158582268754202 73
1754713885677 0.8157717798482375 74
1754713899344 0.8750360195946595 75
1754713913675 0.6664105273268658 76
1754713929128 0.8840649313226395 77
1754713940089 0.89472673134185 78
1754713953951 0.8572663528959754 79
1754713968308 0.7385457688982807 80
1754713981940 0.8653347420997023 81
1754713991735 0.825280952838344 82
1754714004546 0.8053020843338776 83
1754714019101 0.8868504466429737 84
1754714035335 0.7071366823552012 85
1754714049619 0.7799442896935933 86
1754714061715 0.8188454519258477 87
1754714073882 0.8127941600230525 88
1754714088568 0.8658150033618288 89
1754714102372 0.8614926520026894 90
1754714116841 0.8874267601575256 91
1754714129812 0.9171069061569493 92
1754714144532 0.9265200268946306 93
1754714159907 0.9161463836326962 94
1754714174032 0.9051964268562098 95
1754714187580 0.913072711555086 96
1754714200294 0.8858899241187206 97
1754714212600 0.8934780520603208 98
1754714226401 0.9180674286812026 99
1754714240271 0.9192200557103064 100
