1754712879537 5.113435301250898 0
1754712892909 4.254225049899803 1
1754712907451 4.6967732950746575 2
1754712919094 4.056767933352741 3
1754712935465 3.572352307326782 4
1754712946356 2.975424321544808 5
1754712958352 3.3952295487861703 6
1754712973627 2.8995158554520684 7
1754712988344 2.593150738842943 8
1754713001680 2.7070864151119567 9
1754713015917 2.766106015718467 10
1754713029431 2.2919297598326933 11
1754713044029 2.7534940747964334 12
1754713059457 2.4751125630900095 13
1754713073492 1.7654637574505072 14
1754713085406 4.545763132041811 15
1754713098328 1.1708786332252756 16
1754713111346 1.515338527825222 17
1754713125661 2.206155359935857 18
1754713138562 4.5999935026275764 19
1754713151487 1.6920824403500137 20
1754713159384 1.8639307359821433 21
1754713173126 1.310938925551488 22
1754713187194 1.449039109658555 23
1754713199235 1.3116195719385666 24
1754713213752 1.2618056186316757 25
1754713227507 1.2662069934156006 26
1754713241544 0.8599798835630419 27
1754713255207 0.8904541552039619 28
1754713269127 1.4145255132983905 29
1754713283726 1.0228279069672066 30
1754713297869 0.7848408598675229 31
1754713311708 0.7415072525774745 32
1754713320023 0.7268483050994795 33
1754713333176 0.8987069491504132 34
1754713347481 1.4004240740491778 35
1754713359418 1.1333614957981124 36
1754713374150 1.045925493878856 37
1754713387697 0.5056713238237234 38
1754713402106 0.5886862110943704 39
1754713415220 0.5844611958270728 40
1754713430564 0.7812825238209197 41
1754713446267 0.6986962074222339 42
1754713460320 0.7364206643723126 43
1754713472394 0.9372495745942626 44
1754713487778 0.8338010490807104 45
1754713502341 0.8828605949758069 46
1754713516380 1.0033871373060088 47
1754713526462 0.7330744328831448 48
1754713542278 1.090912587272819 49
1754713555760 0.5385917741538874 50
1754713570722 0.6183888977780267 51
1754713583510 0.7149065041513327 52
1754713593973 1.5070440127342353 53
1754713606730 0.8555324005948148 54
1754713620434 0.4953186404691694 55
1754713633402 0.6014039203767273 56
1754713647769 0.4054284998115983 57
1754713661490 0.32629845373091304 58
1754713675081 0.476930256991433 59
1754713690955 0.28236924621035514 60
1754713705336 0.25786953844526195 61
1754713718327 1.2032395465432963 62
1754713731503 0.4704526791676781 63
1754713744519 0.40955489617201246 64
1754713758965 0.48135832883583246 65
1754713774572 0.29743666496111293 66
1754713789776 0.4964739855053961 67
1754713803968 0.34781041393412254 68
1754713818650 0.24451105315456764 69
1754713833822 0.28576838400696863 70
1754713846527 0.4596551489646189 71
1754713861820 0.3512928477211012 72
1754713877047 0.2602677901597264 73
1754713885678 0.6208600003277815 74
1754713899345 0.3752649329875785 75
1754713913676 1.3477073469147198 76
1754713929129 0.3370676237952609 77
1754713940090 0.2744163727563603 78
1754713953952 0.40608974797564196 79
1754713968309 1.0466601787704786 80
1754713981941 0.39268596954889445 81
1754713991737 0.43362130931123183 82
1754714004547 0.5079274904914233 83
1754714019102 0.2993559701233256 84
1754714035337 1.3092338006105206 85
1754714049620 0.7964806320899213 86
1754714061716 0.5138942270099084 87
1754714073883 0.5515509265991102 88
1754714088569 0.3604269355905261 89
1754714102373 0.3556846158343076 90
1754714116842 0.28337970354930425 91
1754714129813 0.2203665392824349 92
1754714144533 0.2015805744028175 93
1754714159908 0.21791903779136373 94
1754714174034 0.24424862218186638 95
1754714187582 0.23672170504818155 96
1754714200296 0.2968868615048794 97
1754714212602 0.27200012722178574 98
1754714226402 0.2349480547358904 99
1754714240272 0.22531186925778307 100
