1753601111823 0.027662402392423992 0
1753601140658 0.03621864097026084 1
1753601166706 0.0631334108655923 2
1753601192668 0.08132580162817744 3
1753601215109 0.0989367004485795 4
1753601237260 0.1231932214653597 5
1753601260232 0.146203688320319 6
1753601282629 0.15791659744143546 7
1753601305315 0.16788503073600267 8
1753601327865 0.1780196045854793 9
1753601350161 0.18499750789167635 10
1753601372201 0.20044857949825554 11
1753601397418 0.20834025585645455 12
1753601421962 0.20983552085063964 13
1753601444590 0.21822561887356703 14
1753601469500 0.22644957634158497 15
1753601502933 0.23126765243395914 16
1753601527041 0.23749792324306362 17
1753601554695 0.2423159993354378 18
1753601578134 0.2426482804452567 19
1753601599655 0.24106994517361688 20
1753601621778 0.24779863764744975 21
1753601648575 0.2442266157168965 22
1753601670384 0.2576009303871075 23
1753601693317 0.24588802126599102 24
1753601715900 0.24912776208672538 25
1753601730066 0.25153680013291246 26
1753601744251 0.26341584980893834 27
1753601769694 0.26341584980893834 28
1753601789856 0.26748629340422 29
1753601806215 0.2640804120285762 30
1753601837446 0.2598438278783851 31
1753601853248 0.2664063797973085 32
1753601868212 0.27454726698787174 33
1753601882352 0.2664063797973085 34
1753601896631 0.2760425319820568 35
1753601927027 0.2811928891842499 36
1753601949443 0.28144210001661407 37
1753601963621 0.2818574514038877 38
1753601991433 0.2846818408373484 39
1753602010210 0.2825220136235255 40
1753602037188 0.28518026250207673 41
1753602070959 0.28393420834025584 42
1753602103061 0.2836019272304369 43
1753602117052 0.28567868416680514 44
1753602144780 0.2861771058315335 45
1753602167955 0.28393420834025584 46
1753602182073 0.2796145539126101 47
1753602202124 0.27612560225951155 48
1753602217119 0.2834357866755275 49
1753602244078 0.2821897325137066 50
1753602261613 0.2824389433460708 51
1753602279668 0.28451570028243894 52
1753602290078 0.28484798139225787 53
1753602312067 0.2859278949991693 54
1753602331538 0.289666057484632 55
1753602352830 0.2890014952649942 56
1753602370294 0.29224123608572855 57
1753602389121 0.29406878218973254 58
1753602408049 0.28983219803954147 59
1753602431564 0.28509719222462204 60
1753602450850 0.2893337763748131 61
1753602473424 0.2865924572188071 62
1753602490660 0.29066290081408874 63
1753602508195 0.2953148363515534 64
1753602527824 0.2937365010799136 65
1753602548603 0.2925735171955474 66
1753602570249 0.29049676025917925 67
1753602590276 0.2944010632995514 68
1753602600591 0.2953148363515534 69
1753602623167 0.29332114969263995 70
1753602642644 0.2961455391261007 71
1753602663959 0.2862601761089882 72
1753602683117 0.29232430636318324 73
1753602704427 0.2912443927562718 74
1753602723086 0.2993022096693803 75
1753602734207 0.29747466356537633 76
1753602744347 0.2931550091377305 77
1753602756408 0.29830536633992355 78
1753602766936 0.2983884366173783 79
1753602777900 0.3013789666057485 80
1753602788849 0.3033726532646619 81
1753602799668 0.2993022096693803 82
1753602810584 0.2999667718890181 83
1753602820710 0.3029573018773883 84
1753602830752 0.30162817743811265 85
1753602841784 0.30104668549592956 86
1753602853672 0.3002159827213823 87
1753602864428 0.3017943179930221 88
1753602874916 0.29672703106828374 89
1753602885924 0.296976241900648 90
1753602897036 0.2997175610566539 91
1753602907711 0.2991360691144708 92
1753602919452 0.29822229606246886 93
1753602930038 0.30478484798139227 94
1753602939505 0.3047017777039375 95
1753602948425 0.300299052998837 96
1753602959788 0.30063133410865595 97
1753602969796 0.30038212327629177 98
1753602980768 0.3019604585479316 99
1753602992128 0.2996344907791992 100
