1753601111825 4.554201618700652 0
1753601140659 4.4641970008405885 1
1753601166707 4.393187988001474 2
1753601192669 4.328007496233939 3
1753601215110 4.316661651101065 4
1753601237261 4.252436832544519 5
1753601260233 4.25469966667121 6
1753601282630 4.237876652037406 7
1753601305316 4.241419302778629 8
1753601327866 4.23513257891395 9
1753601350162 4.27600618537736 10
1753601372202 4.283274183439944 11
1753601397419 4.316968827385812 12
1753601421963 4.299972972290664 13
1753601444591 4.303149269855179 14
1753601469501 4.334494071023986 15
1753601502934 4.385432197667734 16
1753601527042 4.4485035934915205 17
1753601554696 4.4729590743474565 18
1753601578135 4.445636177535684 19
1753601599656 4.5017302810434865 20
1753601621780 4.479029497658266 21
1753601648576 4.491657999425434 22
1753601670385 4.518001489570436 23
1753601693318 4.576352634815821 24
1753601715901 4.552351054230552 25
1753601730067 4.6323918511513815 26
1753601744253 4.632334960644453 27
1753601769695 4.570638644250025 28
1753601789857 4.526565264984513 29
1753601806216 4.528581231589296 30
1753601837447 4.527594783779317 31
1753601853249 4.562736734414255 32
1753601868213 4.621773719899847 33
1753601882353 4.6344212976415475 34
1753601896632 4.619770190454622 35
1753601927028 4.610599746618543 36
1753601949444 4.540156675616077 37
1753601963622 4.576309542491062 38
1753601991434 4.601811965487447 39
1753602010211 4.57033657247201 40
1753602037189 4.602083888306331 41
1753602070960 4.643544471436625 42
1753602103062 4.602272881988103 43
1753602117053 4.606380563945694 44
1753602144781 4.631347649377818 45
1753602167956 4.656170498656913 46
1753602182074 4.649428041890766 47
1753602202125 4.596844776632348 48
1753602217120 4.5899039391482015 49
1753602244079 4.63181574703772 50
1753602261614 4.597890609171031 51
1753602279670 4.570489149153245 52
1753602290079 4.559678909942729 53
1753602312068 4.53746568639674 54
1753602331539 4.540287598858421 55
1753602352831 4.5400541370996095 56
1753602370295 4.550871286931759 57
1753602389122 4.564334791321264 58
1753602408050 4.511590341228051 59
1753602431565 4.492275167924636 60
1753602450852 4.474953026885916 61
1753602473425 4.502756439110404 62
1753602490661 4.502895931209523 63
1753602508196 4.554072580163662 64
1753602527826 4.511191699161992 65
1753602548604 4.515159237026844 66
1753602570250 4.488750156756474 67
1753602590277 4.4985562649686655 68
1753602600592 4.544492366380536 69
1753602623168 4.551148303546873 70
1753602642645 4.543988855950476 71
1753602663960 4.48361659807674 72
1753602683118 4.516884763611488 73
1753602704428 4.492281211924793 74
1753602723087 4.546999612215498 75
1753602734208 4.449450837244397 76
1753602744349 4.399648168285813 77
1753602756409 4.3622503423633425 78
1753602766937 4.321700113251584 79
1753602777901 4.340526734546005 80
1753602788850 4.313638554024233 81
1753602799669 4.303544279059298 82
1753602810585 4.281792533924001 83
1753602820712 4.2934956947027025 84
1753602830753 4.279837613463477 85
1753602841785 4.298623727592846 86
1753602853673 4.2807567016515655 87
1753602864429 4.270913830282274 88
1753602874917 4.289552913965054 89
1753602885925 4.236909108681144 90
1753602897037 4.241461144372444 91
1753602907713 4.22635309453052 92
1753602919453 4.224015018033367 93
1753602930040 4.235716709465281 94
1753602939506 4.249284946870469 95
1753602948426 4.240935932625834 96
1753602959789 4.221729430513268 97
1753602969797 4.251918000253481 98
1753602980769 4.270964528893696 99
1753602992129 4.230147198098278 100
