1751136177846 4.432587698030282 0
1751136301900 4.172303506259914 1
1751136425370 3.9378606372983116 2
1751136552679 3.7559681764380355 3
1751136678965 3.6209264892143893 4
1751136805185 3.5115332468006497 5
1751136926801 3.431180709561785 6
1751137049605 3.3894388814505287 7
1751137178677 3.3538541838286635 8
1751137307474 3.2267846680443317 9
1751137436152 3.185560481191355 10
1751137562494 3.127171805399336 11
1751137689708 3.1217680975005924 12
1751137817163 3.006226464457456 13
1751137945253 2.923944273262399 14
1751138075108 2.8964313691967973 15
1751138201852 2.8801999890291685 16
1751138326629 2.833841570547982 17
1751138453917 2.7912680625597486 18
