1752690092519 0.025834856288420003 0
1752690104622 0.05416182090048181 1
1752690116845 0.07102508722379133 2
1752690129135 0.09386941352384116 3
1752690142286 0.10632995514205018 4
1752690155848 0.12061804286426317 5
1752690169360 0.1344077089217478 6
1752690182833 0.1558398405050673 7
1752690196382 0.16414686825053995 8
1752690209822 0.17727197208838677 9
1752690222499 0.18724040538295397 10
1752690234643 0.19779033061970427 11
1752690246998 0.20244226615716895 12
1752690259339 0.2143213158331949 13
1752690271500 0.2193886027579332 14
1752690284964 0.23068616049177604 15
1752690297647 0.23135072271141385 16
1752690309906 0.23783020435288255 17
1752690323493 0.24314670210998504 18
1752690336570 0.25245057318491443 19
1752690349576 0.2570194384449244 20
1752690361940 0.2590961953812926 21
1752690374235 0.26000996843329455 22
1752690386716 0.26798471506894833 23
1752690399122 0.2688984881209503 24
1752690411642 0.27313507227114137 25
1752690425457 0.277205515866423 26
1752690438194 0.2742149858780528 27
1752690450484 0.28044525668715736 28
1752690462543 0.28866921415517527 29
1752690475609 0.29049676025917925 30
1752690488196 0.2895829872071773 31
1752690500616 0.2939857119122778 32
1752690513409 0.2929888685828211 33
1752690526830 0.29307193886027577 34
1752690540161 0.30204352882538626 35
1752690553587 0.29880378800465196 36
1752690565943 0.30744309685994353 37
1752690578951 0.30644625353048677 38
1752690591799 0.3061139724206679 39
1752690604199 0.31525170294068783 40
1752690617741 0.31035055657085897 41
1752690631242 0.30827379963449075 42
1752690643958 0.31068283768067784 43
1752690657134 0.3151686326632331 44
1752690669663 0.3150855623857784 45
1752690682248 0.31143047017777037 46
1752690694631 0.3177438112643296 47
1752690707089 0.317328459877056 48
1752690719262 0.31982056820069776 49
1752690731528 0.31782688154178435 50
1752690744480 0.3210666223625187 51
1752690756718 0.3230603090214321 52
1752690768769 0.32281109818906795 53
1752690780923 0.3264661903970759 54
1752690793320 0.32737996344907794 55
1752690805560 0.3242232929057983 56
1752690818169 0.328875228443263 57
1752690830938 0.3292905798305366 58
1752690843906 0.3250539956803456 59
1752690856312 0.3282937365010799 60
1752690868272 0.32895829872071775 61
1752690881144 0.3272968931716232 62
1752690893572 0.3286260176108988 63
1752690905698 0.33120119621199534 64
1752690918078 0.33377637481309186 65
1752690930552 0.33311181259345407 66
1752690943535 0.3329456720385446 67
1752690956161 0.33253032065127097 68
1752690968837 0.33020435288253863 69
1752690982421 0.3366007642465526 70
1752690996065 0.33618541285927894 71
1752691009524 0.33801295896328293 72
1752691022084 0.33593620202691477 73
1752691035640 0.3385113806280113 74
1752691048500 0.34058813756437945 75
1752691060903 0.3366007642465526 76
1752691073408 0.3356869911945506 77
1752691085770 0.3370161156338262 78
1752691099141 0.33892673201528495 79
1752691112707 0.3394251536800133 80
1752691126343 0.33801295896328293 81
1752691140066 0.3394251536800133 82
1752691153901 0.3408373483967436 83
1752691167353 0.3390928725701944 84
1752691179843 0.34017278617710583 85
1752691192332 0.33876059146037546 86
1752691204803 0.3400897158996511 87
1752691217314 0.3444093703272969 88
1752691230164 0.34233261339092874 89
1752691242789 0.3419172620036551 90
1752691255926 0.3406712078418342 91
1752691269241 0.34274796477820235 92
1752691283108 0.3408373483967436 93
1752691295346 0.344077089217478 94
1752691308004 0.34573849476657253 95
1752691320908 0.3425818242232929 96
1752691333278 0.3456554244891178 97
1752691345848 0.34241568366838343 98
1752691358690 0.3456554244891178 99
1752691372067 0.34058813756437945 100
