1752690092520 4.554393110880585 0
1752690104623 4.421849985491483 1
1752690116846 4.269715905991258 2
1752690129136 4.129718034845683 3
1752690142287 4.002617162132824 4
1752690155849 3.8762070011721783 5
1752690169361 3.7663617658735373 6
1752690182834 3.6630131782429114 7
1752690196383 3.5791620604878664 8
1752690209822 3.4955618850019308 9
1752690222500 3.422489248538729 10
1752690234643 3.3495718988614605 11
1752690246999 3.298382049801471 12
1752690259340 3.226396356374589 13
1752690271501 3.1778646000747472 14
1752690284965 3.1178777783344955 15
1752690297648 3.079727183599941 16
1752690309907 3.0477250238435016 17
1752690323494 3.0025386524681488 18
1752690336571 2.9515203945824156 19
1752690349577 2.9437073233399187 20
1752690361941 2.8939617346970663 21
1752690374235 2.878030508668947 22
1752690386717 2.842662916207524 23
1752690399123 2.8166532488669 24
1752690411643 2.776100473488615 25
1752690425458 2.7567191502285286 26
1752690438195 2.753969981383255 27
1752690450485 2.717138885900522 28
1752690462544 2.683284871915951 29
1752690475610 2.6759433817367384 30
1752690488197 2.6584980622741945 31
1752690500617 2.635723546554482 32
1752690513410 2.6259001755649276 33
1752690526831 2.6121178623155767 34
1752690540162 2.5784882796993274 35
1752690553588 2.577428298219005 36
1752690565944 2.545606516949917 37
1752690578951 2.534939076054642 38
1752690591800 2.5225814714708363 39
1752690604200 2.4909125886177907 40
1752690617742 2.484818476408457 41
1752690631243 2.49869207558686 42
1752690643959 2.4739234170752344 43
1752690657135 2.453813051728954 44
1752690669663 2.447998070238317 45
1752690682249 2.4499815436484886 46
1752690694632 2.425906968823297 47
1752690707090 2.4115033819926994 48
1752690719263 2.3895160945311673 49
1752690731529 2.395352832343509 50
1752690744481 2.3788928929598905 51
1752690756719 2.3810815453379033 52
1752690768770 2.360200973557243 53
1752690780924 2.3561512227818064 54
1752690793321 2.3443937175047904 55
1752690805561 2.3286633480993224 56
1752690818170 2.321497949946573 57
1752690830939 2.3223554287176262 58
1752690843907 2.321714468453801 59
1752690856313 2.2991892053405496 60
1752690868273 2.2980909846369184 61
1752690881145 2.291109381916143 62
1752690893572 2.2903446054486176 63
1752690905699 2.273245360869828 64
1752690918079 2.255567094379235 65
1752690930553 2.252232037281078 66
1752690943536 2.2423112582150706 67
1752690956162 2.2461543335239145 68
1752690968838 2.245527090947134 69
1752690982422 2.226125662907576 70
1752690996066 2.222738021052199 71
1752691009525 2.2018227488140742 72
1752691022085 2.207142755965467 73
1752691035641 2.2040686220268886 74
1752691048500 2.195284463844163 75
1752691060904 2.198188811164786 76
1752691073409 2.1854571249616304 77
1752691085771 2.174555957592952 78
1752691099142 2.1613342847867694 79
1752691112708 2.171870651867471 80
1752691126344 2.1620079923723363 81
1752691140067 2.1589763502693318 82
1752691153902 2.158072449858823 83
1752691167354 2.154076565528377 84
1752691179844 2.1420186953967537 85
1752691192333 2.136530029856392 86
1752691204804 2.125463205558405 87
1752691217315 2.1127620915271192 88
1752691230165 2.1244164931518585 89
1752691242790 2.1062780681053295 90
1752691255927 2.1116362810635976 91
1752691269242 2.0993320400121585 92
1752691283109 2.1028033785080398 93
1752691295347 2.0841116917363833 94
1752691308005 2.0738527552201598 95
1752691320909 2.0858236609098038 96
1752691333278 2.069964059777699 97
1752691345849 2.0781709926877014 98
1752691358691 2.067082959502472 99
1752691372068 2.069434032025784 100
