1751510400813 4.55923573033883 0
1751510637433 4.462251022386361 1
1751510878542 4.358654568199833 2
1751511117313 4.229548051183158 3
1751511357317 4.049232712273918 4
1751511598199 3.9258137118694147 5
1751511834844 3.8347577751119357 6
1751512074274 3.7057107404002236 7
1751512319469 3.622109832424927 8
1751512567770 3.472283594938571 9
1751512812453 3.4132889890850375 10
1751513055177 3.393066348378991 11
1751513302098 3.3527753990947216 12
1751513546484 3.308375942685859 13
1751513789032 3.1748479123169417 14
1751514036149 3.147553476598328 15
1751514276527 3.075890295723538 16
1751514508359 2.9569386373094546 17
1751514753588 2.888710102193848 18
1751514993517 2.830474127253171 19
1751515229378 2.828545449243527 20
1751515470859 2.791460019028269 21
1751515717838 2.7931119816201977 22
1751515958167 2.707515022674348 23
1751516206553 2.723746641372806 24
1751516447472 2.586708748619984 25
1751516694301 2.517791360258108 26
1751516938651 2.5275058544506512 27
1751517179483 2.523449232221448 28
1751517416417 2.521061985917759 29
1751517665264 2.4378700790033103 30
1751517911385 2.3638917423112793 31
1751518155716 2.3591488188755863 32
1751518397762 2.2954966397443486 33
1751518640189 2.2684887754203733 34
1751518880077 2.2343043094478685 35
1751519120279 2.196065802207413 36
1751519360698 2.1644134133957524 37
1751519601008 2.174771128569619 38
1751519846353 2.168262629324446 39
1751520088692 2.1569012044008167 40
1751520331512 2.069965709865305 41
1751520583361 2.0410748201060507 42
1751520824612 2.0475439439401213 43
1751521062964 2.0574343209346857 44
1751521305830 2.0515191475965033 45
1751521547262 2.017393233231556 46
1751521788425 1.9581051615522256 47
1751522035758 1.8934819990424874 48
1751522275411 1.8712380529751798 49
1751522517096 1.8621041005854204 50
1751522657059 1.8621521208822716 51
1751522790257 1.8359041096672624 52
1751522924992 1.820488381522062 53
1751523060500 1.7809966256720025 54
1751523199140 1.7288895485251143 55
1751523333855 1.7276330412947987 56
1751523469945 1.7251334042592568 57
1751523607394 1.6467328992066 58
1751523745214 1.6277502264428378 59
1751523881670 1.617624937975867 60
1751524012961 1.6052101464456072 61
1751524149395 1.578083664068937 62
1751524284781 1.5911140006310733 63
1751524418325 1.632592991809044 64
1751524551039 1.5796749428488341 65
1751524684737 1.5444230075323806 66
1751524818936 1.555346149456229 67
1751524964206 1.4669317417294971 68
1751525099196 1.4734692288358813 69
1751525236141 1.4687416957748607 70
1751525371962 1.46788456230704 71
1751525506622 1.4702546540523023 72
1751525643156 1.4343879994996505 73
1751525781121 1.4283763176152964 74
1751525916924 1.4494160028393952 75
1751526054956 1.4524773589005453 76
1751526188991 1.4535334995879765 77
1751526325161 1.4492185675059872 78
1751526461174 1.4133287717345233 79
1751526596151 1.3962222177365362 80
1751526732479 1.3947096700197603 81
1751526867759 1.3660884245861415 82
1751527005604 1.3428264598803157 83
1751527138175 1.3803290955657632 84
1751527274291 1.4537603600684583 85
1751527410228 1.4520205365251075 86
1751527546428 1.3725183231747906 87
1751527685744 1.372568003954898 88
1751527820391 1.325905087379301 89
1751527955107 1.332505962209042 90
1751528090849 1.3162102429020848 91
1751528225164 1.319503396740532 92
1751528363305 1.365177372289164 93
1751528497844 1.3147731261578477 94
1751528632188 1.357428668973822 95
1751528768421 1.3451855946903208 96
1751528906084 1.3330706993734134 97
1751529043434 1.300826287343724 98
1751529177013 1.288511079112444 99
1751529314739 1.2929576097128763 100
1751529408256 1.2636349477299877 101
1751529500804 1.2390474320435516 102
1751529595200 1.234326799616563 103
1751529688616 1.2200420419965192 104
1751529783199 1.2241228871979208 105
1751529875560 1.218241107443433 106
1751529968578 1.2234751904772279 107
1751530061308 1.1869964226625305 108
1751530151786 1.1747565072657922 109
1751530244044 1.21385902685785 110
1751530336196 1.1793327823211717 111
1751530429573 1.200005044285746 112
1751530523873 1.1573551856798863 113
1751530615320 1.2145991425368436 114
1751530708217 1.201534704435605 115
1751530801842 1.1748575878866074 116
1751530896190 1.2103444690213736 117
1751530991563 1.1586231503284474 118
1751531085791 1.1342146332774425 119
1751531178815 1.1599429042721068 120
1751531273654 1.079734162507385 121
1751531365187 1.093806805925533 122
1751531457478 1.0805265896676526 123
1751531551619 1.0828829585866104 124
1751531643615 1.1284033863740535 125
1751531738196 1.0660828824917397 126
1751531830471 1.0560921395537963 127
1751531922008 1.0808059071714098 128
1751532016356 1.0711535991773244 129
1751532109767 1.1070717256007587 130
1751532203530 1.0862904579355668 131
1751532297624 1.083115128258658 132
1751532390557 1.0870043656106791 133
1751532484397 1.1170444746759374 134
1751532577506 1.126031651517556 135
1751532671399 1.0912880289385285 136
1751532765700 1.0527383174484533 137
1751532858184 1.0321500578269263 138
1751532949128 1.0419898065632172 139
1751533042077 1.038972318887755 140
1751533135119 1.0277874532729023 141
1751533227122 1.0247324963359832 142
1751533320314 1.0089446824964008 143
1751533414377 1.0491350126375962 144
1751533509182 1.007031733693984 145
1751533600428 1.0025146405881402 146
1751533694159 1.022258671216525 147
1751533786992 1.1321358050851704 148
1751533879283 1.1296908941713704 149
1751533971846 1.0801633997234903 150
1751534022532 1.0994317368115099 151
1751534073297 1.121029573657183 152
1751534123336 1.096655197383894 153
1751534174672 1.0699509424393243 154
1751534225130 1.1169865654701463 155
1751534275829 1.082995692627759 156
1751534326452 1.088667209381185 157
1751534377204 1.0771558191039219 158
1751534427672 1.053453942850664 159
1751534478375 1.0873654993449449 160
1751534528613 1.107078218224495 161
1751534578650 1.0148862306539965 162
1751534628917 1.0091774006010539 163
1751534679603 1.0296911383873253 164
1751534730050 1.014035059101375 165
1751534780653 1.0151222996901097 166
1751534830495 1.0363995575514233 167
1751534881445 1.0292682864503586 168
1751534931278 1.0563995061726 169
1751534981772 1.0357535554462571 170
1751535032381 1.0324125656455467 171
1751535081757 0.9984503371484553 172
1751535132086 0.9639880512608654 173
1751535183098 0.959190172544632 174
1751535233866 0.9996575840429636 175
1751535284213 0.9979163045087488 176
1751535333991 1.0017855275235934 177
1751535384524 0.990172764538766 178
1751535435298 0.9635108992936838 179
1751535484934 0.9767489795364829 180
1751535535666 0.9566149701562432 181
1751535586490 0.9358387456875162 182
1751535636854 0.9170170608494504 183
1751535687397 0.9395071433856693 184
1751535737958 0.961905407304175 185
1751535788318 0.9459234955909148 186
1751535838745 0.906659879351384 187
1751535888958 0.9049633647940568 188
1751535938811 0.8939027022362339 189
1751535989099 0.8966695277226321 190
1751536039773 0.9482909253141978 191
1751536089731 0.9663846457187947 192
1751536140162 0.9346641524214291 193
1751536190920 0.9464645735678509 194
1751536241568 0.9672294225126016 195
1751536292532 0.9375329138824612 196
1751536343214 0.9434433594556223 197
1751536393712 0.8807774998649706 198
1751536444067 0.8892519658372802 199
1751536494443 0.8689719256088465 200
