1753538208147 0.025585645456055822 0
1753538229445 0.045854793155009135 1
1753538240131 0.0613058647615883 2
1753538261138 0.0809104502409038 3
1753538275991 0.08871905632164812 4
1753538298399 0.09943512211330786 5
1753538320189 0.118541285927895 6
1753538339904 0.13490613058647616 7
1753538357593 0.14462535304867918 8
1753538377742 0.1546768566207011 9
1753538392900 0.16414686825053995 10
1753538413338 0.1730353879381957 11
1753538434328 0.1782688154178435 12
1753538456039 0.1919754111978734 13
1753538475360 0.1985379631167968 14
1753538494553 0.21324140222628343 15
1753538514532 0.21606579165974416 16
1753538534178 0.22379132746303373 17
1753538556713 0.22728027911613224 18
1753538578440 0.23093537132414022 19
1753538601743 0.23475660408705765 20
1753538620174 0.238910117959794 21
1753538640294 0.2418175776707094 22
1753538659863 0.24904469180927064 23
1753538684073 0.2448081076590796 24
1753538702453 0.25344741651437114 25
1753538719595 0.25153680013291246 26
1753538740351 0.25818242232929056 27
1753538758712 0.2616713739823891 28
1753538780686 0.2646619039707593 29
1753538801399 0.2679016447914936 30
1753538822577 0.2669878717394916 31
1753538846140 0.27055989367004485 32
1753538866928 0.2747964778202359 33
1753538880297 0.2728027911613225 34
1753538899974 0.28077753779697623 35
1753538921424 0.28310350556570857 36
1753538941542 0.28177438112643294 37
1753538962374 0.28609403555407875 38
1753538980540 0.2874231599933544 39
1753539002808 0.2959793985711912 40
1753539023557 0.2955640471839176 41
1753539041906 0.2925735171955474 42
1753539061692 0.29348729024754944 43
1753539080631 0.2978069446751952 44
1753539105179 0.29880378800465196 45
1753539128684 0.2945672038544609 46
1753539150353 0.30104668549592956 47
1753539174914 0.30004984216647285 48
1753539198298 0.3047017777039375 49
1753539220795 0.30378800465193556 50
1753539244184 0.3047017777039375 51
1753539261880 0.30486791825884696 52
1753539282875 0.30561555075593955 53
1753539293340 0.30345572354211664 54
1753539314009 0.30744309685994353 55
1753539335150 0.31035055657085897 56
1753539355486 0.31500249210832365 57
1753539367573 0.3096029240737664 58
1753539380262 0.312759594617046 59
1753539402748 0.3101013457384948 60
1753539422211 0.30985213490613056 61
1753539441588 0.31043362684831366 62
1753539462520 0.3135902973915933 63
1753539482442 0.31641468682505397 64
1753539503253 0.31741153015451073 65
1753539523835 0.3186575843163316 66
1753539544535 0.322478817079249 67
1753539566036 0.31757767070942017 68
1753539588570 0.32023591958797143 69
1753539604017 0.3189067951486958 70
1753539628314 0.32438943346070775 71
1753539648761 0.32214653596943016 72
1753539669944 0.31982056820069776 73
1753539690464 0.322478817079249 74
1753539704142 0.3220634656919754 75
1753539727639 0.32139890347233757 76
1753539747923 0.3251370659578003 77
1753539768266 0.3228941684665227 78
1753539787262 0.32621697956471174 79
1753539810353 0.3230603090214321 80
1753539828627 0.32754610400398737 81
1753539848341 0.3233095198537963 82
1753539867676 0.32339259013125105 83
1753539889867 0.3248878551254361 84
1753539907179 0.3282106662236252 85
1753539929516 0.3286260176108988 86
1753539950871 0.32596776873234756 87
1753539972645 0.3267154012294401 88
1753539986955 0.32837680677853465 89
1753540000273 0.3292905798305366 90
1753540020446 0.32497092540289085 91
1753540036886 0.3301212826050839 92
1753540055168 0.32779531483635155 93
1753540075632 0.33053663399235755 94
1753540097436 0.3342747964778202 95
1753540112689 0.32596776873234756 96
1753540133830 0.33153347732181426 97
1753540156186 0.3316996178767237 98
1753540171972 0.33535471008473167 99
1753540193410 0.330702774547267 100
