1752767072336 0.01229677312866221 0
1752767083000 0.01386481802426343 1
1752767093760 0.01625814970702319 2
1752767104623 0.019229182140793926 3
1752767115525 0.022942972683007344 4
1752767126268 0.02607906247420979 5
1752767137262 0.028637451514401255 6
1752767147951 0.029297680944128084 7
1752767158807 0.032351242056614674 8
1752767169504 0.03400181563093175 9
1752767180288 0.037055376743418335 10
1752767191122 0.04126433935792688 11
1752767201927 0.040026409177189075 12
1752767212895 0.04778410497647933 13
1752767223838 0.05001237930180738 14
1752767234789 0.049352149872080545 15
1752767245596 0.05182801023355616 16
1752767256399 0.05389122720145251 17
1752767267199 0.0581827184946769 18
1752767277945 0.05983329206899397 19
1752767288709 0.06074110753486837 20
1752767299427 0.06709581579598911 21
1752767310173 0.06957167615746472 22
1752767320952 0.07113972105306594 23
1752767331658 0.07543121234629034 24
1752767342357 0.07790707270776595 25
1752767353063 0.0746059255591318 26
1752767363772 0.07609144177601716 27
1752767374453 0.07864983081620863 28
1752767385331 0.08401419493273912 29
1752767396064 0.08426178096888669 30
1752767406852 0.08665511265164645 31
1752767417694 0.0910291326235867 32
1752767428414 0.08946108772798547 33
1752767439135 0.0899562598002806 34
1752767449910 0.09540315259552695 35
1752767460604 0.09457786580836841 36
1752767471356 0.09754889824213914 37
1752767482163 0.09738384088470743 38
1752767492903 0.10101510274820501 39
1752767503644 0.1001072872823306 40
1752767514392 0.09944705785260378 41
1752767525342 0.10076751671205744 42
1752767536296 0.09919947181645622 43
1752767546935 0.10514153668399769 44
1752767557673 0.10778245440290501 45
1752767568410 0.10514153668399769 46
1752767579238 0.10670958157959891 47
1752767589968 0.11009325740694892 48
1752767601094 0.11149624494511842 49
1752767611887 0.11438474870017332 50
1752767622651 0.11628290831063795 51
1752767633396 0.11710819509779648 52
1752767644146 0.11875876867211356 53
1752767654910 0.12024428488899892 54
1752767665653 0.1197491128167038 55
1752767676614 0.12106957167615746 56
1752767687382 0.12329784600148552 57
1752767698221 0.12437071882479162 58
1752767708979 0.12503094825451844 59
1752767719859 0.12536106296938185 60
1752767730696 0.1280019806882892 61
1752767741486 0.1294049682264587 62
1752767752524 0.12783692333085747 63
1752767763402 0.13237600066022942 64
1752767774406 0.13237600066022942 65
1752767785479 0.13410910291326236 66
1752767796363 0.13377898819839895 67
1752767807278 0.1369150779896014 68
1752767818145 0.13608979120244286 69
1752767828847 0.1377403647767599 70
1752767839903 0.13980358174465626 71
1752767850661 0.1412065692828258 72
1752767861368 0.1452504745399026 73
1752767872123 0.14426013039531238 74
1752767882985 0.1443426590740282 75
1752767893900 0.14475530246760748 76
1752767904749 0.14343484360815384 77
1752767915799 0.14855162168853678 78
1752767926853 0.14739622018651483 79
1752767937635 0.1478088635800941 80
1752767948399 0.1502847239415697 81
1752767959161 0.15069736733514896 82
1752767970020 0.1536683997689197 83
1752767980833 0.1516877114797392 84
1752767991816 0.15358587109020386 85
1752768002819 0.1552364446645209 86
1752768013794 0.1559792027729636 87
1752768024838 0.1577948337047124 88
1752768035619 0.15895023520673435 89
1752768046514 0.15680448956012213 90
1752768057417 0.15985805067260872 91
1752768068157 0.16192126764050507 92
1752768078896 0.16588264421886606 93
1752768089805 0.16315919782124289 94
1752768100634 0.16505735743170752 95
1752768111399 0.16340678385739044 96
1752768122222 0.16447965668069653 97
1752768133004 0.16596517289758192 98
1752768143798 0.16728563175703556 99
1752768154628 0.16844103325905752 100
