1752767072337 4.623623575774532 0
1752767083000 4.6156273264633985 1
1752767093761 4.607290449640309 2
1752767104623 4.597839827408992 3
1752767115526 4.584969440585892 4
1752767126269 4.573399869407096 5
1752767137263 4.563694867202243 6
1752767147952 4.552132976835591 7
1752767158808 4.539073434098439 8
1752767169505 4.524927888816373 9
1752767180289 4.5109591855419255 10
1752767191123 4.497019901610257 11
1752767201928 4.480834074595774 12
1752767212896 4.46242793880572 13
1752767223839 4.4445400426772395 14
1752767234790 4.427567598602432 15
1752767245597 4.4107390600848415 16
1752767256400 4.39304152063493 17
1752767267200 4.37526169020139 18
1752767277946 4.358984695217473 19
1752767288710 4.341072751764665 20
1752767299428 4.322347816719068 21
1752767310174 4.3043103238482425 22
1752767320953 4.2873895794191474 23
1752767331659 4.272339430638853 24
1752767342358 4.255233760006569 25
1752767353064 4.242034093508314 26
1752767363773 4.2268589151992115 27
1752767374454 4.211603043372171 28
1752767385332 4.197012071534003 29
1752767396065 4.183511817205345 30
1752767406853 4.1680396961053825 31
1752767417695 4.154838647044618 32
1752767428415 4.141488367540998 33
1752767439136 4.130997937257136 34
1752767449911 4.116676248339031 35
1752767460605 4.106310812948502 36
1752767471357 4.091203989970363 37
1752767482164 4.077874090715407 38
1752767492904 4.066951036402237 39
1752767503645 4.053908026876437 40
1752767514393 4.042189015656595 41
1752767525343 4.0290243548616465 42
1752767536297 4.0195074683333445 43
1752767546936 4.005483416751964 44
1752767557674 3.9952015891562787 45
1752767568411 3.9857654187431386 46
1752767579239 3.975462452591001 47
1752767589968 3.9655265977457135 48
1752767601095 3.9552520552301793 49
1752767611888 3.9447936397563916 50
1752767622652 3.9343091976351854 51
1752767633397 3.923953110660607 52
1752767644147 3.9129971793741563 53
1752767654911 3.901646552965281 54
1752767665654 3.893520395420125 55
1752767676615 3.8850357082087004 56
1752767687383 3.876391383894601 57
1752767698222 3.8661146989784845 58
1752767708980 3.858080858392597 59
1752767719860 3.846609772093336 60
1752767730697 3.8379557762688736 61
1752767741487 3.8311345587951995 62
1752767752524 3.8252055252725667 63
1752767763403 3.8152779755961657 64
1752767774407 3.806758375416773 65
1752767785480 3.798165663471067 66
1752767796364 3.7924900959330743 67
1752767807279 3.784037557431761 68
1752767818146 3.774791701155235 69
1752767828848 3.766794560350411 70
1752767839904 3.7579740538370623 71
1752767850662 3.750684303761957 72
1752767861369 3.7405658869035334 73
1752767872124 3.7344439004188836 74
1752767882986 3.727873181296966 75
1752767893901 3.7224848886611475 76
1752767904750 3.7153761250165775 77
1752767915800 3.705750463556723 78
1752767926854 3.6980974457944416 79
1752767937636 3.6946966857240913 80
1752767948400 3.6876203087491257 81
1752767959162 3.6807906267527692 82
1752767970021 3.675538426186215 83
1752767980834 3.6675964980539626 84
1752767991817 3.659367749922593 85
1752768002820 3.655310346981272 86
1752768013795 3.6462758535700166 87
1752768024839 3.639359380834675 88
1752768035620 3.6323298608129435 89
1752768046515 3.6275685895035092 90
1752768057418 3.6209964485927477 91
1752768068158 3.614064125102659 92
1752768078897 3.6055622725186818 93
1752768089806 3.6029320058528818 94
1752768100635 3.597182499939017 95
1752768111400 3.5926236707938752 96
1752768122222 3.585544584166764 97
1752768133005 3.5811923515811963 98
1752768143799 3.573796181837922 99
1752768154629 3.5684152296020986 100
