1752774611684 0.02119205298013245 0
1752774626358 0.0418046357615894 1
1752774641907 0.05827814569536424 2
1752774656372 0.07094370860927152 3
1752774670658 0.08998344370860926 4
1752774685593 0.09735099337748344 5
1752774700845 0.10687086092715231 6
1752774715180 0.11945364238410595 7
1752774730602 0.12458609271523179 8
1752774744949 0.1341887417218543 9
1752774760564 0.14213576158940397 10
1752774775308 0.1451158940397351 11
1752774789981 0.14892384105960266 12
1752774804342 0.1610927152317881 13
1752774819052 0.16986754966887418 14
1752774833574 0.17276490066225167 15
1752774848781 0.17706953642384107 16
1752774864036 0.18857615894039736 17
1752774879794 0.18990066225165564 18
1752774894849 0.19710264900662253 19
1752774910881 0.20049668874172186 20
1752774926613 0.20281456953642385 21
1752774941611 0.20571192052980133 22
1752774956203 0.20794701986754968 23
1752774971443 0.2168046357615894 24
1752774986535 0.22044701986754967 25
1752775002021 0.22425496688741722 26
1752775017081 0.2298841059602649 27
1752775032674 0.2337748344370861 28
1752775047447 0.2396523178807947 29
1752775061927 0.24089403973509935 30
1752775076342 0.24288079470198676 31
1752775090686 0.2461092715231788 32
1752775105346 0.24966887417218542 33
1752775119959 0.25066225165562916 34
1752775134492 0.25554635761589406 35
1752775149446 0.25927152317880797 36
1752775164099 0.2593543046357616 37
1752775178544 0.2619205298013245 38
1752775193573 0.26142384105960265 39
1752775208298 0.2646523178807947 40
1752775223959 0.26978476821192054 41
1752775240179 0.27483443708609273 42
1752775255284 0.2731788079470199 43
1752775270462 0.27781456953642386 44
1752775284991 0.27905629139072846 45
1752775299551 0.27922185430463575 46
1752775314269 0.28402317880794703 47
1752775328893 0.28211920529801326 48
1752775343294 0.2856788079470199 49
1752775357775 0.28874172185430463 50
1752775373377 0.29147350993377485 51
1752775387812 0.29130794701986756 52
1752775402215 0.2919701986754967 53
1752775416794 0.29271523178807946 54
1752775431404 0.2933774834437086 55
1752775445951 0.29519867549668877 56
1752775460358 0.298841059602649 57
1752775476080 0.2991721854304636 58
1752775491952 0.302317880794702 59
1752775507039 0.30149006622516555 60
1752775521651 0.3019867549668874 61
1752775536136 0.3037251655629139 62
1752775550665 0.30604304635761587 63
1752775565462 0.30480132450331127 64
1752775581256 0.3077814569536424 65
1752775596090 0.30529801324503314 66
1752775611513 0.3079470198675497 67
1752775627206 0.31084437086092714 68
1752775642126 0.31026490066225165 69
1752775656741 0.3124172185430464 70
1752775671278 0.3128311258278146 71
1752775686682 0.31490066225165564 72
1752775701165 0.3167218543046358 73
1752775715475 0.3160596026490066 74
1752775729909 0.3164735099337748 75
1752775744301 0.31895695364238413 76
1752775758622 0.3179635761589404 77
1752775773200 0.3209437086092715 78
1752775788964 0.3195364238410596 79
1752775803882 0.3218543046357616 80
1752775819635 0.32326158940397354 81
1752775834524 0.3244205298013245 82
1752775850426 0.32392384105960265 83
1752775866291 0.32367549668874174 84
1752775882201 0.32491721854304634 85
1752775897426 0.32855960264900663 86
1752775911950 0.3264072847682119 87
1752775927012 0.32822847682119205 88
1752775941548 0.32748344370860927 89
1752775956216 0.32839403973509934 90
1752775971363 0.3330298013245033 91
1752775985946 0.33294701986754965 92
1752776000280 0.3320364238410596 93
1752776014922 0.33261589403973507 94
1752776029110 0.3353476821192053 95
1752776044517 0.33625827814569537 96
1752776060286 0.336341059602649 97
1752776075939 0.33600993377483446 98
1752776091471 0.33683774834437086 99
1752776105901 0.33667218543046357 100
