1752774611685 4.59215843811407 0
1752774626359 4.507223537499229 1
1752774641908 4.405538727909257 2
1752774656373 4.316558841124104 3
1752774670659 4.223917220805403 4
1752774685594 4.1373465687169135 5
1752774700846 4.049752306852282 6
1752774715181 3.9739992154253367 7
1752774730603 3.897505559565582 8
1752774744950 3.831221818368196 9
1752774760565 3.7708712554781285 10
1752774775309 3.711280290897076 11
1752774789982 3.6519373341318055 12
1752774804343 3.604571771864215 13
1752774819053 3.548824456920814 14
1752774833575 3.507570098835322 15
1752774848782 3.4649415554498106 16
1752774864037 3.4214814129863966 17
1752774879795 3.383563451783135 18
1752774894850 3.342780864498933 19
1752774910882 3.310181441613238 20
1752774926614 3.2834270555201566 21
1752774941612 3.2518280325968605 22
1752774956204 3.2263804296488274 23
1752774971444 3.1842414985953007 24
1752774986536 3.158070307663119 25
1752775002022 3.1317362077510515 26
1752775017082 3.106707698158552 27
1752775032675 3.0837588967547425 28
1752775047448 3.054305916318552 29
1752775061928 3.0287668482179635 30
1752775076343 3.0112495884649784 31
1752775090687 2.992028426128718 32
1752775105347 2.9756660413934055 33
1752775119960 2.959292327556905 34
1752775134493 2.9334965817982375 35
1752775149447 2.9141454196476437 36
1752775164100 2.892473167927494 37
1752775178545 2.879417462731903 38
1752775193574 2.8715545325290353 39
1752775208299 2.8589174115928104 40
1752775223960 2.835580930110635 41
1752775240180 2.813139404930233 42
1752775255285 2.8022351449615597 43
1752775270463 2.7864451880272125 44
1752775284992 2.7663473682803708 45
1752775299552 2.7690240007811973 46
1752775314270 2.7488152566262287 47
1752775328894 2.7348404426043205 48
1752775343295 2.722729761485807 49
1752775357776 2.7056185535314503 50
1752775373378 2.6886330325615106 51
1752775387813 2.685143895613033 52
1752775402216 2.6706408686899588 53
1752775416795 2.6598152112319173 54
1752775431405 2.650161067126893 55
1752775445952 2.6380192765772255 56
1752775460359 2.6266604528560507 57
1752775476081 2.6193821229629535 58
1752775491953 2.6106676495562775 59
1752775507040 2.6009529159088767 60
1752775521652 2.5875801903308764 61
1752775536137 2.5834801864209735 62
1752775550666 2.5761796235154053 63
1752775565463 2.5639703681242114 64
1752775581257 2.5572476852341812 65
1752775596091 2.5559536204117794 66
1752775611514 2.539572857350307 67
1752775627207 2.5318431215762183 68
1752775642127 2.5268971380679175 69
1752775656742 2.512106317803374 70
1752775671279 2.505213908041198 71
1752775686683 2.495875036585101 72
1752775701166 2.491174276551091 73
1752775715476 2.4914033672622162 74
1752775729910 2.488419844074051 75
1752775744302 2.469454392598175 76
1752775758623 2.467606576804161 77
1752775773201 2.4531845497261493 78
1752775788965 2.4481101882207645 79
1752775803883 2.447955344245706 80
1752775819636 2.445945027761728 81
1752775834525 2.440507200075474 82
1752775850427 2.4300638703527935 83
1752775866292 2.4274377596532424 84
1752775882202 2.4203171240346215 85
1752775897427 2.4066910410639744 86
1752775911951 2.4022376976242557 87
1752775927013 2.39786952952506 88
1752775941549 2.3969959352677797 89
1752775956217 2.400707328817202 90
1752775971364 2.3846284180128063 91
1752775985947 2.379659597462935 92
1752776000281 2.37504712703951 93
1752776014923 2.3664597539634973 94
1752776029111 2.3587986536830834 95
1752776044518 2.352910247627621 96
1752776060287 2.3499856614338994 97
1752776075940 2.3502441298964167 98
1752776091472 2.34412101155546 99
1752776105902 2.334458813308078 100
