1753900510597 0.026997840172786176 0
1753900563398 0.06496095696959628 1
1753900615313 0.09237414852965609 2
1753900662328 0.09885363017112477 3
1753900714006 0.1228609403555408 4
1753900766049 0.13058647615883037 5
1753900815988 0.12252865924572189 6
1753900868841 0.11953812925735172 7
1753900919854 0.15160325635487623 8
1753900969512 0.1608240571523509 9
1753901021079 0.15907958132580163 10
1753901070212 0.17502907459710915 11
1753901116655 0.17286924738328627 12
1753901167214 0.19878717394916098 13
1753901215251 0.19521515201860773 14
1753901266427 0.1932214653596943 15
