1754716554028 3.418601026229877 0
1754716576247 3.12655723470563 1
1754716598523 2.872494253775348 2
1754716620952 2.7149411386136433 3
1754716644888 2.6306189598709446 4
1754716668926 2.575100532062279 5
1754716688019 2.5472652237474716 6
1754716713466 2.506559009979737 7
1754716735808 2.5307034014796534 8
1754716759872 2.5295660474310795 9
1754716782471 2.536580931578645 10
1754716803979 2.5743464250822745 11
1754716826827 2.601591641597589 12
1754716847635 2.620741918819543 13
1754716870974 2.660542063397648 14
1754716894506 2.678995059992509 15
1754716918478 2.70814192230992 16
1754716942701 2.7479026052993 17
1754716966627 2.772547163864364 18
1754716989655 2.790421367219155 19
1754717013928 2.825888733992273 20
1754717036546 2.8734449104401505 21
1754717057131 2.8913526315284477 22
1754717081538 2.910553321330568 23
1754717104493 2.9373938425721997 24
1754717125938 2.988224959965196 25
1754717147273 2.996961286765672 26
1754717167443 3.035255439311055 27
1754717192197 3.0674544006238764 28
1754717214128 3.0910083110485393 29
1754717238398 3.1164118297260806 30
1754717260778 3.137765760670372 31
1754717285982 3.1706701280443617 32
1754717309945 3.1741164198306673 33
1754717332517 3.2107556328397417 34
1754717354532 3.2304090583499634 35
1754717378921 3.2623632628122095 36
1754717400038 3.272897391602481 37
1754717423483 3.3149972108847217 38
1754717445305 3.3221692689820292 39
1754717468471 3.351756801253177 40
1754717487620 3.3833247634583103 41
1754717508872 3.3953683857694874 42
1754717532544 3.4219314456627745 43
1754717553004 3.4243144101865224 44
1754717574446 3.4611650318303284 45
1754717598522 3.4775968734333493 46
1754717619773 3.4974356827658504 47
1754717645249 3.5428264332042207 48
1754717669359 3.544120132576827 49
1754717693107 3.5519011054002627 50
1754717717021 3.5560125380039715 51
1754717739271 3.572287399984678 52
1754717764233 3.611859824827042 53
1754717787324 3.624995743929628 54
1754717811117 3.652694443561032 55
1754717832932 3.6646711026433443 56
1754717857154 3.673155402733285 57
1754717882017 3.6954163718029664 58
1754717905153 3.7359621982472717 59
1754717928985 3.7382056167706 60
1754717953612 3.7390124770432913 61
1754717977259 3.750417198589032 62
1754717996027 3.7756416070797143 63
1754718017571 3.796239519399536 64
1754718041186 3.7969149489838845 65
1754718063724 3.821047693670453 66
1754718088628 3.8512064268298407 67
1754718110884 3.8591410120340117 68
1754718133755 3.882654740272447 69
1754718155868 3.8936642484344053 70
1754718175375 3.9145410029241017 71
1754718197323 3.9292245852775807 72
1754718222810 3.952860966917969 73
1754718245990 3.9585628226734797 74
1754718269268 3.9671063333338847 75
1754718294036 3.978775078746439 76
1754718317507 3.9885691738023543 77
1754718338577 4.011068650654941 78
1754718362439 4.015497296469218 79
1754718387892 4.0291807752676005 80
1754718411067 4.036038065101855 81
1754718437342 4.042434075256305 82
1754718459928 4.049711956261076 83
1754718483199 4.056636684708113 84
1754718505549 4.069817492833195 85
1754718527661 4.106914450370411 86
1754718549585 4.096166999653963 87
1754718572643 4.094453938840919 88
1754718593729 4.116290065937369 89
1754718616831 4.128112160606359 90
1754718640921 4.14651969662782 91
1754718665287 4.143044234538913 92
1754718686880 4.168078590847031 93
1754718708793 4.180872973873869 94
1754718731515 4.199625005877231 95
1754718757142 4.204323546858381 96
1754718781201 4.225304746435171 97
1754718804135 4.2346591292985165 98
1754718825136 4.21769494229247 99
1754718847849 4.225905883229036 100
