1753433031431 0.034391094866256855 0
1753433053528 0.07393254693470676 1
1753433076053 0.09793985711912277 2
1753433098492 0.1263498920086393 3
1753433122017 0.14022262834357868 4
1753433147618 0.16040870576507726 5
1753433169820 0.1845821565044027 6
1753433194020 0.19745804950988535 7
1753433217098 0.210333942515368 8
1753433239799 0.2184748297059312 9
1753433263176 0.22860940355540788 10
1753433297739 0.23608572852633328 11
1753433320409 0.24032231267652435 12
1753433342713 0.24879548097690646 13
1753433364931 0.254111978734009 14
1753433392507 0.2636650606413025 15
1753433416282 0.26815085562385776 16
1753433438826 0.26715401229440106 17
1753433466474 0.2709752450573185 18
1753433488512 0.2747134075427812 19
1753433510863 0.27587639142714737 20
1753433538038 0.27953148363515534 21
1753433561541 0.2784515700282439 22
1753433583731 0.28650938694135236 23
1753433607166 0.2861771058315335 24
1753433637678 0.2859278949991693 25
1753433655280 0.29016447914936033 26
1753433685674 0.28850307360026584 27
1753433705529 0.29390264163482305 28
1753433727643 0.29481641468682507 29
1753433742466 0.29506562551918925 30
1753433760034 0.2953148363515534 31
1753433790686 0.2925735171955474 32
1753433807692 0.29921913939192557 33
1753433822195 0.2983884366173783 34
1753433846307 0.2989699285595614 35
1753433876620 0.29921913939192557 36
1753433891011 0.30071440438611063 37
1753433919934 0.3019604585479316 38
1753433934057 0.2997175610566539 39
1753433958085 0.30478484798139227 40
1753433972442 0.3075261671373982 41
1753434003957 0.30478484798139227 42
1753434031933 0.30603090214321316 43
1753434045573 0.3111812593454062 44
1753434072166 0.30686160491776043 45
1753434087149 0.30686160491776043 46
1753434101687 0.3079415185246719 47
1753434125983 0.30744309685994353 48
1753434153655 0.3079415185246719 49
1753434179278 0.3076923076923077 50
1753434190401 0.3089383618541286 51
1753434209982 0.310932048513042 52
1753434228070 0.31143047017777037 53
1753434248604 0.3107659079581326 54
1753434268321 0.31242731350722713 55
1753434286811 0.3105166971257684 56
1753434309480 0.3130088054494102 57
1753434327418 0.31400564877886694 58
1753434348932 0.310932048513042 59
1753434370281 0.3095198537963117 60
1753434391364 0.3110981890679515 61
1753434411465 0.31001827546104005 62
1753434431292 0.31184582156504403 63
1753434450918 0.3147532812759595 64
1753434470473 0.31442100016614055 65
1753434491411 0.3151686326632331 66
1753434511565 0.3183253032065127 67
1753434526149 0.31541784349559726 68
1753434549209 0.31624854627014454 69
1753434570106 0.31533477321814257 70
1753434587877 0.3177438112643296 71
1753434608119 0.3169131084897824 72
1753434627883 0.3169131084897824 73
1753434649691 0.3189067951486958 74
1753434670358 0.31500249210832365 75
1753434681096 0.317328459877056 76
1753434689926 0.31683003821232764 77
1753434701641 0.3179930220966938 78
1753434713068 0.31882372487124105 79
1753434723978 0.31641468682505397 80
1753434734435 0.3203189898654262 81
1753434743604 0.31998670875560725 82
1753434753559 0.3199036384781525 83
1753434764339 0.31824223292905796 84
1753434774743 0.3214819737497923 85
1753434784740 0.32256188735670377 86
1753434795746 0.31965442764578833 87
1753434806751 0.3199036384781525 88
1753434816183 0.3201528493105167 89
1753434826717 0.32023591958797143 90
1753434837435 0.3211496926399734 91
1753434846043 0.3232264495763416 92
1753434856443 0.32139890347233757 93
1753434865965 0.3257185578999834 94
1753434875214 0.3228941684665227 95
1753434884853 0.32181425485961124 96
1753434895050 0.32696461206180427 97
1753434905595 0.3234756604087058 98
1753434915669 0.32596776873234756 99
1753434925260 0.3216481143047018 100
