1751841362052 0.20651410403342083 0
1751841447685 0.26000961218529334 1
1751841528974 0.2804170209619579 2
1751841618043 0.3359828459462457 3
1751841705465 0.3376649783725831 4
1751841794140 0.3701800436245333 5
1751841883296 0.3639136382121335 6
1751841972747 0.37541129062072537 7
1751842065959 0.39907205441975674 8
1751842148916 0.39372989759325666 9
1751842239580 0.4189618839883175 10
1751842328442 0.40894302931716514 11
1751842406194 0.41147547044253024 12
1751842488008 0.42598617324115495 13
1751842574581 0.4201079522348331 14
1751842673923 0.4310325705201671 15
1751842761709 0.44461902473289217 16
1751842856772 0.4384820141225184 17
1751842951580 0.4448038744500721 18
1751843039348 0.4400347517468298 19
1751843129465 0.44957299715331434 20
1751843218146 0.4503123960220341 21
1751843311637 0.4541018152242227 22
1751843400485 0.45888942289918294 23
1751843502359 0.4604606454952124 24
1751843593968 0.45946245702244076 25
1751843680235 0.4613294391659581 26
1751843768522 0.4722540574512921 27
1751843850953 0.4636955155458612 28
1751843945940 0.4574660800768975 29
1751844032021 0.4716070834411623 30
1751844129759 0.4705719250249547 31
1751844217999 0.4658212872934304 32
1751844319795 0.47737439461717623 33
1751844408806 0.4751007430958631 34
1751844500477 0.4756183223039669 35
1751844585720 0.47986986579910534 36
1751844675332 0.47922289178897554 37
1751844761781 0.47924137676069356 38
1751844849802 0.4772080298717143 39
1751844934419 0.47615438648378866 40
1751845011308 0.47924137676069356 41
1751845097137 0.4879477984398684 42
1751845196581 0.483455950312396 43
1751845291161 0.48362231505785797 44
1751845392415 0.4870050648822507 45
1751845489649 0.48959296092276977 46
1751845573802 0.4887796221671781 47
1751845661494 0.4948426928906799 48
1751845758989 0.49275389108654666 49
1751845853953 0.4878923435247144 50
1751845907453 0.4923102517653148 51
1751845963333 0.4909053939147473 52
1751846018961 0.49266146622795665 53
1751846071080 0.49438056859773005 54
1751846124272 0.4893156863469999 55
1751846177983 0.49356722984213836 56
1751846232176 0.500055454915154 57
1751846287937 0.4931235905209065 58
1751846348448 0.4925320714259307 59
1751846404252 0.5014048578505675 60
1751846460807 0.4955081518725276 61
1751846514609 0.49685755480794114 62
1751846568785 0.49632149062811937 63
1751846619640 0.4993715109615882 64
1751846673699 0.4967096750341972 65
1751846731856 0.5007948537838737 66
1751846785661 0.500073939886872 67
1751846838593 0.4909238788864653 68
1751846897038 0.499889090169692 69
1751846952452 0.48992569041369366 70
1751847009741 0.4936966246441643 71
1751847062187 0.5029760804465969 72
1751847116585 0.4983548375170986 73
1751847169943 0.50009242485859 74
1751847226026 0.4983363525453806 75
1751847279478 0.49713482938371106 76
1751847331282 0.4985951421494325 77
1751847386277 0.50561943140227 78
1751847443594 0.5050094273355762 79
1751847499232 0.5015342526525934 80
1751847554607 0.494546933343192 81
1751847609950 0.5070612591962734 82
1751847666967 0.5032718399940848 83
1751847719074 0.5023106214647491 84
1751847771244 0.5102961292469222 85
1751847823016 0.5067470146770675 86
1751847875241 0.5064142851861436 87
1751847926263 0.5086509667640209 88
1751847977889 0.49820695774335466 89
1751848042891 0.5078745979518652 90
1751848097281 0.5039372989759325 91
1751848151484 0.5034012347961108 92
1751848205992 0.5006654589818478 93
1751848261365 0.5075973233760952 94
1751848318172 0.5038263891456246 95
1751848373809 0.5057303412325779 96
1751848431327 0.5078376280084291 97
1751848482460 0.5126252356833894 98
1751848535600 0.5101297645014603 99
1751848589480 0.5073200488003253 100
1751848630323 0.5143628230248808 101
1751848672812 0.5114237125217198 102
1751848715138 0.5029760804465969 103
1751848756243 0.5153610114976525 104
1751848797063 0.5109431032570521 105
1751848837915 0.5103330991903582 106
1751848878841 0.5133831195238271 107
1751848921998 0.5104070390772302 108
1751848962932 0.5085955118488669 109
1751849008557 0.5120522015601316 110
1751849047038 0.5159525305926282 111
1751849088689 0.5140485785056749 112
1751849130308 0.5156752560168583 113
1751849171691 0.5159155606491922 114
1751849213165 0.5064327701578617 115
1751849255905 0.5160079855077822 116
1751849298175 0.5121261414470036 117
1751849337119 0.5160819253946541 118
1751849379291 0.508151872527635 119
1751849420388 0.5090391511700987 120
1751849460880 0.5091685459721247 121
1751849501606 0.513678879071315 122
1751849544620 0.5117379570409257 123
1751849585147 0.5126991755702613 124
1751849628417 0.5122370512773116 125
1751849670740 0.5100927945580244 126
1751849711812 0.5131982698066472 127
1751849755711 0.5124588709379274 128
1751849798630 0.5120337165884136 129
1751849843109 0.5156567710451403 130
1751849883164 0.5198343746534068 131
1751849921981 0.5188916410957891 132
1751849964281 0.5143813079965988 133
1751850005980 0.5204813486635366 134
1751850047952 0.510832193426744 135
1751850088141 0.5109431032570521 136
1751850132903 0.5116455321823358 137
1751850174052 0.5106103737661282 138
1751850214008 0.513623424156161 139
1751850255760 0.5125143258530814 140
1751850298467 0.5208510480978964 141
1751850340472 0.5125143258530814 142
1751850380959 0.5225516654959518 143
1751850421350 0.5159895005360642 144
1751850462908 0.5200007393988687 145
1751850503070 0.5156937409885762 146
1751850542268 0.516507079744168 147
1751850583601 0.5151022218936006 148
1751850627404 0.5199452844837147 149
1751850668958 0.5204628636918186 150
1751850695427 0.5213501423342822 151
1751850721805 0.5175607231320936 152
1751850749289 0.5206661983807165 153
1751850776442 0.522089541203002 154
1751850804338 0.5236237938555954 155
1751850831620 0.5249362268475729 156
1751850859773 0.5256016858294207 157
1751850888749 0.5204628636918186 158
1751850916402 0.5283744315871197 159
1751850945168 0.524843801988983 160
1751850972726 0.5234759140818515 161
1751851000253 0.5260453251506525 162
1751851027393 0.5231062146474916 163
1751851053816 0.5209804428999224 164
1751851082636 0.5240489482051093 165
1751851109710 0.5283744315871197 166
1751851137011 0.5288735258235054 167
1751851164439 0.5309623276276387 168
1751851192112 0.5322562756478982 169
1751851219055 0.5243077378091612 170
1751851246347 0.5324780953085142 171
1751851273568 0.5214425671928722 172
1751851301569 0.5268032089910902 173
1751851328313 0.5285038263891456 174
1751851355132 0.5267292691042182 175
1751851382924 0.5298162593811232 176
1751851411340 0.5266738141890643 177
1751851439553 0.5311471773448186 178
1751851465993 0.5285223113608636 179
1751851493446 0.5281341269547858 180
1751851521073 0.5306111131649969 181
1751851550062 0.527561092831528 182
1751851577018 0.5306850530518689 183
1751851603684 0.5298347443528412 184
1751851630307 0.5230507597323376 185
1751851658710 0.5322747606196162 186
1751851687310 0.5293171651447374 187
1751851715330 0.5342711375651595 188
1751851742821 0.5324780953085142 189
1751851770038 0.5323302155347702 190
1751851797509 0.530241413730637 191
1751851825350 0.5206477134089985 192
1751851854923 0.5254168361122408 193
1751851882950 0.5273023032274761 194
1751851911989 0.5306850530518689 195
1751851938402 0.5370438833228585 196
1751851965627 0.532921734629746 197
1751851993664 0.5319790010721284 198
1751852021348 0.5345299271692114 199
1751852050238 0.5333653739509778 200
