1753328850878 0.012875893005482638 0
1753328857967 0.011962119953480645 1
1753328864452 0.01686326632330952 2
1753328872072 0.019687655756770228 3
1753328879869 0.029157667386609073 4
1753328887259 0.02998837016115634 5
1753328895267 0.03779697624190065 6
1753328902850 0.05424489117793654 7
1753328910644 0.05424489117793654 8
1753328918444 0.05715235088885197 9
1753328926424 0.05939524838012959 10
1753328934387 0.06786841668051172 11
1753328942099 0.06878218973251371 12
1753328949481 0.0768400066456222 13
1753328957209 0.07360026582488785 14
1753328964487 0.08290413689981725 15
1753328972042 0.0755939524838013 16
1753328979288 0.07858448247217145 17
1753328986710 0.08365176939690978 18
1753328994035 0.08481475328127595 19
1753329001495 0.08830370493437448 20
1753329009208 0.08846984548928394 21
1753329016893 0.09079581325801628 22
1753329024594 0.09445090546602426 23
1753329032056 0.09212493769729191 24
1753329039819 0.09652766240239243 25
1753329046791 0.10309021432131583 26
1753329054238 0.10367170626349892 27
1753329061292 0.10533311181259346 28
1753329068421 0.11023425818242233 29
1753329076170 0.11712909121116465 30
1753329084353 0.11397242066788503 31
1753329090793 0.11704602093370992 32
1753329097917 0.12460541618209005 33
1753329105508 0.12327629174281442 34
1753329113569 0.12900814088719056 35
1753329121159 0.1256853297890015 36
1753329128032 0.13515534141884034 37
1753329135147 0.13764744974248214 38
1753329142516 0.13831201196211995 39
1753329149551 0.1427978069446752 40
1753329156363 0.14196710417012792 41
1753329164197 0.1418840338926732 42
1753329171365 0.14346236916431301 43
1753329178630 0.14454228277122447 44
1753329185917 0.14703439109486627 45
1753329194248 0.1418840338926732 46
1753329202465 0.1468682505399568 47
1753329210111 0.15210167801960459 48
1753329217785 0.15534141884033892 49
1753329225627 0.15600598105997673 50
1753329233415 0.15484299717561056 51
1753329241447 0.15301545107160658 52
1753329248618 0.15500913773052002 53
1753329256410 0.1542615052334275 54
1753329264035 0.1611563382621698 55
1753329271201 0.1645622196378136 56
1753329278735 0.15849808938361853 57
1753329286415 0.1680511712909121 58
1753329294290 0.1639807276956305 59
1753329302451 0.1683003821232763 60
1753329309482 0.1621531815916265 61
1753329316652 0.17677355042365842 62
1753329324105 0.17544442598438278 63
1753329331428 0.17993022096693803 64
1753329338864 0.1726200365509221 65
1753329345861 0.17403223126765244 66
1753329353050 0.17536135570692807 67
1753329360778 0.17544442598438278 68
1753329368143 0.17677355042365842 69
1753329375192 0.18499750789167635 70
1753329382741 0.18649277288586144 71
1753329390376 0.17810267486293405 72
1753329398109 0.1832530320651271 73
1753329405659 0.18433294567203853 74
1753329413330 0.1926399734175112 75
1753329420835 0.1926399734175112 76
1753329428659 0.1926399734175112 77
1753329436267 0.1907293570360525 78
1753329443803 0.1982056820069779 79
1753329450981 0.19455058979896994 80
1753329458599 0.19712576840006646 81
1753329465996 0.19837182256188735 82
1753329473453 0.20169463366007642 83
1753329480897 0.20210998504735006 84
1753329488743 0.2078418341917262 85
1753329496186 0.20568200697790331 86
1753329503755 0.2016115633826217 87
1753329511798 0.20526665559062968 88
1753329519126 0.2065957800299053 89
1753329527029 0.20717727197208838 90
1753329534323 0.20817411530154512 91
1753329542014 0.20451902309353714 92
1753329549715 0.20618042864263167 93
1753329557459 0.21083236418009635 94
1753329565143 0.21481973749792324 95
1753329572941 0.2115799966771889 96
1753329580303 0.21324140222628343 97
1753329587967 0.21722877554411033 98
1753329595325 0.2168134241568367 99
1753329602365 0.21506894833028742 100
