1753328850879 4.586336644620843 0
1753328857968 4.565464160431328 1
1753328864453 4.5475242075773785 2
1753328872073 4.527726251119924 3
1753328879870 4.518184326585976 4
1753328887260 4.508969160727765 5
1753328895268 4.497218978359901 6
1753328902851 4.4761754196198265 7
1753328910645 4.455578999240742 8
1753328918445 4.4244393295678535 9
1753328926426 4.411636720088511 10
1753328934388 4.384703259700585 11
1753328942100 4.371537646058729 12
1753328949482 4.347068634941178 13
1753328957210 4.32245808611802 14
1753328964488 4.307745387244495 15
1753328972043 4.308993032520786 16
1753328979289 4.308638842780333 17
1753328986711 4.289984513501652 18
1753328994036 4.281001254909928 19
1753329001496 4.279002471148542 20
1753329009209 4.268223774538365 21
1753329016894 4.252395015245929 22
1753329024595 4.238242679656479 23
1753329032057 4.225318783318711 24
1753329039820 4.21065570968397 25
1753329046792 4.211674854754399 26
1753329054239 4.228979035754723 27
1753329061293 4.2228448623466415 28
1753329068422 4.1885288178595035 29
1753329076171 4.174950325674447 30
1753329084354 4.170398270397339 31
1753329090794 4.178390495563666 32
1753329097918 4.187409823458953 33
1753329105509 4.181854760461417 34
1753329113570 4.1652044613554775 35
1753329121160 4.164018622212372 36
1753329128033 4.1361876691074215 37
1753329135148 4.139241603353836 38
1753329142517 4.144720774255114 39
1753329149552 4.12494742659873 40
1753329156364 4.129281900419112 41
1753329164198 4.130994820153829 42
1753329171366 4.122211800547596 43
1753329178631 4.114520036157012 44
1753329185918 4.107346522702846 45
1753329194249 4.111699961197882 46
1753329202466 4.112942993665954 47
1753329210112 4.091379105368298 48
1753329217786 4.08354193405626 49
1753329225628 4.09581791720705 50
1753329233416 4.074594943801011 51
1753329241448 4.077102850419526 52
1753329248619 4.069113603355805 53
1753329256411 4.068281814449723 54
1753329264036 4.071265662252627 55
1753329271202 4.0833545871370225 56
1753329278736 4.070251413431925 57
1753329286416 4.055608143271294 58
1753329294291 4.040530196955947 59
1753329302452 4.033184837448141 60
1753329309483 4.028986437899969 61
1753329316653 4.03743349999728 62
1753329324106 4.0394885502927895 63
1753329331429 4.048628940182406 64
1753329338865 4.032022156626199 65
1753329345862 4.02705213649276 66
1753329353051 4.020049899002242 67
1753329360779 4.015808459413607 68
1753329368144 4.049901547703537 69
1753329375193 4.0326526475183195 70
1753329382743 4.0356833299151385 71
1753329390377 4.021802888466762 72
1753329398110 4.031620400550236 73
1753329405660 4.02302351667882 74
1753329413331 4.038334756751379 75
1753329420836 4.0096456348870975 76
1753329428660 4.008804945672145 77
1753329436268 4.00462600204212 78
1753329443804 3.9959995702516635 79
1753329450982 3.9946147680232484 80
1753329458600 3.993680874531687 81
1753329465997 4.014193533873949 82
1753329473454 4.0066206172114915 83
1753329480898 4.005048893915099 84
1753329488744 3.999741265682575 85
1753329496187 3.9911145898362776 86
1753329503756 3.995720221070293 87
1753329511799 3.977606075232948 88
1753329519127 3.9913084225626543 89
1753329527030 3.97653976905842 90
1753329534324 3.96331431809069 91
1753329542015 3.961262923646945 92
1753329549716 3.966936250176937 93
1753329557460 3.964153186395019 94
1753329565144 3.9756835232065626 95
1753329572942 3.9712666820307247 96
1753329580304 3.9677280898152305 97
1753329587968 3.981711606410132 98
1753329595326 3.9856067527337653 99
1753329602366 3.970035430011052 100
