1752693487189 4.506940678870693 0
1752693506486 4.294591900178894 1
1752693526096 4.066423261601567 2
1752693545789 3.8717784845012235 3
1752693565381 3.70054252601662 4
1752693586708 3.5323300881263537 5
1752693608003 3.400450286092554 6
1752693627726 3.280504374731584 7
1752693649565 3.1830047540376043 8
1752693670752 3.0918977253323794 9
1752693690621 3.016949150431001 10
1752693710681 2.944940623527016 11
1752693730943 2.9003169093126004 12
1752693750725 2.8283607397023345 13
1752693770646 2.795805198986423 14
1752693790833 2.74278676542428 15
1752693810139 2.7210533846922913 16
1752693831350 2.7016115081114846 17
1752693851243 2.667986224057445 18
1752693872132 2.6220908590779177 19
1752693891771 2.6348897468873362 20
1752693911324 2.5884199826443783 21
1752693931240 2.5915906830538518 22
1752693952013 2.5636670748041976 23
1752693972718 2.550594212215655 24
1752693993570 2.5121013014544054 25
1752694006553 2.4937567705364474 26
1752694019713 2.497842203611183 27
1752694031965 2.466948701497034 28
1752694044072 2.446356352504786 29
1752694057580 2.4458804686137636 30
1752694071275 2.4391323232685833 31
1752694084827 2.4243352227774224 32
1752694098344 2.4225645526498245 33
1752694111866 2.412849214815853 34
1752694124725 2.383865249111854 35
1752694136795 2.3907099620992267 36
1752694150226 2.3649126846106827 37
1752694163644 2.3568199387163915 38
1752694177313 2.3493739203301334 39
1752694190622 2.3241920895990376 40
1752694203614 2.3230428116293504 41
1752694217156 2.337787173271881 42
1752694230575 2.3205370752187076 43
1752694243386 2.301621206521286 44
1752694255883 2.3030573393853584 45
1752694268087 2.306877979013588 46
1752694280226 2.286472577722246 47
1752694292693 2.272939148997499 48
1752694304788 2.254260064261257 49
1752694317791 2.260797998562186 50
1752694328008 2.2379437380663334 51
1752694337933 2.242079128220383 52
1752694347891 2.2296873875879952 53
1752694357878 2.223783580400754 54
1752694368066 2.2124689674743236 55
1752694378117 2.1997936816338783 56
1752694387996 2.1972997147102924 57
1752694398119 2.2014510134354817 58
1752694407986 2.201402966880458 59
1752694418110 2.1798069604671317 60
1752694427941 2.178911402151333 61
1752694438025 2.175228895861444 62
1752694448116 2.1798111319936537 63
1752694457797 2.163026315680368 64
1752694467225 2.1498015865577074 65
1752694477335 2.150019565679387 66
1752694487327 2.136170865696185 67
1752694497235 2.144077769400393 68
1752694507241 2.1406216811061456 69
1752694516873 2.125120130743786 70
1752694526416 2.1211813643368016 71
1752694536002 2.1105982591971575 72
1752694545317 2.1139660642496825 73
1752694554653 2.1101922195791545 74
1752694563952 2.1022562542574 75
1752694570527 2.09032458591832 76
1752694576788 2.0841407810829926 77
1752694583121 2.075288600652796 78
1752694589463 2.072674921664835 79
1752694595787 2.0779547035042705 80
1752694602291 2.0681547086847183 81
1752694608868 2.0668356020994776 82
1752694615360 2.0679501685188217 83
1752694621674 2.0658491902263187 84
1752694628140 2.0563531073766277 85
1752694634720 2.056736715842616 86
1752694641281 2.051017903076495 87
1752694647917 2.0423108721328114 88
1752694654449 2.0459195204069758 89
1752694661010 2.0374384426855148 90
1752694667561 2.0424275685378914 91
1752694674029 2.032550573781189 92
1752694680654 2.036009705989939 93
1752694687018 2.0256897700389125 94
1752694693505 2.020002355516433 95
1752694700082 2.0293027950453126 96
1752694706620 2.0198743255975717 97
1752694713139 2.026648955930928 98
1752694719673 2.0179695615489326 99
1752694726156 2.0158663335318523 100
