1753109148651 0.03505565708589467 0
1753109175272 0.09411862435620535 1
1753109197216 0.13025419504901145 2
1753109221054 0.15251702940687822 3
1753109247522 0.17810267486293405 4
1753109270143 0.19745804950988535 5
1753109293911 0.2203023758099352 6
1753109319625 0.23093537132414022 7
1753109341985 0.24015617212161489 8
1753109364816 0.25319820568200696 9
1753109404373 0.261089882040206 10
1753109428896 0.2678185745140389 11
1753109462459 0.26873234756604086 12
1753109486056 0.27994683502242895 13
1753109514444 0.28451570028243894 14
1753109554989 0.29564711746137234 15
1753109577004 0.29323807941518526 16
1753109600240 0.29066290081408874 17
1753109638572 0.2971423824555574 18
1753109671068 0.3015451071606579 19
1753109696883 0.30345572354211664 20
1753109721381 0.30262502076756936 21
1753109749209 0.3042864263166639 22
1753109773305 0.3091875726864928 23
1753109799682 0.30843994018940024 24
1753109825530 0.3120950323974082 25
1753109848269 0.31143047017777037 26
1753109870965 0.3101844160159495 27
1753109893537 0.3169131084897824 28
1753109924645 0.321897325137066 29
1753109954022 0.31940521681342415 30
1753109981021 0.317328459877056 31
1753110003777 0.3185745140388769 32
1753110038248 0.3176607409868749 33
1753110069343 0.31840837348396744 34
1753110091727 0.32256188735670377 35
1753110114241 0.3232264495763416 36
1753110138708 0.3263000498421665 37
1753110162015 0.32679847150689484 38
1753110188140 0.3253032065127098 39
1753110214439 0.3330287423159993 40
1753110236635 0.3301212826050839 41
1753110259746 0.326133909287257 42
1753110282298 0.32696461206180427 43
1753110308684 0.3326964612061804 44
1753110333711 0.3322811098189068 45
1753110361986 0.32995514205017445 46
1753110384065 0.3324472503738162 47
1753110415817 0.3345240073101844 48
1753110439585 0.3364346236916431 49
1753110461786 0.33311181259345407 50
1753110488464 0.33460707758763913 51
1753110518302 0.3364346236916431 52
1753110533668 0.3361023425818242 53
1753110555917 0.3366007642465526 54
1753110586346 0.3366007642465526 55
1753110601054 0.3391759428476491 56
1753110627618 0.3402558564545606 57
1753110645243 0.339508223957468 58
1753110678289 0.3366007642465526 59
1753110710103 0.3381790995181924 60
1753110738343 0.33834524007310185 61
1753110760126 0.33743146702109983 62
1753110789540 0.3368499750789168 63
1753110816984 0.337680677853464 64
1753110841356 0.3408373483967436 65
1753110867689 0.33743146702109983 66
1753110884455 0.3416680511712909 67
1753110902150 0.3397574347898322 68
1753110922951 0.337680677853464 69
1753110941641 0.33900980229273964 70
1753110972561 0.34241568366838343 71
1753110986444 0.3410034889516531 72
1753111000958 0.34058813756437945 73
1753111029555 0.3444093703272969 74
1753111051581 0.3408373483967436 75
1753111081187 0.3444924406047516 76
1753111114234 0.34457551088220634 77
1753111140682 0.34515700282438944 78
1753111154507 0.3448247217145705 79
1753111170811 0.3424987539458382 80
1753111185100 0.3425818242232929 81
1753111201059 0.34058813756437945 82
1753111221872 0.34399401894002324 83
1753111252397 0.34274796477820235 84
1753111267407 0.34548928393420836 85
1753111283522 0.3434125269978402 86
1753111299111 0.34432630004984216 87
1753111313527 0.34499086226948 88
1753111331812 0.34557235421166305 89
1753111350041 0.3458215650440272 90
1753111373613 0.34831367336766905 91
1753111387275 0.3482306030902143 92
1753111401561 0.34457551088220634 93
1753111433319 0.3483967436451238 94
1753111462649 0.3512211330785845 95
1753111490516 0.34490779199202526 96
1753111522934 0.3478152517029407 97
1753111537663 0.3465691975411198 98
1753111551698 0.3483967436451238 99
1753111565698 0.3469845489283934 100
1753111583890 0.34856288420003323 101
1753111600926 0.3496427978069447 102
1753111621739 0.34789832198039544 103
1753111643866 0.3469014786509387 104
1753111665263 0.3474829705931218 105
1753111688378 0.34798139225785013 106
1753111710275 0.34590463532148197 107
1753111732899 0.3480644625353049 108
1753111748483 0.35088885196876557 109
1753111767722 0.348645954477488 110
1753111787593 0.348645954477488 111
1753111807891 0.35213490613058646 112
1753111831276 0.3522179764080412 113
1753111851762 0.3527994683502243 114
1753111872375 0.35570692806113974 115
1753111888523 0.35213490613058646 116
1753111907718 0.3542116630669546 117
1753111929009 0.34931051669712576 118
1753111948653 0.351054992523675 119
1753111968934 0.3524671872404054 120
1753111992404 0.3527994683502243 121
1753112013648 0.3502242897491278 122
1753112031844 0.35371324140222626 123
1753112042688 0.35130420335603924 124
1753112056128 0.3546270144542283 125
1753112076465 0.35130420335603924 126
1753112087031 0.3531317494600432 127
1753112107068 0.35230104668549594 128
1753112123430 0.35055657085894665 129
1753112134489 0.35230104668549594 130
1753112154071 0.35030736002658247 131
1753112174667 0.35230104668549594 132
1753112193412 0.3516364844658581 133
1753112205205 0.35130420335603924 134
1753112227345 0.3518856952982223 135
1753112247877 0.3534640305698621 136
1753112267918 0.3525502575178601 137
1753112286111 0.3524671872404054 138
1753112307620 0.3542116630669546 139
1753112329285 0.3540455225120452 140
1753112349170 0.3533809602924074 141
1753112371147 0.3524671872404054 142
1753112393165 0.3530486791825885 143
1753112414761 0.35387938195713575 144
1753112435319 0.3540455225120452 145
1753112446711 0.35570692806113974 146
1753112464598 0.35387938195713575 147
1753112485844 0.35371324140222626 148
1753112506317 0.35454394417677354 149
1753112526739 0.357451403887689 150
1753112537753 0.3516364844658581 151
1753112549622 0.35371324140222626 152
1753112561193 0.35612227944841335 153
1753112570374 0.35612227944841335 154
1753112579380 0.35329789001495265 155
1753112590620 0.35487622528659246 156
1753112602270 0.3540455225120452 157
1753112611811 0.3546270144542283 158
1753112622231 0.35770061472005316 159
1753112633743 0.3560392091709586 160
1753112643787 0.3569529822229606 161
1753112653875 0.3577836849975079 162
1753112662825 0.355623857783685 163
1753112674284 0.3572021930553248 164
1753112685201 0.35570692806113974 165
1753112696161 0.3549592955640472 166
1753112706804 0.35570692806113974 167
1753112717938 0.3576175444425984 168
1753112728864 0.3552085063964114 169
1753112739449 0.35471008473168303 170
1753112748560 0.3559561388935039 171
1753112758648 0.3518856952982223 172
1753112769502 0.3549592955640472 173
1753112780223 0.35570692806113974 174
1753112790962 0.3550423658415019 175
1753112801190 0.3536301711247716 176
1753112812094 0.3560392091709586 177
1753112823742 0.35670377139059645 178
1753112834806 0.3581990363847815 179
1753112845172 0.35770061472005316 180
1753112855936 0.35911280943678353 181
1753112865569 0.3562053497258681 182
1753112876364 0.3562053497258681 183
1753112886834 0.3550423658415019 184
1753112898383 0.35412859278949993 185
1753112909377 0.3559561388935039 186
1753112920003 0.3596112311015119 187
1753112930793 0.35628842000332284 188
1753112940450 0.35587306861604917 189
1753112949271 0.35587306861604917 190
1753112960512 0.35894666888187404 191
1753112971415 0.35711912277787006 192
1753112982704 0.3577836849975079 193
1753112994595 0.3576175444425984 194
1753113005874 0.35587306861604917 195
1753113017390 0.35628842000332284 196
1753113027133 0.3562053497258681 197
1753113037828 0.3591958797142382 198
1753113048048 0.35736833361023423 199
1753113058614 0.35587306861604917 200
