1751154111147 0.07127429805615551 0
1751154236098 0.12751287589300547 1
1751154361408 0.1683003821232763 2
1751154488902 0.20169463366007642 3
1751154615956 0.2395746801794318 4
1751154743671 0.25776707094201695 5
1751154866118 0.2828542947333444 6
1751154988324 0.2934042199700947 7
1751155115144 0.3119288918424988 8
1751155245818 0.31599933543778036 9
1751155374396 0.339508223957468 10
1751155497716 0.34673533809602924 11
1751155627600 0.3530486791825885 12
1751155756169 0.35969430137896663 13
1751155881117 0.36982887522844327 14
1751156011122 0.3783851138062801 15
1751156136500 0.3856952982222961 16
1751156259088 0.3923409204186742 17
1751156386200 0.39225785014121944 18
1751156510980 0.39715899651104836 19
1751156635418 0.4048014620368832 20
1751156760200 0.4140222628343579 21
1751156885632 0.41078252201362353 22
1751157007609 0.4178434955972753 23
1751157138153 0.4198371822561887 24
1751157265390 0.42673201528493104 25
1751157394140 0.4355374646951321 26
1751157520379 0.4416015949493271 27
1751157645754 0.4330453563714903 28
1751157766584 0.44284764911114805 29
1751157893778 0.45024090380461873 30
1751158024903 0.4557235421166307 31
1751158153256 0.45181923907625854 32
1751158277009 0.4595447748795481 33
1751158402382 0.4557235421166307 34
1751158524950 0.46685495929556403 35
1751158648786 0.4679348729024755 36
1751158768808 0.46444592124937695 37
1751158888624 0.4719222462203024 38
1751159015717 0.4720883867752118 39
1751159143467 0.4746635653763084 40
1751159267936 0.4804784847981392 41
1751159397866 0.4834690147865094 42
1751159524617 0.48496427978069445 43
1751159647826 0.4856288420003323 44
1751159773533 0.48853630171124773 45
1751159899891 0.4892008639308855 46
1751160023312 0.49052998837016115 47
1751160152668 0.49152683169961786 48
1751160278419 0.4946004319654428 49
1751160407284 0.4944342914105333 50
1751160479207 0.49451736168798804 51
1751160549376 0.49667718890181095 52
1751160620542 0.5032397408207343 53
1751160688775 0.5046519355374647 54
1751160761576 0.5019936866589134 55
1751160832202 0.49792324306363184 56
1751160904384 0.5024090380461871 57
1751160976879 0.5043196544276458 58
1751161049346 0.5047350058149194 59
1751161122560 0.5090546602425652 60
1751161192919 0.5058979896992856 61
1751161265214 0.5048180760923742 62
1751161335593 0.5080578169131085 63
1751161404976 0.5158664229938528 64
1751161477326 0.5164479149360359 65
1751161547394 0.5166140554909453 66
1751161619128 0.5131251038378468 67
1751161692480 0.5156172121614886 68
1751161763708 0.5147034391094866 69
1751161834716 0.5154510716065792 70
1751161907573 0.5169463366007643 71
1751161979272 0.5207675693636816 72
1751162051283 0.523093537132414 73
1751162120391 0.5181923907625852 74
1751162191620 0.5178601096527662 75
1751162265034 0.5173616879880378 76
1751162336396 0.5229273965775045 77
1751162408477 0.5225951154676857 78
1751162479296 0.5200199368665891 79
1751162550676 0.5201860774214986 80
1751162623702 0.521598272138229 81
1751162695860 0.5260009968433295 82
1751162769566 0.5308190729357036 83
1751162840343 0.5259179265658748 84
1751162911171 0.5233427479647782 85
1751162981140 0.527330121282605 86
1751163051025 0.5256687157335106 87
1751163124774 0.5232596776873235 88
1751163196438 0.5246718724040539 89
1751163269044 0.5245057318491444 90
1751163341419 0.5289915268316996 91
1751163408680 0.5332281109818907 92
1751163481443 0.5310682837680678 93
1751163552635 0.531317494600432 94
1751163623479 0.5297391593287921 95
1751163694540 0.5275793321149692 96
1751163765735 0.527662402392424 97
1751163837817 0.5343910948662568 98
1751163908656 0.5418674198371822 99
1751163981397 0.5402060142880877 100
1751164031480 0.5356371490280778 101
1751164081081 0.5352217976408041 102
1751164130327 0.5314836351553415 103
1751164179517 0.5314836351553415 104
1751164228926 0.5309021432131583 105
1751164278298 0.5283269646120619 106
1751164326223 0.5308190729357036 107
1751164374709 0.5300714404386111 108
1751164421822 0.5348064462535305 109
1751164472471 0.5344741651437116 110
1751164521362 0.5323974082073434 111
1751164571606 0.5295730187738827 112
1751164619995 0.5306529323807941 113
1751164667372 0.5321481973749792 114
1751164716045 0.5321481973749792 115
1751164763916 0.5309021432131583 116
1751164812480 0.5315667054327962 117
1751164862531 0.5394583817909951 118
1751164912214 0.5339757434789832 119
1751164962021 0.5362186409702608 120
1751165012227 0.5289915268316996 121
1751165061479 0.5292407376640638 122
1751165110723 0.5346403056986211 123
1751165160987 0.5340588137564379 124
1751165210715 0.5325635487622529 125
1751165260322 0.5361355706928062 126
1751165310019 0.5360525004153514 127
1751165358838 0.530985213490613 128
1751165408281 0.5348064462535305 129
1751165457898 0.5343080245888021 130
1751165508199 0.53954145206845 131
1751165557288 0.5370493437448081 132
1751165607053 0.5347233759760758 133
1751165656992 0.5314005648778867 134
1751165706546 0.5341418840338926 135
1751165756438 0.5341418840338926 136
1751165807409 0.540122944010633 137
1751165856917 0.5370493437448081 138
1751165906364 0.5379631167968101 139
1751165955998 0.5392922412360858 140
1751166005307 0.5386276790164479 141
1751166053348 0.540704435952816 142
1751166101961 0.540122944010633 143
1751166152440 0.5354710084731683 144
1751166201674 0.5367170626349892 145
1751166250603 0.5353048679182588 146
1751166300745 0.5301545107160658 147
1751166350152 0.5335603920917096 148
1751166398070 0.5366339923575345 149
1751166447377 0.5431134739990031 150
1751166475037 0.543778036218641 151
1751166502122 0.5412028576175445 152
1751166529041 0.5435288253862768 153
1751166556810 0.5471008473168301 154
1751166584113 0.5426981226117296 155
1751166611392 0.5402060142880877 156
1751166639243 0.5413689981724539 157
1751166666892 0.544359528160824 158
1751166694450 0.543778036218641 159
1751166721953 0.544359528160824 160
1751166749335 0.5444425984382788 161
1751166776595 0.5436949659411863 162
1751166804009 0.5415351387273634 163
1751166831615 0.5368001329124439 164
1751166858583 0.5450240903804618 165
1751166885957 0.5438611064960956 166
1751166913067 0.5425319820568201 167
1751166940324 0.5397075926233593 168
1751166967259 0.5380461870742649 169
1751166994742 0.5384615384615384 170
1751167021725 0.5434457551088221 171
1751167048744 0.5463532148197375 172
1751167075747 0.5409536467851802 173
1751167103144 0.5417012792822729 174
1751167130206 0.5433626848313673 175
1751167157547 0.5435288253862768 176
1751167185287 0.5442764578833693 177
1751167212845 0.5445256687157335 178
1751167239962 0.5415351387273634 179
1751167266589 0.5431965442764579 180
1751167294474 0.5434457551088221 181
1751167321964 0.5426981226117296 182
1751167349374 0.543778036218641 183
1751167376956 0.5433626848313673 184
1751167404549 0.5448579498255525 185
1751167432226 0.541618209004818 186
1751167459802 0.5397906629008141 187
1751167487227 0.5366339923575345 188
1751167514645 0.5377969762419006 189
1751167541634 0.5390430304037216 190
1751167568993 0.5413689981724539 191
1751167596314 0.5439441767735504 192
1751167623717 0.5435288253862768 193
1751167651354 0.5426150523342748 194
1751167678687 0.5407875062302708 195
1751167706102 0.5402060142880877 196
1751167734203 0.541618209004818 197
1751167761438 0.5441103173284598 198
1751167788850 0.5433626848313673 199
1751167815870 0.5430304037215484 200
