1753555788039 0.023259677687323475 0
1753555814148 0.033061970426981224 1
1753555828856 0.03912610068117627 2
1753555846130 0.06429639474995846 3
1753555874133 0.07800299052998837 4
1753555909544 0.09860441933876059 5
1753555943476 0.12211330785844825 6
1753555967058 0.13897657418175777 7
1753555981234 0.15235088885196876 8
1753555998989 0.15509220800797474 9
1753556019110 0.16447914936035887 10
1753556038323 0.17660740986874895 11
1753556062801 0.1776873234756604 12
1753556077468 0.19380295730187738 13
1753556091428 0.19920252533643462 14
1753556120367 0.20917095863100182 15
1753556149366 0.21257684000664562 16
1753556164793 0.20983552085063964 17
1753556180152 0.22395746801794317 18
1753556209615 0.2293570360525004 19
1753556238775 0.2267818574514039 20
1753556269266 0.22703106828376807 21
1753556288185 0.23633493935869745 22
1753556302874 0.24663565376308358 23
1753556320440 0.24214985878052833 24
1753556334248 0.2411530154510716 25
1753556349902 0.24912776208672538 26
1753556363733 0.2545273301212826 27
1753556377535 0.249543113473999 28
1753556403111 0.2595115467685662 29
1753556428277 0.2588469845489284 30
1753556453229 0.26000996843329455 31
1753556480282 0.2646619039707593 32
1753556499079 0.2648280445256687 33
1753556530752 0.26241900647948163 34
1753556548825 0.2640804120285762 35
1753556581113 0.26590795813258017 36
1753556609984 0.2666555906296727 37
1753556638624 0.2732181425485961 38
1753556666089 0.2728858614387772 39
1753556698194 0.27679016447914934 40
1753556712385 0.2819405216813424 41
1753556731669 0.28335271639807275 42
1753556763675 0.2800299052998837 43
1753556777618 0.27994683502242895 44
1753556802532 0.27911613224788173 45
1753556817771 0.2796145539126101 46
1753556833312 0.28410034889516533 47
1753556862741 0.28011297557733844 48
1753556892943 0.28335271639807275 49
1753556920703 0.28426648945007477 50
1753556937256 0.2871739491609902 51
1753556965283 0.27571025087223794 52
1753556985510 0.28850307360026584 53
1753556999289 0.28551254361189565 54
1753557018540 0.2858448247217146 55
1753557047206 0.290579830536634 56
1753557064322 0.28949991692972254 57
1753557084554 0.29489948496427976 58
1753557111776 0.29406878218973254 59
1753557125843 0.2914105333111813 60
1753557148982 0.28833693304535635 61
1753557175765 0.2918258846984549 62
1753557189631 0.29406878218973254 63
1753557208699 0.29606246884864595 64
1753557223753 0.29647782023591956 65
1753557241334 0.29647782023591956 66
1753557263721 0.29631167968101013 67
1753557292807 0.2953148363515534 68
1753557307339 0.2985545771722878 69
1753557333631 0.29631167968101013 70
1753557362203 0.29888685828210665 71
1753557390147 0.29631167968101013 72
1753557412331 0.2968101013457385 73
1753557447004 0.2949825552417345 74
1753557467468 0.3027911613224788 75
1753557494952 0.2963947499584649 76
1753557528840 0.2911613224788171 77
1753557544977 0.29730852301046684 78
1753557569014 0.2997175610566539 79
1753557583344 0.29747466356537633 80
1753557603503 0.29880378800465196 81
1753557617516 0.29946835022428975 82
1753557635319 0.3023758099352052 83
1753557651055 0.30445256687157335 84
1753557673856 0.30262502076756936 85
1753557695163 0.2979730852301047 86
1753557710184 0.30104668549592956 87
1753557728290 0.3042864263166639 88
1753557756655 0.3051171290912112 89
1753557782684 0.29747466356537633 90
1753557806860 0.30328958298720715 91
1753557821084 0.3008805449410201 92
1753557840713 0.30013291244392754 93
1753557863458 0.3035387938195714 94
1753557878628 0.30245888021265993 95
1753557908573 0.30046519355374646 96
1753557940300 0.30004984216647285 97
1753557960711 0.30287423159993354 98
1753557974778 0.3077753779697624 99
1753557992704 0.302126599102841 100
