1752705295538 4.613961924823217 0
1752705308417 4.574447076797078 1
1752705321269 4.524178927782172 2
1752705334064 4.4735564220991435 3
1752705347457 4.421700113031701 4
1752705360444 4.368780907803595 5
1752705373084 4.3114208776982865 6
1752705385866 4.256109552664094 7
1752705398955 4.208572777585196 8
1752705412162 4.162553965142857 9
1752705425410 4.117089143717663 10
1752705438293 4.072576409287228 11
1752705451518 4.02667225126672 12
1752705464892 3.9875211010459237 13
1752705478351 3.94868851501211 14
1752705491100 3.9164828701450465 15
1752705504357 3.871464278810338 16
1752705517536 3.8426950427865036 17
1752705530879 3.8137280284074557 18
1752705544328 3.787820993900604 19
1752705557208 3.7590813863046084 20
1752705570515 3.7302356804579047 21
1752705583709 3.7061237029415075 22
1752705597034 3.676662367375122 23
1752705610349 3.6501911091738406 24
1752705623480 3.624174435780892 25
1752705636789 3.601464218868582 26
1752705650204 3.5830716653072545 27
1752705663619 3.555787884113656 28
1752705676834 3.536039399373605 29
1752705689526 3.5160364161475326 30
1752705702101 3.4961494145349645 31
1752705714626 3.474727910753251 32
1752705727212 3.4572240900550986 33
1752705739709 3.441054306245862 34
1752705752292 3.419090238047653 35
1752705765615 3.403092147063843 36
1752705778209 3.3894293751129845 37
1752705791529 3.3750330087700795 38
1752705804906 3.359405789911226 39
1752705818157 3.342369579740058 40
1752705830822 3.3214216342890635 41
1752705843849 3.3036252513423 42
1752705857314 3.2937175705123236 43
1752705870678 3.281766857336162 44
1752705884169 3.2679755095353538 45
1752705897276 3.2557144582996136 46
1752705910428 3.2345766902961413 47
1752705923729 3.21863459897565 48
1752705937069 3.2084008470021934 49
1752705950397 3.1925820750858667 50
1752705963284 3.1809150854848194 51
1752705976070 3.167033980258316 52
1752705988649 3.160182250514674 53
1752706001243 3.1477769555809605 54
1752706013931 3.1313516951288642 55
1752706026482 3.1200108559153485 56
1752706039231 3.105562986608608 57
1752706051696 3.093565144018213 58
1752706064211 3.083416144154834 59
1752706076961 3.0774539492485697 60
1752706089475 3.063213314118226 61
1752706102090 3.0504822999995307 62
1752706114690 3.038003593524348 63
1752706127536 3.0316973689980893 64
1752706140177 3.0207039743986024 65
1752706152824 3.0102101554492307 66
1752706165634 3.00325161552958 67
1752706178861 2.9924893848014857 68
1752706192415 2.982658120126047 69
1752706205742 2.971021984324676 70
1752706219081 2.962532978623273 71
1752706232519 2.953796520012481 72
1752706245912 2.9450853766854013 73
1752706259364 2.941689820375034 74
1752706272839 2.934041722137604 75
1752706285597 2.917917970783244 76
1752706299126 2.9124723205080314 77
1752706311941 2.8997088017609105 78
1752706324742 2.894179027124772 79
1752706337515 2.8896784654531076 80
1752706350195 2.8774233495383204 81
1752706362715 2.8686905664328854 82
1752706376006 2.8627739186784202 83
1752706389064 2.8528368297633038 84
1752706402448 2.8485858988522925 85
1752706415696 2.8409602022496436 86
1752706428858 2.8337116137728504 87
1752706441901 2.822841459282631 88
1752706455293 2.8118472659122618 89
1752706468549 2.805777335451671 90
1752706481939 2.7998825536147445 91
1752706494748 2.7896544944759523 92
1752706507360 2.7875460852028895 93
1752706520064 2.7832417397083162 94
1752706532768 2.771381300861939 95
1752706545396 2.7699033759071976 96
1752706558073 2.765870211551021 97
1752706571054 2.756850175955169 98
1752706583709 2.7514427609981618 99
1752706596304 2.739731962733188 100
