1753034750368 0.03065293238079415 0
1753034865816 0.06504402724705101 1
1753034984725 0.10483469014786509 2
1753035103669 0.14603754776540953 3
1753035219067 0.182671540122944 4
1753035337323 0.22487124106994516 5
1753035453388 0.25161987041036715 6
1753035566660 0.2800299052998837 7
1753035686188 0.2977238743977405 8
1753035806500 0.3169131084897824 9
1753035925717 0.32995514205017445 10
1753036042146 0.3466522678185745 11
1753036162389 0.36052500415351385 12
1753036281603 0.3709087888353547 13
1753036399750 0.38204020601428806 14
1753036518127 0.39317162319322146 15
1753036632826 0.40521681342415683 16
1753036746283 0.4084565542448912 17
1753036864875 0.4166805117129091 18
1753036981247 0.4262335936202027 19
1753037095069 0.4324638644293072 20
1753037211240 0.44201694633660077 21
1753037329303 0.44542282771224456 22
1753037444951 0.4487456388104336 23
1753037566031 0.45447748795480974 24
1753037681635 0.46286758597773714 25
1753037800579 0.47242066788503073 26
1753037921362 0.475078916763582 27
1753038038365 0.4773218142548596 28
1753038153490 0.48712410699451736 29
1753038275959 0.4910284100348895 30
1753038393804 0.48994849642797805 31
1753038514004 0.49651104834690146 32
1753038630825 0.4985878052832696 33
1753038747883 0.5053164977571025 34
1753038864505 0.5098022927396577 35
1753038981195 0.509719222462203 36
1753039100655 0.5104668549592956 37
1753039222848 0.5155341418840339 38
1753039375371 0.5164479149360359 39
1753039516124 0.5192723043694966 40
1753039532942 0.5260840671207841 41
1753039571828 0.5309021432131583 42
1753039592683 0.532231267652434 43
1753039604777 0.5321481973749792 44
