1753034750369 4.6483384066141165 0
1753034865817 4.447771481427389 1
1753034984726 4.162973536869817 2
1753035103670 3.8534383795601124 3
1753035219068 3.5380617258878453 4
1753035337324 3.213978673966806 5
1753035453389 2.993628688021937 6
1753035566661 2.771107391418655 7
1753035686189 2.5868820830546992 8
1753035806501 2.4316993744346265 9
1753035925718 2.283632314188884 10
1753036042147 2.1219971127598263 11
1753036162390 2.0089913600317417 12
1753036281604 1.9055924170179595 13
1753036399751 1.810701300875887 14
1753036518128 1.719067549651638 15
1753036632826 1.611678414219014 16
1753036746284 1.539093819635162 17
1753036864876 1.4623238729761647 18
1753036981248 1.3930041273666711 19
1753037095070 1.338097160433886 20
1753037211241 1.2578853606401046 21
1753037329304 1.1923835237016067 22
1753037444952 1.1403069761630653 23
1753037566032 1.0918918296400366 24
1753037681636 1.0137758833842023 25
1753037800579 0.9690657479437197 26
1753037921363 0.9402264371692833 27
1753038038366 0.8865955353014957 28
1753038153491 0.832738435480739 29
1753038275960 0.8004010804561242 30
1753038393805 0.7815375749895545 31
1753038514005 0.7331584582074744 32
1753038630826 0.7174689896935585 33
1753038747884 0.6819067016488999 34
1753038864506 0.6343444647739581 35
1753038981196 0.6112021410927027 36
1753039100656 0.5943749066596493 37
1753039222849 0.5617637233503285 38
1753039375372 0.5549032075769852 39
1753039516125 0.5263296995807585 40
1753039532943 0.49123783427603407 41
1753039571829 0.47176869851080977 42
1753039592684 0.458234285317031 43
1753039604778 0.44633642037036214 44
