1752250834337 2.3158965777932647 0
1752250880790 2.0059698480258965 1
1752250924515 2.074771494086804 2
1752250967110 2.0740634635921245 3
1752251008420 2.0228168224811025 4
1752251050444 2.0141379331113636 5
1752251095544 2.0928947161654077 6
1752251136936 2.0710434988504063 7
1752251178119 2.098247961781483 8
1752251220143 2.138698755945276 9
1752251264952 2.1420948305783716 10
1752251305102 2.1628260033879387 11
1752251348784 2.216146809268698 12
1752251387106 2.177814773924472 13
1752251435760 2.197939125558162 14
1752251481056 2.207269099691612 15
1752251522549 2.164645972377623 16
1752251562622 2.202967060415862 17
1752251603548 2.1707395457668563 18
1752251644651 2.2855711027995063 19
1752251687856 2.204905640664225 20
1752251730223 2.194355593060906 21
1752251773306 2.2419218538595813 22
1752251814388 2.240728160016808 23
1752251856017 2.2837414826632023 24
1752251893765 2.2398249903614023 25
1752251933773 2.2858306096978134 26
1752251977284 2.3415032383416636 27
1752252019513 2.2400765049647555 28
1752252060786 2.268202411842055 29
1752252103779 2.3221439037342884 30
1752252148395 2.3193868333768095 31
1752252192901 2.281517701612858 32
1752252232597 2.3482993817977005 33
1752252273137 2.3291494317304715 34
1752252317585 2.361219616020579 35
1752252361015 2.2788829848672956 36
1752252405213 2.2720791095910364 37
1752252445246 2.374465315130079 38
1752252483866 2.380834542179953 39
1752252527064 2.3297765495345564 40
1752252566092 2.3415317995579445 41
1752252611647 2.3402410742308746 42
1752252653857 2.334357891429699 43
1752252692501 2.318119770731402 44
1752252734047 2.334011863968106 45
1752252774350 2.3244128944416658 46
1752252815553 2.3334830602413428 47
1752252861353 2.276668598907123 48
1752252901250 2.4153957097594034 49
1752252942288 2.371320314949795 50
1752252982760 2.3652647824944224 51
1752253026806 2.3960899551982497 52
1752253068585 2.3295538810994345 53
1752253111354 2.3563903482417974 54
1752253153593 2.3493429426907455 55
1752253192793 2.385668485650778 56
1752253239141 2.327444754513263 57
1752253281044 2.376640321235442 58
1752253321976 2.406065204195686 59
1752253362435 2.4741166488797166 60
1752253405546 2.3543054019242926 61
1752253446995 2.3789249221966258 62
1752253489226 2.3704191814501496 63
1752253531568 2.4358175829347477 64
1752253573170 2.335847399757194 65
1752253617043 2.368539608454751 66
1752253658171 2.4037830154376705 67
1752253699015 2.3521873618038196 68
1752253738591 2.478603363452663 69
1752253779920 2.3916341805114354 70
1752253821809 2.4073261917038455 71
1752253863105 2.4192788110184513 72
1752253901936 2.4271113933727175 73
1752253945414 2.436527667636191 74
1752253990391 2.4753475528269 75
1752254030200 2.4732978331125364 76
1752254074638 2.4145422302928745 77
1752254116946 2.4402415374948454 78
1752254155717 2.415464141411348 79
1752254197441 2.4357228785574168 80
1752254236635 2.5534419764631378 81
1752254278554 2.451576147808941 82
1752254323288 2.4175114481144258 83
1752254365229 2.468700029980646 84
1752254403698 2.4930418240630106 85
1752254447205 2.480608804027562 86
1752254486225 2.4787582861222672 87
1752254530008 2.4483502806932207 88
1752254573081 2.4889411740805354 89
1752254615220 2.4025757144751982 90
1752254658436 2.4294172502757863 91
1752254699194 2.4816958153204896 92
1752254741896 2.443914464391012 93
1752254781856 2.4940564470896063 94
1752254822643 2.644447249904414 95
1752254859856 2.4649025827845388 96
1752254900338 2.5832260364314727 97
1752254943272 2.576575755464533 98
1752254985576 2.5436153713639507 99
1752255029618 2.51670984393248 100
1752255072079 2.519700873564509 101
1752255111188 2.518268515242878 102
1752255153797 2.526202372302216 103
1752255196153 2.5536476535195654 104
1752255241164 2.5251810158354453 105
1752255281467 2.4766677879286245 106
1752255324858 2.466904556125224 107
1752255366652 2.48185314571759 108
1752255408585 2.5638037400747913 109
1752255449934 2.467854440833333 110
1752255490832 2.49023643998938 111
1752255534758 2.513520529242179 112
1752255578251 2.5014391115386356 113
1752255621117 2.4662995534631764 114
1752255661849 2.4964821264092443 115
1752255703913 2.50757637985172 116
1752255751446 2.611442739320025 117
1752255794592 2.525195906722575 118
1752255836156 2.589727815896882 119
1752255878816 2.512737888456481 120
1752255919251 2.508431572525342 121
1752255960700 2.6289154994467228 122
1752255998546 2.5392362125783854 123
1752256040500 2.5986206960243323 124
1752256079759 2.588695246794208 125
1752256117557 2.6460552681473413 126
1752256157055 2.543448040301622 127
1752256199096 2.5446845296420983 128
1752256242066 2.5593103694583745 129
1752256282903 2.680176330208889 130
1752256325440 2.533566854477916 131
1752256366073 2.6138780764226963 132
1752256407813 2.5371462989645703 133
1752256450258 2.556740253644473 134
1752256494998 2.620780780674283 135
1752256538700 2.6581580781898895 136
1752256582964 2.6383694535892532 137
1752256624193 2.589305924501371 138
1752256667992 2.611606359783624 139
1752256712627 2.6129437752377807 140
1752256754845 2.6227057198084407 141
1752256795849 2.6961277868192655 142
1752256837671 2.596197713303207 143
1752256883044 2.5523987714130167 144
1752256924603 2.630204602012551 145
1752256969634 2.646741263451894 146
1752257010615 2.678946550818827 147
1752257053880 2.5981208289761297 148
1752257098612 2.596391072041979 149
1752257137867 2.6047197062690537 150
1752257178355 2.6893997692058482 151
1752257221684 2.5966572972595094 152
1752257263096 2.6040442755578854 153
1752257305950 2.6766951970618114 154
1752257349540 2.7857962680513757 155
1752257391038 2.703539960861274 156
1752257430552 2.8012242199964814 157
1752257471670 2.7243227078745957 158
1752257516741 2.825343712974141 159
1752257560695 2.6793983720018604 160
1752257600950 2.698261199808145 161
1752257643625 2.6344354434675155 162
1752257686208 2.667146068216919 163
1752257735241 2.6496331278417258 164
1752257774765 2.601290851225737 165
1752257818152 2.8550540556790898 166
1752257860329 2.664543062718508 167
1752257905079 2.6426690523196545 168
1752257945941 2.7212498807294074 169
1752257988103 2.7306223030784063 170
1752258031730 2.731492157112806 171
1752258073699 2.7549595337484347 172
1752258114394 2.8143252479574956 173
1752258155620 2.77476749083106 174
1752258200374 2.668132129427412 175
1752258244321 2.726497131644104 176
1752258285932 2.807563034716886 177
1752258329291 2.686861951442069 178
1752258370856 2.729322381425912 179
1752258416317 2.6554708992655724 180
1752258457334 2.776633412053578 181
1752258499522 2.70263699274613 182
1752258540501 2.835314160742083 183
1752258582097 2.799079451321398 184
1752258621861 2.797653853076693 185
1752258667618 2.7620217027976257 186
1752258712212 2.82226716057301 187
1752258753113 2.7537514498402604 188
1752258792831 2.8078367958209802 189
1752258835256 2.882657166780881 190
1752258879943 2.9470762432420248 191
1752258918852 2.885835644598938 192
1752258960624 2.778183492622078 193
1752259000522 2.759302956082418 194
1752259042110 2.691069037827575 195
1752259084584 2.8219170563087514 196
1752259125032 2.8054605145402354 197
1752259166954 2.8549309435601433 198
1752259209188 2.8322213728161145 199
1752259253142 2.75070609911152 200
