1752944747750 0.023010466854959295 0
1752944759737 0.041368998172453895 1
1752944771995 0.05316497757102509 2
1752944782845 0.07202193055324804 3
1752944795765 0.08074430968599434 4
1752944808138 0.09212493769729191 5
1752944818645 0.10342249543113474 6
1752944828929 0.11804286426316664 7
1752944841222 0.1247715567369995 8
1752944853639 0.14088719056321647 9
1752944866088 0.14728360192723045 10
1752944876163 0.15052334274796478 11
1752944888266 0.1561721216148862 12
1752944896619 0.170210998504735 13
1752944908123 0.17386609071274298 14
1752944921113 0.18408373483967436 15
1752944930934 0.18566207011131416 16
1752944943970 0.18773882704768233 17
1752944956486 0.19795647117461374 18
1752944967757 0.20260840671207841 19
1752944978897 0.20800797474663565 20
1752944991414 0.21299219139391926 21
1752945004086 0.21257684000664562 22
1752945015564 0.2212161488619372 23
1752945027766 0.22271141385612228 24
1752945039166 0.22644957634158497 25
1752945052025 0.23093537132414022 26
1752945061281 0.23209835520850639 27
1752945073829 0.23907625851470343 28
1752945086841 0.2457218807110816 29
1752945097072 0.25095530819072936 30
1752945109214 0.246801794317993 31
1752945121412 0.2511214487456388 32
1752945134172 0.2498753945838179 33
1752945145361 0.2507060973583652 34
1752945155576 0.26000996843329455 35
1752945167545 0.261089882040206 36
1752945175852 0.26657252035221796 37
1752945186760 0.26873234756604086 38
1752945198994 0.2632497092540289 39
1752945211430 0.2763748130918757 40
1752945222770 0.2782023591958797 41
1752945236972 0.27238743977404883 42
1752945248884 0.2778700780860608 43
1752945261358 0.2810267486293404 44
1752945274259 0.2802791161322479 45
1752945286755 0.279033061970427 46
1752945298917 0.28551254361189565 47
1752945312211 0.2861771058315335 48
1752945325569 0.29074597109154343 49
1752945338753 0.29066290081408874 50
