1749230371560 0.13109203271287423 0
1749230480726 0.13066646930392628 1
1749230588685 0.13203567331532398 2
1749230691869 0.14546867483255005 3
1749230792606 0.14237871442844985 4
1749230894754 0.14866965177811495 5
1749231000062 0.1636568848758465 6
1749231103003 0.1581985715871665 7
1749231201879 0.17098397661251527 8
1749231307503 0.17553565481256708 9
1749231412462 0.19870110646486328 10
1749231514302 0.19807201272989675 11
1749231616974 0.22893461125707731 12
1749231711414 0.21877659771305924 13
1749231824663 0.22044184583502943 14
1749231931811 0.23672427191651557 15
1749232031081 0.23801946490027015 16
1749232130047 0.24194204936535543 17
1749232229716 0.24384783332716575 18
1749232331834 0.2645154127965067 19
1749232439578 0.2694556488916849 20
1749232544550 0.27841098323650226 21
1749232649148 0.2669392739518188 22
1749232748397 0.27456240979906005 23
1749232853495 0.2823520704584983 24
1749232948713 0.28823594715612627 25
1749233049607 0.30729378677422936 26
1749233157278 0.3135292158531621 27
1749233262423 0.32078229656218776 28
1749233363269 0.3025940865188913 29
1749233466363 0.321263368241868 30
1749233570831 0.31587906598083115 31
1749233677483 0.31752581134589053 32
1749233778239 0.31312215520112496 33
1749233878347 0.3086074825148947 34
1749233985144 0.3102542278799541 35
1749234088274 0.31550901084261557 36
1749234195610 0.33001517226066684 37
1749234294649 0.33460385597454023 38
1749234392279 0.3316989231395478 39
1749234499577 0.33007068053139915 40
1749234596252 0.3347148725160049 41
1749234705111 0.33180993968101247 42
1749234809976 0.3448728860600229 43
1749234908462 0.34940606150316394 44
1749235010543 0.3519039336861192 45
1749235111709 0.35271805499019354 46
1749235213463 0.36146985900899237 47
1749235322497 0.35845390963253526 48
1749235424215 0.35638160085852794 49
1749235524276 0.3427080635014617 50
