1754483143841 0.2299522628871702 0
1754483182242 0.2841098323650224 1
1754483217153 0.3252414609776857 2
1754483255324 0.32407578729230657 3
1754483288827 0.3752174073937017 4
1754483328538 0.36518891314805907 5
1754483367926 0.3886689116678385 6
1754483407098 0.4034341116826407 7
1754483438359 0.41216741294452874 8
1754483479063 0.42473078488694815 9
1754483518572 0.43540687562446806 10
1754483563745 0.4409206971838804 11
1754483598719 0.4474706731302964 12
1754483639387 0.4557599082263257 13
1754483673515 0.4644377012174814 14
1754483717780 0.46243940347111717 15
1754483758659 0.4690633904451763 16
1754483803526 0.46702808718499056 17
1754483842273 0.48136772379084486 18
1754483882298 0.47359656588831733 19
1754483913587 0.48606742404618286 20
1754483955367 0.4813862265477556 21
1754483991006 0.49221033934056174 22
1754484031167 0.4888798430966214 23
1754484061801 0.49548532731376976 24
1754484101822 0.48973096991451726 25
1754484143778 0.5032009769455649 26
1754484183637 0.49372756540724566 27
1754484222233 0.5040706065203715 28
1754484264165 0.49650297894386264 29
1754484297039 0.5043851533878548 30
1754484339446 0.5 31
1754484381367 0.5098804721903564 32
1754484424635 0.5029049328349924 33
1754484455108 0.511675239610702 34
1754484498316 0.5091033564001036 35
1754484530282 0.5124153498871332 36
1754484570604 0.5110646486326462 37
1754484602358 0.5133034822188506 38
1754484646243 0.5119157754505421 39
1754484677588 0.5170780446286497 40
1754484718209 0.5148947193131777 41
1754484748948 0.521333678718129 42
1754484789557 0.5148577137993561 43
1754484820809 0.5244976501498724 44
1754484863246 0.5143951448765867 45
1754484904679 0.5213891869888614 46
1754484945660 0.5178736631758132 47
1754484976963 0.5253117714539466 48
1754485021298 0.5180216852310995 49
1754485054070 0.5249047108019095 50
1754485095209 0.5185397624246013 51
1754485134832 0.5270880361173815 52
1754485176028 0.5205750656847871 53
1754485206530 0.5283832291011361 54
1754485249348 0.5242571143100322 55
1754485279612 0.528975317322281 56
1754485320667 0.5182067128002072 57
1754485364023 0.5313251674499501 58
1754485408269 0.5176331273359731 59
1754485440073 0.5289568145653702 60
1754485486782 0.5212596676904859 61
1754485519920 0.5299189579247308 62
1754485562641 0.5231469488953854 63
1754485594287 0.5323428190800429 64
1754485639682 0.5231099433815638 65
1754485672628 0.5330274210857417 66
1754485713349 0.5217962476408985 67
1754485744877 0.5330274210857417 68
1754485793200 0.5239980757132813 69
1754485823709 0.5328238907597233 70
1754485865415 0.5234614957628687 71
1754485896337 0.5331939458979388 72
1754485945976 0.5232579654368501 73
1754485977142 0.5344891388816934 74
1754486020776 0.5222033082929356 75
1754486054551 0.5354697849979647 76
1754486096331 0.5231099433815638 77
1754486139349 0.5359878621914665 78
1754486180551 0.5250712356141065 79
1754486213913 0.5368019834955409 80
1754486254802 0.5257743403767161 81
1754486287153 0.5366354586833438 82
1754486328172 0.5255708100506975 83
1754486366521 0.5367279724678977 84
1754486411156 0.5254042852385006 85
1754486444873 0.5380046626947416 86
1754486487704 0.5257743403767161 87
1754486525944 0.5376346075565259 88
1754486568116 0.5274580912555971 89
1754486598575 0.5378566406394553 90
1754486640226 0.5282352070458498 91
1754486675926 0.5386892647004403 92
1754486718289 0.5265699589238797 93
1754486759371 0.53939236946305 94
1754486800073 0.5263294230840395 95
1754486830273 0.5392628501646746 96
1754486871324 0.5282352070458498 97
1754486901681 0.5387632757280835 98
1754486942602 0.5300114717092846 99
1754486973577 0.53939236946305 100
