1753790103714 0.04037215484299717 0
1753790170927 0.08024588802126599 1
1753790210146 0.10732679847150689 2
1753790237325 0.1356537630835687 3
1753790264198 0.15841501910616382 4
1753790297197 0.18740654593786343 5
1753790326634 0.21074929390264163 6
1753790360032 0.2249543113473999 7
1753790388376 0.23459046353214819 8
1753790416436 0.23533809602924075 9
1753790473255 0.25377969762419006 10
1753790512876 0.2535304867918259 11
1753790573958 0.2628343578667553 12
1753790637927 0.2787838511380628 13
1753790676151 0.2871739491609902 14
1753790742665 0.29722545273301215 15
1753790812937 0.2971423824555574 16
1753790839321 0.2993022096693803 17
1753790866851 0.3059478318657584 18
1753790920229 0.31400564877886694 19
1753790973449 0.31259345406213657 20
1753791001011 0.3157501246054162 21
1753791032601 0.3177438112643296 22
1753791071480 0.3253032065127098 23
1753791138256 0.3260508390098023 24
1753791198924 0.3217311845821565 25
1753791250461 0.32679847150689484 26
1753791277818 0.32713075261671376 27
1753791305252 0.3329456720385446 28
1753791368598 0.3316996178767237 29
1753791397156 0.33253032065127097 30
1753791424710 0.3350224289749128 31
1753791459822 0.3385113806280113 32
1753791487298 0.34017278617710583 33
1753791525015 0.3391759428476491 34
1753791589147 0.34515700282438944 35
1753791616933 0.3414188403389267 36
1753791681200 0.3396743645123775 37
1753791708304 0.3474829705931218 38
1753791763126 0.35205183585313177 39
1753791790850 0.3542116630669546 40
1753791819486 0.3569529822229606 41
1753791860103 0.35454394417677354 42
1753791896619 0.35487622528659246 43
1753791933022 0.35728526333277955 44
1753791999016 0.3532148197374979 45
1753792068071 0.3549592955640472 46
1753792127887 0.3566207011131417 47
1753792155646 0.3553746469513208 48
1753792188747 0.35711912277787006 49
1753792216810 0.35911280943678353 50
1753792245597 0.35612227944841335 51
1753792272424 0.36102342581824226 52
1753792332397 0.3581159661073268 53
1753792372385 0.3630171124771557 54
1753792402625 0.3624356205349726 55
1753792476409 0.36409702608406713 56
1753792544260 0.3695796643960791 57
1753792577628 0.3643462369164313 58
1753792635298 0.36733676690480144 59
1753792664697 0.3621864097026084 60
1753792704773 0.36326632330951986 61
1753792751619 0.36393088552915764 62
1753792778901 0.37049343744808105 63
1753792832729 0.37223791327463035 64
1753792861728 0.3668383452400731 65
1753792927744 0.37290247549426814 66
1753792955524 0.368998172453896 67
1753793015446 0.36708755607243726 68
1753793064547 0.37323475660408706 69
1753793092488 0.37124106994517364 70
1753793126608 0.3724871241069945 71
1753793154990 0.3687489616215318 72
1753793182771 0.36891510217644125 73
1753793232708 0.37232098355208504 74
1753793270074 0.3758930054826383 75
1753793297430 0.3755607243728194 76
1753793324530 0.37074264828044523 77
1753793352029 0.3714072105000831 78
1753793422238 0.3775544110317329 79
1753793482845 0.3733178268815418 80
1753793547790 0.37041036717062636 81
1753793589728 0.37747134075427813 82
1753793648956 0.37605914603754775 83
1753793711425 0.37448081076590795 84
1753793751176 0.37547765409536465 85
1753793808615 0.37963116796810104 86
1753793871883 0.37730520019936864 87
1753793899554 0.3808772221299219 88
1753793926818 0.37946502741319155 89
1753793956733 0.3791327463033727 90
1753793990605 0.3758099352051836 91
1753794047515 0.37747134075427813 92
1753794115247 0.37630835686991193 93
1753794142677 0.3821232762917428 94
1753794170369 0.3841169629506563 95
1753794197856 0.3798803788004652 96
1753794233451 0.383286260176109 97
1753794282978 0.38262169795647116 98
1753794349856 0.3841169629506563 99
1753794379421 0.37605914603754775 100
