1753790103715 4.478796401790157 0
1753790170928 4.253580346993508 1
1753790210147 4.056316946884358 2
1753790237326 3.9045505203894426 3
1753790264199 3.80637406540805 4
1753790297198 3.704658972453712 5
1753790326635 3.639816030108497 6
1753790360033 3.588849165108344 7
1753790388377 3.553204880109465 8
1753790416437 3.499639531313363 9
1753790473256 3.483729614295279 10
1753790512877 3.4752414525490622 11
1753790573959 3.4591059475158095 12
1753790637928 3.4176035074415405 13
1753790676152 3.408757683796273 14
1753790742666 3.4169425636461326 15
1753790812938 3.408326209645362 16
1753790839322 3.4297924316822423 17
1753790866852 3.429007701443239 18
1753790920230 3.4062441842504616 19
1753790973450 3.4329040287041868 20
1753791001013 3.4189323001443954 21
1753791032602 3.4278980334618523 22
1753791071481 3.423994320887331 23
1753791138257 3.4268572764569782 24
1753791198926 3.3975886977175387 25
1753791250462 3.473024975881838 26
1753791277819 3.4634945582217265 27
1753791305253 3.445737747214758 28
1753791368599 3.4240915450928324 29
1753791397157 3.4392001773553256 30
1753791424711 3.4216130139389205 31
1753791459823 3.4580984134308888 32
1753791487299 3.472327642272172 33
1753791525016 3.502567373407912 34
1753791589148 3.4430991100900767 35
1753791616934 3.4589833661424336 36
1753791681201 3.429037415836615 37
1753791708305 3.490498588471314 38
1753791763128 3.4796525084057546 39
1753791790851 3.446511589413184 40
1753791819487 3.486280406839081 41
1753791860104 3.4931051022563926 42
1753791896620 3.4924971841058987 43
1753791933024 3.4964154712149575 44
1753791999017 3.4711382303914657 45
1753792068072 3.495665201025918 46
1753792127888 3.489109147406318 47
1753792155647 3.441049327549637 48
1753792188748 3.4270757987056975 49
1753792216811 3.4506369292717345 50
1753792245598 3.4717532311380843 51
1753792272425 3.4929539626438912 52
1753792332398 3.499151342033367 53
1753792372386 3.461260307267648 54
1753792402626 3.489963680722457 55
1753792476410 3.4606416802397333 56
1753792544262 3.514663531356687 57
1753792577630 3.4943729150875837 58
1753792635299 3.4668176640421433 59
1753792664698 3.4203259996363595 60
1753792704774 3.4455061237803064 61
1753792751620 3.4443908904693346 62
1753792778902 3.493430826617325 63
1753792832731 3.5260014715311194 64
1753792861729 3.4732054662482463 65
1753792927745 3.473121414430709 66
1753792955525 3.4564497896641035 67
1753793015447 3.450603818854145 68
1753793064548 3.5092279366224375 69
1753793092490 3.469603514289053 70
1753793126609 3.490183187085456 71
1753793154991 3.408555655817178 72
1753793182772 3.4666097235697713 73
1753793232709 3.4451328476563137 74
1753793270075 3.499359529377352 75
1753793297431 3.4597992946220932 76
1753793324531 3.4583568668363607 77
1753793352030 3.4405173525435577 78
1753793422239 3.4386073908086328 79
1753793482846 3.4758022649049582 80
1753793547791 3.433044903577434 81
1753793589729 3.5167321484223346 82
1753793648957 3.4658468405112584 83
1753793711426 3.4677909437070444 84
1753793751177 3.464481085074275 85
1753793808616 3.5392419528711114 86
1753793871885 3.464987580593715 87
1753793899555 3.43117062992908 88
1753793926819 3.460328513310903 89
1753793956734 3.4016407418853443 90
1753793990606 3.449137233185217 91
1753794047516 3.423912262736965 92
1753794115248 3.4427781284952994 93
1753794142678 3.447755279110288 94
1753794170370 3.45080907833666 95
1753794197857 3.4631422247864707 96
1753794233452 3.431457198574768 97
1753794282979 3.4768200274397074 98
1753794349857 3.47474942500324 99
1753794379423 3.401355912698833 100
