1752935461915 4.451241218213083 0
1752935485972 4.14203305181087 1
1752935508273 3.845291597744889 2
1752935530404 3.6234932595228244 3
1752935561522 3.447420286082104 4
1752935587864 3.2857885435675698 5
1752935610038 3.175515225976799 6
1752935631731 3.0725162063253104 7
1752935653847 3.004039402043228 8
1752935676428 2.949635288728583 9
1752935698604 2.8993444799266865 10
1752935722319 2.851685535804226 11
1752935748945 2.8331009020838285 12
1752935771929 2.7817830304441955 13
1752935798779 2.7651821929033042 14
1752935821176 2.730465895481303 15
1752935843770 2.7245213733255227 16
1752935865875 2.715310147240661 17
1752935889925 2.69758994227225 18
1752935922957 2.6585569708610235 19
1752935945129 2.682910244873713 20
1752935967205 2.64383591874907 21
1752935994216 2.6610044844855474 22
1752936016593 2.640685804217873 23
1752936046609 2.634262057646819 24
1752936080178 2.601167265395161 25
1752936102507 2.5989539816829046 26
1752936130050 2.6122783298777046 27
1752936153768 2.581998514796082 28
1752936175402 2.562473483909047 29
1752936203230 2.5687223792849387 30
1752936229472 2.5638192858960895 31
1752936253212 2.5564217749163807 32
1752936289865 2.560140429648876 33
1752936313210 2.554975038624678 34
1752936335247 2.522637733432333 35
1752936357088 2.5342420293218946 36
1752936379707 2.503344045632752 37
1752936405652 2.5014607724621594 38
1752936428392 2.5019720699135344 39
1752936450558 2.477210435792601 40
1752936479741 2.4675619990650044 41
1752936506373 2.5043592698206387 42
1752936528605 2.483296992920213 43
1752936562725 2.4650018893604773 44
1752936585234 2.471637152546955 45
1752936624917 2.4746017520130614 46
1752936655065 2.453957374233984 47
1752936677989 2.4410193999517933 48
1752936700372 2.4171977134760168 49
1752936726591 2.429337472499951 50
