1752716597570 0.02682119205298013 0
1752716620309 0.05637417218543046 1
1752716644801 0.08394039735099337 2
1752716666778 0.10066225165562914 3
1752716688897 0.11961920529801325 4
1752716712966 0.1297185430463576 5
1752716734894 0.14403973509933773 6
1752716756944 0.15306291390728477 7
1752716778775 0.1672185430463576 8
1752716800500 0.1771523178807947 9
1752716822519 0.18841059602649007 10
1752716844413 0.19155629139072847 11
1752716868286 0.201158940397351 12
1752716890472 0.2097682119205298 13
1752716912632 0.21928807947019868 14
1752716934851 0.225 15
1752716956885 0.23104304635761588 16
1752716979448 0.2389072847682119 17
1752717001492 0.2408112582781457 18
1752717024832 0.24817880794701988 19
1752717048001 0.25215231788079473 20
1752717072663 0.2550496688741722 21
1752717095904 0.2589403973509934 22
1752717118684 0.2603476821192053 23
1752717141008 0.2674668874172185 24
1752717163994 0.2705298013245033 25
1752717185929 0.2720198675496689 26
1752717209482 0.27516556291390726 27
1752717231875 0.27897350993377484 28
1752717256233 0.28377483443708607 29
1752717278379 0.28451986754966885 30
1752717302133 0.2850165562913907 31
1752717324059 0.2890728476821192 32
1752717348182 0.28774834437086094 33
1752717372003 0.28857615894039734 34
1752717394062 0.29238410596026493 35
1752717416112 0.29594370860927155 36
1752717438862 0.29577814569536426 37
1752717461890 0.2978476821192053 38
1752717485914 0.29652317880794704 39
1752717509790 0.2993377483443709 40
1752717532808 0.3035596026490066 41
1752717557473 0.3027317880794702 42
1752717581800 0.30579470198675496 43
1752717604924 0.308112582781457 44
1752717627059 0.309023178807947 45
1752717650902 0.3070364238410596 46
1752717674539 0.3097682119205298 47
1752717697250 0.311341059602649 48
1752717719799 0.31142384105960264 49
1752717744664 0.3138245033112583 50
1752717768069 0.31399006622516556 51
1752717790327 0.3177980132450331 52
1752717812251 0.31804635761589406 53
1752717834052 0.3169701986754967 54
1752717856308 0.31961920529801324 55
1752717880465 0.31912251655629137 56
1752717904841 0.3214403973509934 57
1752717927420 0.3210264900662252 58
1752717949887 0.32450331125827814 59
1752717972071 0.3219370860927152 60
1752717997087 0.32475165562913905 61
1752718019646 0.3253311258278146 62
1752718044107 0.3254139072847682 63
1752718066662 0.32466887417218543 64
1752718090741 0.32682119205298016 65
1752718113074 0.32756622516556294 66
1752718136032 0.3271523178807947 67
1752718157767 0.32781456953642385 68
1752718179261 0.3307119205298013 69
1752718203987 0.329635761589404 70
1752718228154 0.3303807947019868 71
1752718252861 0.33096026490066227 72
1752718276898 0.3312913907284768 73
1752718299268 0.3330298013245033 74
1752718321425 0.33195364238410596 75
1752718344960 0.33269867549668874 76
1752718369276 0.3336092715231788 77
1752718393723 0.33228476821192054 78
1752718415922 0.3344370860927152 79
1752718438383 0.3355132450331126 80
1752718460430 0.3337748344370861 81
1752718482115 0.33675496688741724 82
1752718504764 0.3346854304635762 83
1752718526883 0.33600993377483446 84
1752718550566 0.33600993377483446 85
1752718574158 0.33758278145695364 86
1752718595996 0.3349337748344371 87
1752718617912 0.33725165562913906 88
1752718640307 0.33973509933774837 89
1752718662370 0.3365066225165563 90
1752718684403 0.34089403973509935 91
1752718708337 0.3396523178807947 92
1752718731144 0.3395695364238411 93
1752718755423 0.3391556291390728 94
1752718778459 0.34105960264900664 95
1752718803051 0.3400662251655629 96
1752718826652 0.34172185430463575 97
1752718848401 0.34114238410596026 98
1752718872260 0.338658940397351 99
1752718894218 0.34155629139072846 100
