1753400773451 0.021016780196045855 0
1753400789919 0.027911613224788172 1
1753400805233 0.04319654427645788 2
1753400820383 0.053248047848479814 3
1753400833240 0.06329955142050174 4
1753400845187 0.07517860109652766 5
1753400861632 0.08971589965110484 6
1753400878292 0.10275793321149693 7
1753400896632 0.11098189067951487 8
1753400913578 0.11870742648280445 9
1753400930359 0.12219637813590298 10
1753400948898 0.13947499584648612 11
1753400968103 0.14487456388104336 12
1753400982219 0.15359694301378968 13
1753400998566 0.1620701113141718 14
1753401017857 0.16722046851636485 15
1753401034679 0.17154012294401064 16
1753401052872 0.1745306529323808 17
1753401071110 0.18350224289749129 18
1753401088392 0.18524671872404053 19
1753401106452 0.1928891842498754 20
1753401124450 0.19214155175278286 21
1753401142150 0.19737497923243064 22
1753401159810 0.20451902309353714 23
1753401174430 0.2009470011629839 24
1753401191079 0.2065957800299053 25
1753401205949 0.2124937697291909 26
1753401222547 0.21415517527828543 27
1753401242431 0.2168964944342914 28
1753401253300 0.2286924738328626 29
1753401271222 0.234341252699784 30
1753401290372 0.23375976075760094 31
1753401307508 0.23317826881541784 32
1753401324899 0.23226449576341585 33
1753401343206 0.23342747964778202 34
1753401359194 0.2392423990696129 35
1753401375408 0.2443096859943512 36
1753401388271 0.24547266987871738 37
1753401403487 0.2507060973583652 38
1753401421616 0.25377969762419006 39
1753401439415 0.2596776873234757 40
1753401457430 0.25843163316165474 41
1753401473481 0.2590961953812926 42
1753401491084 0.2579332114969264 43
1753401507764 0.2612560225951155 44
1753401525028 0.26491111480312346 45
1753401542849 0.2636650606413025 46
1753401560114 0.2688984881209503 47
1753401578027 0.26773550423658415 48
1753401595704 0.2669878717394916 49
1753401615720 0.2690646286758598 50
1753401633199 0.27147366672204687 51
1753401648829 0.2693969097856787 52
1753401666567 0.2752948994849643 53
1753401683988 0.2703937531151354 54
1753401700720 0.27737165642133244 55
1753401718866 0.27828542947333446 56
1753401736934 0.2740488453231434 57
1753401752221 0.2806113972420668 58
1753401769270 0.27853464030569863 59
1753401788059 0.2802791161322479 60
1753401804723 0.27870078086060807 61
1753401820712 0.28368499750789167 62
1753401836315 0.2834357866755275 63
1753401850580 0.28152517029406876 64
1753401867391 0.28725701943844495 65
1753401876110 0.2858448247217146 66
1753401895488 0.2811928891842499 67
1753401911898 0.28177438112643294 68
1753401926611 0.28725701943844495 69
1753401940439 0.287838511380628 70
1753401958455 0.29406878218973254 71
1753401974876 0.2844326300049842 72
1753401992111 0.28451570028243894 73
1753402009414 0.28700780860608077 74
1753402028117 0.29165974414354545 75
1753402045787 0.29132746303372653 76
1753402062751 0.2858448247217146 77
1753402078840 0.29165974414354545 78
1753402096940 0.29448413357700615 79
1753402111638 0.2985545771722878 80
1753402125771 0.29481641468682507 81
1753402143494 0.2928227280279116 82
1753402161068 0.29730852301046684 83
1753402180042 0.2962286094035554 84
1753402189222 0.29705931217810266 85
1753402205887 0.29888685828210665 86
1753402224417 0.29573018773882703 87
1753402242712 0.29365343080245887 88
1753402262277 0.29489948496427976 89
1753402279634 0.29132746303372653 90
1753402292753 0.2965608905133743 91
1753402305476 0.2965608905133743 92
1753402323575 0.3013789666057485 93
1753402333547 0.303954145206845 94
1753402351216 0.3019604585479316 95
1753402367888 0.29847150689483304 96
1753402387416 0.2965608905133743 97
1753402399213 0.29290579830536634 98
1753402417963 0.29647782023591956 99
1753402436551 0.29822229606246886 100
