1751038895376 4.5440273774820135 0
1751038934712 4.299810710475145 1
1751038973903 4.110663926983059 2
1751039014196 3.987143662989102 3
1751039056413 3.9435063760059603 4
1751039099084 3.837445686129901 5
1751039143189 3.7943570607624983 6
1751039184568 3.7796699137686685 7
1751039225329 3.7430379625817527 8
1751039264930 3.7603565054125405 9
1751039306750 3.7239909943338967 10
1751039350410 3.7223034629913574 11
1751039390431 3.729908909763245 12
1751039415979 3.6771833020963784 13
1751039440561 3.657734005739061 14
1751039465109 3.7398216757384724 15
1751039492042 3.695650611538148 16
1751039519217 3.706655949098492 17
1751039546603 3.6578715146585696 18
1751039571621 3.6718276802354537 19
1751039596791 3.7247065666717676 20
1751039621612 3.6548279024213146 21
1751039647512 3.7036209232414534 22
1751039673459 3.671302461435815 23
1751039701136 3.7022178775908983 24
1751039726143 3.68431611332616 25
1751039746520 3.6703744709404424 26
1751039766540 3.6858442638004694 27
1751039785548 3.6661185602446835 28
1751039803945 3.682240889932501 29
1751039823401 3.582990241895088 30
1751039843210 3.5961198996901387 31
1751039863385 3.639195552765762 32
1751039881971 3.628556744059301 33
1751039902007 3.6122932351328982 34
1751039920883 3.6276374280851837 35
1751039939479 3.617052470878169 36
1751039958255 3.6007979202280485 37
1751039976905 3.5980568344272763 38
1751039989670 3.5732617587518383 39
1751040002549 3.5440210680640822 40
1751040015490 3.5390550866863375 41
1751040028612 3.5518658639098044 42
1751040041506 3.5112266704536776 43
1751040054235 3.463664618997575 44
1751040067040 3.473406155717051 45
1751040079947 3.5023828920372164 46
1751040092780 3.4635119012121027 47
1751040105661 3.454317163120231 48
1751040118456 3.468013426971426 49
1751040131439 3.468850253503376 50
