1753460746427 0.027662402392423992 0
1753460766781 0.055740156172121615 1
1753460787502 0.06629008140887191 2
1753460806298 0.09328792158165808 3
1753460826171 0.1101511879049676 4
1753460847400 0.12335936202026915 5
1753460867822 0.13989034723375976 6
1753460888737 0.15509220800797474 7
1753460901592 0.16315002492108324 8
1753460918982 0.17901644791493604 9
1753460941171 0.18582821066622363 10
1753460958695 0.19313839508223957 11
1753460979455 0.20169463366007642 12
1753460999743 0.21423824555574017 13
1753461018776 0.22171457052666557 14
1753461038416 0.23043694965941186 15
1753461057906 0.23400897158996511 16
1753461077560 0.23816248546270144 17
1753461100759 0.24464196710417013 18
1753461121337 0.25095530819072936 19
1753461137082 0.2519521515201861 20
1753461159210 0.25818242232929056 21
1753461176952 0.26183751453729853 22
1753461199054 0.26574181757767074 23
1753461221861 0.26399734175112144 24
1753461243190 0.2702276125602259 25
1753461263763 0.2692307692307692 26
1753461283656 0.27496261837514535 27
1753461302464 0.27911613224788173 28
1753461320669 0.2831865758431633 29
1753461340748 0.28268815417843496 30
1753461360949 0.2836019272304369 31
1753461371792 0.28551254361189565 32
1753461390907 0.2894168466522678 33
1753461414842 0.28991526831699616 34
1753461434936 0.29348729024754944 35
1753461457145 0.29672703106828374 36
1753461478451 0.30063133410865595 37
1753461499752 0.2987207177271972 38
1753461518438 0.30162817743811265 39
1753461539771 0.3077753779697624 40
1753461550741 0.30719388602757935 41
1753461569204 0.3061139724206679 42
1753461585767 0.30478484798139227 43
1753461605470 0.3095198537963117 44
1753461623231 0.3091875726864928 45
1753461644960 0.30603090214321316 46
1753461663137 0.31325801628177435 47
1753461680660 0.3130918757268649 48
1753461699586 0.31624854627014454 49
1753461723106 0.31242731350722713 50
1753461744228 0.3135072271141386 51
1753461765135 0.31525170294068783 52
1753461785435 0.31782688154178435 53
1753461797542 0.32023591958797143 54
1753461817037 0.3211496926399734 55
1753461837472 0.3210666223625187 56
1753461848361 0.32256188735670377 57
1753461865363 0.3223126765243396 58
1753461877896 0.3204851304203356 59
1753461899206 0.3228941684665227 60
1753461920555 0.32222960624688485 61
1753461934330 0.32256188735670377 62
1753461947231 0.3210666223625187 63
1753461969101 0.32380794151852466 64
1753461987293 0.3277122445588968 65
1753462010190 0.3278783851138063 66
1753462028141 0.3282106662236252 67
1753462049063 0.3285429473334441 68
1753462067899 0.32555241734507395 69
1753462088013 0.32904136899817243 70
1753462107774 0.3331948828709088 71
1753462127734 0.33095198537963116 72
1753462148177 0.33078584482472173 73
1753462171986 0.3336102342581824 74
1753462194980 0.3318657584316332 75
1753462209624 0.33277953148363515 76
1753462230351 0.3311181259345406 77
1753462252645 0.3319488287090879 78
1753462274837 0.33577006147200533 79
1753462297080 0.3324472503738162 80
1753462318715 0.33493935869745806 81
1753462339508 0.33435786675527496 82
1753462355259 0.3366838345240073 83
1753462376215 0.33394251536800135 84
1753462396592 0.3372653264661904 85
1753462414853 0.3369330453563715 86
1753462436420 0.3366838345240073 87
1753462453736 0.34042199700947 88
1753462476017 0.33743146702109983 89
1753462488003 0.33876059146037546 90
1753462506341 0.34058813756437945 91
1753462527039 0.343163316165476 92
1753462548076 0.3391759428476491 93
1753462560425 0.3426648945007476 94
1753462581911 0.3460707758763914 95
1753462602066 0.3379298886858282 96
1753462621562 0.3414188403389267 97
1753462642226 0.34033892673201527 98
1753462662059 0.34233261339092874 99
1753462682677 0.3416680511712909 100
