1753460746428 4.576551630946477 0
1753460766782 4.451807217608937 1
1753460787503 4.312956484947077 2
1753460806299 4.194894263200068 3
1753460826172 4.097836500382568 4
1753460847401 3.987565059296679 5
1753460867823 3.8891908583418546 6
1753460888738 3.8129796586442777 7
1753460901593 3.743252705133318 8
1753460918983 3.6689834654593123 9
1753460941172 3.614585582046086 10
1753460958696 3.5713487330478815 11
1753460979456 3.530290924198185 12
1753460999744 3.4723741401311967 13
1753461018777 3.4326383355248047 14
1753461038417 3.392428405353728 15
1753461057907 3.369301223784816 16
1753461077561 3.3695228815477845 17
1753461100760 3.334479200575586 18
1753461121338 3.2807229774520597 19
1753461137083 3.2924108950756015 20
1753461159211 3.260406971358185 21
1753461176953 3.25548221652641 22
1753461199055 3.228264652602616 23
1753461221862 3.216122493918008 24
1753461243191 3.1834132974929554 25
1753461263764 3.1936892879934686 26
1753461283658 3.185086302339195 27
1753461302465 3.1566233954923026 28
1753461320670 3.11839108315939 29
1753461340749 3.1330597580639132 30
1753461360950 3.110191097336101 31
1753461371793 3.11513515053421 32
1753461390908 3.0945731302726016 33
1753461414843 3.104150339655483 34
1753461434937 3.071104280667765 35
1753461457146 3.084614643624797 36
1753461478452 3.0590629839677645 37
1753461499753 3.0523231416772316 38
1753461518439 3.0568134123547153 39
1753461539772 3.025267248555042 40
1753461550742 3.036034245799341 41
1753461569205 3.045395816431357 42
1753461585768 3.0288045270456934 43
1753461605471 3.016439631790216 44
1753461623232 3.0133365904169866 45
1753461644961 3.0316082874734325 46
1753461663138 3.010175100419157 47
1753461680661 3.0000124949432614 48
1753461699587 2.9767177057867396 49
1753461723107 2.9840470224737397 50
1753461744229 2.9696071269023765 51
1753461765136 2.977839938384216 52
1753461785436 2.9693730558516416 53
1753461797543 2.9553475948987984 54
1753461817038 2.962422875691767 55
1753461837473 2.9617144283851236 56
1753461848362 2.9693695796592436 57
1753461865364 2.9591036743700165 58
1753461877897 2.961212293707344 59
1753461899207 2.9328044886605515 60
1753461920556 2.9341164579617725 61
1753461934331 2.9253466902080505 62
1753461947232 2.9293639771632507 63
1753461969102 2.9222117265845022 64
1753461987294 2.904034327409287 65
1753462010191 2.9194334747776822 66
1753462028142 2.904441004646675 67
1753462049064 2.911712953942818 68
1753462067901 2.912557004921904 69
1753462088014 2.9030961438960476 70
1753462107775 2.902054714299715 71
1753462127735 2.8761858058152874 72
1753462148179 2.896442716392071 73
1753462171987 2.8817380570135596 74
1753462194981 2.9067008203044797 75
1753462209625 2.88629712452198 76
1753462230352 2.8805590210337098 77
1753462252646 2.867590347439406 78
1753462274838 2.8630690059793573 79
1753462297081 2.879663887620596 80
1753462318716 2.86629492228102 81
1753462339509 2.884056335891558 82
1753462355260 2.883139125290314 83
1753462376217 2.8759944285120915 84
1753462396593 2.857384824617484 85
1753462414854 2.8763680241551453 86
1753462436421 2.8477288094817106 87
1753462453737 2.842750616451142 88
1753462476018 2.8605036388183893 89
1753462488005 2.83445059087928 90
1753462506342 2.833972289918182 91
1753462527040 2.827136649948754 92
1753462548077 2.8391703817978593 93
1753462560426 2.8197988693523066 94
1753462581912 2.819056238176983 95
1753462602067 2.8483840528829596 96
1753462621563 2.818229830303709 97
1753462642227 2.8246392975431727 98
1753462662060 2.8274450631047126 99
1753462682678 2.8241584327841283 100
