1752039354344 0.19995929393479628 0
1752039454281 0.24503200976945566 1
1752039550812 0.29506346445620396 2
1752039641061 0.36766828257410356 3
1752039732498 0.38498686304259333 4
1752039822755 0.40606150316397144 5
1752039916315 0.4070606520371535 6
1752040005982 0.44036561447655703 7
1752040094048 0.42893091070569517 8
1752040188909 0.41105724752988193 9
1752040281375 0.45755467564667135 10
1752040374783 0.4534470636124783 11
1752040466659 0.4339081523146949 12
1752040548453 0.441457277134293 13
1752040650231 0.4565185212596677 14
1752040744587 0.43923694630499943 15
1752040828494 0.4515782851644895 16
1752040914711 0.4699700255338045 17
1752040998946 0.46887836287606854 18
1752041085002 0.47008104207526924 19
1752041179769 0.4530400029604411 20
1752041271788 0.48086814935425376 21
1752041363294 0.46828627465492356 22
1752041449519 0.48086814935425376 23
1752041539952 0.4672131147540984 24
1752041616917 0.45633349369055987 25
1752041703544 0.4850127669022684 26
1752041799501 0.48973096991451726 27
1752041891886 0.4656403804166821 28
1752041982811 0.48053509972985975 29
1752042079713 0.48419864559819414 30
1752042170512 0.47962846464123154 31
1752042265637 0.4898049809421604 32
1752042352211 0.4814972430892203 33
1752042438011 0.48939792029012325 34
1752042532406 0.4879732080079932 35
1752042624271 0.4797949894534286 36
1752042721710 0.4752063057395552 37
1752042807801 0.4941531288161936 38
1752042889855 0.4852347999851978 39
1752042986439 0.4915072345779521 40
1752043069677 0.4886948155275136 41
1752043170600 0.4890648706657292 42
1752043267240 0.4844206786811235 43
1752043353487 0.4940606150316397 44
1752043446527 0.48308848018354733 45
1752043532621 0.4941716315731044 46
1752043628447 0.5022943418569367 47
1752043726866 0.49585538245198535 48
1752043821001 0.49759464160159866 49
1752043905645 0.47925840950301596 50
1752043960865 0.49468970876660623 51
1752044023691 0.49685453132516744 52
1752044079500 0.4891573844502831 53
1752044135434 0.4862154461014691 54
1752044195497 0.5028309218073493 55
1752044247799 0.5028864300780816 56
1752044309510 0.4987788180438885 57
1752044362380 0.49885282907153167 58
1752044416340 0.48201532028272215 59
1752044471289 0.47707508418754396 60
1752044533273 0.49924138696665804 61
1752044588553 0.5034600155423158 62
1752044645654 0.4999259889723569 63
1752044701593 0.49642896791621954 64
1752044757095 0.49365355437960257 65
1752044818311 0.48728860600229434 66
1752044872394 0.48109018243718316 67
1752044924393 0.5055878325870554 68
1752044976313 0.5029974466195463 69
1752045031726 0.5045886837138733 70
1752045088604 0.5048292195537135 71
1752045143806 0.49119268771046887 72
1752045196318 0.49228435036820484 73
1752045252578 0.49163675387632755 74
1752045315293 0.5070680531399179 75
1752045368562 0.4849942641453577 76
1752045423681 0.5015357288235948 77
1752045481047 0.4935980461088702 78
1752045532056 0.5063649483773082 79
1752045588923 0.5009251378455389 80
1752045641109 0.5089738371017282 81
1752045696317 0.5013136957406653 82
1752045757808 0.4953373052584835 83
1752045813790 0.49864929874551306 84
1752045864928 0.49892684009917476 85
1752045923837 0.5073640972504904 86
1752045978921 0.4928764385893498 87
1752046038475 0.4953743107723051 88
1752046092213 0.4952632942308404 89
1752046148467 0.502516374939866 90
1752046206081 0.5029974466195463 91
1752046261322 0.4929874551308145 92
1752046318535 0.5052177774488399 93
1752046372161 0.5059393849683603 94
1752046428543 0.4932279909706546 95
1752046478991 0.5022018280723828 96
1752046534085 0.4987973208007993 97
1752046592216 0.5048477223106242 98
1752046647539 0.5098249639196241 99
1752046707999 0.4890648706657292 100
1752046751021 0.5015542315805055 101
1752046791079 0.5056803463716094 102
1752046833677 0.5072530807090256 103
1752046876572 0.5148392110424453 104
1752046922128 0.5126373829700626 105
1752046962908 0.5019982977463642 106
1752047007247 0.5008881323317175 107
1752047048125 0.5072160751952041 108
1752047090429 0.5102690300854827 109
1752047132116 0.5169115198164527 110
1752047173185 0.5097694556488916 111
1752047217277 0.5097879584058025 112
1752047261522 0.509325389483033 113
1752047305944 0.5116197313399696 114
1752047347081 0.49393109573326427 115
1752047387727 0.4979091884690819 116
1752047436072 0.5143211338489435 117
1752047481846 0.5040706065203715 118
1752047524363 0.5080116937423677 119
1752047566772 0.5057728601561633 120
1752047608500 0.50545831328868 121
1752047651174 0.5141361062798357 122
1752047689470 0.4996854531325167 123
1752047731737 0.49929689523739035 124
1752047774004 0.502016800503275 125
1752047815216 0.5010731599008252 126
1752047857367 0.4987233097731562 127
1752047901568 0.5051622691781076 128
1752047944685 0.5148947193131777 129
1752047986484 0.514191614550568 130
1752048030514 0.5177811493912593 131
1752048070920 0.5078451689301706 132
1752048113069 0.5057173518854309 133
1752048156697 0.5079746882285461 134
1752048202181 0.5087888095326204 135
1752048247819 0.503941087221996 136
1752048294470 0.5031454686748326 137
1752048338425 0.5061984235651112 138
1752048384496 0.5079191799578137 139
1752048430936 0.499074862154461 140
1752048474351 0.5005550827073234 141
1752048516245 0.5078266661732598 142
1752048559791 0.5107686045220738 143
1752048604016 0.49888983458535324 144
1752048646483 0.4997224586463383 145
1752048692284 0.5050882581504644 146
1752048732098 0.5091773674277468 147
1752048776005 0.5005365799504126 148
1752048821473 0.5135440180586908 149
1752048862281 0.5106205824667875 150
1752048890924 0.515875365429449 151
1752048920238 0.5192613699441216 152
1752048948788 0.5177626466343486 153
1752048978238 0.5025348776967768 154
1752049007089 0.5179846797172779 155
1752049035378 0.5122488250749362 156
1752049063764 0.49345002405358396 157
1752049091910 0.509917477704178 158
1752049121558 0.5137105428708878 159
1752049151623 0.5179291714465455 160
1752049179793 0.5203715353587685 161
1752049208550 0.5159863819709136 162
1752049237582 0.51779965214817 163
1752049267970 0.5089183288309959 164
1752049295439 0.5110091403619139 165
1752049324782 0.520667579469341 166
1752049353251 0.5154498020205011 167
1752049382836 0.5204455463864116 168
1752049411497 0.5159863819709136 169
1752049440527 0.519575916811605 170
1752049469264 0.522758391000259 171
1752049497748 0.5250897383710172 172
1752049525531 0.5121378085334715 173
1752049553653 0.5195944195685157 174
1752049582299 0.5210561373644673 175
1752049612182 0.5150057358546424 176
1752049639813 0.5126743884838841 177
1752049668650 0.5120452947489176 178
1752049697303 0.5150057358546424 179
1752049726226 0.5207415904969841 180
1752049754088 0.5160233874847352 181
1752049782786 0.5163379343522185 182
1752049811161 0.516541464678237 183
1752049839367 0.5185027569107797 184
1752049867156 0.5192613699441216 185
1752049897574 0.5032379824593864 186
1752049928196 0.5127854050253488 187
1752049956261 0.5155423158050549 188
1752049984183 0.5218887614254524 189
1752050012892 0.5148207082855345 190
1752050042730 0.5091773674277468 191
1752050070385 0.5244236391222292 192
1752050099334 0.5168930170595418 193
1752050126837 0.5206120711986086 194
1752050154342 0.5236280205750656 195
1752050182586 0.516300928838397 196
1752050210619 0.515042741368464 197
1752050239375 0.5237945453872627 198
1752050267613 0.5289383118084595 199
1752050296618 0.5146356807164267 200
