1752039354345 2.220911496338626 0
1752039454282 2.07014565058559 1
1752039550813 2.0758568019021952 2
1752039641062 1.941528423761172 3
1752039732499 1.927529384866291 4
1752039822756 1.9616563628762125 5
1752039916315 2.0825998486920656 6
1752040005983 1.989607898692599 7
1752040094049 2.1038945744949884 8
1752040188910 2.0871611244640826 9
1752040281376 2.0704405852836567 10
1752040374783 2.104884009997583 11
1752040466660 2.221262007253731 12
1752040548454 2.2480784015760533 13
1752040650232 2.2327219934498017 14
1752040744588 2.2802747643394685 15
1752040828495 2.2296084982001316 16
1752040914712 2.3329889660470475 17
1752040998947 2.253932790720188 18
1752041085003 2.377341519976405 19
1752041179770 2.410353383114969 20
1752041271789 2.3110714276714877 21
1752041363295 2.3993193113514426 22
1752041449520 2.4973741553097715 23
1752041539953 2.438590176722275 24
1752041616918 2.543822759581336 25
1752041703545 2.403369525842385 26
1752041799502 2.4329529449441867 27
1752041891887 2.5341498028751617 28
1752041982812 2.5084121465117044 29
1752042079714 2.4756579239739547 30
1752042170513 2.4549456015875717 31
1752042265638 2.4336899787638395 32
1752042352211 2.5324501704716234 33
1752042438012 2.5386157962024933 34
1752042532407 2.559440950960513 35
1752042624272 2.4991328314473598 36
1752042721711 2.5934045127339354 37
1752042807802 2.606390173702154 38
1752042889856 2.5787658507954156 39
1752042986440 2.577636408359732 40
1752043069678 2.6316343514318477 41
1752043170601 2.6234703801441297 42
1752043267241 2.694934190723401 43
1752043353488 2.667019191035693 44
1752043446528 2.6395114509682753 45
1752043532622 2.6445633648434876 46
1752043628448 2.658565943589901 47
1752043726867 2.642333276362585 48
1752043821002 2.597115047119842 49
1752043905646 2.7399159329635023 50
1752043960865 2.532854466413457 51
1752044023692 2.51726282674175 52
1752044079501 2.5789149086409013 53
1752044135435 2.548896608476885 54
1752044195498 2.5353428935023214 55
1752044247800 2.4572460103457994 56
1752044309511 2.5889387914735376 57
1752044362381 2.553023412700947 58
1752044416340 2.531343061572537 59
1752044471289 2.558833402678444 60
1752044533274 2.4924771450638 61
1752044588554 2.508629659010395 62
1752044645655 2.5858091879842617 63
1752044701594 2.683476623741152 64
1752044757096 2.533978217783255 65
1752044818312 2.598292466144184 66
1752044872395 2.602020946946226 67
1752044924394 2.5850087704827454 68
1752044976313 2.5420958844193846 69
1752045031726 2.5359840132048896 70
1752045088605 2.546261601211401 71
1752045143807 2.5660450882642034 72
1752045196319 2.6067415591930714 73
1752045252579 2.6461243347755445 74
1752045315294 2.61697644557579 75
1752045368563 2.548879748947988 76
1752045423682 2.5643705824766627 77
1752045481048 2.546621445260282 78
1752045532057 2.555652979191618 79
1752045588924 2.485085377419789 80
1752045641110 2.48577507648035 81
1752045696318 2.619134615826544 82
1752045757809 2.5958672028981677 83
1752045813791 2.5701514071502762 84
1752045864929 2.555646540679103 85
1752045923838 2.5598474586750095 86
1752045978922 2.5667634157301507 87
1752046038476 2.6127765856623273 88
1752046092214 2.725250130281503 89
1752046148468 2.4972944302718356 90
1752046206082 2.53271664216116 91
1752046261323 2.557737809340428 92
1752046318536 2.6399455299855665 93
1752046372162 2.6797496888282324 94
1752046428544 2.608159988668105 95
1752046478992 2.694117729224738 96
1752046534085 2.6508665629458816 97
1752046592217 2.638881363484233 98
1752046647540 2.6081706971266483 99
1752046708000 2.5939100247764455 100
1752046751022 2.508883371095271 101
1752046791080 2.443091997385411 102
1752046833678 2.493535872234042 103
1752046876573 2.427676010311471 104
1752046922129 2.448224072006186 105
1752046962909 2.4392810607886743 106
1752047007247 2.360567584404616 107
1752047048126 2.3711339173017674 108
1752047090430 2.421129546925397 109
1752047132117 2.4066813497349786 110
1752047173186 2.404975760004359 111
1752047217278 2.406702836435875 112
1752047261523 2.3780524489806427 113
1752047305945 2.396984569708841 114
1752047347082 2.3828818262491827 115
1752047387727 2.4187149042627065 116
1752047436073 2.4069879070921063 117
1752047481847 2.440600856961626 118
1752047524364 2.4664961259682388 119
1752047566773 2.412487194467562 120
1752047608501 2.3462207376484 121
1752047651175 2.4933726296032273 122
1752047689471 2.4968206071211916 123
1752047731737 2.4144974947241913 124
1752047774005 2.441347653597758 125
1752047815217 2.426892505877519 126
1752047857367 2.43084440586556 127
1752047901569 2.397974980858241 128
1752047944686 2.4023267613123793 129
1752047986485 2.446547995228411 130
1752048030515 2.41264162920832 131
1752048070921 2.514356603230834 132
1752048113069 2.383756119344757 133
1752048156698 2.4540416140066603 134
1752048202182 2.488461317703066 135
1752048247820 2.46388610002046 136
1752048294471 2.4205515653515195 137
1752048338426 2.465486154472237 138
1752048384497 2.422696849845689 139
1752048430937 2.3896541972318137 140
1752048474352 2.4309917918893156 141
1752048516246 2.5636098338754745 142
1752048559791 2.487100178472987 143
1752048604017 2.4327110878669975 144
1752048646484 2.4213735091820943 145
1752048692285 2.4234881119252987 146
1752048732099 2.4686123878299613 147
1752048776006 2.4625082280994857 148
1752048821474 2.4447995075198605 149
1752048862282 2.4954172137240183 150
1752048890925 2.1356720888035507 151
1752048920239 2.078625513421074 152
1752048948789 2.06871809914081 153
1752048978239 2.088836057935036 154
1752049007090 2.1050198053284523 155
1752049035379 2.101376821340433 156
1752049063765 2.230660079432387 157
1752049091911 2.0777124220294554 158
1752049121558 2.0439039057816526 159
1752049151624 2.0807464733777907 160
1752049179794 2.0616398494901373 161
1752049208551 2.047172426552024 162
1752049237583 2.0661595449201453 163
1752049267971 2.071443100690684 164
1752049295439 2.0426474663075767 165
1752049324783 2.025254717396338 166
1752049353251 2.061500581102116 167
1752049382837 2.028214004103888 168
1752049411498 2.04540208560485 169
1752049440527 2.016700089749112 170
1752049469265 2.1060066077441446 171
1752049497749 2.036208547028783 172
1752049525532 2.0904970677391206 173
1752049553654 2.0262169580062905 174
1752049582300 2.064829597354639 175
1752049612183 2.0955082084367342 176
1752049639814 2.130762279938752 177
1752049668651 2.0824521066295367 178
1752049697304 2.102049293799025 179
1752049726227 2.028319238792201 180
1752049754089 2.13432033640797 181
1752049782787 2.1227073265150316 182
1752049811162 2.1618481999844232 183
1752049839368 2.117916266682769 184
1752049867157 2.0997924599759368 185
1752049897575 2.117057667903505 186
1752049928197 2.048781032076051 187
1752049956261 2.0434002219088048 188
1752049984184 2.0872710225071263 189
1752050012893 2.0854235554161433 190
1752050042731 2.1352295327744435 191
1752050070386 2.1042975462624978 192
1752050099335 2.1112591685915394 193
1752050126838 2.098360292594319 194
1752050154343 2.092094755042117 195
1752050182586 2.0928029172837426 196
1752050210620 2.0938952707191887 197
1752050239376 2.079407678348084 198
1752050267614 2.0985998557398675 199
1752050296619 2.0745674009772777 200
