1751593536886 0.015451071606579166 0
1751593557117 0.010965276624023924 1
1751593578765 0.016530985213490612 2
1751593601620 0.012377471340754278 3
1751593624597 0.014121947167303538 4
1751593647572 0.019770726034224955 5
1751593670689 0.02060142880877222 6
1751593693606 0.021016780196045855 7
1751593716565 0.026582488785512545 8
1751593739777 0.022761256022595114 9
1751593762747 0.028825386276790165 10
1751593785526 0.03090214321315833 11
1751593808398 0.047516198704103674 12
1751593831130 0.051254361189566375 13
1751593854043 0.04627014454228277 14
1751593876956 0.040122944010632995 15
1751593899829 0.048679182588469844 16
1751593922740 0.05665392922412361 17
1751593945623 0.0404552251204519 18
1751593968699 0.05640471839175943 19
1751593991544 0.06637315168632663 20
1751594014585 0.07127429805615551 21
1751594037317 0.06604087057650773 22
1751594060194 0.07235421166306695 23
1751594082957 0.07750456886526001 24
1751594105640 0.08531317494600432 25
1751594128648 0.08921747798637647 26
1751594151351 0.08506396411364014 27
1751594174176 0.08722379132746304 28
1751594199518 0.09004818076092375 29
1751594222358 0.09511546768566206 30
1751594245245 0.10026582488785513 31
1751594268165 0.09038046187074265 32
1751594291076 0.09810599767403223 33
1751594314115 0.10084731683003821 34
1751594337090 0.10250872237913275 35
1751594359862 0.10840671207841834 36
1751594382715 0.10475161987041037 37
1751594405630 0.11280943678351886 38
1751594428459 0.11496926399734175 39
1751594451222 0.11231101511879049 40
1751594473988 0.11604917760425319 41
1751594496759 0.11970426981226118 42
1751594519544 0.11953812925735172 43
1751594542340 0.11845821565044028 44
1751594565037 0.118541285927895 45
1751594587933 0.12078418341917262 46
1751594610662 0.12003655092208008 47
1751594633407 0.1231932214653597 48
1751594656181 0.12053497258680844 49
1751594679129 0.12078418341917262 50
