1754606897423 0.19141665410322126 0
1754606921919 0.3405698778833107 1
1754606943075 0.48474797728529073 2
1754606966321 0.5676667169204482 3
1754606994335 0.6713402683551938 4
1754607022463 0.7034021810141213 5
1754607047479 0.733202673501181 6
1754607073889 0.7814463038343635 7
1754607093689 0.7715463088597417 8
1754607122804 0.7788331071913162 9
1754607153347 0.8001909643700689 10
1754607180099 0.8111965425398261 11
1754607202471 0.825770139202975 12
1754607225322 0.8194884165033419 13
1754607249505 0.8254686165133927 14
1754607273437 0.8254686165133927 15
1754607298687 0.8353183577064174 16
1754607322184 0.8340117593848937 17
1754607350820 0.8362229257751645 18
1754607378023 0.833509221568923 19
1754607402879 0.8430574400723655 20
1754607437113 0.8341122669480878 21
1754607461844 0.8395396753605708 22
1754607491811 0.8416503341876477 23
1754607512127 0.8422533795668125 24
1754607539275 0.8478315493240867 25
1754607559796 0.8484848484848485 26
1754607590452 0.8501934770591487 27
1754607611136 0.844213277049098 28
1754607637249 0.848133072013669 29
1754607659422 0.848082818232072 30
1754607678759 0.8456203829338158 31
1754607707264 0.850394492185537 32
1754607735370 0.8504949997487311 33
1754607757774 0.8519021056334489 34
1754607783422 0.8501432232775517 35
1754607802623 0.8508467762199106 36
1754607822823 0.853510226644555 37
1754607846033 0.8567264686667672 38
1754607871666 0.8507462686567164 39
1754607893798 0.8567264686667672 40
1754607920636 0.8584350972410674 41
1754607942878 0.8617015930448766 42
1754607968807 0.8559224081612141 43
1754607994817 0.8580330669882908 44
1754608021107 0.8615508317000854 45
1754608050128 0.8610482938841147 46
1754608071497 0.8586361123674556 47
1754608094408 0.8549173325292728 48
1754608116457 0.8613498165736971 49
1754608137607 0.8573295140459319 50
1754608162184 0.8606965174129353 51
1754608188538 0.8554198703452435 52
1754608210604 0.8584350972410674 53
1754608238984 0.8578320518619026 54
1754608268061 0.8646665661591034 55
1754608289813 0.8633097140559827 56
1754608310008 0.8582340821146791 57
1754608334453 0.8645158048143122 58
1754608356465 0.8606462636313382 59
1754608376980 0.8635107291823709 60
1754608406064 0.857379767827529 61
1754608428950 0.8641137745615357 62
1754608448322 0.8659731644806272 63
1754608468357 0.8638625056535504 64
1754608493484 0.8608472787577265 65
1754608522447 0.8619026081712649 66
1754608553234 0.8648173275038946 67
1754608575832 0.8642142821247298 68
1754608596062 0.8658726569174331 69
1754608621075 0.8654706266646565 70
1754608644650 0.8652193577566711 71
1754608673596 0.8634604754007739 72
1754608692129 0.8650183426302829 73
1754608720212 0.8630584451479973 74
1754608740351 0.8641640283431328 75
1754608760276 0.8627066686768179 76
1754608788054 0.8628574300216091 77
1754608813343 0.8665259560781949 78
1754608840613 0.8665259560781949 79
1754608866528 0.865118850193477 80
1754608891159 0.8666264636413891 81
1754608910461 0.8648675812854917 82
1754608930950 0.864365043469521 83
1754608952830 0.8631086989295944 84
1754608979755 0.8671792552389568 85
1754609001416 0.8678325543997186 86
1754609028606 0.8700939745715865 87
1754609049902 0.8682848384340922 88
1754609074505 0.8676817930549274 89
1754609097515 0.8672797628021509 90
1754609116537 0.8692899140660335 91
1754609137317 0.8694406754108247 92
1754609157451 0.8670787476757627 93
1754609180655 0.8678325543997186 94
1754609212153 0.8697421981004071 95
1754609239411 0.8674807779285392 96
1754609266255 0.8676817930549274 97
1754609294073 0.8685863611236746 98
1754609313819 0.8705965123875572 99
1754609343821 0.8694406754108247 100
