1754606897424 2.3488038407512226 0
1754606921921 2.096589060475731 1
1754606943076 1.877833366743171 2
1754606966322 1.7973868397306065 3
1754606994336 1.6563357676713413 4
1754607022464 1.723852034937496 5
1754607047481 1.657078246700199 6
1754607073890 1.6891588637864325 7
1754607093691 1.747179611384342 8
1754607122805 1.761713273192 9
1754607153349 1.8266666528849986 10
1754607180101 1.8498978422675258 11
1754607202473 1.8642293635062004 12
1754607225324 1.945217737292791 13
1754607249506 1.9836654699830483 14
1754607273439 1.9927565099787898 15
1754607298689 1.9863521312354304 16
1754607322186 2.04508972596948 17
1754607350821 2.0435871239522756 18
1754607378024 2.1396806812343887 19
1754607402881 2.1414479663151305 20
1754607437115 2.202419304947549 21
1754607461845 2.15401040291228 22
1754607491813 2.1750343180843896 23
1754607512128 2.2179639739028314 24
1754607539276 2.208511463041095 25
1754607559797 2.2315701125415828 26
1754607590453 2.2423768596202462 27
1754607611137 2.2654754023603494 28
1754607637251 2.2596632829560814 29
1754607659423 2.2794734969042683 30
1754607678761 2.2744961836380426 31
1754607707265 2.3344381235212546 32
1754607735371 2.331403583275008 33
1754607757775 2.324702573293136 34
1754607783424 2.3931297984417057 35
1754607802625 2.3698682091624215 36
1754607822824 2.349800948998463 37
1754607846035 2.3848113554279484 38
1754607871667 2.4273089091922624 39
1754607893800 2.443670299959371 40
1754607920637 2.444672381503654 41
1754607942879 2.42723857595449 42
1754607968808 2.4634970358213106 43
1754607994818 2.45225544257255 44
1754608021108 2.470710586573205 45
1754608050129 2.4497541284869175 46
1754608071499 2.474475575569372 47
1754608094409 2.5190135404124123 48
1754608116459 2.468942588493674 49
1754608137608 2.584312579320587 50
1754608162185 2.5019499638560214 51
1754608188539 2.4406980690577003 52
1754608210605 2.50697457028523 53
1754608238986 2.5207973512537682 54
1754608268062 2.560715813743676 55
1754608289814 2.5567821559225976 56
1754608310010 2.558366575201063 57
1754608334454 2.53582539178 58
1754608356466 2.553837756484143 59
1754608376982 2.5412420659378387 60
1754608406065 2.544591422478892 61
1754608428951 2.548415532721239 62
1754608448324 2.5941831877665704 63
1754608468358 2.5909280379084905 64
1754608493485 2.5753117598492765 65
1754608522448 2.5668175171262746 66
1754608553236 2.5895516875422246 67
1754608575833 2.6634869346284566 68
1754608596063 2.651472389443551 69
1754608621076 2.6453724456121677 70
1754608644652 2.627011844765287 71
1754608673598 2.619371201601096 72
1754608692131 2.644845994916601 73
1754608720213 2.5729936601690158 74
1754608740352 2.6319310181522613 75
1754608760277 2.6298008072326438 76
1754608788055 2.621339669753453 77
1754608813344 2.649759444715762 78
1754608840615 2.6922610498317368 79
1754608866529 2.6814574927651065 80
1754608891161 2.710066686920381 81
1754608910462 2.7299085334241484 82
1754608930951 2.692790033905149 83
1754608952831 2.7612730289129472 84
1754608979756 2.6938344928377163 85
1754609001417 2.744176182008892 86
1754609028607 2.7436151590193876 87
1754609049904 2.7053028470486455 88
1754609074506 2.7478796797581206 89
1754609097516 2.7252282663575143 90
1754609116538 2.7226662649500306 91
1754609137318 2.7339280258306586 92
1754609157452 2.7454214985224787 93
1754609180657 2.6776416311527447 94
1754609212154 2.7898374958394383 95
1754609239412 2.733387603542801 96
1754609266256 2.746005234623459 97
1754609294074 2.7474005498287144 98
1754609313821 2.8045944526139395 99
1754609343823 2.7247394501209414 100
