1753380852587 0.017278617710583154 0
1753380859101 0.01860774214985878 1
1753380864853 0.026000996843329457 2
1753380871931 0.02267818574514039 3
1753380877732 0.02641634823060309 4
1753380884810 0.03862767901644792 5
1753380891045 0.05158664229938528 6
1753380897462 0.0600598105997674 7
1753380903955 0.06305034058813756 8
1753380910555 0.0706097358365177 9
1753380917765 0.07409868748961622 10
1753380924262 0.07335105499252367 11
1753380931103 0.06911447084233262 12
1753380938072 0.08514703439109486 13
1753380944800 0.08539624522345905 14
1753380951083 0.08946668881874066 15
1753380958224 0.09503239740820735 16
1753380965062 0.10059810599767403 17
1753380971957 0.10043196544276457 18
1753380978204 0.10225951154676857 19
1753380984739 0.1067453065293238 20
1753380992050 0.10466854959295564 21
1753380998165 0.10774214985878053 22
1753381004757 0.11663066954643629 23
1753381011678 0.11795979398571191 24
1753381018769 0.1244392756271806 25
1753381026018 0.12701445422827712 26
1753381032765 0.12676524339591294 27
1753381039519 0.12460541618209005 28
1753381045434 0.1338262169795647 29
1753381052121 0.13922578501412194 30
1753381059248 0.13839508223957467 31
1753381065938 0.13615218474829707 32
1753381071568 0.1384781525170294 33
1753381078848 0.13764744974248214 34
1753381085887 0.14836351553414187 35
1753381092738 0.1468682505399568 36
1753381099756 0.146203688320319 37
1753381105842 0.15592291078252202 38
1753381112459 0.15251702940687822 39
1753381119364 0.16539292241236087 40
1753381126076 0.16539292241236087 41
1753381133419 0.16323309519853796 42
1753381140486 0.1617378302043529 43
1753381147696 0.1692141551752783 44
1753381154861 0.16879880378800466 45
1753381161192 0.1677188901810932 46
1753381167675 0.17029406878218972 47
1753381175013 0.17594284764911114 48
1753381181769 0.17544442598438278 49
1753381189049 0.1801794317993022 50
1753381196100 0.1786010965276624 51
1753381202680 0.1820900481807609 52
1753381209225 0.1782688154178435 53
1753381216131 0.18142548596112312 54
1753381222988 0.18898488120950324 55
1753381229766 0.1903970759262336 56
1753381236327 0.18906795148695796 57
1753381243534 0.1934706761920585 58
1753381250035 0.19139391925569033 59
1753381257289 0.19363681674696792 60
1753381264388 0.1932214653596943 61
1753381271629 0.19870410367170627 62
1753381278336 0.20310682837680677 63
1753381285197 0.20559893670044857 64
1753381291978 0.20651270975245056 65
1753381298815 0.20559893670044857 66
1753381305123 0.20858946668881875 67
1753381311256 0.20468516364844658 68
1753381317958 0.20775876391427148 69
1753381323874 0.21124771556737 70
1753381330032 0.21182920750955309 71
1753381336641 0.21074929390264163 72
1753381343455 0.21207841834191726 73
1753381350044 0.2143213158331949 74
1753381356881 0.21523508888519688 75
1753381363189 0.21565044027247052 76
1753381369482 0.22005316497757102 77
1753381376365 0.21797640804120286 78
1753381382574 0.22196378135902975 79
1753381388311 0.22412360857285263 80
1753381394103 0.2234590463532148 81
1753381400998 0.22628343578667554 82
1753381407949 0.22919089549759097 83
1753381414274 0.22661571689649443 84
1753381420887 0.22728027911613224 85
1753381427723 0.2259511546768566 86
1753381433358 0.22811098189067952 87
1753381439596 0.2311845821565044 88
1753381446178 0.23126765243395914 89
1753381453231 0.23326133909287258 90
1753381460456 0.236168798803788 91
1753381467117 0.23508888519687657 92
1753381472921 0.2348396743645124 93
1753381479115 0.24106994517361688 94
1753381485271 0.24190064794816415 95
1753381491981 0.24007310184416017 96
1753381498656 0.2408207343412527 97
1753381505743 0.2402392423990696 98
1753381513014 0.24397740488453232 99
1753381519530 0.24248213989034723 100
