1753380852588 4.6139557065959735 0
1753380859102 4.584178627163685 1
1753380864854 4.5519966270403485 2
1753380871932 4.511021479532066 3
1753380877733 4.486564516169326 4
1753380884811 4.442568262568438 5
1753380891046 4.4075423167903365 6
1753380897463 4.36918639826043 7
1753380903956 4.3341478659556465 8
1753380910556 4.292761416483346 9
1753380917766 4.262558953809157 10
1753380924263 4.2329302814238305 11
1753380931104 4.199356883250649 12
1753380938073 4.17410519650224 13
1753380944801 4.135996673877823 14
1753380951084 4.10555383707105 15
1753380958225 4.089425896034866 16
1753380965063 4.077545387547474 17
1753380971958 4.049058555855176 18
1753380978205 4.025546881770727 19
1753380984740 4.009065592424265 20
1753380992051 3.994998028770421 21
1753380998166 3.9841448956550094 22
1753381004758 3.9626670680460983 23
1753381011679 3.935560447070317 24
1753381018770 3.9062668683399617 25
1753381026019 3.9030272734170204 26
1753381032766 3.8883463884412164 27
1753381039520 3.866868551762578 28
1753381045435 3.843662120354882 29
1753381052122 3.8355151269054053 30
1753381059249 3.822453120066469 31
1753381065939 3.8087609349403526 32
1753381071569 3.799444500565178 33
1753381078849 3.7836282987362098 34
1753381085888 3.769081065713883 35
1753381092739 3.7523238136268255 36
1753381099757 3.7313872138308395 37
1753381105843 3.7296511286594827 38
1753381112460 3.714727221842121 39
1753381119365 3.692852298619117 40
1753381126077 3.695894712056869 41
1753381133420 3.6853154386077023 42
1753381140487 3.6698881443832643 43
1753381147697 3.660245532020394 44
1753381154862 3.6467058701944133 45
1753381161193 3.638233596334542 46
1753381167676 3.6310160513333085 47
1753381175014 3.6107014201177474 48
1753381181770 3.596821422284268 49
1753381189050 3.5930822804827005 50
1753381196101 3.5831652275901624 51
1753381202681 3.573020239245145 52
1753381209226 3.565118617272868 53
1753381216132 3.547004703640587 54
1753381222989 3.5459156138599295 55
1753381229767 3.5414265894298547 56
1753381236328 3.528536355986521 57
1753381243535 3.523290131111113 58
1753381250036 3.520303177252293 59
1753381257290 3.498884333487868 60
1753381264389 3.491094974771975 61
1753381271630 3.481832127252413 62
1753381278337 3.4772637190814777 63
1753381285198 3.471026803025081 64
1753381291979 3.453393120407908 65
1753381298816 3.453672407529293 66
1753381305124 3.4403608168258843 67
1753381311257 3.4383309383310157 68
1753381317959 3.434270778765644 69
1753381323875 3.427917951443156 70
1753381330033 3.414619201494396 71
1753381336642 3.399857709316608 72
1753381343456 3.390987023554614 73
1753381350045 3.3871366123834443 74
1753381356882 3.397591005608333 75
1753381363190 3.3692178717427215 76
1753381369483 3.3606414920695444 77
1753381376366 3.352378660763648 78
1753381382575 3.3447626208046395 79
1753381388312 3.3464383773815736 80
1753381394104 3.3363247088846815 81
1753381400999 3.34149752025496 82
1753381407950 3.3387769922682997 83
1753381414275 3.3318301006343596 84
1753381420888 3.3208604183654016 85
1753381427724 3.3183027105503795 86
1753381433359 3.303846386311785 87
1753381439597 3.3015365209986354 88
1753381446179 3.3122875881124916 89
1753381453233 3.274796976994045 90
1753381460457 3.2711454723601885 91
1753381467119 3.267229162203559 92
1753381472922 3.273766720179702 93
1753381479116 3.269391647428462 94
1753381485272 3.259350683569858 95
1753381491982 3.2641462844527536 96
1753381498657 3.235860730154567 97
1753381505744 3.2413762668041985 98
1753381513015 3.246102851070542 99
1753381519531 3.232307654436319 100
