1754436090002 0.026000996843329457 0
1754436128238 0.0500913773052002 1
1754436164452 0.09337099185911281 2
1754436207344 0.09760757600930386 3
1754436236409 0.12036883203189899 4
1754436278523 0.13249709254028907 5
1754436307224 0.1477820235919588 6
1754436350147 0.15949493271307527 7
1754436376647 0.17386609071274298 8
1754436403380 0.17901644791493604 9
1754436449010 0.19147698953314504 10
1754436492045 0.19646120618042864 11
1754436521789 0.20684499086226948 12
1754436548766 0.21166306695464362 13
1754436590244 0.220966938029573 14
1754436632693 0.22287755441103174 15
1754436670172 0.23251370659578002 16
1754436697551 0.23135072271141385 17
1754436734671 0.2445588968267154 18
1754436760862 0.24322977238743979 19
1754436803218 0.25402890845655424 20
1754436829000 0.25004153513872734 21
1754436863870 0.2614221631500249 22
1754436891288 0.25718557899983385 23
1754436918748 0.2712244558896827 24
1754436958708 0.26092374148529657 25
1754436984831 0.2747134075427812 26
1754437014297 0.2716398072769563 27
1754437043205 0.27894999169297224 28
1754437070879 0.2757933211496926 29
1754437108736 0.28410034889516533 30
1754437148655 0.2786177105831533 31
1754437174660 0.29008140887190564 32
1754437203269 0.2821897325137066 33
1754437240734 0.2914105333111813 34
1754437285590 0.2836019272304369 35
1754437316022 0.29573018773882703 36
1754437351209 0.28650938694135236 37
1754437381939 0.2985545771722878 38
1754437424507 0.2881707924904469 39
1754437456172 0.2995514205017445 40
1754437496808 0.290579830536634 41
1754437538899 0.30187738827047683 42
1754437584829 0.29149360358863596 43
1754437610671 0.301212826050839 44
1754437636856 0.29390264163482305 45
1754437662963 0.3025419504901146 46
1754437689137 0.29332114969263995 47
1754437729950 0.30486791825884696 48
1754437772368 0.2955640471839176 49
1754437800567 0.3059478318657584 50
1754437835175 0.29323807941518526 51
1754437864846 0.30661239408539626 52
1754437891245 0.29921913939192557 53
1754437927677 0.3077753779697624 54
1754437954231 0.29880378800465196 55
1754437984952 0.3092706429639475 56
1754438019787 0.2989699285595614 57
1754438061753 0.3102674862934042 58
1754438087906 0.300299052998837 59
1754438125718 0.31068283768067784 60
1754438153381 0.30187738827047683 61
1754438180429 0.3110981890679515 62
1754438210156 0.30004984216647285 63
1754438250159 0.3117627512875893 64
1754438276365 0.3027911613224788 65
1754438303498 0.3120950323974082 66
1754438345224 0.3027080910450241 67
1754438388351 0.3157501246054162 68
1754438432720 0.30536633992357537 69
1754438463412 0.3158331948828709 70
1754438506288 0.3071108157501246 71
1754438534505 0.3169131084897824 72
1754438573122 0.3042864263166639 73
1754438615162 0.31699617876723707 74
1754438644056 0.30885529157667385 75
1754438675586 0.3163316165475993 76
1754438706705 0.30387107492939025 77
1754438742803 0.31683003821232764 78
1754438785914 0.3073600265824888 79
1754438821665 0.317328459877056 80
1754438863392 0.3092706429639475 81
1754438899240 0.3184914437614222 82
1754438925675 0.3079415185246719 83
1754438970334 0.3177438112643296 84
1754439010855 0.30877222129921916 85
1754439038814 0.31815916265160327 86
1754439066559 0.31226117295231764 87
1754439111005 0.31840837348396744 88
1754439137543 0.3091875726864928 89
1754439177841 0.31874065459378637 90
1754439205472 0.3099352051835853 91
1754439232717 0.3192390762585147 92
1754439276775 0.3115135404552251 93
1754439320249 0.32040206014288086 94
1754439349372 0.310932048513042 95
1754439393798 0.32040206014288086 96
1754439438631 0.3099352051835853 97
1754439474103 0.32098355208506396 98
1754439505849 0.3115135404552251 99
1754439546673 0.32139890347233757 100
