1754436090003 4.530241318865535 0
1754436128239 4.389260276313306 1
1754436164452 4.2921748622537885 2
1754436207344 4.18400884385537 3
1754436236409 4.136087736766142 4
1754436278523 4.039238478279832 5
1754436307225 4.038440516539312 6
1754436350148 3.9369889163252547 7
1754436376647 3.9688134137170787 8
1754436403381 3.868020557763562 9
1754436449010 3.925195038019301 10
1754436492045 3.8283040803904114 11
1754436521789 3.9122741624360606 12
1754436548766 3.7985345766893066 13
1754436590245 3.8864006202860493 14
1754436632693 3.785691310382084 15
1754436670173 3.8979494192406183 16
1754436697552 3.782391184392547 17
1754436734671 3.896501062492068 18
1754436760862 3.7754880678431713 19
1754436803219 3.8916638975713163 20
1754436829001 3.7792750007189775 21
1754436863870 3.913874642105376 22
1754436891289 3.7888707402710837 23
1754436918748 3.9168261188696456 24
1754436958708 3.8015095267143177 25
1754436984832 3.942001216536063 26
1754437014297 3.808834395989336 27
1754437043206 3.946117557549382 28
1754437070880 3.8204391079234337 29
1754437108737 3.9644076766972014 30
1754437148656 3.8361652760132507 31
1754437174660 3.975724992504627 32
1754437203269 3.8454862522340565 33
1754437240735 3.9935935291380384 34
1754437285591 3.85255870039704 35
1754437316022 4.008258589948164 36
1754437351209 3.8677498033965176 37
1754437381939 4.015901364973834 38
1754437424508 3.8762035334452 39
1754437456172 4.033397163861365 40
1754437496808 3.893008595544141 41
1754437538900 4.042689043536648 42
1754437584829 3.897321318421411 43
1754437610671 4.057609554432406 44
1754437636857 3.9101873029286103 45
1754437662963 4.065842939622982 46
1754437689138 3.919127951439865 47
1754437729951 4.077845445279672 48
1754437772368 3.9268411478067846 49
1754437800567 4.087882288637508 50
1754437835176 3.934461046615937 51
1754437864847 4.097452887174325 52
1754437891246 3.93979909688041 53
1754437927677 4.102647183249001 54
1754437954232 3.94283410066789 55
1754437984952 4.107387850569691 56
1754438019788 3.9513179881225 57
1754438061753 4.115252474039562 58
1754438087907 3.956781963008446 59
1754438125718 4.11874049597017 60
1754438153381 3.963136605879432 61
1754438180430 4.13572571399347 62
1754438210157 3.970452246839443 63
1754438250159 4.133493493075499 64
1754438276366 3.973577971580912 65
1754438303499 4.136223913660905 66
1754438345225 3.9770319284592546 67
1754438388351 4.14594827956873 68
1754438432720 3.981790920067442 69
1754438463412 4.154694286589968 70
1754438506289 3.984175393055812 71
1754438534506 4.1572418513377105 72
1754438573123 3.989362807169971 73
1754438615162 4.159188750686194 74
1754438644056 3.990808823868729 75
1754438675586 4.164756426160918 76
1754438706706 3.995511088156256 77
1754438742804 4.167685216806827 78
1754438785915 3.9923955694380404 79
1754438821665 4.164033756280549 80
1754438863392 3.9930470368619693 81
1754438899241 4.168560295916671 82
1754438925676 4.0009086291194835 83
1754438970334 4.177779319449607 84
1754439010856 3.9979140742581167 85
1754439038815 4.1775491929816315 86
1754439066560 4.007800239032097 87
1754439111005 4.1742356052132275 88
1754439137544 4.006492328789723 89
1754439177842 4.1834614083722785 90
1754439205472 4.005224165790598 91
1754439232718 4.184736253106337 92
1754439276775 4.000790888331729 93
1754439320250 4.18178183282175 94
1754439349372 4.00913519917871 95
1754439393799 4.182067649983467 96
1754439438632 4.012415694455194 97
1754439474103 4.189793488540443 98
1754439505849 4.008638297901615 99
1754439546674 4.193183624924015 100
