1753252698307 0.02184748297059312 0
1753252712023 0.04327961455391261 1
1753252726400 0.06487788669214155 2
1753252739791 0.07850141219471674 3
1753252752325 0.09129423492274465 4
1753252767251 0.1026748629340422 5
1753252780122 0.11837514537298555 6
1753252794382 0.1334939358697458 7
1753252807516 0.1437115799966772 8
1753252822380 0.14886193719887025 9
1753252835134 0.1618209004818076 10
1753252849558 0.16638976574181757 11
1753252864310 0.1746137232098355 12
1753252877167 0.18807110815750125 13
1753252890176 0.19330453563714903 14
1753252903384 0.20277454726698788 15
1753252916411 0.2053497258680844 16
1753252929918 0.21066622362518692 17
1753252943859 0.21722877554411033 18
1753252957336 0.2286924738328626 19
1753252968856 0.22827712244558898 20
1753252982450 0.23159993354377803 21
1753252996662 0.23035387938195714 22
1753253010241 0.23940853962452235 23
1753253022779 0.23849476657252036 24
1753253036729 0.24970925402890845 25
1753253050717 0.24896162153181592 26
1753253064243 0.2523675029074597 27
1753253078160 0.26075760093038713 28
1753253091910 0.26898155839840504 29
1753253105148 0.2650772553580329 30
1753253119134 0.2697291908954976 31
1753253132858 0.27271972088386776 32
1753253147060 0.2742149858780528 33
1753253159545 0.275377969762419 34
1753253173714 0.2818574514038877 35
1753253184057 0.2824389433460708 36
1753253198105 0.29016447914936033 37
1753253212060 0.2909121116464529 38
1753253225143 0.2909951819239076 39
1753253238556 0.2989699285595614 40
1753253251560 0.30046519355374646 41
1753253265745 0.29664396079082905 42
1753253278818 0.2989699285595614 43
1753253292265 0.3047017777039375 44
1753253306630 0.3043694965941186 45
1753253319186 0.3059478318657584 46
1753253333435 0.3116796810101346 47
1753253348037 0.31383950822395745 48
1753253361684 0.31824223292905796 49
1753253374666 0.31840837348396744 50
1753253388595 0.3210666223625187 51
1753253402009 0.3217311845821565 52
1753253415267 0.32596776873234756 53
1753253429524 0.32879215816580826 54
1753253443558 0.3298720717727197 55
1753253456944 0.3326133909287257 56
1753253470323 0.3318657584316332 57
1753253485424 0.33518856952982223 58
1753253498982 0.3328626017610899 59
1753253513533 0.34033892673201527 60
1753253527109 0.33585313174946 61
1753253541114 0.3350224289749128 62
1753253554833 0.3396743645123775 63
1753253568748 0.3424987539458382 64
1753253583461 0.34557235421166305 65
1753253597616 0.34715068948330285 66
1753253611786 0.35072271141385614 67
1753253627283 0.3464030569862103 68
1753253640079 0.3476491111480312 69
1753253654517 0.3497258680843994 70
1753253668543 0.3518026250207676 71
1753253680644 0.35612227944841335 72
1753253693305 0.3542116630669546 73
1753253707229 0.3580328958298721 74
1753253722153 0.35794982555241733 75
1753253735817 0.35886359860441935 76
1753253749820 0.35770061472005316 77
1753253762097 0.36268483136733676 78
1753253776602 0.36268483136733676 79
1753253791147 0.3619371988702442 80
1753253803750 0.3643462369164313 81
1753253818388 0.36285097192224625 82
1753253832391 0.3651769396909786 83
1753253845222 0.36393088552915764 84
1753253858882 0.36733676690480144 85
1753253870874 0.3675029074597109 86
1753253884823 0.36982887522844327 87
1753253899225 0.37323475660408706 88
1753253913970 0.37290247549426814 89
1753253928392 0.37539458381790997 90
1753253942522 0.3755607243728194 91
1753253955527 0.3761422163150025 92
1753253970691 0.3752284432630005 93
1753253984017 0.37539458381790997 94
1753253997379 0.3799634490779199 95
1753254010896 0.3777205515866423 96
1753254024725 0.38204020601428806 97
1753254038992 0.3779697624190065 98
1753254052336 0.38104336268483135 99
1753254064841 0.37963116796810104 100
