1753252698308 4.576560858168889 0
1753252712024 4.463486068636592 1
1753252726401 4.333724209569793 2
1753252739792 4.216968318152297 3
1753252752326 4.10145538020605 4
1753252767252 3.9920457833050778 5
1753252780123 3.898551794449388 6
1753252794383 3.8124810669190645 7
1753252807517 3.739814170121445 8
1753252822381 3.670334095587095 9
1753252835135 3.6046198519802535 10
1753252849559 3.546650166870316 11
1753252864311 3.496649911795508 12
1753252877168 3.4422239988929535 13
1753252890177 3.397108379032693 14
1753252903385 3.3416679766860615 15
1753252916412 3.3074528197372297 16
1753252929919 3.278245429799255 17
1753252943860 3.235557042184423 18
1753252957337 3.187920059813026 19
1753252968857 3.176206346919127 20
1753252982451 3.132413333030547 21
1753252996663 3.1117551190705797 22
1753253010242 3.0715077154122263 23
1753253022780 3.0492883375984823 24
1753253036730 3.005929027775247 25
1753253050718 2.985455679086739 26
1753253064244 2.9696729869189107 27
1753253078161 2.940000309744719 28
1753253091911 2.906204095779722 29
1753253105149 2.8942113447810685 30
1753253119135 2.870522761129441 31
1753253132859 2.8504756504169477 32
1753253147061 2.8290162032369106 33
1753253159546 2.8158934565340084 34
1753253173715 2.787259079694447 35
1753253184058 2.771265456810775 36
1753253198106 2.744266493123036 37
1753253212061 2.725453095859016 38
1753253225144 2.709378545426581 39
1753253238557 2.680771499734408 40
1753253251561 2.6666486330421195 41
1753253265746 2.6683492614296918 42
1753253278819 2.6485065136977033 43
1753253292266 2.62280047180373 44
1753253306631 2.6147877452202133 45
1753253319187 2.6083267948090305 46
1753253333436 2.5858118318243655 47
1753253348038 2.5639477154696473 48
1753253361685 2.540527571081965 49
1753253374667 2.540239476115326 50
1753253388596 2.519280423883532 51
1753253402010 2.520593222110098 52
1753253415268 2.4988646005045823 53
1753253429525 2.486954982501712 54
1753253443559 2.4723611689631104 55
1753253456945 2.457081115185688 56
1753253470324 2.444843056047599 57
1753253485425 2.437601278438544 58
1753253498983 2.433197078019844 59
1753253513534 2.4059324804951836 60
1753253527110 2.408095471394969 61
1753253541115 2.400852497934844 62
1753253554834 2.392487943372891 63
1753253568749 2.374073083809616 64
1753253583462 2.353112424933244 65
1753253597617 2.3465117033838774 66
1753253611787 2.334810364466848 67
1753253627284 2.337580887960155 68
1753253640080 2.325097948588359 69
1753253654518 2.3089638205449488 70
1753253668544 2.301063540867268 71
1753253680645 2.284917061997342 72
1753253693306 2.2833526990978896 73
1753253707230 2.275122157361839 74
1753253722154 2.2655913707286985 75
1753253735818 2.2607883573104575 76
1753253749821 2.2516365926172512 77
1753253762098 2.23373455991761 78
1753253776603 2.223726697093852 79
1753253791148 2.2295037651698397 80
1753253803751 2.216242548371123 81
1753253818389 2.20639310273592 82
1753253832392 2.205276810180845 83
1753253845223 2.202178220868662 84
1753253858883 2.180435883254752 85
1753253870875 2.1803775036871156 86
1753253884824 2.1681004315552066 87
1753253899226 2.1551456575310497 88
1753253913971 2.1582954156644307 89
1753253928393 2.1408112423416945 90
1753253942523 2.1440741110181247 91
1753253955528 2.131537592795628 92
1753253970692 2.128594537588567 93
1753253984018 2.113811359855496 94
1753253997380 2.102339541438549 95
1753254010897 2.110024392423183 96
1753254024726 2.0953915868801647 97
1753254038993 2.0974930074972584 98
1753254052337 2.079853662964976 99
1753254064842 2.0806632063728565 100
