1753434961599 4.512728241852423 0
1753434983610 4.362628717356632 1
1753435006018 4.199043410147152 2
1753435034098 4.084156906736972 3
1753435073932 4.021127376515986 4
1753435096415 3.950090921057346 5
1753435118325 3.910411108398218 6
1753435141830 3.8697083330249207 7
1753435166470 3.854678706697251 8
1753435189133 3.807844018619363 9
1753435221733 3.8398563966613404 10
1753435244371 3.8357136725356673 11
1753435267075 3.871978163257706 12
1753435290734 3.808672244459247 13
1753435313871 3.8207300900914074 14
1753435343123 3.8755152679607194 15
1753435374918 3.8646550103258104 16
1753435402855 3.8821415366251415 17
1753435426732 3.910139724415799 18
1753435449399 3.9133231787782354 19
1753435472051 3.950318625137182 20
1753435497252 3.953748907285097 21
1753435534290 3.9384357447491003 22
1753435556642 3.948886908791908 23
1753435580437 3.996670034109336 24
1753435602521 3.977095850300006 25
1753435625399 4.019692278589307 26
1753435647677 4.03080796540644 27
1753435676749 4.013383524042214 28
1753435700759 4.0207476129552315 29
1753435727647 4.014757968773775 30
1753435750512 4.0090499753033075 31
1753435773882 4.0351016358192755 32
1753435799167 4.097617203706876 33
1753435832188 4.107047156098124 34
1753435859205 4.071939809036993 35
1753435889828 4.123507655017369 36
1753435917372 4.074172259156588 37
1753435943315 4.083914416988516 38
1753435965961 4.143927097071113 39
1753435990233 4.103254613607068 40
1753436012602 4.140671909578826 41
1753436035506 4.157973499867701 42
1753436069487 4.139322365177154 43
1753436093148 4.165345796333444 44
1753436126727 4.158650536365304 45
1753436149455 4.2160628926687895 46
1753436172437 4.163223480986212 47
1753436195490 4.110260068958687 48
1753436218247 4.113193080031889 49
1753436240918 4.161940099848042 50
1753436265858 4.16899078080696 51
1753436288439 4.194770038966655 52
1753436312029 4.179689520624273 53
1753436341031 4.181459384723846 54
1753436363976 4.183089615189772 55
1753436386681 4.168988003194968 56
1753436413634 4.214294769329789 57
1753436436190 4.200396389988307 58
1753436459463 4.1833924835329155 59
1753436484212 4.123202201109173 60
1753436509940 4.142700693498947 61
1753436537541 4.148892220040325 62
1753436561444 4.191482066244454 63
1753436583375 4.2100539048126135 64
1753436606045 4.181467891824522 65
1753436627792 4.191629229173872 66
1753436651309 4.176985917186907 67
1753436677285 4.1612367620619555 68
1753436702929 4.246361812030603 69
1753436726574 4.2142019732230676 70
1753436749845 4.229435560352933 71
1753436773707 4.145864497828892 72
1753436797376 4.197297483161918 73
1753436828549 4.203516626676385 74
1753436850674 4.213039716371659 75
1753436873169 4.208795344980473 76
1753436895879 4.212400728500296 77
1753436920358 4.199633302661659 78
1753436943089 4.197661771236927 79
1753436973437 4.203284046641327 80
1753436996037 4.205519800771477 81
1753437020443 4.230108389319499 82
1753437042867 4.207188676062875 83
1753437065427 4.2147000308726765 84
1753437088182 4.228431841853923 85
1753437110401 4.2920228036396875 86
1753437135140 4.207111252301481 87
1753437160470 4.176009749647188 88
1753437182727 4.226732987640018 89
1753437205382 4.171089693473633 90
1753437227990 4.220299807785819 91
1753437250673 4.181589576959622 92
1753437275372 4.211046087779892 93
1753437297995 4.229720689205101 94
1753437320310 4.218316365748201 95
1753437342593 4.230786961877688 96
1753437371836 4.1998694649792085 97
1753437394889 4.1874592919296285 98
1753437430667 4.217458615368331 99
1753437454291 4.202593093432001 100
