1753217896397 0.023841169629506564 0
1753217908805 0.04120285761754444 1
1753217920130 0.0513374314670211 2
1753217932885 0.07193886027579333 3
1753217946473 0.08041202857617545 4
1753217959928 0.09013125103837846 5
1753217973008 0.10068117627512876 6
1753217985458 0.118541285927895 7
1753217996897 0.1253530486791826 8
1753218006957 0.13889350390430305 9
1753218018752 0.14670210998504735 10
1753218031027 0.15160325635487623 11
1753218043757 0.15608905133743148 12
1753218056038 0.17104170127928228 13
1753218068806 0.17469679348729025 14
1753218082288 0.1857451403887689 15
1753218095107 0.18649277288586144 16
1753218107212 0.18732347566040872 17
1753218119140 0.19637813590297393 18
1753218128381 0.2031898986542615 19
1753218140863 0.20742648280445256 20
1753218153625 0.21265991028410036 21
1753218164301 0.21066622362518692 22
1753218176096 0.22071772719720884 23
1753218189564 0.22262834357866756 24
1753218200794 0.2274464196710417 25
1753218211212 0.2311845821565044 26
1753218223071 0.22844326300049841 27
1753218232505 0.23974082073434125 28
1753218241775 0.24538959960126266 29
1753218254267 0.24854627014454228 30
1753218265199 0.24688486459544776 31
1753218277753 0.2492108323641801 32
1753218288702 0.24937697291908956 33
1753218300735 0.2507060973583652 34
1753218312839 0.25959461704602094 35
1753218325532 0.261089882040206 36
1753218335311 0.2666555906296727 37
1753218346829 0.2709752450573185 38
1753218360672 0.2644957634158498 39
1753218372795 0.2756271805947832 40
1753218385175 0.27670709420169465 41
1753218397994 0.27338428310350554 42
1753218410193 0.27413191560059813 43
1753218422146 0.27928227280279116 44
1753218434051 0.2803621864097026 45
1753218446308 0.27986376474497426 46
1753218459170 0.28567868416680514 47
1753218472776 0.28908456554244893 48
1753218484746 0.29165974414354545 49
1753218498158 0.2891676358199036 50
1753218509118 0.29506562551918925 51
1753218521304 0.2949825552417345 52
1753218533642 0.2993022096693803 53
1753218546513 0.30146203688320317 54
1753218559497 0.30229273965775044 55
1753218572816 0.30146203688320317 56
1753218586202 0.30644625353048677 57
1753218598467 0.3052832696461206 58
1753218610521 0.3047017777039375 59
1753218624022 0.3083568699119455 60
1753218635682 0.3080245888021266 61
1753218646991 0.30976906462867587 62
1753218657291 0.31143047017777037 63
1753218669119 0.3123442432297724 64
1753218681891 0.31624854627014454 65
1753218691525 0.3177438112643296 66
1753218703819 0.3166638976574182 67
1753218716228 0.31533477321814257 68
1753218728395 0.3147532812759595 69
1753218740780 0.3195713573683336 70
1753218754457 0.32040206014288086 71
1753218766354 0.3238910117959794 72
1753218779362 0.3229772387439774 73
1753218792541 0.3235587306861605 74
1753218805965 0.3211496926399734 75
1753218818277 0.32397408207343414 76
1753218829703 0.32555241734507395 77
1753218842565 0.32679847150689484 78
1753218855263 0.3282937365010799 79
1753218868814 0.32480478484798136 80
1753218880454 0.32563548762252864 81
1753218894712 0.32314337929888687 82
1753218904951 0.32737996344907794 83
1753218917792 0.3264661903970759 84
1753218931320 0.32754610400398737 85
1753218941386 0.32879215816580826 86
1753218952949 0.32737996344907794 87
1753218965280 0.3328626017610899 88
1753218976524 0.3332779531483635 89
1753218989569 0.3330287423159993 90
1753219000307 0.3326133909287257 91
1753219011954 0.33593620202691477 92
1753219023076 0.33277953148363515 93
1753219035486 0.3381790995181924 94
1753219046929 0.3368499750789168 95
1753219059531 0.33153347732181426 96
1753219071398 0.3366007642465526 97
1753219084059 0.33776374813091875 98
1753219096769 0.33834524007310185 99
1753219109863 0.3348562884200033 100
