1752479423176 0.01229677312866221 0
1752479435976 0.01386481802426343 1
1752479448721 0.01625814970702319 2
1752479461444 0.019229182140793926 3
1752479474270 0.022942972683007344 4
1752479487012 0.02607906247420979 5
1752479499900 0.028637451514401255 6
1752479512658 0.029297680944128084 7
1752479525451 0.032351242056614674 8
1752479538236 0.03400181563093175 9
1752479551100 0.037055376743418335 10
1752479564136 0.04126433935792688 11
1752479576894 0.040026409177189075 12
1752479589850 0.04778410497647933 13
1752479602545 0.05001237930180738 14
1752479615390 0.049352149872080545 15
1752479628131 0.05182801023355616 16
1752479640864 0.05389122720145251 17
1752479653747 0.0581827184946769 18
1752479666608 0.05983329206899397 19
1752479679444 0.06074110753486837 20
1752479692173 0.06709581579598911 21
1752479705025 0.06957167615746472 22
1752479717976 0.07113972105306594 23
1752479731043 0.07543121234629034 24
1752479743957 0.07790707270776595 25
1752479756763 0.0746059255591318 26
1752479769546 0.07609144177601716 27
1752479782353 0.07864983081620863 28
1752479795290 0.08401419493273912 29
1752479808368 0.08426178096888669 30
1752479821320 0.08665511265164645 31
1752479834244 0.0910291326235867 32
1752479847296 0.08946108772798547 33
1752479860330 0.0899562598002806 34
1752479873352 0.09540315259552695 35
1752479886203 0.09457786580836841 36
1752479898994 0.09754889824213914 37
1752479911945 0.09738384088470743 38
1752479924956 0.10101510274820501 39
1752479937964 0.1001072872823306 40
1752479951022 0.09944705785260378 41
1752479963808 0.10076751671205744 42
1752479976667 0.09919947181645622 43
1752479989611 0.10514153668399769 44
1752480002640 0.10778245440290501 45
1752480015484 0.10514153668399769 46
1752480028339 0.10670958157959891 47
1752480041231 0.11009325740694892 48
1752480054275 0.11149624494511842 49
1752480067302 0.11438474870017332 50
1752480080110 0.11628290831063795 51
1752480092956 0.11710819509779648 52
1752480105857 0.11875876867211356 53
1752480118700 0.12024428488899892 54
1752480131654 0.1197491128167038 55
1752480144424 0.12106957167615746 56
1752480157271 0.12329784600148552 57
1752480170322 0.12437071882479162 58
1752480183169 0.12503094825451844 59
1752480195991 0.12536106296938185 60
1752480209042 0.1280019806882892 61
1752480222004 0.1294049682264587 62
1752480234833 0.12783692333085747 63
1752480247602 0.13237600066022942 64
1752480260384 0.13237600066022942 65
1752480273158 0.13410910291326236 66
1752480286068 0.13377898819839895 67
1752480299119 0.1369150779896014 68
1752480311870 0.13608979120244286 69
1752480324698 0.1377403647767599 70
1752480337440 0.13980358174465626 71
1752480350276 0.1412065692828258 72
1752480363048 0.1452504745399026 73
1752480375951 0.14426013039531238 74
1752480388778 0.1443426590740282 75
1752480401753 0.14475530246760748 76
1752480414614 0.14343484360815384 77
1752480427443 0.14855162168853678 78
1752480440274 0.14739622018651483 79
1752480453120 0.1478088635800941 80
1752480465912 0.1502847239415697 81
1752480478702 0.15069736733514896 82
1752480491516 0.1536683997689197 83
1752480504528 0.1516877114797392 84
1752480517425 0.15358587109020386 85
1752480530229 0.1552364446645209 86
1752480543064 0.1559792027729636 87
1752480555991 0.1577948337047124 88
1752480568915 0.15895023520673435 89
1752480581699 0.15680448956012213 90
1752480594475 0.15985805067260872 91
1752480607236 0.16192126764050507 92
1752480620038 0.16588264421886606 93
1752480632907 0.16315919782124289 94
1752480645758 0.16505735743170752 95
1752480658710 0.16340678385739044 96
1752480671490 0.16447965668069653 97
1752480684278 0.16596517289758192 98
1752480697076 0.16728563175703556 99
1752480709916 0.16844103325905752 100
