1752479423177 4.623623575774532 0
1752479435977 4.6156273264633985 1
1752479448722 4.607290449640309 2
1752479461445 4.597839827408992 3
1752479474270 4.584969440585892 4
1752479487013 4.573399869407096 5
1752479499901 4.563694867202243 6
1752479512659 4.552132976835591 7
1752479525452 4.539073434098439 8
1752479538237 4.524927888816373 9
1752479551101 4.5109591855419255 10
1752479564137 4.497019901610257 11
1752479576894 4.480834074595774 12
1752479589851 4.46242793880572 13
1752479602546 4.4445400426772395 14
1752479615390 4.427567598602432 15
1752479628131 4.4107390600848415 16
1752479640864 4.39304152063493 17
1752479653748 4.37526169020139 18
1752479666609 4.358984695217473 19
1752479679445 4.341072751764665 20
1752479692173 4.322347816719068 21
1752479705026 4.3043103238482425 22
1752479717977 4.2873895794191474 23
1752479731044 4.272339430638853 24
1752479743958 4.255233760006569 25
1752479756764 4.242034093508314 26
1752479769547 4.2268589151992115 27
1752479782354 4.211603043372171 28
1752479795291 4.197012071534003 29
1752479808369 4.183511817205345 30
1752479821321 4.1680396961053825 31
1752479834245 4.154838647044618 32
1752479847297 4.141488367540998 33
1752479860331 4.130997937257136 34
1752479873352 4.116676248339031 35
1752479886204 4.106310812948502 36
1752479898995 4.091203989970363 37
1752479911946 4.077874090715407 38
1752479924957 4.066951036402237 39
1752479937965 4.053908026876437 40
1752479951023 4.042189015656595 41
1752479963809 4.0290243548616465 42
1752479976668 4.0195074683333445 43
1752479989612 4.005483416751964 44
1752480002641 3.9952015891562787 45
1752480015485 3.9857654187431386 46
1752480028340 3.975462452591001 47
1752480041231 3.9655265977457135 48
1752480054275 3.9552520552301793 49
1752480067303 3.9447936397563916 50
1752480080111 3.9343091976351854 51
1752480092957 3.923953110660607 52
1752480105858 3.9129971793741563 53
1752480118701 3.901646552965281 54
1752480131655 3.893520395420125 55
1752480144424 3.8850357082087004 56
1752480157272 3.876391383894601 57
1752480170323 3.8661146989784845 58
1752480183170 3.858080858392597 59
1752480195991 3.846609772093336 60
1752480209043 3.8379557762688736 61
1752480222005 3.8311345587951995 62
1752480234834 3.8252055252725667 63
1752480247603 3.8152779755961657 64
1752480260385 3.806758375416773 65
1752480273159 3.798165663471067 66
1752480286069 3.7924900959330743 67
1752480299120 3.784037557431761 68
1752480311871 3.774791701155235 69
1752480324699 3.766794560350411 70
1752480337440 3.7579740538370623 71
1752480350277 3.750684303761957 72
1752480363049 3.7405658869035334 73
1752480375951 3.7344439004188836 74
1752480388779 3.727873181296966 75
1752480401754 3.7224848886611475 76
1752480414615 3.7153761250165775 77
1752480427444 3.705750463556723 78
1752480440275 3.6980974457944416 79
1752480453121 3.6946966857240913 80
1752480465913 3.6876203087491257 81
1752480478702 3.6807906267527692 82
1752480491517 3.675538426186215 83
1752480504529 3.6675964980539626 84
1752480517425 3.659367749922593 85
1752480530230 3.655310346981272 86
1752480543064 3.6462758535700166 87
1752480555992 3.639359380834675 88
1752480568916 3.6323298608129435 89
1752480581700 3.6275685895035092 90
1752480594475 3.6209964485927477 91
1752480607237 3.614064125102659 92
1752480620039 3.6055622725186818 93
1752480632908 3.6029320058528818 94
1752480645759 3.597182499939017 95
1752480658710 3.5926236707938752 96
1752480671491 3.585544584166764 97
1752480684279 3.5811923515811963 98
1752480697077 3.573796181837922 99
1752480709917 3.5684152296020986 100
