1754679870106 2.1210210602674335 0
1754679907248 1.94275460739511 1
1754679955326 1.8783252935269377 2
1754679993198 1.7026065206517753 3
1754680034148 1.6612541837433055 4
1754680077577 1.5565569631257172 5
1754680123216 1.5215190609537705 6
1754680161712 1.5248379149733882 7
1754680208417 1.4681770288566995 8
1754680245404 1.4732383305257801 9
1754680288137 1.4161217611746846 10
1754680337194 1.3974455900244478 11
1754680374926 1.4251789966284674 12
1754680419373 1.375976430138885 13
1754680468542 1.396940885133729 14
1754680510316 1.3527850858833634 15
1754680552564 1.346302950396338 16
1754680593114 1.3748466468661917 17
1754680632419 1.3786043177882699 18
1754680675806 1.347595378482714 19
1754680711534 1.352287756976166 20
1754680753504 1.3601078294066506 21
1754680795933 1.3568024455651921 22
1754680833603 1.3611472372646194 23
1754680872899 1.3680311958371008 24
1754680915818 1.41225598609907 25
1754680962721 1.4096155109573771 26
1754681007260 1.3944326867887253 27
1754681048019 1.3315377345900792 28
1754681091716 1.3154482447790865 29
1754681135124 1.2995243080789725 30
1754681185569 1.3019138058680961 31
1754681230585 1.3091905545259201 32
1754681276126 1.3112751943016958 33
1754681322826 1.3063816114977327 34
1754681369791 1.3053375382031163 35
1754681410077 1.3067394932081604 36
1754681456946 1.3134975156297672 37
1754681497005 1.316661468232656 38
1754681536179 1.3752605813542411 39
1754681574913 1.3227032678515793 40
1754681612611 1.3169427154836624 41
1754681660264 1.321109420925304 42
1754681699623 1.3264958421964999 43
1754681741134 1.3314675777933793 44
1754681782850 1.352293648857342 45
1754681822738 1.3252224850986354 46
1754681874559 1.3228568422390405 47
1754681912580 1.3382098544201457 48
1754681950746 1.343470898311713 49
1754681991633 1.3036283889640985 50
1754682031971 1.3071565045218674 51
1754682073577 1.3137093214035964 52
1754682116763 1.318893063958131 53
1754682160075 1.3196505314548768 54
1754682199968 1.321921601909322 55
1754682239836 1.3294125870499394 56
1754682280344 1.3283126212389949 57
1754682321412 1.334600396242409 58
1754682361683 1.3322437239864324 59
1754682402502 1.3327345133249882 60
1754682443841 1.338773585215258 61
1754682487303 1.4035550044155225 62
1754682529741 1.3895153195580507 63
1754682572732 1.4093851866201863 64
1754682610985 1.3828650237542108 65
1754682652388 1.3392159338200595 66
1754682692578 1.3457451387929578 67
1754682734046 1.351747809049093 68
1754682772282 1.3509849068901845 69
1754682814081 1.3516466145528012 70
1754682853471 1.3583687866643963 71
1754682894033 1.3590125346340318 72
1754682930926 1.3603744561368718 73
1754682972980 1.3076949112111587 74
1754683013388 1.37253233321102 75
1754683054206 1.3929310946347049 76
1754683093646 1.3876060359833382 77
1754683137971 1.3944055761233223 78
1754683177934 1.4004338224336397 79
1754683216961 1.4105856169069102 80
1754683255565 1.41030444255844 81
1754683299052 1.413920936892532 82
1754683339454 1.4133511974096982 83
1754683379928 1.4126700600282047 84
1754683424857 1.4283209612766692 85
1754683468561 1.4197891555140707 86
1754683507462 1.4291099857068414 87
1754683548520 1.4320832832603312 88
1754683591725 1.432471920181904 89
1754683634702 1.4403709861659533 90
1754683672560 1.4393152165705934 91
1754683713911 1.4391485439893235 92
1754683754604 1.4423129923678328 93
1754683799872 1.4426505283363245 94
1754683840293 1.4436136518455227 95
1754683886058 1.4533840244918823 96
1754683930024 1.454311898933839 97
1754683967950 1.4633469306385671 98
1754684007045 1.4604442511230962 99
1754684046362 1.4648038566324357 100
