1753637044106 4.589514604146622 0
1753637060414 4.505535483435124 1
1753637083192 4.420076229802284 2
1753637102610 4.332008372442721 3
1753637118769 4.280255607741476 4
1753637140642 4.197983324590101 5
1753637161583 4.157366243085245 6
1753637183774 4.110559061472075 7
1753637204898 4.078451355547804 8
1753637226903 4.02140381421522 9
1753637249810 4.006873475929064 10
1753637270673 3.981645097615804 11
1753637289510 3.951678100291294 12
1753637299895 3.9208596973869185 13
1753637322483 3.9037247842813443 14
1753637343777 3.90319035334626 15
1753637364844 3.8905968404160456 16
1753637385119 3.878710966986776 17
1753637405907 3.8578494651768094 18
1753637417223 3.845931510542147 19
1753637438431 3.8527277577594377 20
1753637457771 3.8312251803814603 21
1753637478357 3.8456462762499983 22
1753637498812 3.817727368056063 23
1753637523279 3.830074970568541 24
1753637543734 3.8073657362948503 25
1753637565116 3.8399371500418362 26
1753637588232 3.8683512237661177 27
1753637607660 3.8397925655994984 28
1753637629360 3.8242313511003934 29
1753637653109 3.8148590485828646 30
1753637674774 3.8065270909357083 31
1753637694569 3.8313343903214694 32
1753637714893 3.833859007536654 33
1753637732972 3.8316152480437333 34
1753637749818 3.8156179230466103 35
1753637769856 3.8360016493898077 36
1753637790380 3.8007496160726513 37
1753637812679 3.8128046132039515 38
1753637833636 3.8304296180241075 39
1753637850922 3.8223576834134962 40
1753637872043 3.8275785653267875 41
1753637893518 3.8439413994132887 42
1753637903969 3.8289521262657695 43
1753637925154 3.8301356238572013 44
1753637942892 3.82083602127083 45
1753637960280 3.8728767557108243 46
1753637978387 3.8523970420489277 47
1753638000426 3.8177014680918004 48
1753638021794 3.8197203808235907 49
1753638037830 3.8308466771053555 50
1753638059747 3.838677618712605 51
1753638080354 3.8484303644509663 52
1753638101519 3.853085530124765 53
1753638120205 3.8610224384010823 54
1753638141288 3.86376099252606 55
1753638161657 3.84420030712333 56
1753638177485 3.8574800097648008 57
1753638193064 3.8823712848112857 58
1753638215272 3.880152028527163 59
1753638236349 3.8648709988065235 60
1753638256117 3.858736202728801 61
1753638278877 3.873923342287553 62
1753638300713 3.883406555797296 63
1753638316129 3.8868641508538544 64
1753638338916 3.856687678387036 65
1753638361194 3.8829062623467796 66
1753638380142 3.861431367977515 67
1753638400892 3.8737959609130956 68
1753638422021 3.9051650407100276 69
1753638442741 3.90313187387479 70
1753638464211 3.893118893908117 71
1753638484993 3.8649920202942916 72
1753638506854 3.9090561211221413 73
1753638528636 3.894862946549278 74
1753638548028 3.9309718050662883 75
1753638564848 3.882990328823829 76
1753638584345 3.91071990255183 77
1753638604771 3.8894979027143757 78
1753638623689 3.8789703100420834 79
1753638645782 3.90797454988041 80
1753638664224 3.8997088923355006 81
1753638688036 3.9208924858221876 82
1753638702196 3.932389459155498 83
1753638723418 3.939712389505391 84
1753638745600 3.9284391648027532 85
1753638767680 3.938050484671007 86
1753638787356 3.930977643524585 87
1753638809315 3.915013131196216 88
1753638830227 3.9450777931164986 89
1753638846914 3.914373554870857 90
1753638866628 3.9352509939045706 91
1753638889145 3.922604892519035 92
1753638905565 3.9434451224427765 93
1753638921192 3.919634184186417 94
1753638941004 3.913683158520326 95
1753638960213 3.951097280487066 96
1753638977987 3.9411313212187276 97
1753638996440 3.9679785129146663 98
1753639017325 3.9925803523366485 99
1753639038378 3.9759535581515806 100
