1753013964617 0.02060142880877222 0
1753013997803 0.030071440438611065 1
1753014031100 0.04685163648446586 2
1753014065197 0.06894833028742316 3
1753014099528 0.09245721880711082 4
1753014132922 0.11903970759262336 5
1753014166942 0.14603754776540953 6
1753014200695 0.17120784183419172 7
1753014234470 0.1935537464695132 8
1753014268374 0.22304369496594117 9
1753014302781 0.2411530154510716 10
1753014336684 0.2562718059478319 11
1753014371167 0.2742149858780528 12
1753014405444 0.2981392257850141 13
1753014439520 0.3105166971257684 14
1753014474098 0.3276291742814421 15
1753014507509 0.3332779531483635 16
1753014540896 0.34175112144874564 17
1753014575791 0.35446087389931885 18
1753014609253 0.3693304535637149 19
1753014642520 0.3737331782688154 20
1753014676678 0.39043030403721546 21
1753014710945 0.39283934208340254 22
1753014745067 0.39931882372487126 23
1753014779528 0.4122777870078086 24
1753014813564 0.4278119288918425 25
1753014848148 0.43171623193221464 26
1753014882772 0.4272304369496594 27
1753014916611 0.43952483801295894 28
1753014950970 0.4470842332613391 29
1753014985614 0.4529822229606247 30
1753015020048 0.455308190729357 31
1753015055146 0.46220302375809935 32
1753015089010 0.46602425652101676 33
1753015123086 0.472337597607576 34
1753015157230 0.4794816414686825 35
1753015191487 0.4903638478152517 36
1753015226195 0.4980063133410866 37
1753015261161 0.49509885363017114 38
1753015303981 0.5002492108323642 39
1753015359435 0.5041535138727363 40
1753015395929 0.5070609735836518 41
1753015419499 0.5096361521847483 42
1753015539443 0.5132912443927563 43
1753015659392 0.514288087722213 44
1753015779273 0.5159494932713076 45
1753015808900 0.5168632663233095 46
1753015835242 0.5207675693636816 47
1753015863399 0.5195215152018607 48
1753015899320 0.5224289749127762 49
1753016019329 0.5232596776873235 50
