1753013964618 4.650105039877332 0
1753013997804 4.574090224326119 1
1753014031101 4.460952478588613 2
1753014065198 4.318263079262498 3
1753014099529 4.149232168929999 4
1753014132923 3.985502640555957 5
1753014166943 3.821757469199197 6
1753014200696 3.669270722542779 7
1753014234471 3.5173972022660633 8
1753014268375 3.3623076147129156 9
1753014302782 3.239053124200602 10
1753014336685 3.1196629788042936 11
1753014371167 2.9885008999382907 12
1753014405445 2.894325807805988 13
1753014439521 2.786126760121643 14
1753014474099 2.6904360695684972 15
1753014507510 2.6158137916271396 16
1753014540897 2.537273087637972 17
1753014575792 2.461192089784442 18
1753014609254 2.372632095737172 19
1753014642521 2.3238651768124536 20
1753014676679 2.231771659139535 21
1753014710946 2.1661106150166263 22
1753014745068 2.1101575663372123 23
1753014779529 2.0450056388422295 24
1753014813565 1.9605368379800483 25
1753014848149 1.9194953961367636 26
1753014882773 1.8763847468562345 27
1753014916612 1.8270330704837494 28
1753014950971 1.7757365393866853 29
1753014985615 1.7210852131699639 30
1753015020050 1.6778573981355887 31
1753015055146 1.6291933766959676 32
1753015089011 1.5991909487021345 33
1753015123087 1.567664093235642 34
1753015157231 1.517019920621701 35
1753015191488 1.4667168709181122 36
1753015226196 1.4252387275878393 37
1753015261162 1.3909057166975372 38
1753015303982 1.3530237447485238 39
1753015359436 1.3306319060688439 40
1753015395930 1.3069136858775317 41
1753015419500 1.2722835246895268 42
1753015539444 1.250165072918487 43
1753015659393 1.2398882859292377 44
1753015779274 1.23179337568776 45
1753015808901 1.2274657796369135 46
1753015835243 1.210160446875725 47
1753015863400 1.1928344278713854 48
1753015899321 1.178451891418692 49
1753016019330 1.1643778632692547 50
