1752679099997 0.03713241402226283 0
1752679137310 0.09312178102674863 1
1752679177829 0.12950656255191892 2
1752679214947 0.15492606745306528 3
1752679253092 0.17685662070111313 4
1752679289870 0.19837182256188735 5
1752679325960 0.2193055324804785 6
1752679364747 0.22919089549759097 7
1752679401818 0.2427313507227114 8
1752679439060 0.25402890845655424 9
1752679476438 0.2600930387107493 10
1752679512530 0.26732015284931054 11
1752679551906 0.26831699617876725 12
1752679590778 0.27994683502242895 13
1752679626662 0.28418341917262 14
1752679667235 0.2949825552417345 15
1752679703243 0.29332114969263995 16
1752679738847 0.29489948496427976 17
1752679775976 0.3002159827213823 18
1752679811986 0.3051171290912112 19
1752679848833 0.3042864263166639 20
1752679887581 0.30320651270975246 21
1752679925422 0.3052001993686659 22
1752679961316 0.3105166971257684 23
1752679998856 0.30976906462867587 24
1752680035481 0.31325801628177435 25
1752680072958 0.3145040704435953 26
1752680109515 0.3115135404552251 27
1752680145958 0.31716231932214656 28
1752680181610 0.3192390762585147 29
1752680219113 0.3204851304203356 30
1752680258829 0.3216481143047018 31
1752680295648 0.32339259013125105 32
1752680331860 0.32139890347233757 33
1752680371096 0.3197374979232431 34
1752680407815 0.32438943346070775 35
1752680444050 0.3250539956803456 36
1752680480990 0.32596776873234756 37
1752680520146 0.32870908788835357 38
1752680560487 0.3280445256687157 39
1752680598479 0.33377637481309186 40
1752680635126 0.33369330453563717 41
1752680674880 0.3277122445588968 42
1752680711250 0.33120119621199534 43
1752680749780 0.33493935869745806 44
1752680788684 0.3314504070443595 45
1752680826518 0.3316996178767237 46
1752680867068 0.33676690480146204 47
1752680906127 0.3335271639807277 48
1752680942179 0.3375976075760093 49
1752680978807 0.3364346236916431 50
1752681018522 0.33718225618873565 51
1752681057316 0.338594450905466 52
1752681093478 0.3400897158996511 53
1752681130158 0.3391759428476491 54
1752681166877 0.3394251536800133 55
1752681203365 0.34116962950656254 56
1752681241504 0.34075427811928893 57
1752681278739 0.34150191061638147 58
1752681319512 0.34241568366838343 59
1752681356109 0.3424987539458382 60
1752681392324 0.34299717561056653 61
1752681431689 0.3430802458880213 62
1752681471393 0.34133577006147203 63
1752681511227 0.34374480810765906 64
1752681547405 0.34648612726366507 65
1752681583319 0.34789832198039544 66
1752681622856 0.34798139225785013 67
1752681659877 0.34548928393420836 68
1752681698547 0.3472337597607576 69
1752681735271 0.34673533809602924 70
1752681771765 0.3493935869745805 71
1752681808316 0.35047350058149196 72
1752681845133 0.3476491111480312 73
1752681883165 0.3482306030902143 74
1752681919425 0.3478152517029407 75
1752681957367 0.34631998670875563 76
1752681995903 0.35113806280112975 77
1752682033269 0.351968765575677 78
1752682072863 0.3534640305698621 79
1752682110674 0.3518856952982223 80
1752682152577 0.3500581491942183 81
1752682191206 0.35047350058149196 82
1752682228744 0.35271639807276955 83
1752682264877 0.3508057816913108 84
1752682303711 0.3512211330785845 85
1752682341028 0.3513872736334939 86
1752682377653 0.35047350058149196 87
1752682415307 0.35271639807276955 88
1752682455872 0.3543778036218641 89
1752682492373 0.3530486791825885 90
1752682529987 0.35512543611895664 91
1752682567214 0.3580328958298721 92
1752682604743 0.3542116630669546 93
1752682641388 0.3566207011131417 94
1752682678458 0.35886359860441935 95
1752682718070 0.35487622528659246 96
1752682760096 0.3575344741651437 97
1752682799657 0.3547931550091377 98
1752682838172 0.35645456055823227 99
1752682875316 0.35828210666223625 100
