1752679099998 4.451065060183901 0
1752679137311 4.148351323357634 1
1752679177830 3.8534061648302385 2
1752679214948 3.629184365222633 3
1752679253093 3.4539616815987477 4
1752679289871 3.2945620018983393 5
1752679325961 3.1853341116244684 6
1752679364748 3.084436361523796 7
1752679401819 3.016725953215459 8
1752679439061 2.964472092103449 9
1752679476439 2.9144310683018246 10
1752679512531 2.8708126997568537 11
1752679551907 2.8528243467308383 12
1752679590779 2.801633660645883 13
1752679626663 2.7861473430871815 14
1752679667236 2.750169336053711 15
1752679703244 2.7484566711261946 16
1752679738848 2.7410592586082703 17
1752679775977 2.721738878734991 18
1752679811987 2.6836845971508287 19
1752679848834 2.707660078665631 20
1752679887582 2.668371783905035 21
1752679925422 2.6896717619461903 22
1752679961317 2.6645953191931864 23
1752679998857 2.655589235130776 24
1752680035482 2.624849448841495 25
1752680072959 2.624243801446808 26
1752680109516 2.6415896507069316 27
1752680145959 2.6128181732519073 28
1752680181611 2.5882150338431438 29
1752680219114 2.5951779763284253 30
1752680258829 2.592885977841741 31
1752680295649 2.5830992653975304 32
1752680331861 2.590110095294606 33
1752680371097 2.5835707992390127 34
1752680407816 2.5509823395021543 35
1752680444051 2.5664546019918975 36
1752680480991 2.536050920894042 37
1752680520147 2.533530050546062 38
1752680560488 2.5352787838948276 39
1752680598479 2.508604893423843 40
1752680635127 2.4974220739663906 41
1752680674881 2.5327194390105614 42
1752680711251 2.5138493114858274 43
1752680749781 2.4937268265697043 44
1752680788685 2.4995761200907243 45
1752680826519 2.5036751156847057 46
1752680867069 2.480848939720246 47
1752680906128 2.4733975371928563 48
1752680942180 2.4498649595028987 49
1752680978808 2.4622460580422154 50
1752681018523 2.4490109060624574 51
1752681057317 2.457555904053736 52
1752681093479 2.443055294536726 53
1752681130159 2.4455381321667575 54
1752681166878 2.432006859226216 55
1752681203366 2.4160429920941175 56
1752681241505 2.4203639417437737 57
1752681278740 2.425086785719768 58
1752681319513 2.428886414571995 59
1752681356110 2.3985340956299965 60
1752681392325 2.399194508479165 61
1752681431690 2.4000813581001115 62
1752681471394 2.402123177737827 63
1752681511228 2.3801165466984338 64
1752681547406 2.3713193250970876 65
1752681583320 2.3732578906804154 66
1752681622857 2.3590077643621217 67
1752681659878 2.3667134106421126 68
1752681698548 2.3642840134652245 69
1752681735272 2.345993593363214 70
1752681771766 2.34448634015077 71
1752681808317 2.329903615954706 72
1752681845134 2.3336441647210715 73
1752681883166 2.331614782986568 74
1752681919426 2.3240736415069905 75
1752681957368 2.3273246337783013 76
1752681995904 2.310695812202792 77
1752682033270 2.306939061867515 78
1752682072864 2.294130658728916 79
1752682110675 2.311509156007601 80
1752682152578 2.29569841878924 81
1752682191207 2.299792166848416 82
1752682228745 2.3012376078943326 83
1752682264878 2.297995729335658 84
1752682303712 2.2759995659488617 85
1752682341029 2.2782071086356495 86
1752682377654 2.2657460223764123 87
1752682415308 2.2529945201902093 88
1752682455873 2.2671861637615214 89
1752682492373 2.245144794660586 90
1752682529988 2.2539516208055352 91
1752682567215 2.2352422199742668 92
1752682604744 2.2433446311996206 93
1752682641389 2.2276244281936726 94
1752682678458 2.2120230039681044 95
1752682718071 2.2254020135244033 96
1752682760097 2.2140098029872717 97
1752682799658 2.2143585389177156 98
1752682838173 2.2096142616543117 99
1752682875317 2.211434340931913 100
