1753531328774 0.03580328958298721 0
1753531353700 0.08913440770892175 1
1753531376059 0.11114803123442432 2
1753531398859 0.1413025419504901 3
1753531420646 0.16223625186908125 4
1753531445081 0.18233925901312512 5
1753531471887 0.20526665559062968 6
1753531493850 0.21639807276956305 7
1753531518903 0.23093537132414022 8
1753531549185 0.24106994517361688 9
1753531577389 0.2473002159827214 10
1753531602434 0.25560724372819404 11
1753531627964 0.25660408705765075 12
1753531650152 0.2670709420169463 13
1753531672739 0.2743811264329623 14
1753531695319 0.2806113972420668 15
1753531720460 0.27886692141551755 16
1753531749365 0.2818574514038877 17
1753531773279 0.28542947333444096 18
1753531795912 0.2902475494268151 19
1753531818051 0.28908456554244893 20
1753531840967 0.29381957135736836 21
1753531864753 0.2953148363515534 22
1753531887979 0.29764080412028576 23
1753531910299 0.29348729024754944 24
1753531936644 0.30320651270975246 25
1753531955880 0.300299052998837 26
1753531982415 0.2993022096693803 27
1753532006910 0.30287423159993354 28
1753532023962 0.30827379963449075 29
1753532052569 0.30902143213158334 30
1753532083460 0.30536633992357537 31
1753532105054 0.3058647615883037 32
1753532128651 0.3067785346403057 33
1753532144269 0.3058647615883037 34
1753532160971 0.3099352051835853 35
1753532174602 0.3099352051835853 36
1753532197198 0.3107659079581326 37
1753532218442 0.3123442432297724 38
1753532233349 0.3145040704435953 39
1753532263215 0.3179099518192391 40
1753532279264 0.31566705432796144 41
1753532293425 0.31467021099850473 42
1753532307896 0.315500913773052 43
1753532341426 0.3185745140388769 44
1753532362981 0.317328459877056 45
1753532384108 0.3139225785014122 46
1753532415297 0.3193221465359694 47
1753532431443 0.32056820069779035 48
1753532462257 0.3216481143047018 49
1753532491809 0.3192390762585147 50
1753532509964 0.31840837348396744 51
1753532532372 0.31998670875560725 52
1753532552963 0.32214653596943016 53
1753532571471 0.324306363183253 54
1753532591870 0.3233095198537963 55
1753532614052 0.3227280279116132 56
1753532633553 0.32621697956471174 57
1753532653672 0.32380794151852466 58
1753532672418 0.3264661903970759 59
1753532689767 0.32314337929888687 60
1753532706664 0.32056820069779035 61
1753532725634 0.3242232929057983 62
1753532745782 0.3234756604087058 63
1753532764609 0.3241402226283436 64
1753532786950 0.3250539956803456 65
1753532806539 0.3292075095530819 66
1753532824330 0.32937365010799136 67
1753532848060 0.32596776873234756 68
1753532865378 0.32497092540289085 69
1753532885854 0.329789001495265 70
1753532906821 0.33037049343744807 71
1753532925468 0.3292075095530819 72
1753532945307 0.3292905798305366 73
1753532963068 0.33037049343744807 74
1753532981832 0.3285429473334441 75
1753532992432 0.3313673367669048 76
1753533003379 0.3286260176108988 77
1753533013125 0.33460707758763913 78
1753533022397 0.3316996178767237 79
1753533034108 0.3312842664894501 80
1753533045767 0.3350224289749128 81
1753533056851 0.33037049343744807 82
1753533066141 0.3336102342581824 83
1753533077019 0.33377637481309186 84
1753533088020 0.33635155341418843 85
1753533099962 0.3360192723043695 86
1753533109604 0.3341086559229108 87
1753533120532 0.33552085063964115 88
1753533131374 0.3350224289749128 89
1753533142120 0.335271639807277 90
1753533153855 0.3375145372985546 91
1753533164693 0.33676690480146204 92
1753533175510 0.33585313174946 93
1753533186384 0.33867752118292077 94
1753533196828 0.33834524007310185 95
1753533206670 0.33402558564545604 96
1753533218316 0.33834524007310185 97
1753533227012 0.33593620202691477 98
1753533238230 0.33809602924073767 99
1753533250619 0.3388436617378302 100
