1750980383543 0.06911447084233262 0
1750980508191 0.12618375145372984 1
1750980634836 0.17228775544110317 2
1750980762554 0.20809104502409037 3
1750980888070 0.23824555574015618 4
1750981015038 0.26300049842166473 5
1750981138381 0.2777870078086061 6
1750981262419 0.29822229606246886 7
1750981385122 0.30569862103339424 8
1750981508983 0.31824223292905796 9
1750981636711 0.3308689151021764 10
1750981760163 0.348645954477488 11
1750981889262 0.3525502575178601 12
1750981961516 0.35387938195713575 13
1750982034304 0.35387938195713575 14
1750982105298 0.358365176939691 15
1750982177142 0.3669214155175278 16
1750982248354 0.3702442266157169 17
1750982319817 0.37257019438444927 18
1750982390460 0.38361854128592787 19
1750982462085 0.3837016115633826 20
1750982534065 0.3926732015284931 21
1750982606318 0.39159328792158166 22
1750982677867 0.3942515368001329 23
1750982752550 0.3980727695630503 24
1750982824089 0.4020601428808772 25
1750982874577 0.40122944010632994 26
1750982923879 0.40089715899651107 27
1750982973234 0.40197707260342247 28
1750983022453 0.4035554078750623 29
1750983073629 0.4112809436783519 30
1750983123813 0.4128592789499917 31
1750983172874 0.4144376142216315 32
1750983222827 0.4214155175278285 33
1750983273106 0.4198371822561887 34
1750983322710 0.42133244725037383 35
1750983371665 0.4240737664063798 36
1750983421464 0.4248213989034723 37
1750983469075 0.4234922744641967 38
1750983496227 0.4216647283601927 39
1750983524074 0.42108323641800965 40
1750983551403 0.42706429639474996 41
1750983579627 0.4256521016780196 42
1750983606943 0.42955640471839174 43
1750983634644 0.42889184249875395 44
1750983662417 0.4273965775045689 45
1750983690179 0.4218308689151022 46
1750983717890 0.430387107492939 47
1750983745905 0.4315500913773052 48
1750983773074 0.43503904303040375 49
1750983800974 0.4342083402558565 50
