1753010228188 0.027080910450240903 0
1753010305156 0.05515866422993853 1
1753010382838 0.092706429639475 2
1753010460917 0.13648446585811597 3
1753010537626 0.17677355042365842 4
1753010614087 0.2134906130586476 5
1753010691914 0.24896162153181592 6
1753010770219 0.27571025087223794 7
1753010849785 0.29365343080245887 8
1753010929778 0.317328459877056 9
1753011008580 0.33709918591128096 10
1753011086047 0.3549592955640472 11
1753011167023 0.3667552749626184 12
1753011247172 0.38120950323974084 13
1753011323492 0.3916763581990364 14
1753011403729 0.40496760259179265 15
1753011480050 0.4141053331118126 16
1753011557044 0.42249543113474 17
1753011636059 0.4258182422329291 18
1753011713566 0.43703272968931717 19
1753011788751 0.4391925569031401 20
1753011866727 0.45223459046353215 21
1753011946149 0.4554743312842665 22
1753012023040 0.4574680179431799 23
1753012103753 0.46378135902973916 24
1753012180406 0.4689317162319322 25
1753012260482 0.47599268981558396 26
1753012340561 0.4754942681508556 27
1753012419424 0.48454892839342084 28
1753012495408 0.493603588635986 29
1753012576742 0.498172453895996 30
1753012655969 0.5015783352716398 31
1753012735062 0.5035720219305533 32
1753012814069 0.5068117627512876 33
1753012892070 0.5159494932713076 34
1753012969802 0.5206844990862269 35
1753013047861 0.5215152018607743 36
1753013127619 0.5190230935371324 37
1753013215139 0.5203522179764081 38
1753013309488 0.5250872237913274 39
1753013343668 0.5312344243229772 40
1753013425854 0.5366339923575345 41
1753013457529 0.5402890845655425 42
1753013539477 0.539209170958631 43
1753013559401 0.5424489117793654 44
1753013619376 0.545273301212826 45
1753013659586 0.5435288253862768 46
1753013739465 0.5461040039873734 47
1753013799504 0.5491776042531982 48
1753013859379 0.5515866422993853 49
1753013919421 0.554078750623027 50
