1753010228189 4.6379622573207975 0
1753010305157 4.45795766819369 1
1753010382839 4.21030434434148 2
1753010460918 3.936673497125977 3
1753010537627 3.647207508827508 4
1753010614088 3.3694548023797197 5
1753010691915 3.153112559232235 6
1753010770220 2.9479513949406497 7
1753010849786 2.7722799404379863 8
1753010929779 2.6011637570806116 9
1753011008581 2.4514148077173545 10
1753011086048 2.331933232462788 11
1753011167024 2.2158376448547075 12
1753011247173 2.1075950246222424 13
1753011323493 2.0120977949905305 14
1753011403730 1.9234383832955615 15
1753011480051 1.8420719904215124 16
1753011557045 1.7554817469153325 17
1753011636060 1.6895537035632118 18
1753011713567 1.6167779068604227 19
1753011788752 1.5594392813965101 20
1753011866728 1.4665171636272785 21
1753011946150 1.4281357958184784 22
1753012023041 1.3562530559565786 23
1753012103754 1.3113936808620519 24
1753012180407 1.24577644618969 25
1753012260483 1.2028571967866493 26
1753012340562 1.1705853742517907 27
1753012419425 1.1198639046127177 28
1753012495409 1.0645691108026374 29
1753012576743 1.031563197944074 30
1753012655970 0.9908220970605234 31
1753012735063 0.950571641067932 32
1753012814070 0.9449639795513695 33
1753012892071 0.8951141638667651 34
1753012969803 0.8547920681879962 35
1753013047862 0.8292538047317812 36
1753013127620 0.7981182155212015 37
1753013215139 0.7795460453129515 38
1753013309489 0.746003094348892 39
1753013343669 0.710793997713375 40
1753013425855 0.6851977978001474 41
1753013457530 0.6600428079988642 42
1753013539478 0.6540829856361828 43
1753013559402 0.6274148123332972 44
1753013619377 0.616499234601266 45
1753013659587 0.6134011601361942 46
1753013739466 0.5857770118800419 47
1753013799505 0.5671486323225802 48
1753013859380 0.5636423508303217 49
1753013919422 0.5589264664516597 50
