1752536973889 0.019737933322275667 0
1752536997093 0.04146624647536905 1
1752537019928 0.06078951733289103 2
1752537042695 0.08500580527450655 3
1752537065354 0.10806103831481174 4
1752537088644 0.11370044783546193 5
1752537111697 0.12597445679217117 6
1752537135041 0.1379996682700282 7
1752537158305 0.14662464753690496 8
1752537182246 0.1632940786200033 9
1752537206057 0.16686017581688506 10
1752537229081 0.1763144800132692 11
1752537251867 0.17971471222424945 12
1752537274992 0.18850555647702769 13
1752537297810 0.19422789849062863 14
1752537320575 0.1982915906452148 15
1752537343654 0.1997843755183281 16
1752537366549 0.2078288273345497 17
1752537390328 0.2161220766296235 18
1752537413306 0.22499585337535247 19
1752537436150 0.2205174987560126 20
1752537459244 0.22939127550174157 21
1752537482276 0.2337866976281307 22
1752537504653 0.23544534748714546 23
1752537528745 0.23668933488140653 24
1752537552020 0.24332393431746557 25
1752537575564 0.24481671919057887 26
1752537599550 0.24630950406369215 27
1752537622880 0.25087079117598277 28
1752537645932 0.25634433571073145 29
1752537668647 0.2586664455133521 30
1752537691618 0.2587493780063029 31
1752537715687 0.26405705755515013 32
1752537738825 0.26836954718858846 33
1752537761629 0.26496931497760823 34
1752537784736 0.273594294244485 35
1752537808154 0.2739260242162879 36
1752537831160 0.27176977939956876 37
1752537853793 0.2779897163708741 38
1752537876890 0.28022889368054404 39
1752537899317 0.2808094211311992 40
1752537922062 0.2868634931166031 41
1752537944680 0.28794161552496267 42
1752537967457 0.2871122905954553 43
1752537990201 0.2888538729474208 44
1752538013162 0.29183944269364737 45
1752538035657 0.28852214297561785 46
1752538058557 0.29291756510200695 47
1752538081864 0.2987228396085586 48
1752538104821 0.2988887045944601 49
1752538127875 0.3018742743406867 50
1752538151486 0.29980096201691825 51
1752538174364 0.30510864156576545 52
1752538197307 0.30353292419970146 53
1752538220242 0.3056062365234699 54
1752538243030 0.3063526289600265 55
1752538265714 0.3104992536075634 56
1752538288679 0.3095040636921546 57
1752538311783 0.31224083595952895 58
1752538334926 0.3101675236357605 59
1752538358423 0.3121579034665782 60
1752538380951 0.31298722839608556 61
1752538403821 0.3144800132691989 62
1752538426676 0.315392270691657 63
1752538450125 0.31663625808591805 64
1752538472875 0.3171338530436225 65
1752538495373 0.3146458782551004 66
1752538518437 0.3187095704096865 67
1752538541447 0.3180461104660806 68
1752538564338 0.31771438049427764 69
1752538587389 0.32335379001492787 70
1752538610566 0.3224415325924697 71
1752538633408 0.3226903300713219 72
1752538656712 0.3192900978603417 73
1752538679974 0.32584176480345 74
1752538703522 0.32551003483164703 75
1752538727944 0.3264222922541052 76
1752538752175 0.3265881572400066 77
1752538776234 0.32335379001492787 78
1752538799104 0.3260905622823022 79
1752538821978 0.3295737269862332 80
1752538844877 0.329324929507381 81
1752538868289 0.327417482169514 82
1752538891703 0.32791507712721846 83
1752538915336 0.3295737269862332 84
1752538939315 0.33264222922541054 85
1752538962076 0.32774921214131697 86
1752538985322 0.3334715541549179 87
1752539007926 0.33338862166196714 88
1752539030452 0.33206170177475536 89
1752539053288 0.33297395919721345 90
1752539075863 0.33678885387294744 91
1752539098677 0.3356277989716371 92
1752539121868 0.33770111129540553 93
1752539144197 0.3351302040139327 94
1752539167576 0.33712058384475035 95
1752539190268 0.33819870625311 96
1752539213327 0.3372035163377011 97
1752539236411 0.33571073146458785 98
1752539259083 0.33745231381655333 99
1752539282345 0.3391109636755681 100
