1753580498495 4.583054590434752 0
1753580509553 4.547522144677824 1
1753580520264 4.498533588544323 2
1753580529923 4.450298830065475 3
1753580541098 4.413000057172167 4
1753580551074 4.367093935075677 5
1753580562230 4.328116803993414 6
1753580573788 4.294393032857827 7
1753580585867 4.249675540126849 8
1753580597012 4.2023695583098055 9
1753580608100 4.173232215571837 10
1753580618520 4.150591126967983 11
1753580628614 4.120568759547639 12
1753580640547 4.092615593973876 13
1753580652116 4.063570281480939 14
1753580664387 4.049972990138382 15
1753580674848 4.0306983208351985 16
1753580683923 4.021942016893312 17
1753580694429 3.9947810924858898 18
1753580705853 3.982298317352681 19
1753580717794 3.972383190184164 20
1753580728637 3.9534382365891862 21
1753580739803 3.9443521681229026 22
1753580751524 3.9229429921836476 23
1753580763075 3.9068377879679166 24
1753580774829 3.8804731742685674 25
1753580783712 3.8870385286448315 26
1753580795282 3.873233535756724 27
1753580806610 3.852780008508112 28
1753580816752 3.8295335165499944 29
1753580827149 3.824360152721704 30
1753580836899 3.8029039214036033 31
1753580848148 3.7939506735380637 32
1753580858185 3.7855084829810375 33
1753580869751 3.78904244021208 34
1753580880655 3.76028455321473 35
1753580890603 3.764998445003994 36
1753580900639 3.731004534206223 37
1753580911511 3.726870817191732 38
1753580922301 3.731817655943507 39
1753580933558 3.7041115063233065 40
1753580944280 3.7037114326762812 41
1753580954942 3.701177791387722 42
1753580964053 3.684341924712857 43
1753580975690 3.6813883233778792 44
1753580985907 3.672105070012562 45
1753580996313 3.684397455700074 46
1753581007164 3.671733180158032 47
1753581018493 3.6463532328331265 48
1753581029797 3.6334493584053167 49
1753581039932 3.633654728983955 50
1753581050917 3.6298309030655562 51
1753581062397 3.633049760061369 52
1753581072222 3.618178631451669 53
1753581081990 3.6045032749242876 54
1753581092852 3.6040454082569835 55
1753581104500 3.590738655832877 56
1753581113796 3.6003724019456094 57
1753581123931 3.5742280418140964 58
1753581136527 3.5814573835393677 59
1753581148275 3.5632407161126354 60
1753581158278 3.5636143002033136 61
1753581168048 3.554998037467868 62
1753581177788 3.5532513309108786 63
1753581189255 3.5511318443085416 64
1753581200407 3.5396371971590543 65
1753581210965 3.540823410709275 66
1753581222075 3.5402543095021746 67
1753581232046 3.5377759143981407 68
1753581243018 3.5302676827519925 69
1753581254167 3.5231734020711487 70
1753581265454 3.5198487206392395 71
1753581275307 3.502101234410392 72
1753581286449 3.508464969496618 73
1753581297397 3.4874899503974692 74
1753581308740 3.5015226907998502 75
1753581319563 3.4917402208337824 76
1753581330047 3.5008969788871616 77
1753581341574 3.4910216590093004 78
1753581351938 3.4795690452386507 79
1753581363172 3.4826550406126526 80
1753581373991 3.476171583330115 81
1753581382371 3.4781434600835666 82
1753581393285 3.4761455467266624 83
1753581404633 3.468417412648767 84
1753581415987 3.4652343484915855 85
1753581427754 3.4649346587510257 86
1753581438233 3.455121713768216 87
1753581448740 3.444606608552747 88
1753581460829 3.4564997390938443 89
1753581471719 3.43183826048221 90
1753581482140 3.4418570232655767 91
1753581491539 3.4360811844807984 92
1753581502502 3.441529158020299 93
1753581514324 3.4241006105333773 94
1753581524908 3.420784900629463 95
1753581536288 3.4310331507865595 96
1753581547594 3.404582283241925 97
1753581559383 3.4115774891296176 98
1753581570063 3.4106603896026706 99
1753581580729 3.4085901102827143 100
