1754212986554 0.20129149243237243 0
1754213032336 0.16772749139621804 1
1754213068748 0.2758205972689931 2
1754213111508 0.35488287754875475 3
1754213166290 0.3356030048477223 4
1754213200968 0.37941753321244864 5
1754213250975 0.39901195278096435 6
1754213294210 0.3828960515116752 7
1754213326981 0.390056618436147 8
1754213363975 0.3822299522628872 9
1754213400455 0.4102246234688969 10
1754213438021 0.4043222440143581 11
1754213480798 0.40543240942900494 12
1754213540304 0.42865336935203346 13
1754213581021 0.4178662620730489 14
1754213617079 0.41246345705510123 15
1754213679404 0.4310772305073456 16
1754213712110 0.46867483255004994 17
1754213774641 0.45810975835399476 18
1754213807987 0.45809125559708397 19
1754213844051 0.443640602449765 20
1754213896574 0.4613847463272028 21
1754213946994 0.42354660844465825 22
1754213985703 0.47864781852496024 23
1754214027014 0.48101617140954 24
1754214064787 0.46243940347111717 25
1754214122599 0.4751693002257336 26
1754214159578 0.47370758242978206 27
1754214194388 0.4733375272915664 28
1754214240488 0.4963734596454872 29
1754214300627 0.5037190541390667 30
1754214337160 0.459515967879214 31
1754214394960 0.48020205010546574 32
1754214445379 0.4997224586463383 33
1754214489718 0.4585723272767642 34
1754214530102 0.44643451874329276 35
1754214594212 0.48334751878029825 36
1754214648934 0.43823779743181734 37
1754214682428 0.47381859897124673 38
1754214733653 0.4732820190208341 39
1754214796678 0.47254190874440294 40
1754214828079 0.4661769603670947 41
1754214866181 0.4460089553343448 42
1754214909580 0.46151426562557823 43
1754214945331 0.4877511749250638 44
1754214991755 0.5006475964918773 45
1754215025580 0.47441068719239166 46
1754215087856 0.4795729563704992 47
1754215123825 0.47999851977944713 48
1754215160484 0.48566036339414576 49
1754215197483 0.4659179217703438 50
1754215266456 0.4877141694112423 51
1754215303838 0.47563186914850314 52
1754215339012 0.46732413129556305 53
1754215381419 0.47387410724197904 54
1754215419348 0.4745217037338563 55
1754215452262 0.46924841801428413 56
1754215523844 0.48397661251526475 57
1754215567488 0.47955445361358845 58
1754215610461 0.46306849720608373 59
1754215656422 0.4668060541020612 60
1754215725913 0.47370758242978206 61
1754215762941 0.4820338230396329 62
1754215797332 0.48199681752581136 63
1754215864354 0.48484624209007143 64
1754215898993 0.4521888761425452 65
1754215936091 0.4463975132294712 66
1754215971602 0.43842282500092516 67
1754216005185 0.4733560300484772 68
1754216044623 0.47381859897124673 69
1754216077573 0.4736150686452281 70
1754216112216 0.48393960700144323 71
1754216159296 0.4755393553639492 72
1754216193176 0.4776301668948673 73
1754216253999 0.4643451874329275 74
1754216294346 0.4714317433297561 75
1754216343946 0.4727269363135107 76
1754216379621 0.4843651704103911 77
1754216426007 0.45538985308811014 78
1754216457510 0.4745587092476779 79
1754216497378 0.4920438145283647 80
1754216540457 0.48060911075750284 81
1754216589629 0.45847981349221034 82
1754216640800 0.45929393479628466 83
1754216687225 0.443307552825371 84
1754216738062 0.46284646412315433 85
1754216802943 0.5084557599082263 86
1754216834667 0.48116419346482625 87
1754216874884 0.47507678644117973 88
1754216914228 0.48880583206897826 89
1754216950062 0.4789253598786219 90
1754217003462 0.4803870776745735 91
1754217037148 0.4438996410465159 92
1754217071656 0.48101617140954 93
1754217115153 0.48110868519409394 94
1754217160748 0.4720608370647226 95
1754217211879 0.49824223809347595 96
1754217254623 0.4928764385893498 97
1754217305604 0.47713059245827627 98
1754217340549 0.48849128520149504 99
1754217381896 0.46958146763867814 100
