1752779464876 0.02570907281472881 0
1752779486930 0.055979432741748214 1
1752779508497 0.07936639575385636 2
1752779530845 0.10573892851219108 3
1752779552402 0.13186266379167358 4
1752779573490 0.14463426770608726 5
1752779594930 0.15765466909935313 6
1752779618441 0.16818709570409687 7
1752779641962 0.18021230718195388 8
1752779663248 0.19704760325095372 9
1752779684078 0.20293581025045612 10
1752779706421 0.21263891192569248 11
1752779727423 0.21877591640404712 12
1752779750125 0.2259081107978106 13
1752779772939 0.23104992536075633 14
1752779795233 0.23503068502239177 15
1752779817274 0.23735279482501245 16
1752779839255 0.24962680378172167 17
1752779860425 0.25476861834466746 18
1752779881244 0.261569082766628 19
1752779901932 0.2626472051749876 20
1752779924566 0.26629623486482 21
1752779948447 0.2690330071321944 22
1752779971521 0.2705257920053077 23
1752779993534 0.27243323934317465 24
1752780016256 0.2777409188920219 25
1752780038710 0.28056062365234696 26
1752780060629 0.28114115110300214 27
1752780083516 0.28445845082103166 28
1752780106638 0.28769281804611047 29
1752780127506 0.290678387792337 30
1752780149747 0.29241997014430254 31
1752780171417 0.2955714048764306 32
1752780192359 0.29706418974954385 33
1752780214229 0.2958202023552828 34
1752780234972 0.2985569746226572 35
1752780255909 0.3023718692983911 36
1752780276856 0.3012937468900315 37
1752780298701 0.3054403715375684 38
1752780320357 0.30743075136838616 39
1752780343269 0.30826007629789354 40
1752780364827 0.3116603085088738 41
1752780385526 0.3105821861005142 42
1752780405874 0.3109139160723171 43
1752780426246 0.3095869961851053 44
1752780446613 0.3148946757339526 45
1752780467266 0.31290429590313484 46
1752780488965 0.3141482832973959 47
1752780510138 0.3191242328744402 48
1752780531485 0.3182119754519821 49
1752780552222 0.3192900978603417 50
1752780572870 0.32028528777575055 51
1752780593889 0.32003649029689835 52
1752780615062 0.3236855199867308 53
1752780635946 0.31987062531099686 54
1752780656888 0.3241001824514845 55
1752780679052 0.3229391275501742 56
1752780702090 0.3232708575219771 57
1752780725990 0.32401724995853376 58
1752780747832 0.3235196550008293 59
1752780771349 0.327417482169514 60
1752780793936 0.3271686846906618 61
1752780816157 0.3254271023386963 62
1752780836818 0.3299883894509869 63
1752780858185 0.32816387460607066 64
1752780879647 0.32882733454967655 65
1752780902335 0.3266710897329574 66
1752780923753 0.32841267208492286 67
1752780944483 0.3305689169016421 68
1752780965365 0.3305689169016421 69
1752780988692 0.33289102670426274 70
1752781010784 0.3338862166196716 71
1752781032319 0.33330568916901643 72
1752781053704 0.3305689169016421 73
1752781074973 0.3319787692818046 74
1752781096019 0.33280809421131197 75
1752781117607 0.33264222922541054 76
1752781138814 0.33355448664786863 77
1752781160018 0.33363741914081935 78
1752781181225 0.33405208160557304 79
1752781202245 0.33703765135179964 80
1752781223515 0.336291258915243 81
1752781244810 0.3358765964504893 82
1752781265519 0.33529606899983416 83
1752781286400 0.33662298888704595 84
1752781307898 0.33662298888704595 85
1752781328621 0.33728644883065184 86
1752781350773 0.33819870625311 87
1752781373936 0.33712058384475035 88
1752781394753 0.33944269364737106 89
1752781415778 0.3385304362249129 90
1752781436627 0.34027201857687844 91
1752781457712 0.33753524630950404 92
1752781479418 0.3387792337037651 93
1752781499714 0.3381157737601592 94
1752781521445 0.33994028860507547 95
1752781542724 0.3392768286614696 96
1752781564238 0.33994028860507547 97
1752781585157 0.3373693813236026 98
1752781605772 0.3386133687178637 99
1752781626988 0.3404378835627799 100
