1752779464877 4.54128705292336 0
1752779486931 4.369137496158883 1
1752779508498 4.19421461395718 2
1752779530846 4.012779809282841 3
1752779552403 3.8454024771580824 4
1752779573491 3.7146920455065935 5
1752779594931 3.5878028933059527 6
1752779618442 3.483478585988082 7
1752779641963 3.3909586360678077 8
1752779663249 3.304291618736209 9
1752779684079 3.2064556638534003 10
1752779706422 3.146335569059325 11
1752779727424 3.0920425925806567 12
1752779750126 3.0336686551973626 13
1752779772940 2.9839179300375887 14
1752779795234 2.941525458534424 15
1752779817275 2.9130189460324676 16
1752779839256 2.8576064010377267 17
1752779860426 2.816773743872103 18
1752779881245 2.7829803299486033 19
1752779901933 2.7724515324760532 20
1752779924567 2.7319981447496526 21
1752779948448 2.715897625538747 22
1752779971522 2.6955355012890054 23
1752779993534 2.67527960458569 24
1752780016257 2.6659185717864013 25
1752780038711 2.638651977368706 26
1752780060630 2.63215767414737 27
1752780083517 2.6084950398150326 28
1752780106639 2.5925198238393343 29
1752780127507 2.573557464607261 30
1752780149748 2.574210389643102 31
1752780171418 2.5556141390289002 32
1752780192360 2.541536113587082 33
1752780214230 2.540772154360909 34
1752780234973 2.5184329925985955 35
1752780255910 2.508304111521087 36
1752780276857 2.5085370727890246 37
1752780298702 2.4835978122050495 38
1752780320358 2.4690007357732267 39
1752780343270 2.463595016066589 40
1752780364828 2.462266059982515 41
1752780385527 2.45175958242947 42
1752780405875 2.447399785427528 43
1752780426247 2.441418793857903 44
1752780446614 2.427383852782785 45
1752780467267 2.4311178646906204 46
1752780488966 2.415572536681351 47
1752780510139 2.4036151791318647 48
1752780531486 2.3994598059940175 49
1752780552223 2.384818452070593 50
1752780572871 2.3904330668517866 51
1752780593890 2.3805287710038594 52
1752780615063 2.3697306492705703 53
1752780635947 2.36537450103945 54
1752780656889 2.363730518336131 55
1752780679053 2.3505668507612034 56
1752780702091 2.3510016495663977 57
1752780725991 2.343660866728405 58
1752780747833 2.339543682321705 59
1752780771350 2.3470921538442977 60
1752780793937 2.342555268095001 61
1752780816158 2.3328431459848544 62
1752780836819 2.314649122616125 63
1752780858185 2.309775855945977 64
1752780879648 2.3130031966075704 65
1752780902336 2.3161160793168016 66
1752780923754 2.301312539223078 67
1752780944484 2.2926974559605524 68
1752780965366 2.2932291735102095 69
1752780988693 2.280118286804724 70
1752781010785 2.2736277072501645 71
1752781032320 2.271883199016589 72
1752781053705 2.275035563592069 73
1752781074974 2.2615117666412248 74
1752781096020 2.2618810019166387 75
1752781117608 2.246219925060113 76
1752781138815 2.246872534516041 77
1752781160019 2.2467379438741184 78
1752781181226 2.2422897422535195 79
1752781202246 2.2283749308537795 80
1752781223516 2.2294989765583964 81
1752781244811 2.2249010812673666 82
1752781265520 2.2201337301285586 83
1752781286401 2.2173884233485 84
1752781307899 2.213215207586669 85
1752781328622 2.2128289411492594 86
1752781350774 2.2028798524642714 87
1752781373937 2.200826767913846 88
1752781394754 2.198953258471463 89
1752781415779 2.1960718413575777 90
1752781436628 2.1863657439291173 91
1752781457713 2.1942873866095938 92
1752781479419 2.1779402046766436 93
1752781499715 2.180696092885793 94
1752781521447 2.1713090973994316 95
1752781542725 2.166905440585184 96
1752781564239 2.169309932002294 97
1752781585158 2.167934221945502 98
1752781605772 2.1604947883233026 99
1752781626989 2.1525037105988107 100
