1751263501659 0.027247051005150357 0
1751263626683 0.04610400398737332 1
1751263752589 0.06113972420667885 2
1751263879839 0.07725535803289584 3
1751264004821 0.10259179265658748 4
1751264129993 0.11729523176607409 5
1751264254169 0.13590297391593287 6
1751264380034 0.14512377471340754 7
1751264508682 0.16879880378800466 8
1751264639495 0.1770227612560226 9
1751264768286 0.19745804950988535 10
1751264895072 0.20701113141717895 11
1751265024527 0.23135072271141385 12
1751265152028 0.23226449576341585 13
1751265279390 0.23517195547433128 14
1751265408587 0.2505399568034557 15
1751265534472 0.25037381624854627 16
1751265659614 0.2570194384449244 17
1751265788841 0.2737996344907792 18
1751265914640 0.2770393753115135 19
1751266038956 0.28484798139225787 20
1751266166572 0.2864263166638977 21
1751266293769 0.28908456554244893 22
1751266419551 0.29365343080245887 23
1751266550199 0.3099352051835853 24
1751266677062 0.308523010466855 25
1751266806931 0.31143047017777037 26
1751266935250 0.3086891510217644 27
1751267061589 0.32098355208506396 28
1751267186775 0.3302874231599934 29
1751267317705 0.32962286094035553 30
1751267446695 0.33153347732181426 31
1751267574710 0.33900980229273964 32
1751267701586 0.3454062136567536 33
1751267828389 0.3392590131251038 34
1751267954366 0.34150191061638147 35
1751268081181 0.34274796477820235 36
1751268207916 0.34092041867419837 37
1751268334051 0.34955972752948994 38
1751268459590 0.36052500415351385 39
1751268587029 0.36127263665060644 40
1751268713808 0.36908124273135073 41
1751268845722 0.36700448579498257 42
1751268970034 0.3661737830204353 43
1751269095983 0.3674198371822562 44
1751269223048 0.3783851138062801 45
1751269350062 0.36949659411862434 46
1751269474577 0.3745638810433627 47
1751269604591 0.37281940521681345 48
1751269730574 0.37423159993354377 49
1751269859029 0.38104336268483135 50
1751269935408 0.385113806280113 51
1751270007284 0.3873567037713906 52
1751270079251 0.39616215318159165 53
1751270152864 0.4008140887190563 54
1751270228157 0.40114636982887525 55
1751270301799 0.40181093204851304 56
1751270375752 0.4016447914936036 57
1751270450793 0.4007310184416016 58
1751270524895 0.3991526831699618 59
1751270599476 0.41194550589798967 60
1751270670381 0.4112809436783519 61
1751270744922 0.4102841003488952 62
1751270818996 0.4114470842332613 63
1751270890320 0.41177936534308024 64
1751270963952 0.41593287921581656 65
1751271037103 0.4174281442100017 66
1751271110524 0.4203356039209171 67
1751271185855 0.41933876059146036 68
1751271259226 0.42208007974746636 69
1751271334068 0.4291410533311181 70
1751271408563 0.42988868582821066 71
1751271480196 0.4244060475161987 72
1751271554143 0.4300548263831201 73
1751271629147 0.42174779863764744 74
1751271703017 0.425236750290746 75
1751271777595 0.41427147366672207 76
1751271850524 0.41427147366672207 77
1751271924364 0.4200033228110982 78
1751271998382 0.42606745306529326 79
1751272072625 0.425236750290746 80
1751272147651 0.4315500913773052 81
1751272222274 0.43603588635986046 82
1751272296960 0.43844492440604754 83
1751272370227 0.4330453563714903 84
1751272444561 0.4346236916431301 85
1751272519555 0.43047017777039376 86
1751272593377 0.4272304369496594 87
1751272669400 0.4312178102674863 88
1751272743424 0.4312178102674863 89
1751272817965 0.4342083402558565 90
1751272892018 0.4407708921747799 91
1751272964480 0.4417677355042366 92
1751273039139 0.4474995846486127 93
1751273112321 0.44442598438278785 94
1751273184876 0.45314836351553417 95
1751273258906 0.44450905466024254 96
1751273333908 0.44442598438278785 97
1751273408828 0.44542282771224456 98
1751273482909 0.45564047183917594 99
1751273556554 0.4474995846486127 100
1751273609480 0.45314836351553417 101
1751273661675 0.4538959960126267 102
1751273715036 0.45165309852134905 103
1751273768135 0.4508223957468018 104
1751273822113 0.45838179099518195 105
1751273874355 0.4574680179431799 106
1751273927030 0.4595447748795481 107
1751273979534 0.4597109154344576 108
1751274030806 0.4585479315500914 109
1751274083970 0.4547266987871739 110
1751274136325 0.4585479315500914 111
1751274189279 0.45879714238245556 112
1751274243141 0.46062468848645954 113
1751274294691 0.46718724040538295 114
1751274347152 0.4671041701279282 115
1751274400299 0.4688486459544775 116
1751274453397 0.45763415849808936 117
1751274507330 0.4541452068449909 118
1751274560541 0.4539790662900814 119
1751274613802 0.45447748795480974 120
1751274667351 0.45406213656753613 121
1751274719606 0.4517361687988038 122
1751274771408 0.4602924073766406 123
1751274823985 0.4625353048679183 124
1751274876841 0.4623691643130088 125
1751274930507 0.4613723209835521 126
1751274983030 0.46602425652101676 127
1751275035670 0.46901478650938694 128
1751275089074 0.4658581159661073 129
1751275142055 0.4656919754111979 130
1751275195281 0.4713407542781193 131
1751275248245 0.4648612726366506 132
1751275301297 0.45946170460209335 133
1751275354849 0.458049509885363 134
1751275407885 0.46652267818574517 135
1751275460987 0.458049509885363 136
1751275514360 0.46477820235919587 137
1751275566294 0.46419671041701277 138
1751275618605 0.470510051503572 139
1751275671172 0.46178767237082574 140
1751275724114 0.4646951320817412 141
1751275776353 0.46685495929556403 142
1751275828324 0.4651104834690148 143
1751275881419 0.4641136401395581 144
1751275934847 0.46535969430137897 145
1751275986517 0.4657750456886526 146
1751276039616 0.4682671540122944 147
1751276092212 0.4620368832031899 148
1751276144129 0.4641136401395581 149
1751276196506 0.460790829041369 150
1751276228022 0.45879714238245556 151
1751276259829 0.46685495929556403 152
1751276291304 0.471423824555574 153
1751276323306 0.4696793487290248 154
1751276354761 0.47333444093703275 155
1751276386138 0.47183917594284763 156
1751276417666 0.4770726034224954 157
1751276449207 0.4738328626017611 158
1751276480678 0.4748297059312178 159
1751276512006 0.4708423326133909 160
1751276543408 0.47441435454394415 161
1751276574265 0.4722545273301213 162
1751276605243 0.4710915434457551 163
1751276637072 0.4738328626017611 164
1751276668562 0.4740820734341253 165
1751276700335 0.4773218142548596 166
1751276731461 0.4790662900814089 167
1751276762701 0.4791493603588636 168
1751276794067 0.47374979232430636 169
1751276825417 0.48147532812759597 170
1751276856684 0.4782355873068616 171
1751276887409 0.47649111148031237 172
1751276918877 0.47931550091377306 173
1751276950587 0.48238910117959793 174
1751276981776 0.4770726034224954 175
1751277012909 0.4800631334108656 176
1751277043898 0.4766572520352218 177
1751277075349 0.4806446253530487 178
1751277106687 0.480229273965775 179
1751277137796 0.4790662900814089 180
1751277169397 0.4832198039541452 181
1751277200922 0.4844658581159661 182
1751277232149 0.48513042033560394 183
1751277263620 0.4860441933876059 184
1751277294873 0.486625685329789 185
1751277326188 0.483884366173783 186
1751277357754 0.48645954477487957 187
1751277389112 0.4853796311679681 188
1751277420477 0.48670875560724375 189
1751277452160 0.48429971756105666 190
1751277483688 0.4850473500581492 191
1751277514991 0.48521349061305863 192
1751277546603 0.48355208506396413 193
1751277578344 0.4860441933876059 194
1751277609761 0.4847150689483303 195
1751277641343 0.486625685329789 196
1751277673239 0.47989699285595616 197
1751277704613 0.4828044525668716 198
1751277735542 0.48180760923741484 199
1751277767002 0.4834690147865094 200
