1751263501660 4.55519756613383 0
1751263626684 4.456696236870178 1
1751263752590 4.373424553480304 2
1751263879840 4.256924646123211 3
1751264004822 4.142989559201645 4
1751264129994 4.024235489489702 5
1751264254169 3.924779882447065 6
1751264380035 3.842412705780228 7
1751264508683 3.746628757357948 8
1751264639496 3.6173630355285367 9
1751264768287 3.5591960713962587 10
1751264895073 3.4865615339076736 11
1751265024527 3.4050239012390686 12
1751265152029 3.361250760350823 13
1751265279391 3.2897520200100803 14
1751265408587 3.2018396242068765 15
1751265534473 3.1825715580273197 16
1751265659615 3.1314494318950072 17
1751265788842 3.0210885380360697 18
1751265914641 2.9690311699416667 19
1751266038957 2.9210472107058867 20
1751266166573 2.904910349906017 21
1751266293769 2.880786549824534 22
1751266419552 2.8425749059658485 23
1751266550200 2.6908186526171245 24
1751266677063 2.683195764137046 25
1751266806932 2.6611881373233284 26
1751266935251 2.694912232167333 27
1751267061590 2.5964710355782117 28
1751267186776 2.5149013472735855 29
1751267317706 2.4877407056110754 30
1751267446696 2.421341880899159 31
1751267574710 2.4088428838819755 32
1751267701587 2.3201997644100034 33
1751267828390 2.3242769350633243 34
1751267954366 2.292628213694337 35
1751268081182 2.303021482049091 36
1751268207916 2.2549107949891076 37
1751268334052 2.2191478844173016 38
1751268459591 2.1798056430892316 39
1751268587030 2.131681568441445 40
1751268713808 2.0725891890553125 41
1751268845723 2.0787811831999043 42
1751268970035 2.0685802246997866 43
1751269095983 2.0350678176182617 44
1751269223048 1.9739167765096086 45
1751269350063 2.008723854401649 46
1751269474578 1.9928903232425288 47
1751269604592 1.9460905552937635 48
1751269730575 1.898542432514571 49
1751269859030 1.8669390777872108 50
1751269935409 1.7586453254074297 51
1751270007285 1.7218569117594713 52
1751270079252 1.6893395695345224 53
1751270152865 1.6722761911362372 54
1751270228158 1.645748956093722 55
1751270301800 1.6397460863344957 56
1751270375753 1.6565789961533643 57
1751270450793 1.663149264938237 58
1751270524896 1.584451283938547 59
1751270599476 1.5474359723275426 60
1751270670382 1.5189896528321363 61
1751270744923 1.5489210583905353 62
1751270818997 1.5496498795446225 63
1751270890321 1.4965038987243813 64
1751270963953 1.4827577401126393 65
1751271037104 1.4572850188797088 66
1751271110525 1.45598093350506 67
1751271185856 1.5156230914675424 68
1751271259227 1.4475785257978293 69
1751271334069 1.3729365385423669 70
1751271408563 1.356074235656116 71
1751271480197 1.3568819578448894 72
1751271554144 1.3315236632167642 73
1751271629148 1.3610738071817756 74
1751271703018 1.3575062587177644 75
1751271777595 1.4006104704001219 76
1751271850524 1.4130017679034348 77
1751271924365 1.343256960188036 78
1751271998383 1.3352222109182936 79
1751272072625 1.325207831501685 80
1751272147652 1.2514761388102196 81
1751272222274 1.255370816346626 82
1751272296961 1.2375294358534923 83
1751272370227 1.2570651427667687 84
1751272444562 1.2477586354974997 85
1751272519556 1.2551949863342045 86
1751272593377 1.273849487287854 87
1751272669401 1.2346514809374416 88
1751272743425 1.2580223557671995 89
1751272817966 1.2066967103829174 90
1751272892019 1.1977547506773207 91
1751272964480 1.1735616823013977 92
1751273039139 1.1267291756543343 93
1751273112322 1.1147930946423446 94
1751273184876 1.106024450297182 95
1751273258907 1.1466263552333733 96
1751273333908 1.1425179768474667 97
1751273408828 1.1729468667089702 98
1751273482910 1.099696831965992 99
1751273556555 1.1446009351879345 100
1751273609481 1.0851920853134445 101
1751273661676 1.0812402035960378 102
1751273715037 1.120439871632427 103
1751273768136 1.1010172491029575 104
1751273822114 1.0506206913558573 105
1751273874355 1.0301390474506769 106
1751273927031 1.011701842881747 107
1751273979535 1.010837428194258 108
1751274030807 1.0380710127053703 109
1751274083971 1.0329890388622724 110
1751274136326 0.9977634380501665 111
1751274189280 0.9642899937363214 112
1751274243142 0.9885994957064322 113
1751274294691 0.9611323009070499 114
1751274347153 0.9507240626421538 115
1751274400300 0.9273190290041537 116
1751274453398 0.9586619569609954 117
1751274507330 1.0029173435380243 118
1751274560542 0.9850512118873074 119
1751274613803 1.016968402294767 120
1751274667352 0.9827703451992221 121
1751274719607 1.0068132621429926 122
1751274771408 0.9431361580674097 123
1751274823986 0.9355994658822608 124
1751274876842 0.9478468513104497 125
1751274930508 0.9521029534129783 126
1751274983031 0.9204075790036622 127
1751275035670 0.9345805618100451 128
1751275089075 0.9032755120016929 129
1751275142056 0.9239901052748752 130
1751275195281 0.8877178181311998 131
1751275248246 0.9306347233491091 132
1751275301298 0.9543178327974307 133
1751275354850 0.9416396909813425 134
1751275407885 0.9286725445853694 135
1751275460988 0.9674576112335785 136
1751275514360 0.9266478942467206 137
1751275566295 0.9307093161230491 138
1751275618606 0.9037278287182493 139
1751275671173 0.9012582394850924 140
1751275724115 0.9052988731836882 141
1751275776354 0.8945509762797401 142
1751275828325 0.9171342851786697 143
1751275881420 0.8958265136813055 144
1751275934848 0.8542568678400014 145
1751275986517 0.8526893479617633 146
1751276039617 0.8718683265358838 147
1751276092213 0.8981206440423569 148
1751276144130 0.8780159771156831 149
1751276196507 0.8777785979644108 150
1751276228023 0.9450897888805813 151
1751276259830 0.8773202062343701 152
1751276291305 0.8637109078925311 153
1751276323307 0.8664773640114408 154
1751276354762 0.8371608569608753 155
1751276386138 0.8533844515127719 156
1751276417667 0.841276349005289 157
1751276449208 0.8353617678573743 158
1751276480679 0.8230796179720664 159
1751276512007 0.8433691575570669 160
1751276543409 0.8280599693008849 161
1751276574266 0.853436679614159 162
1751276605243 0.8504612336267794 163
1751276637072 0.7998691515796617 164
1751276668562 0.8179413303812146 165
1751276700336 0.7958002215055197 166
1751276731462 0.7839532169511838 167
1751276762701 0.8075438936517647 168
1751276794067 0.8287827325355537 169
1751276825417 0.8037029830243684 170
1751276856684 0.793411140703115 171
1751276887410 0.8133467702559513 172
1751276918878 0.8052648171070398 173
1751276950588 0.7910719302505119 174
1751276981777 0.7889151468906496 175
1751277012910 0.7683997759494708 176
1751277043899 0.7854705087764904 177
1751277075350 0.780874557379105 178
1751277106688 0.8138410803646996 179
1751277137797 0.8078673152182468 180
1751277169398 0.7721794728594787 181
1751277200923 0.7621647277263632 182
1751277232149 0.7618612196333057 183
1751277263621 0.7595419076318038 184
1751277294874 0.7693947041476714 185
1751277326189 0.7573179078070422 186
1751277357755 0.7490855583058065 187
1751277389112 0.7489107458739878 188
1751277420478 0.7229675096702403 189
1751277452160 0.748290107778243 190
1751277483689 0.744089326276577 191
1751277514992 0.7465908625840392 192
1751277546603 0.7630700995718309 193
1751277578345 0.7854014988623097 194
1751277609762 0.7790123179003741 195
1751277641343 0.7645501271605659 196
1751277673239 0.8019026980568789 197
1751277704614 0.7689945973593804 198
1751277735543 0.761337396024913 199
1751277767003 0.7464218836065543 200
