1754173327313 0.17683084779632166 0
1754173372349 0.289938200791918 1
1754173428232 0.3234096880435185 2
1754173476569 0.36831587906598084 3
1754173532006 0.33432631462087853 4
1754173601241 0.43122525256263183 5
1754173656815 0.39412722495651853 6
1754173715328 0.4473966621026533 7
1754173775345 0.42802427561706696 8
1754173840834 0.4683417829256559 9
1754173906373 0.4546127372978574 10
1754173976131 0.4787403323095141 11
1754174047591 0.4656033749028605 12
1754174089268 0.4875106390852237 13
1754174157787 0.48456870073640973 14
1754174219683 0.4962994486178441 15
1754174273712 0.4996114421048736 16
1754174335119 0.5036635458683344 17
1754174407854 0.4973541057617585 18
1754174467850 0.5105465714391444 19
1754174524414 0.5005180771935018 20
1754174567598 0.5153942937497688 21
1754174650363 0.5026458942382415 22
1754174711577 0.5201124967620175 23
1754174769833 0.5118972726936314 24
1754174811001 0.5312141509084853 25
1754174870291 0.510324538356215 26
1754174916743 0.5350627243459275 27
1754174987241 0.5177811493912593 28
1754175044560 0.5383562150760464 29
1754175100958 0.5224623468896865 30
1754175160758 0.5412611479110387 31
1754175215849 0.5338230396329053 32
1754175282598 0.5276616215816157 33
1754175361886 0.505291788476483 34
1754175409712 0.5360803759760204 35
1754175462259 0.5230729378677423 36
1754175514274 0.5462198867631277 37
1754175563963 0.5456648040558043 38
1754175607388 0.5491618251119417 39
1754175659856 0.5437775228509047 40
1754175730029 0.5384857343744218 41
1754175780680 0.5396144025459794 42
1754175847716 0.5278466491507234 43
1754175893649 0.5371720386337564 44
1754175983696 0.535025718832106 45
1754176031865 0.5492358361395848 46
1754176095252 0.5392813529215853 47
1754176147530 0.5472005328793991 48
1754176198641 0.5476816045590793 49
1754176251120 0.5181141990156534 50
1754176312856 0.5419272471598268 51
1754176367173 0.5399474521703734 52
1754176417757 0.5350442215890168 53
1754176490733 0.5491433223550309 54
1754176559755 0.5420012581874699 55
1754176632301 0.5372830551752211 56
1754176681048 0.5489767975428339 57
1754176742513 0.5385412426451541 58
1754176810851 0.5309551123117344 59
1754176860751 0.5392813529215853 60
1754176931419 0.5466269474151648 61
1754176986002 0.5266069644377012 62
1754177037752 0.5227768937571698 63
1754177087981 0.5481626762387596 64
1754177175768 0.5269400140620952 65
1754177234777 0.5237020316027088 66
1754177295441 0.5259593679458239 67
1754177348572 0.5399844576841949 68
1754177408958 0.525700329349073 69
1754177457762 0.5250342301002849 70
1754177524019 0.5369500055508271 71
1754177575120 0.525367279724679 72
1754177635337 0.5441105724752988 73
1754177685936 0.5261443955149318 74
1754177735196 0.5254967990230545 75
1754177806607 0.536117381489842 76
1754177858139 0.5188728120489953 77
1754177920622 0.5003515523813048 78
1754177971989 0.5363949228435037 79
1754178021380 0.5313621729637716 80
1754178070868 0.5299929689523739 81
1754178130833 0.5099544832179995 82
1754178181886 0.5137660511416201 83
1754178233702 0.5307515819857159 84
1754178290585 0.530400029604411 85
1754178340344 0.5430744180882952 86
1754178389292 0.5205565629278762 87
1754178441245 0.521333678718129 88
1754178490725 0.5389853088110128 89
1754178540913 0.5251267438848388 90
1754178593274 0.5247936942604448 91
1754178658515 0.5248121970173556 92
1754178711073 0.5270325278466491 93
1754178771968 0.533508492765422 94
1754178840819 0.5302150020353033 95
1754178895500 0.5196684305961589 96
1754178980182 0.5404655293638753 97
1754179031612 0.5373940717166857 98
1754179081913 0.5088443178033527 99
1754179134213 0.511841764422899 100
