1754173327314 2.1882207540507483 0
1754173372350 2.0999033304716916 1
1754173428233 2.007468364262635 2
1754173476571 2.0047022594879422 3
1754173532007 2.055009331468263 4
1754173601242 1.9628600937258887 5
1754173656817 2.0577891273905875 6
1754173715329 1.9898998130115133 7
1754173775346 2.031458906631952 8
1754173840836 2.0182243889514644 9
1754173906374 2.055921609628024 10
1754173976132 2.042770671735097 11
1754174047592 2.082265792040392 12
1754174089269 2.0870250233181844 13
1754174157788 2.068738085033722 14
1754174219684 2.1152147362513873 15
1754174273713 2.087929715473167 16
1754174335120 2.1590093212628894 17
1754174407855 2.1166418720930253 18
1754174467851 2.1917611123490714 19
1754174524415 2.1500899853877726 20
1754174567599 2.2243637030644403 21
1754174650364 2.186111236668815 22
1754174711578 2.248628976706573 23
1754174769835 2.2184956307862578 24
1754174811002 2.264589610066493 25
1754174870292 2.2352694794141517 26
1754174916745 2.3058048729877654 27
1754174987242 2.2693687609048694 28
1754175044561 2.345768127821185 29
1754175100959 2.2926200959313072 30
1754175160759 2.388702319782243 31
1754175215851 2.3029946586929846 32
1754175282599 2.419953292997264 33
1754175361888 2.427191250646791 34
1754175409713 2.458698413312272 35
1754175462260 2.426750508259302 36
1754175514275 2.491496501446827 37
1754175563964 2.456202376223515 38
1754175607389 2.543869378738108 39
1754175659857 2.4901949593819883 40
1754175730031 2.5585505021785724 41
1754175780682 2.5473936911520063 42
1754175847718 2.5859253065805192 43
1754175893651 2.6261436874897823 44
1754175983697 2.580650651023054 45
1754176031866 2.646512931134218 46
1754176095254 2.5568212766588285 47
1754176147531 2.6546632376180592 48
1754176198643 2.5687219147893203 49
1754176251122 2.7410234965024762 50
1754176312857 2.6562817661762983 51
1754176367174 2.5820597515373067 52
1754176417758 2.7211706895445342 53
1754176490734 2.654665929910215 54
1754176559757 2.6342718914243846 55
1754176632302 2.703337567701874 56
1754176681049 2.628085818354316 57
1754176742514 2.613001041095229 58
1754176810852 2.700731026035432 59
1754176860752 2.713238101681109 60
1754176931420 2.5833279317716187 61
1754176986003 2.7208948938879485 62
1754177037753 2.6363117639799056 63
1754177087982 2.644485285195802 64
1754177175769 2.674435206202169 65
1754177234778 2.6725681154725915 66
1754177295443 2.578789707020525 67
1754177348573 2.641725694744345 68
1754177408960 2.5943308062557566 69
1754177457763 2.66674960829125 70
1754177524020 2.4895980169798784 71
1754177575121 2.468552178542792 72
1754177635338 2.5344866296131854 73
1754177685938 2.5252622518414287 74
1754177735197 2.5595791068761775 75
1754177806609 2.3726352683555563 76
1754177858140 2.429872084917205 77
1754177920623 2.4839534719793237 78
1754177971990 2.3508137216855727 79
1754178021382 2.402909461857769 80
1754178070869 2.339128741510667 81
1754178130835 2.428792238145673 82
1754178181887 2.5255130334863103 83
1754178233703 2.444703967485119 84
1754178290587 2.4962862196635234 85
1754178340345 2.443445963965431 86
1754178389293 2.5084666893832392 87
1754178441246 2.4327172681107245 88
1754178490726 2.427449176495578 89
1754178540914 2.5278302615139467 90
1754178593275 2.486553742121579 91
1754178658516 2.5039321050512173 92
1754178711075 2.485185139762443 93
1754178771969 2.42087878959071 94
1754178840820 2.434690465343907 95
1754178895502 2.4573926627834743 96
1754178980184 2.509752649245875 97
1754179031613 2.4922888810442094 98
1754179081914 2.54089388403222 99
1754179134214 2.449575945707839 100
