1751824315125 0.1579171212485438 0
1751824404854 0.12061983394663363 1
1751824499777 0.13868599641265555 2
1751824592816 0.16294680005177611 3
1751824682275 0.21892046820392388 4
1751824763786 0.2608036391205459 5
1751824848434 0.16043196065015994 6
1751824938973 0.29516078329850776 7
1751825029969 0.19955990310471716 8
1751825116655 0.2862663880619094 9
1751825204141 0.2646313726215352 10
1751825287039 0.2887257530649605 11
1751825379607 0.3173135597921559 12
1751825466071 0.2807929140701566 13
1751825557662 0.3682020747425063 14
1751825645810 0.2331773886351449 15
1751825739750 0.3820521829175835 16
1751825836557 0.2619131270918471 17
1751825919223 0.34133397437082785 18
1751826026033 0.29970968398084286 19
1751826120720 0.3823850293089739 20
1751826215920 0.28436176704450894 21
1751826307686 0.36666728304887297 22
1751826397658 0.38636069453947003 23
1751826488292 0.3454945542632075 24
1751826577508 0.3015033562011132 25
1751826671098 0.364633221768154 26
1751826768048 0.33500989293441075 27
1751826860623 0.3152979899776253 28
1751826952163 0.26757151574548343 29
1751827042958 0.40838403076979973 30
1751827135887 0.3513748405111041 31
1751827229935 0.4102701603210119 32
1751827329998 0.40082102109876294 33
1751827414622 0.37853880434179626 34
1751827499028 0.36884927605909873 35
1751827586814 0.40749644039275873 36
1751827677843 0.32450674013942565 37
1751827770630 0.3668521977107565 38
1751827866723 0.39882394275042066 39
1751827946552 0.3573290926237541 40
1751828036763 0.3973631169215407 41
1751828122738 0.35157824663917603 42
1751828216367 0.4152813476580558 43
1751828308363 0.35022836960742615 44
1751828402560 0.3895782096562436 45
1751828502473 0.40879084302594354 46
1751828583236 0.3864161689380351 47
1751828671452 0.3396327594814993 48
1751828763006 0.40760738918988887 49
1751828849950 0.395550953235082 50
1751828904651 0.40013683684979384 51
1751828958231 0.309639601323989 52
1751829015623 0.39176020266646944 53
1751829075236 0.41563268551563454 54
1751829135286 0.40106141015921154 55
1751829193699 0.4098818395310564 56
1751829255206 0.38854268754969584 57
1751829318016 0.43584385805950554 58
1751829375112 0.4225854768024557 59
1751829434926 0.4116755117513268 60
1751829491277 0.4153183305904325 61
1751829545642 0.40886480889069693 62
1751829600503 0.43604726418757744 63
1751829656654 0.32337876070193605 64
1751829715523 0.41611346363653173 65
1751829772686 0.3707538970764992 66
1751829827169 0.3978069121100612 67
1751829884482 0.4477338708186172 68
1751829938315 0.3864901348027885 69
1751829988916 0.3661680134617874 70
1751830046220 0.4108988701714159 71
1751830106257 0.38244050370753896 72
1751830160896 0.40126481628728344 73
1751830214711 0.43900589877771407 74
1751830272427 0.4143937572810148 75
1751830329415 0.40431590820836183 76
1751830382520 0.37380498899757764 77
1751830439815 0.4236579818413802 78
1751830497285 0.41581760017751807 79
1751830554818 0.413672590099669 80
1751830607627 0.4066088500157177 81
1751830659179 0.38401227833354906 82
1751830712194 0.4438691543852512 83
1751830769214 0.38944876939292516 84
1751830823627 0.41652027589267554 85
1751830879530 0.4363061447142144 86
1751830938624 0.42169788642541467 87
1751831000306 0.40144973094916697 88
1751831055256 0.4070341537380499 89
1751831109054 0.4175742894654117 90
1751831163461 0.41579910871132975 91
1751831217013 0.37374951459901257 92
1751831274591 0.40971541633536124 93
1751831330077 0.410695464043344 94
1751831389775 0.42839179718559883 95
1751831446381 0.4355295031343035 96
1751831503938 0.4111577506980528 97
1751831560959 0.3804804082915734 98
1751831616422 0.44107694299080974 99
1751831671598 0.4173154089387748 100
1751831712109 0.4352891140738549 101
1751831751262 0.4289095582388728 102
1751831793279 0.4336803565154681 103
1751831836197 0.40490763512638916 104
1751831875720 0.42238207067438377 105
1751831918081 0.39808428410288654 106
1751831960203 0.4209397363116922 107
1751832001025 0.44405406904713474 108
1751832041529 0.426154329776808 109
1751832082674 0.3980288097043215 110
1751832122358 0.44492316795798736 111
1751832164436 0.4407440965994194 112
1751832206727 0.38878307661014444 113
1751832247321 0.40494461805876586 114
1751832290069 0.45065552247637714 115
1751832330171 0.3582166830007951 116
1751832371493 0.4297971486159138 117
1751832409782 0.4010244272268348 118
1751832450667 0.4177776955934836 119
1751832491598 0.4067013073466595 120
1751832534497 0.45492705116588694 121
1751832577045 0.4245455722184212 122
1751832620910 0.4477338708186172 123
1751832665069 0.3672775014330886 124
1751832703775 0.4559625732724348 125
1751832746775 0.3802215277649365 126
1751832785750 0.40699717080567316 127
1751832824408 0.43625067031564935 128
1751832863698 0.4209397363116922 129
1751832903556 0.44079957099798445 130
1751832944427 0.4393942195676695 131
1751832987004 0.43930176223672773 132
1751833029915 0.41478207807097023 133
1751833071026 0.4100482627267516 134
1751833110541 0.43647256790990957 135
1751833153203 0.3918711514635996 136
1751833194264 0.4280219678618318 137
1751833239411 0.4464209767192441 138
1751833278613 0.40899424915401544 139
1751833321042 0.40838403076979973 140
1751833358050 0.4182029993158157 141
1751833397674 0.36200743356940773 142
1751833437813 0.44997133822740804 143
1751833480661 0.43946818543242294 144
1751833521657 0.4149669927328538 145
1751833566943 0.4425377688196897 146
1751833607720 0.4184433883762644 147
1751833648014 0.4518019933800551 148
1751833689719 0.3883022984892472 149
1751833733235 0.45193143364337357 150
1751833761233 0.4057582425710535 151
1751833787831 0.4589212078625714 152
1751833814789 0.4195158934151889 153
1751833843307 0.43623217884946097 154
1751833869638 0.39133489894413725 155
1751833897622 0.4454409290112613 156
1751833925136 0.46611438820984114 157
1751833951169 0.43704580336174853 158
1751833977926 0.445736792470275 159
1751834004931 0.4316278037685608 160
1751834031678 0.42907598143456793 161
1751834058269 0.47360343201612454 162
1751834084833 0.45235673736570575 163
1751834110874 0.43695334603080677 164
1751834138580 0.464487139185266 165
1751834165270 0.44146526378076517 166
1751834191185 0.46213872297934505 167
1751834217426 0.4207178387174319 168
1751834245527 0.42578450045304095 169
1751834273617 0.44986038943027795 170
1751834301201 0.475508053033525 171
1751834327893 0.4295752510216535 172
1751834355163 0.46463507091477285 173
1751834384085 0.4334954418535846 174
1751834411339 0.45372510586364395 175
1751834437558 0.45054457367924705 176
1751834464433 0.4408550453965495 177
1751834492261 0.45285600695279127 178
1751834520250 0.3975480315834243 179
1751834548876 0.4345309639601324 180
1751834577594 0.4481776660071377 181
1751834605431 0.42216017308012355 182
1751834632217 0.4232326781190481 183
1751834658731 0.4483810721352096 184
1751834684531 0.4025777103866566 185
1751834711515 0.4420939736311692 186
1751834738936 0.4542983413154829 187
1751834765574 0.3871373361193809 188
1751834793051 0.41036261765195364 189
1751834819306 0.45089591153682573 190
1751834846912 0.4717727768634775 191
1751834876036 0.4630448048225744 192
1751834904083 0.4432034616024705 193
1751834932373 0.40198598346862924 194
1751834959567 0.44470127036372714 195
1751834987522 0.42556260285878067 196
1751835014963 0.43044434993250613 197
1751835041754 0.43338449305645443 198
1751835069021 0.4259139407163594 199
1751835096687 0.4329222064017456 200
