1751040513739 0.036800132912443925 0
1751040552724 0.07177271972088387 1
1751040594034 0.09727529489948497 2
1751040633764 0.1079913606911447 3
1751040674196 0.1403056986210334 4
1751040714275 0.16447914936035887 5
1751040757555 0.1820069779033062 6
1751040800049 0.19579664396079083 7
1751040839351 0.2087556072437282 8
1751040879561 0.21232762917428144 9
1751040923154 0.22262834357866756 10
1751040964196 0.23542116630669546 11
1751041005655 0.23882704768233926 12
1751041030564 0.23999003156670543 13
1751041055762 0.2492939026416348 14
1751041081971 0.2580993520518359 15
1751041107409 0.259262335936202 16
1751041133225 0.2644126931383951 17
1751041160965 0.2672370825718558 18
1751041186436 0.274464196710417 19
1751041210966 0.2747134075427812 20
1751041236605 0.2784515700282439 21
1751041263665 0.2782023591958797 22
1751041288655 0.28044525668715736 23
1751041314534 0.2786177105831533 24
1751041340425 0.28393420834025584 25
1751041360840 0.2865924572188071 26
1751041381080 0.2864263166638977 27
1751041400785 0.290579830536634 28
1751041420819 0.29049676025917925 29
1751041441495 0.29074597109154343 30
1751041462089 0.29506562551918925 31
1751041482449 0.2931550091377305 32
1751041501377 0.29548097690646286 33
1751041520107 0.29539790662900817 34
1751041539620 0.2952317660740987 35
1751041559793 0.2941518524671872 36
1751041578787 0.2963947499584649 37
1751041597842 0.2965608905133743 38
1751041611058 0.3015451071606579 39
1751041624246 0.303954145206845 40
1751041637358 0.30727695630503404 41
1751041650946 0.3042864263166639 42
1751041663960 0.3033726532646619 43
1751041677056 0.3061139724206679 44
1751041690223 0.30245888021265993 45
1751041703658 0.3031234424322977 46
1751041717022 0.3116796810101346 47
1751041730233 0.3105166971257684 48
1751041743245 0.3105166971257684 49
1751041756345 0.3096029240737664 50
