1751040513740 4.5495478555631825 0
1751040552725 4.314229888605707 1
1751040594035 4.1348913629126365 2
1751040633765 3.996654507654385 3
1751040674197 3.9630593677823276 4
1751040714276 3.884696908939032 5
1751040757556 3.8319444296549094 6
1751040800049 3.7814807814268616 7
1751040839352 3.7334642558697504 8
1751040879562 3.7761041985867188 9
1751040923154 3.719356607545193 10
1751040964197 3.7503143323592796 11
1751041005656 3.767786797406559 12
1751041030564 3.718365351708271 13
1751041055763 3.731243119102114 14
1751041081972 3.7454142144881772 15
1751041107409 3.726114575596977 16
1751041133226 3.720852738613862 17
1751041160966 3.7184743090799897 18
1751041186436 3.7398176124078955 19
1751041210967 3.7774146014637817 20
1751041236606 3.734178845466842 21
1751041263666 3.750860386087845 22
1751041288656 3.7267320695956596 23
1751041314535 3.7334884664807317 24
1751041340426 3.7289504202670893 25
1751041360841 3.7373473589690716 26
1751041381081 3.7678465213042767 27
1751041400786 3.745124195822614 28
1751041420820 3.697892702786986 29
1751041441496 3.682791985180069 30
1751041462090 3.6760873387650133 31
1751041482450 3.674333628556249 32
1751041501378 3.705683888906863 33
1751041520107 3.7242070656549635 34
1751041539621 3.683055904357347 35
1751041559794 3.6867285248287356 36
1751041578788 3.66404619516127 37
1751041597843 3.6515619535280535 38
1751041611058 3.63281002217293 39
1751041624247 3.5998886928420655 40
1751041637358 3.6010213498728474 41
1751041650946 3.608158149406685 42
1751041663961 3.5711484242306266 43
1751041677057 3.5479102969780754 44
1751041690223 3.536064626969012 45
1751041703659 3.5485115971593184 46
1751041717023 3.5361301886858265 47
1751041730234 3.518701808307679 48
1751041743245 3.5255136270606884 49
1751041756346 3.5338372169590615 50
