1753392501744 0.020767569363681675 0
1753392518109 0.03156670543279615 1
1753392527089 0.03696627346735338 2
1753392544790 0.06521016780196046 3
1753392561777 0.07243728194052168 4
1753392581209 0.08639308855291576 5
1753392598779 0.10034889516530986 6
1753392615522 0.11405549094533976 7
1753392630588 0.12302708091045024 8
1753392647864 0.13216481143047018 9
1753392662806 0.14138561222794485 10
1753392680622 0.14977571025087225 11
1753392698863 0.1530985213490613 12
1753392715211 0.16888187406545938 13
1753392732301 0.17993022096693803 14
1753392748638 0.18964944342914106 15
1753392767157 0.1900647948164147 16
1753392781658 0.19396909785678684 17
1753392801165 0.19621199534806447 18
1753392816155 0.20642963947499585 19
1753392832781 0.21265991028410036 20
1753392842158 0.21855789998338596 21
1753392859214 0.21913939192556903 22
1753392876183 0.22628343578667554 23
1753392894686 0.2242897491277621 24
1753392912704 0.22852633327795316 25
1753392928523 0.2323475660408706 26
1753392945843 0.2342581824223293 27
1753392964822 0.2377471340754278 28
1753392983755 0.24190064794816415 29
1753393000112 0.247715567369995 30
1753393016988 0.24322977238743979 31
1753393036552 0.2510383784681841 32
1753393051702 0.2492108323641801 33
1753393069952 0.2521182920750955 34
1753393084502 0.2556903140056488 35
1753393095162 0.2582654926067453 36
1753393113353 0.2640804120285762 37
1753393131607 0.26474497424821397 38
1753393148875 0.2676524339591294 39
1753393166394 0.27487954809769066 40
1753393182881 0.27355042365841503 41
1753393202140 0.2743811264329623 42
1753393211470 0.2712244558896827 43
1753393228947 0.2732181425485961 44
1753393247754 0.28077753779697623 45
1753393264023 0.2826050839009802 46
1753393280035 0.2793653430802459 47
1753393301639 0.2846818408373484 48
1753393318836 0.2813590297391593 49
1753393334493 0.27886692141551755 50
1753393349344 0.2831865758431633 51
1753393366525 0.28268815417843496 52
1753393380454 0.28551254361189565 53
1753393394105 0.28792158165808274 54
1753393412380 0.29332114969263995 55
1753393429466 0.28949991692972254 56
1753393449517 0.29174281442100014 57
1753393469549 0.29564711746137234 58
1753393487094 0.2945672038544609 59
1753393504438 0.29423492274464197 60
1753393521521 0.2953148363515534 61
1753393541052 0.29606246884864595 62
1753393557581 0.296976241900648 63
1753393575497 0.2958132580162818 64
1753393590514 0.30146203688320317 65
1753393609470 0.3019604585479316 66
1753393625520 0.301212826050839 67
1753393640282 0.29847150689483304 68
1753393658596 0.2981392257850141 69
1753393676854 0.30146203688320317 70
1753393696317 0.3029573018773883 71
1753393713922 0.2980561555075594 72
1753393731422 0.29847150689483304 73
1753393742800 0.30403721548429974 74
1753393761730 0.30536633992357537 75
1753393779694 0.30561555075593955 76
1753393796839 0.299385279946835 77
1753393814684 0.30262502076756936 78
1753393832649 0.3086891510217644 79
1753393851572 0.30843994018940024 80
1753393871297 0.30378800465193556 81
1753393886436 0.30827379963449075 82
1753393904457 0.3091875726864928 83
1753393921906 0.3079415185246719 84
1753393938911 0.3058647615883037 85
1753393956463 0.3093537132414022 86
1753393974918 0.3096029240737664 87
1753393991564 0.3142548596112311 88
1753394008401 0.3091875726864928 89
1753394023965 0.3049509885363017 90
1753394040247 0.3129257351719555 91
1753394053505 0.3107659079581326 92
1753394070628 0.31101511879049676 93
1753394080763 0.3139225785014122 94
1753394097117 0.31533477321814257 95
1753394115282 0.3069446751952152 96
1753394132924 0.3119288918424988 97
1753394152055 0.3115135404552251 98
1753394167112 0.31500249210832365 99
1753394182697 0.3120950323974082 100
