1753756439558 0.02467187240405383 0
1753756466532 0.05075593952483801 1
1753756484875 0.038876889848812095 2
1753756508137 0.07260342249543114 3
1753756522868 0.08523010466854959 4
1753756535815 0.10034889516530986 5
1753756561836 0.12252865924572189 6
1753756574401 0.13714902807775378 7
1753756592708 0.1511879049676026 8
1753756605495 0.15110483469014788 9
1753756629094 0.15567369995015784 10
1753756642673 0.1761089882040206 11
1753756657442 0.1841668051171291 12
1753756677004 0.1944675195215152 13
1753756709718 0.20485130420335604 14
1753756723465 0.20933709918591129 15
1753756750877 0.20834025585645455 16
1753756766615 0.20825718557899983 17
1753756779511 0.2143213158331949 18
1753756792137 0.23226449576341585 19
1753756804533 0.23442432297723875 20
1753756819880 0.23267984715068948 21
1753756850117 0.23608572852633328 22
1753756879316 0.22752948994849642 23
1753756903500 0.239823891011796 24
1753756933434 0.22736334939358696 25
1753756951900 0.24597109154344576 26
1753756971294 0.24804784847981393 27
1753756988489 0.25685329789001493 28
1753757006136 0.2589300548263831 29
1753757020516 0.2594284764911115 30
1753757037497 0.26034224954311347 31
1753757057339 0.2650772553580329 32
1753757070144 0.2679016447914936 33
1753757086616 0.2602591792656587 34
1753757104829 0.2590961953812926 35
1753757116159 0.2625851470343911 36
1753757136199 0.26150523342747967 37
1753757151322 0.27031068283768067 38
1753757167838 0.26840006645622194 39
1753757184691 0.27413191560059813 40
1753757202466 0.2786177105831533 41
1753757221789 0.2800299052998837 42
1753757238721 0.27238743977404883 43
1753757252862 0.27986376474497426 44
1753757267143 0.28044525668715736 45
1753757283889 0.2793653430802459 46
1753757301031 0.28410034889516533 47
1753757318472 0.28044525668715736 48
1753757335824 0.2809436783518857 49
1753757353257 0.27670709420169465 50
1753757366052 0.2844326300049842 51
1753757378195 0.27894999169297224 52
1753757390688 0.2831865758431633 53
1753757402409 0.28177438112643294 54
1753757414085 0.28567868416680514 55
1753757425041 0.2868416680511713 56
1753757437938 0.29016447914936033 57
1753757449668 0.2893337763748131 58
1753757463183 0.28667552749626185 59
1753757475514 0.28509719222462204 60
1753757489530 0.2797806944675195 61
1753757501939 0.2884200033228111 62
1753757513847 0.28891842498753945 63
1753757526462 0.2902475494268151 64
1753757540169 0.29107825220136235 65
1753757551341 0.29107825220136235 66
1753757565003 0.28883535471008476 67
1753757577519 0.28650938694135236 68
1753757588676 0.2927396577504569 69
1753757600018 0.290579830536634 70
1753757611747 0.2937365010799136 71
1753757621206 0.2895829872071773 72
1753757632556 0.2934042199700947 73
1753757644867 0.2946502741319156 74
1753757656772 0.29888685828210665 75
1753757664151 0.29548097690646286 76
1753757672049 0.2958132580162818 77
1753757679622 0.2995514205017445 78
1753757687077 0.29980063133410867 79
1753757694385 0.30162817743811265 80
1753757702180 0.2993022096693803 81
1753757709732 0.2991360691144708 82
1753757717272 0.3036218640970261 83
1753757724135 0.30403721548429974 84
1753757731025 0.3008805449410201 85
1753757738296 0.3047017777039375 86
1753757745418 0.30104668549592956 87
1753757753175 0.29905299883701614 88
1753757760563 0.3015451071606579 89
1753757766980 0.2983884366173783 90
1753757774059 0.30287423159993354 91
1753757780354 0.3033726532646619 92
1753757787765 0.30004984216647285 93
1753757794954 0.3019604585479316 94
1753757802014 0.30378800465193556 95
1753757809473 0.30287423159993354 96
1753757816980 0.3019604585479316 97
1753757822753 0.30420335603920917 98
1753757830092 0.30569862103339424 99
1753757837817 0.3041202857617544 100
