1753940354532 0.029323807941518523 0
1753940405460 0.0588137564379465 1
1753940448701 0.09287257019438445 2
1753940480555 0.12153181591626516 3
1753940529015 0.14387772055158665 4
1753940580193 0.1723708257185579 5
1753940628918 0.18881874065459378 6
1753940661155 0.2031898986542615 7
1753940711814 0.20626349892008639 8
1753940766103 0.21830868915102175 9
1753940818090 0.23159993354377803 10
1753940868003 0.24555574015617213 11
1753940917593 0.2420667885030736 12
1753940969143 0.2564379465027413 13
1753941015822 0.25901312510383784 14
1753941062507 0.2697291908954976 15
1753941113145 0.2709752450573185 16
1753941163213 0.2719720883867752 17
1753941212637 0.2794484133577006 18
1753941263464 0.28518026250207673 19
1753941317873 0.2864263166638977 20
1753941369176 0.290579830536634 21
1753941421654 0.2945672038544609 22
1753941474086 0.29606246884864595 23
1753941524037 0.2973915932879216 24
1753941573705 0.3027080910450241 25
1753941607549 0.3080245888021266 26
1753941660100 0.3135902973915933 27
1753941712271 0.31068283768067784 28
1753941759253 0.31226117295231764 29
1753941809030 0.3161654759926898 30
1753941849640 0.31882372487124105 31
1753941900722 0.3204851304203356 32
1753941953318 0.3197374979232431 33
1753941985722 0.3247217145705267 34
1753942035200 0.32256188735670377 35
1753942084773 0.32198039541452067 36
1753942132733 0.3251370659578003 37
1753942178415 0.32737996344907794 38
1753942230069 0.329789001495265 39
1753942280137 0.32962286094035553 40
1753942332821 0.3302874231599934 41
1753942366432 0.32904136899817243 42
1753942416275 0.3312842664894501 43
1753942460936 0.3319488287090879 44
1753942511588 0.3324472503738162 45
1753942561505 0.3326964612061804 46
1753942612813 0.33552085063964115 47
1753942663836 0.3369330453563715 48
1753942695515 0.3384283103505566 49
1753942745425 0.33934208340255856 50
1753942785215 0.3408373483967436 51
1753942833253 0.34150191061638147 52
1753942881079 0.34332945672038545 53
1753942931121 0.3444924406047516 54
1753942985271 0.3452400731018442 55
1753943017562 0.3460707758763914 56
1753943065466 0.3464030569862103 57
1753943118163 0.346818408373484 58
1753943169945 0.34648612726366507 59
1753943221720 0.3458215650440272 60
1753943264414 0.34889516530985215 61
1753943317134 0.34889516530985215 62
1753943368404 0.34931051669712576 63
1753943420129 0.3499750789167636 64
1753943472946 0.35130420335603924 65
1753943521868 0.35205183585313177 66
1753943575456 0.35446087389931885 67
1753943627397 0.3547931550091377 68
1753943677734 0.35612227944841335 69
1753943729208 0.35645456055823227 70
1753943770849 0.3559561388935039 71
1753943823165 0.3569529822229606 72
1753943854911 0.3580328958298721 73
1753943907077 0.35869745804950987 74
1753943948673 0.35969430137896663 75
1753944003044 0.35986044193387606 76
1753944049981 0.3600265824887855 77
1753944100162 0.35969430137896663 78
1753944144188 0.36143877720551587 79
1753944194639 0.3621864097026084 80
1753944246500 0.3619371988702442 81
1753944284511 0.3633493935869746 82
1753944336839 0.3630171124771557 83
1753944383192 0.3643462369164313 84
1753944435815 0.3659245721880711 85
1753944484238 0.36509386941352384 86
1753944538220 0.36575843163316163 87
1753944589957 0.36633992357534473 88
1753944641521 0.36700448579498257 89
1753944691173 0.36725369662734675 90
1753944725510 0.36866589134407707 91
1753944778011 0.36825053995680346 92
1753944827133 0.3683336102342582 93
1753944858656 0.36791825884698454 94
1753944909669 0.3675029074597109 95
1753944962080 0.36791825884698454 96
1753945014842 0.3684166805117129 97
1753945063505 0.37041036717062636 98
1753945095410 0.3701611563382622 99
1753945137095 0.36941352384116966 100
