1750970653960 0.03588635986044193 0
1750970676667 0.07742149858780528 1
1750970699509 0.10948662568532978 2
1750970722280 0.12742980561555076 3
1750970744633 0.13548762252865926 4
1750970768050 0.1676358199036385 5
1750970790368 0.17976408041202857 6
1750970813235 0.19862103339425155 7
1750970835895 0.20742648280445256 8
1750970858687 0.21648114304701777 9
1750970881164 0.22968931716231933 10
1750970903117 0.24165143711579998 11
1750970926675 0.24447582654926067 12
1750970942808 0.2572686492772886 13
1750970958642 0.26150523342747967 14
1750970973385 0.26574181757767074 15
