1750970653961 4.505422832034826 0
1750970676668 4.275590361091659 1
1750970699510 4.04119051199292 2
1750970722281 3.857712012722293 3
1750970744633 3.7330819562534767 4
1750970768050 3.5430881052069325 5
1750970790369 3.4061913705012437 6
1750970813236 3.2776013856026345 7
1750970835896 3.183505218411855 8
1750970858688 3.105981199392605 9
1750970881165 3.018123576625048 10
1750970903118 2.9506392594444097 11
1750970926676 2.9306741995238217 12
1750970942809 2.8549501600261493 13
1750970958643 2.8295881362610777 14
1750970973386 2.7977056499537722 15
