1751946742772 0.2583724975021278 0
1751946961985 0.22510454057654591 1
1751947174834 0.1989601450616142 2
1751947378434 0.16654331495392813 3
1751947574836 0.17694186433778633 4
1751947776682 0.1571069089294305 5
1751947987306 0.19690633904451763 6
1751948187639 0.2034193094771121 7
1751948379889 0.208803611738149 8
1751948587947 0.2101543129926359 9
1751948797522 0.22580764533915554 10
1751948993135 0.23853754209377198 11
1751949195574 0.25158198571587165 12
1751949370358 0.22423491100173926 13
1751949600505 0.23409688043518484 14
1751949812992 0.24612367242719166 15
1751950002834 0.24976871553861527 16
1751950191505 0.2597417015135255 17
1751950382075 0.274654923583614 18
1751950578433 0.2798727010324538 19
1751950791238 0.2461606779410132 20
1751950998590 0.26009325389483035 21
1751951201862 0.2627576508899826 22
1751951396106 0.26647670502904935 23
1751951602466 0.27635717721940567 24
1751951780358 0.2752840173185805 25
1751951975005 0.2915849461569774 26
1751952187649 0.31969063390445174 27
1751952392983 0.3149354253783814 28
1751952585675 0.30181697072863856 29
1751952789584 0.3108833216149206 30
1751952993305 0.31750730858897974 31
1751953200692 0.3340487732672168 32
1751953394998 0.32300262739148133 33
1751953586528 0.3328645968249269 34
1751953797508 0.3102357251230433 35
1751954003862 0.3198201532028272 36
1751954219873 0.32233652814269326 37
1751954413036 0.3182844243792325 38
1751954600668 0.3329571106094808 39
1751954816632 0.3444658254079858 40
1751955002451 0.3457980239055619 41
1751955222468 0.369055989342412 42
1751955431405 0.3556044850682752 43
1751955618079 0.3749028605262184 44
1751955818308 0.3749768715538615 45
1751956014069 0.36702068608222627 46
1751956210224 0.38607852570032936 47
1751956428804 0.362339488583799 48
1751956622278 0.35852792066017836 49
1751956814252 0.3644858083854494 50
