1751946742773 2.1717053131185207 0
1751946961986 2.19602550601114 1
1751947174835 2.2534457395748384 2
1751947378435 2.253431113013745 3
1751947574837 2.2420670489004597 4
1751947776683 2.3080013722013994 5
1751947987307 2.2651624221944693 6
1751948187640 2.2377130908372203 7
1751948379889 2.2372815669824737 8
1751948587948 2.2726514321939835 9
1751948797523 2.1932745781593557 10
1751948993136 2.1802888984226816 11
1751949195575 2.1810865815701073 12
1751949370359 2.232510812052673 13
1751949600506 2.214176373876478 14
1751949812993 2.221306157894275 15
1751950002835 2.2119368134941735 16
1751950191506 2.210083549417955 17
1751950382076 2.142215419178479 18
1751950578434 2.1286703188244216 19
1751950791239 2.166055134908599 20
1751950998591 2.1284024085496718 21
1751951201863 2.1314506290791555 22
1751951396107 2.1235357098643353 23
1751951602467 2.065537130795058 24
1751951780359 2.0938674049539845 25
1751951975006 2.008503542384063 26
1751952187650 1.9241650687321217 27
1751952392984 1.953376293920828 28
1751952585675 1.9978683850081094 29
1751952789585 1.987772560784515 30
1751952993306 1.9690085464434128 31
1751953200693 1.8974932925598034 32
1751953394998 1.9379719781710218 33
1751953586529 1.9239433379697333 34
1751953797510 2.000439527518655 35
1751954003863 1.9794863301453902 36
1751954219875 1.9201158703571073 37
1751954413037 1.9034151579934224 38
1751954600669 1.8605794693031288 39
1751954816633 1.8498185779148286 40
1751955002452 1.8264231814704115 41
1751955222470 1.800780510299195 42
1751955431406 1.8302828393927373 43
1751955618080 1.7771428985239697 44
1751955818309 1.7410219870893193 45
1751956014070 1.7734862159152667 46
1751956210225 1.7558655740185782 47
1751956428806 1.8058381364503862 48
1751956622279 1.8244136582781205 49
1751956814253 1.7869335617748228 50
