1753548138781 0.023591958797142383 0
1753548161259 0.03829539790662901 1
1753548179928 0.05349725868084399 2
1753548200432 0.07069280611397243 3
1753548223425 0.08041202857617545 4
1753548248086 0.09445090546602426 5
1753548268513 0.11156338262169796 6
1753548287976 0.1201196211995348 7
1753548311625 0.12394085396245223 8
1753548331604 0.1368998172453896 9
1753548351620 0.15193553746469513 10
1753548371608 0.1580827379963449 11
1753548385396 0.16638976574181757 12
1753548406517 0.17926565874730022 13
1753548427623 0.1885695298222296 14
1753548448312 0.19870410367170627 15
1753548470791 0.20019936866589133 16
1753548490150 0.20426981226117294 17
1753548512861 0.21016780196045856 18
1753548533234 0.21814254859611232 19
1753548551962 0.21980395414520684 20
1753548571889 0.22603422495431136 21
1753548591632 0.22802791161322478 22
1753548611450 0.22877554411031734 23
1753548622801 0.22910782522013623 24
1753548643122 0.2318491443761422 25
1753548661280 0.23807941518524672 26
1753548678501 0.23999003156670543 27
1753548699930 0.2470510051503572 28
1753548721271 0.25062302708091044 29
1753548745770 0.2512875893005483 30
1753548766368 0.2501246054161821 31
1753548787521 0.2521182920750955 32
1753548806117 0.2596776873234757 33
1753548823908 0.25477654095364677 34
1753548844730 0.2613390928725702 35
1753548855250 0.26856620701113143 36
1753548874022 0.26732015284931054 37
1753548894965 0.2700614720053165 38
1753548913884 0.27213822894168466 39
1753548935203 0.27994683502242895 40
1753548952705 0.27953148363515534 41
1753548972692 0.27870078086060807 42
1753548992227 0.27870078086060807 43
1753549014328 0.2846818408373484 44
1753549034952 0.2831865758431633 45
1753549054366 0.2816082405715235 46
1753549076231 0.28551254361189565 47
1753549095379 0.28493105166971255 48
1753549116499 0.2903306197042698 49
1753549134227 0.2855956138893504 50
1753549154189 0.28493105166971255 51
1753549174653 0.29041368998172457 52
1753549193696 0.2925735171955474 53
1753549212935 0.28725701943844495 54
1753549232253 0.2958963282937365 55
1753549251659 0.29573018773882703 56
1753549273526 0.29730852301046684 57
1753549291386 0.3019604585479316 58
1753549310245 0.29747466356537633 59
1753549329860 0.29514869579664393 60
1753549349655 0.2911613224788171 61
1753549370742 0.2983884366173783 62
1753549393071 0.30171124771556734 63
1753549411027 0.3041202857617544 64
1753549431375 0.3047017777039375 65
1753549449944 0.3045356371490281 66
1753549467984 0.3051171290912112 67
1753549485890 0.302126599102841 68
1753549505132 0.301212826050839 69
1753549520338 0.3036218640970261 70
1753549530922 0.30603090214321316 71
1753549552534 0.3041202857617544 72
1753549571530 0.299385279946835 73
1753549583468 0.3042864263166639 74
1753549599711 0.3105166971257684 75
1753549621695 0.3079415185246719 76
1753549642243 0.3023758099352052 77
1753549656285 0.30536633992357537 78
1753549675624 0.3123442432297724 79
1753549690121 0.3077753779697624 80
1753549711600 0.3120950323974082 81
1753549732267 0.3076923076923077 82
1753549753229 0.31483635155341416 83
1753549773124 0.3101844160159495 84
1753549789159 0.3150855623857784 85
1753549800062 0.3179930220966938 86
1753549817976 0.31525170294068783 87
1753549838323 0.3166638976574182 88
1753549852710 0.31408871905632163 89
1753549872168 0.3120950323974082 90
1753549890647 0.31408871905632163 91
1753549912760 0.3158331948828709 92
1753549924382 0.3186575843163316 93
1753549946282 0.3207343412526998 94
1753549957766 0.31699617876723707 95
1753549977263 0.31566705432796144 96
1753549997232 0.3135902973915933 97
1753550018281 0.3169131084897824 98
1753550038746 0.31965442764578833 99
1753550061034 0.31184582156504403 100
