1753548138782 4.560752697209479 0
1753548161260 4.482618431861392 1
1753548179929 4.408458564241053 2
1753548200433 4.324942662392133 3
1753548223426 4.279046690072392 4
1753548248087 4.2023390832868275 5
1753548268514 4.152558696721482 6
1753548287977 4.121062577082587 7
1753548311626 4.084899933549195 8
1753548331605 4.024461933672989 9
1753548351621 4.018615623976202 10
1753548371609 3.9853017906759494 11
1753548385397 3.955732545572785 12
1753548406518 3.9241771289907654 13
1753548427624 3.8974573466537836 14
1753548448313 3.890805141911843 15
1753548470792 3.8825212048671065 16
1753548490151 3.8742065550917286 17
1753548512862 3.84500461795585 18
1753548533235 3.8510378353464527 19
1753548551963 3.859252667609157 20
1753548571890 3.8494925938233293 21
1753548591633 3.841323522038229 22
1753548611451 3.8222305397903553 23
1753548622802 3.828758963844621 24
1753548643123 3.795993837733527 25
1753548661281 3.8230150392749467 26
1753548678502 3.8565606747393977 27
1753548699932 3.8361557744416914 28
1753548721272 3.8073891096220875 29
1753548745771 3.8075564808116145 30
1753548766369 3.8080874004107583 31
1753548787522 3.82851575874065 32
1753548806118 3.8442162045576405 33
1753548823909 3.8433531906395735 34
1753548844731 3.838542871749359 35
1753548855251 3.8443584881347204 36
1753548874023 3.8137582514195745 37
1753548894966 3.802609049206275 38
1753548913885 3.8327120883391474 39
1753548935204 3.8220190275885315 40
1753548952706 3.8333062528379043 41
1753548972693 3.854207767124928 42
1753548992228 3.834020617224477 43
1753549014329 3.842720251024505 44
1753549034954 3.8451548303163907 45
1753549054367 3.8605059436435702 46
1753549076232 3.8545608083669 47
1753549095380 3.824920811172209 48
1753549116500 3.828271438522203 49
1753549134228 3.8504141690679163 50
1753549154190 3.8407561619253334 51
1753549174654 3.8544775748831577 52
1753549193697 3.858893795226952 53
1753549212936 3.861529673990482 54
1753549232254 3.8700331538560175 55
1753549251660 3.8627222729205686 56
1753549273527 3.865708286161327 57
1753549291387 3.8745929290620222 58
1753549310246 3.8643124315074657 59
1753549329862 3.8320126240349235 60
1753549349656 3.8463667135940582 61
1753549370743 3.8648370442704243 62
1753549393072 3.875356446002961 63
1753549411028 3.8873015479778092 64
1753549431376 3.883864305250863 65
1753549449945 3.877953647201494 66
1753549467985 3.8549996553404755 67
1753549485891 3.8731593233280837 68
1753549505133 3.8891658487742005 69
1753549520339 3.906279754928027 70
1753549530923 3.8982665651661255 71
1753549552535 3.8737867646173445 72
1753549571531 3.896520123493724 73
1753549583469 3.892667730181605 74
1753549599712 3.902099119223768 75
1753549621696 3.895791691949513 76
1753549642244 3.908779880034672 77
1753549656286 3.911413682339006 78
1753549675625 3.907404158935559 79
1753549690122 3.9242790676941803 80
1753549711602 3.9087675025857727 81
1753549732268 3.9335909212582227 82
1753549753230 3.94354607578625 83
1753549773125 3.9469122291047793 84
1753549789160 3.9274941953867644 85
1753549800063 3.9489803790179323 86
1753549817978 3.9381834989743743 87
1753549838324 3.9150254190791274 88
1753549852711 3.943946188477498 89
1753549872169 3.9224303199122903 90
1753549890648 3.9433404574473547 91
1753549912761 3.9374664973005338 92
1753549924383 3.9695082035279716 93
1753549946283 3.9432810885146914 94
1753549957767 3.927844771844469 95
1753549977264 3.9316347667077864 96
1753549997233 3.937417841666686 97
1753550018282 3.9569857914057653 98
1753550038747 3.9771965201846675 99
1753550061035 3.9599991485735293 100
