1753318167166 0.017029406878218974 0
1753318179939 0.026250207675693638 1
1753318193474 0.03954145206844991 2
1753318207237 0.05183585313174946 3
1753318221053 0.05931217810267486 4
1753318233553 0.07110815750124605 5
1753318247320 0.08406712078418342 6
1753318259730 0.09370327296893172 7
1753318273572 0.10192723043694966 8
1753318288010 0.10591460375477654 9
1753318300433 0.11413856122279449 10
1753318312303 0.12734673533809604 11
1753318326832 0.12610068117627513 12
1753318340280 0.14296394749958466 13
1753318353941 0.1490280777537797 14
1753318367990 0.16315002492108324 15
1753318381416 0.16630669546436286 16
1753318395530 0.16547599268981558 17
1753318409750 0.17295231766074098 18
1753318422171 0.1807609237414853 19
1753318434894 0.1857451403887689 20
1753318449343 0.1909785678684167 21
1753318462369 0.19205848147532814 22
1753318476659 0.19995015783352715 23
1753318490398 0.2003655092208008 24
1753318504132 0.20310682837680677 25
1753318519324 0.2044359528160824 26
1753318533972 0.2115799966771889 27
1753318547352 0.21722877554411033 28
1753318559985 0.22354211663066956 29
1753318574730 0.22786177105831534 30
1753318587497 0.22271141385612228 31
1753318602266 0.22329290579830538 32
1753318615550 0.23317826881541784 33
1753318629796 0.2286924738328626 34
1753318643654 0.23749792324306362 35
1753318657942 0.2373317826881542 36
1753318668912 0.24464196710417013 37
1753318683000 0.24547266987871738 38
1753318696652 0.24912776208672538 39
1753318710345 0.25776707094201695 40
1753318724478 0.25336434623691645 41
1753318738730 0.25818242232929056 42
1753318752010 0.2600930387107493 43
1753318765238 0.2640804120285762 44
1753318778983 0.26175444425984384 45
1753318791662 0.2626682173118458 46
1753318804929 0.2678185745140389 47
1753318818311 0.2716398072769563 48
1753318830972 0.2734673533809603 49
1753318843929 0.27172287755441105 50
1753318859517 0.2734673533809603 51
1753318873357 0.2743811264329623 52
1753318886392 0.2778700780860608 53
1753318900187 0.2802791161322479 54
1753318914940 0.28700780860608077 55
1753318929350 0.28268815417843496 56
1753318943849 0.28833693304535635 57
1753318957289 0.2934042199700947 58
1753318971124 0.28991526831699616 59
1753318984017 0.28542947333444096 60
1753318997709 0.28725701943844495 61
1753319010332 0.29049676025917925 62
1753319023341 0.29323807941518526 63
1753319036095 0.30013291244392754 64
1753319049898 0.30162817743811265 65
1753319064379 0.3019604585479316 66
1753319078184 0.301212826050839 67
1753319092665 0.30262502076756936 68
1753319106765 0.3009636152184748 69
1753319118213 0.3065293238079415 70
1753319130100 0.31101511879049676 71
1753319142125 0.29988370161156336 72
1753319156419 0.3027911613224788 73
1753319171034 0.30943678351885695 74
1753319183369 0.31408871905632163 75
1753319197645 0.312759594617046 76
1753319207888 0.3063631832530321 77
1753319221362 0.3107659079581326 78
1753319233789 0.315500913773052 79
1753319246968 0.31525170294068783 80
1753319261092 0.31724538959960125 81
1753319276016 0.32023591958797143 82
1753319289644 0.322478817079249 83
1753319303564 0.31874065459378637 84
1753319317013 0.3250539956803456 85
1753319331157 0.32497092540289085 86
1753319344781 0.3220634656919754 87
1753319358834 0.32555241734507395 88
1753319372380 0.3253032065127098 89
1753319385712 0.32438943346070775 90
1753319397851 0.3276291742814421 91
1753319412614 0.32737996344907794 92
1753319427155 0.3301212826050839 93
1753319440415 0.3346901478650939 94
1753319452773 0.3361023425818242 95
1753319466787 0.3326133909287257 96
1753319479629 0.3310350556570859 97
1753319493348 0.3316996178767237 98
1753319507541 0.33635155341418843 99
1753319520460 0.32870908788835357 100
