1753318167167 4.5867356761958025 0
1753318179940 4.49669340008595 1
1753318193475 4.4329025376589675 2
1753318207238 4.3699784520896054 3
1753318221054 4.326800847314095 4
1753318233554 4.262034704926736 5
1753318247321 4.231142868711047 6
1753318259731 4.184332016788145 7
1753318273573 4.151408128549994 8
1753318288011 4.112355162286618 9
1753318300434 4.0692717351548655 10
1753318312304 4.060113750971281 11
1753318326833 4.035382490440695 12
1753318340281 3.998904256271484 13
1753318353942 3.9737619677227354 14
1753318367991 3.9506448775392062 15
1753318381417 3.9473603161606983 16
1753318395531 3.9313008470563338 17
1753318409751 3.9105201854882194 18
1753318422172 3.892037795992046 19
1753318434895 3.897577756590681 20
1753318449344 3.871961470810793 21
1753318462370 3.870419161592326 22
1753318476660 3.84227468617677 23
1753318490399 3.822973104824084 24
1753318504133 3.810098628303292 25
1753318519325 3.8165695646471614 26
1753318533973 3.8239589238577705 27
1753318547353 3.8022121879522315 28
1753318559986 3.7836507620707236 29
1753318574731 3.7671649502625533 30
1753318587498 3.758111566994159 31
1753318602267 3.7652207834222526 32
1753318615551 3.7786856419201307 33
1753318629797 3.770250035990883 34
1753318643655 3.742563354964014 35
1753318657943 3.7423644908439617 36
1753318668913 3.7261557807537526 37
1753318683001 3.733466360562987 38
1753318696653 3.722224921251155 39
1753318710346 3.708518654245847 40
1753318724479 3.715464696482281 41
1753318738731 3.7168248207341628 42
1753318752011 3.7056683471419323 43
1753318765239 3.704402765840881 44
1753318778984 3.6984192511022167 45
1753318791663 3.7091631522545447 46
1753318804930 3.6892540391226083 47
1753318818312 3.669375075518258 48
1753318830973 3.6781563774383885 49
1753318843930 3.673507485120624 50
1753318859518 3.6660819295926874 51
1753318873358 3.6712672024677158 52
1753318886393 3.6686199502365686 53
1753318900188 3.6500725906253013 54
1753318914941 3.6414526263772564 55
1753318929351 3.6525910698650965 56
1753318943850 3.6517066098452116 57
1753318957290 3.6529498556523126 58
1753318971125 3.6345310164329736 59
1753318984018 3.609378951031303 60
1753318997710 3.631446174347085 61
1753319010333 3.6406159362606565 62
1753319023342 3.6375574565023974 63
1753319036096 3.645232635493437 64
1753319049899 3.623416567785793 65
1753319064381 3.6127103856377563 66
1753319078185 3.6102515182960127 67
1753319092666 3.6173396473323765 68
1753319106766 3.6348667936121632 69
1753319118214 3.6264459255890165 70
1753319130101 3.628646909827292 71
1753319142126 3.6035952848414006 72
1753319156420 3.618796978291467 73
1753319171035 3.6144688400264147 74
1753319183370 3.637540060101361 75
1753319197646 3.6134256436800745 76
1753319207889 3.6096353837550814 77
1753319221363 3.6131241775175362 78
1753319233790 3.598503216618798 79
1753319246969 3.599867922811761 80
1753319261093 3.6085438968479857 81
1753319276017 3.627445632254391 82
1753319289645 3.622703525325038 83
1753319303565 3.6437285149633607 84
1753319317014 3.606961856172986 85
1753319331158 3.6115659377614007 86
1753319344783 3.5931448822213903 87
1753319358835 3.578188562240356 88
1753319372381 3.598477632145563 89
1753319385713 3.5778421641724005 90
1753319397852 3.5919245229317593 91
1753319412615 3.578611068737612 92
1753319427156 3.5903605813361756 93
1753319440416 3.6055460464884224 94
1753319452774 3.591202867737634 95
1753319466788 3.585214885581988 96
1753319479630 3.5870836682933978 97
1753319493349 3.6037497111056322 98
1753319507542 3.6191179542643725 99
1753319520461 3.59890185587794 100
