1753617262040 0.027662402392423992 0
1753617272630 0.061555075593952485 1
1753617292208 0.06504402724705101 2
1753617314246 0.09038046187074265 3
1753617328946 0.10525004153513873 4
1753617350318 0.12095032397408208 5
1753617366069 0.13980727695630504 6
1753617385689 0.1537630835686991 7
1753617402758 0.1661405549094534 8
1753617422274 0.1761089882040206 9
1753617441593 0.18134241568366838 10
1753617458796 0.18998172453895995 11
1753617478158 0.19978401727861772 12
1753617501521 0.21382289416846653 13
1753617523065 0.22204685163648447 14
1753617542230 0.2290247549426815 15
1753617559027 0.23226449576341585 16
1753617580887 0.23716564213324473 17
1753617602291 0.24372819405216814 18
1753617624873 0.24813091875726864 19
1753617644203 0.25402890845655424 20
1753617665674 0.25535803289582987 21
1753617688625 0.25477654095364677 22
1753617707812 0.26491111480312346 23
1753617728254 0.26017610898820404 24
1753617750582 0.26856620701113143 25
1753617771683 0.2702276125602259 26
1753617790850 0.2697291908954976 27
1753617810578 0.2780362186409703 28
1753617829182 0.28011297557733844 29
1753617851652 0.28418341917262 30
1753617867464 0.28310350556570857 31
1753617881232 0.2840172786177106 32
1753617902336 0.28177438112643294 33
1753617921767 0.28650938694135236 34
1753617940452 0.2915766738660907 35
1753617959845 0.290579830536634 36
1753617979287 0.29722545273301215 37
1753617999269 0.2993022096693803 38
1753618021693 0.29988370161156336 39
1753618042882 0.30760923741485297 40
1753618065209 0.30727695630503404 41
1753618088051 0.30245888021265993 42
1753618109936 0.300299052998837 43
1753618130373 0.30785844824721714 44
1753618150080 0.3067785346403057 45
1753618170318 0.30536633992357537 46
1753618189933 0.31143047017777037 47
1753618207759 0.3116796810101346 48
1753618227041 0.3105166971257684 49
1753618247963 0.3116796810101346 50
1753618271019 0.3133410865592291 51
1753618288354 0.3135902973915933 52
1753618310446 0.31525170294068783 53
1753618329021 0.3170792490446918 54
1753618347252 0.3163316165475993 55
1753618368194 0.322478817079249 56
1753618387803 0.32372487124106997 57
1753618409934 0.320069779033062 58
1753618421226 0.32056820069779035 59
1753618440909 0.3244725037381625 60
1753618457649 0.31982056820069776 61
1753618478980 0.3250539956803456 62
1753618490292 0.321897325137066 63
1753618510943 0.3278783851138063 64
1753618531021 0.33037049343744807 65
1753618554055 0.3264661903970759 66
1753618576534 0.3268815417843496 67
1753618598965 0.3264661903970759 68
1753618621088 0.3245555740156172 69
1753618642523 0.32812759594617047 70
1753618658823 0.32937365010799136 71
1753618678110 0.3295397906629008 72
1753618698781 0.32754610400398737 73
1753618719638 0.3329456720385446 74
1753618741428 0.33435786675527496 75
1753618761954 0.3326133909287257 76
1753618776952 0.3326964612061804 77
1753618797589 0.33211496926399736 78
1753618808158 0.3360192723043695 79
1753618828910 0.33120119621199534 80
1753618850135 0.3328626017610899 81
1753618870944 0.3324472503738162 82
1753618892751 0.3370161156338262 83
1753618913284 0.3350224289749128 84
1753618931763 0.3348562884200033 85
1753618949381 0.3368499750789168 86
1753618970556 0.33709918591128096 87
1753618992060 0.3382621697956471 88
1753619013215 0.33635155341418843 89
1753619034172 0.33618541285927894 90
1753619054309 0.3369330453563715 91
1753619074246 0.3381790995181924 92
1753619096221 0.3388436617378302 93
1753619116273 0.3434955972752949 94
1753619137440 0.34499086226948 95
1753619157260 0.33743146702109983 96
1753619178407 0.3428310350556571 97
1753619199758 0.34216647283601925 98
1753619220419 0.34150191061638147 99
1753619237365 0.3424987539458382 100
