1753617262041 4.5677157014851595 0
1753617272631 4.4392644966165 1
1753617292209 4.313298009109936 2
1753617314247 4.188567953345216 3
1753617328947 4.076863817376406 4
1753617350319 3.9723443618053222 5
1753617366070 3.8910443799269703 6
1753617385690 3.8018507831489274 7
1753617402759 3.725884178962436 8
1753617422275 3.6623047834211975 9
1753617441594 3.6025349551550288 10
1753617458797 3.5589751016023543 11
1753617478159 3.5160542974339344 12
1753617501522 3.4601336075786167 13
1753617523067 3.428280506929261 14
1753617542231 3.388437743702302 15
1753617559029 3.369468622138795 16
1753617580888 3.3523631672850214 17
1753617602292 3.3178511615776323 18
1753617624874 3.2726833846160472 19
1753617644204 3.282833110290882 20
1753617665675 3.246079811131413 21
1753617688626 3.2511061519652538 22
1753617707813 3.219797992599038 23
1753617728255 3.207047759389049 24
1753617750583 3.1723249864318825 25
1753617771685 3.177382329376354 26
1753617790851 3.1834376854087347 27
1753617810579 3.1454373867747725 28
1753617829183 3.123088510072887 29
1753617851653 3.1158564563861675 30
1753617867465 3.101586907609384 31
1753617881233 3.0971992355456637 32
1753617902337 3.0930336632409787 33
1753617921768 3.08752671170993 34
1753617940453 3.0627857864801045 35
1753617959846 3.074795937464561 36
1753617979288 3.042228987705111 37
1753617999270 3.047536915523234 38
1753618021694 3.052100242194483 39
1753618042883 3.0179780311765567 40
1753618065210 3.0122948688651556 41
1753618088052 3.0246613983904425 42
1753618109937 3.013752410821671 43
1753618130374 2.9962827085257575 44
1753618150081 3.000206208710492 45
1753618170319 3.00444132234916 46
1753618189934 2.9909371491767143 47
1753618207760 2.977449238468698 48
1753618227042 2.9589747151499837 49
1753618247964 2.961403552895686 50
1753618271020 2.953599799643453 51
1753618288355 2.9661172689204687 52
1753618310447 2.9529911503429616 53
1753618329022 2.9531292398059734 54
1753618347253 2.937917111788766 55
1753618368195 2.9284253971026417 56
1753618387804 2.9333347482994574 57
1753618409935 2.9219768679610953 58
1753618421228 2.9292945463797317 59
1753618440910 2.919114052519735 60
1753618457650 2.9216632728834586 61
1753618478981 2.896938525805989 62
1753618490293 2.8984268394523545 63
1753618510944 2.911516661208328 64
1753618531022 2.880494922786159 65
1753618554056 2.898568687316238 66
1753618576535 2.8922981685002145 67
1753618598966 2.888868050043691 68
1753618621090 2.894061978490913 69
1753618642524 2.8788600254723606 70
1753618658824 2.866878437606778 71
1753618678111 2.85090207464901 72
1753618698782 2.8632007150389107 73
1753618719639 2.8528714833535966 74
1753618741430 2.8785725865036804 75
1753618761955 2.8587347225920006 76
1753618776953 2.851821971066853 77
1753618797590 2.8432320114657776 78
1753618808160 2.834509905551637 79
1753618828911 2.848010514970603 80
1753618850136 2.82931022224104 81
1753618870945 2.8416710864751753 82
1753618892752 2.851834706873244 83
1753618913285 2.835554268784068 84
1753618931764 2.8286637909169428 85
1753618949382 2.85425579794208 86
1753618970557 2.822932791833998 87
1753618992061 2.8219062759583653 88
1753619013216 2.8303513916672762 89
1753619034173 2.7997027374718275 90
1753619054310 2.8171599080938505 91
1753619074247 2.8050506649705302 92
1753619096222 2.806378527287784 93
1753619116274 2.7892982140573204 94
1753619137441 2.7938019181082354 95
1753619157261 2.817340293210479 96
1753619178408 2.7915397345502146 97
1753619199759 2.798666176046505 98
1753619220420 2.7974005485583757 99
1753619237366 2.795313805731477 100
