1752937877134 0.026333277953148364 0
1752937888433 0.05806612394085396 1
1752937899211 0.08099352051835854 2
1752937923357 0.10159494932713076 3
1752937942603 0.11687988037880047 4
1752937959817 0.1288420003322811 5
1752937978930 0.14612061804286428 6
1752937997290 0.16389765741817577 7
1752938014283 0.1746137232098355 8
1752938035942 0.18956637315168634 9
1752938058927 0.19870410367170627 10
1752938079735 0.2090878883535471 11
1752938090288 0.21324140222628343 12
1752938110695 0.2234590463532148 13
1752938128255 0.2302708091045024 14
1752938148915 0.24040538295397906 15
1752938172285 0.24214985878052833 16
1752938193950 0.2442266157168965 17
1752938212814 0.25220136235255025 18
1752938224392 0.262003655092208 19
1752938245544 0.2662402392423991 20
1752938265036 0.26740322312676523 21
1752938287166 0.26557567702276125 22
1752938307781 0.27521182920750953 23
1752938328007 0.27238743977404883 24
1752938350548 0.28069446751952154 25
1752938369558 0.2830204352882539 26
1752938388609 0.28019604585479313 27
1752938409915 0.2875893005482638 28
1752938430543 0.2941518524671872 29
1752938450333 0.29381957135736836 30
1752938471345 0.2961455391261007 31
1752938485968 0.2987207177271972 32
1752938498567 0.29689317162319323 33
1752938520191 0.29888685828210665 34
1752938540944 0.3052832696461206 35
1752938561652 0.30603090214321316 36
1752938579241 0.31035055657085897 37
1752938598056 0.3101844160159495 38
1752938616952 0.308523010466855 39
1752938639651 0.3193221465359694 40
1752938661383 0.31533477321814257 41
1752938683285 0.31201196211995347 42
1752938700357 0.31566705432796144 43
1752938713990 0.320069779033062 44
1752938729800 0.3201528493105167 45
1752938750334 0.31815916265160327 46
1752938770976 0.3245555740156172 47
1752938791477 0.32256188735670377 48
1752938812437 0.3248878551254361 49
1752938834372 0.32222960624688485 50
