1752937877135 4.544836375647994 0
1752937888434 4.395071055231097 1
1752937899212 4.229027124772288 2
1752937923358 4.076500108162712 3
1752937942604 3.9452500131544794 4
1752937959818 3.812750555202287 5
1752937978931 3.702402767438623 6
1752937997291 3.597416350920845 7
1752938014284 3.516679108030603 8
1752938035943 3.433065874116594 9
1752938058927 3.363094224967725 10
1752938079736 3.296715156007796 11
1752938090289 3.250320996842042 12
1752938110696 3.1790787843411676 13
1752938128256 3.137947730138527 14
1752938148916 3.0788077378302945 15
1752938172286 3.0506930874341402 16
1752938193951 3.0199783587211293 17
1752938212815 2.9787077375799322 18
1752938224393 2.9342130959645103 19
1752938245545 2.9285895437669445 20
1752938265037 2.886449509676991 21
1752938287167 2.8784498471387088 22
1752938307782 2.8437663021447346 23
1752938328008 2.82564645401976 24
1752938350549 2.78476450357958 25
1752938369559 2.769208419744528 26
1752938388610 2.773055287285763 27
1752938409916 2.7366929609273165 28
1752938430544 2.7083121859196666 29
1752938450334 2.7074598546343935 30
1752938471346 2.692867083170594 31
1752938485969 2.669020034137394 32
1752938498568 2.6631250145932226 33
1752938520192 2.64680402521235 34
1752938540945 2.6155770561839278 35
1752938561653 2.6204434584114535 36
1752938579242 2.5897284396262465 37
1752938598056 2.582185868402235 38
1752938616953 2.5720187740411737 39
1752938639652 2.5438996827747062 40
1752938661384 2.5342487062238503 41
1752938683286 2.55228318963422 42
1752938700358 2.52748672458686 43
1752938713991 2.509168899316223 44
1752938729801 2.5082392013454617 45
1752938750335 2.5111332443137626 46
1752938770977 2.4873480974231015 47
1752938791478 2.4723472610056763 48
1752938812438 2.4487176587402533 49
1752938834373 2.4594389498420877 50
