1754322346506 0.12365392443474077 0
1754322377267 0.0996558487214595 1
1754322409616 0.0996558487214595 2
1754322438921 0.19085593753469268 3
1754322473461 0.2225511601228583 4
1754322503063 0.14421048736261702 5
1754322535706 0.22978573807497318 6
1754322564369 0.2165377641268549 7
1754322591590 0.2401472819450098 8
1754322620825 0.24577212004588683 9
1754322650499 0.27848499426414536 10
1754322684680 0.2953225030529549 11
1754322713351 0.2696036709469711 12
1754322748416 0.29115938274802944 13
1754322781856 0.2712319135551197 14
1754322811713 0.301021352181475 15
1754322839210 0.2285645561188617 16
1754322871639 0.3172852755060504 17
1754322898806 0.32827591311105353 18
1754322935201 0.17884764829959665 19
1754322967198 0.32764681937608703 20
1754323000323 0.30512896421566815 21
1754323031091 0.2520075491248196 22
1754323059274 0.28553454464715244 23
1754323096492 0.3225030529548903 24
1754323121590 0.23611368093845983 25
1754323149306 0.3304592384265255 26
1754323181135 0.3350849276542205 27
1754323210648 0.2893831180845946 28
1754323240925 0.14435850941790326 29
1754323269841 0.2825370980276061 30
1754323303348 0.24795544536135886 31
1754323333224 0.28259260629833843 32
1754323361261 0.3369167005883877 33
1754323390337 0.3181734078377678 34
1754323421904 0.3236687266402694 35
1754323457719 0.3205602634792584 36
1754323487593 0.263312733597306 37
1754323515409 0.14352588535691818 38
1754323542633 0.33593605447211633 39
1754323576132 0.2581134589053769 40
1754323617040 0.21731487991710766 41
1754323647962 0.3461125707730452 42
1754323680198 0.16535913851163822 43
1754323706963 0.3391000259038597 44
1754323735303 0.31996817525811344 45
1754323763531 0.23498501276690226 46
1754323794085 0.32226251711505016 47
1754323828747 0.27630166894867336 48
1754323856715 0.3007623135847241 49
1754323885144 0.3200976945564889 50
1754323920232 0.23639122229212153 51
1754323951338 0.23526255412056396 52
1754323981719 0.27291566443400067 53
1754324011269 0.3259630684972061 54
1754324041258 0.3210228324020279 55
1754324070597 0.2690485882396477 56
1754324111384 0.30183547348554934 57
1754324138907 0.2637567997631647 58
1754324167283 0.27548754764459904 59
1754324195889 0.22293971801798468 60
1754324226303 0.21174555008696297 61
1754324255029 0.2672168153054805 62
1754324288254 0.24368130851496872 63
1754324317074 0.3175998223735337 64
1754324348915 0.2824445842430522 65
1754324381474 0.31569403841172333 66
1754324425019 0.1658587129482293 67
1754324451544 0.2743773822299523 68
1754324481664 0.3013358990489583 69
1754324510701 0.2452355400954742 70
1754324540189 0.28459090404470266 71
1754324568817 0.3144543536987011 72
1754324598612 0.3200791917995781 73
1754324627955 0.35260703844872887 74
1754324660951 0.33958109758353994 75
1754324701693 0.31502793916293526 76
1754324729623 0.26875254412907523 77
1754324760873 0.24377382229952263 78
1754324789840 0.20353032601857676 79
1754324820557 0.3095511231173445 80
1754324852963 0.34450283092180733 81
1754324886896 0.2634052473818599 82
1754324920164 0.2405173370832254 83
1754324949257 0.3140102875328424 84
1754324986416 0.3090700514376642 85
1754325017138 0.2593716463753099 86
1754325046011 0.16591422121896163 87
1754325079105 0.2645154127965067 88
1754325108007 0.26806794212337637 89
1754325137356 0.2595936794582393 90
1754325168746 0.2971172704733005 91
1754325199492 0.27813344188284056 92
1754325231961 0.2847389260999889 93
1754325261997 0.279521148651149 94
1754325290436 0.2923990674610517 95
1754325315703 0.2669947822225512 96
1754325345006 0.23574362580024424 97
1754325378858 0.3063316434148688 98
1754325413965 0.25805795063464454 99
1754325443367 0.2696036709469711 100
