1752676827652 4.508277483180018 0
1752676848927 4.2961630198366345 1
1752676870861 4.075502167214008 2
1752676893763 3.8841181235424167 3
1752676916784 3.722788829413336 4
1752676940343 3.5642757621313343 5
1752676964039 3.445955731325455 6
1752676987610 3.330673193564897 7
1752677010049 3.24186621622252 8
1752677032639 3.166211343442678 9
1752677055789 3.0970553194760626 10
1752677078399 3.028391710707622 11
1752677100521 2.988956339864657 12
1752677124815 2.92255441857871 13
1752677147122 2.891999207279577 14
1752677169947 2.845769203514902 15
1752677191909 2.822383622291024 16
1752677213097 2.8050654276965377 17
1752677234981 2.7719214196346322 18
1752677257430 2.729542361240702 19
1752677278481 2.740175844504759 20
1752677300645 2.701021295451649 21
1752677324024 2.704786000970917 22
1752677346870 2.678503158533266 23
1752677369838 2.6657064230802745 24
1752677391590 2.6271244843314445 25
1752677413475 2.6230139160198656 26
1752677435789 2.630825764235155 27
1752677457003 2.600490605296089 28
1752677478151 2.580795922415804 29
1752677500320 2.5799434951132976 30
1752677522175 2.57254951908564 31
1752677543757 2.558441714818045 32
1752677567227 2.5563988965671167 33
1752677589212 2.547412153030195 34
1752677610590 2.51779458114145 35
1752677632038 2.525801517844175 36
1752677654769 2.4971608976691457 37
1752677676440 2.493622571373365 38
1752677699148 2.4922639006699296 39
1752677723360 2.463740955532333 40
1752677745158 2.4584323137742903 41
1752677767312 2.4863535987611196 42
1752677788586 2.4658959946277674 43
1752677811495 2.4491917639066543 44
1752677833194 2.4522650654556912 45
1752677854836 2.453523447490382 46
1752677878413 2.4337224827435855 47
1752677900408 2.419368638481448 48
1752677924243 2.3985896754630267 49
1752677946356 2.4105103210808965 50
1752677970398 2.4004502780431483 51
1752677992141 2.401607747368794 52
1752678013945 2.389622365107569 53
1752678035277 2.3893911620533026 54
1752678057414 2.3798966265468073 55
1752678079005 2.3632214780468948 56
1752678102589 2.3633246262232164 57
1752678124949 2.359857385117131 58
1752678149319 2.3668879416447153 59
1752678172527 2.34202691311491 60
1752678194192 2.344314380747475 61
1752678217183 2.337222290609042 62
1752678239431 2.3393274410564446 63
1752678260802 2.321679084568586 64
1752678283869 2.312242171621692 65
1752678305148 2.310911431182102 66
1752678326521 2.298471603982991 67
1752678350464 2.3074460061499704 68
1752678371625 2.306419853025162 69
1752678394102 2.285005489551739 70
1752678415822 2.285549099271605 71
1752678437174 2.266197480534155 72
1752678458929 2.2755807671905637 73
1752678480658 2.271981749625155 74
1752678502200 2.2636917688795952 75
1752678523983 2.2669199933988775 76
1752678546301 2.253924333935728 77
1752678568618 2.2457822045881546 78
1752678590046 2.2353498620464602 79
1752678611745 2.2466130215837556 80
1752678633566 2.2343334658412437 81
1752678656148 2.2380314155318644 82
1752678678061 2.236744828071647 83
1752678699711 2.2311415657928033 84
1752678721316 2.2166605472072045 85
1752678743212 2.21886467584745 86
1752678764795 2.206645311022633 87
1752678786947 2.1925765552152074 88
1752678809564 2.2069881328025556 89
1752678832384 2.185479432478513 90
1752678853896 2.1945827145298598 91
1752678875175 2.1785770081736646 92
1752678897204 2.1870795478442147 93
1752678920442 2.1666979681880534 94
1752678942319 2.1574752516709355 95
1752678964078 2.168920128648938 96
1752678986356 2.1546885847521517 97
1752679008431 2.1577014617277355 98
1752679029908 2.154619716843705 99
1752679051817 2.1541999689447353 100
