1753680399294 7.343936158975165 0
1753680429358 7.074691390630765 1
1753680458269 6.918617161469845 2
1753680472511 7.39936482411507 3
1753680499857 6.34067822216719 4
1753680525286 7.2504658813499265 5
1753680557274 6.984934939047761 6
1753680571877 6.833631379987797 7
1753680605764 7.344004371896664 8
1753680631699 6.043000358331276 9
1753680646789 6.707993235407102 10
1753680672605 6.798666756102033 11
1753680701804 6.422735740307685 12
1753680732698 15.1321102333495 13
1753680758423 7.145270225687253 14
1753680774566 6.79132308782653 15
1753680804762 15.039978317252066 16
1753680831215 6.421485756475772 17
1753680848551 6.343253713938345 18
1753680863622 6.750507560734982 19
1753680889164 7.1405038979363615 20
1753680913758 13.730120227389236 21
1753680932778 6.330196049657607 22
1753680956175 6.636480602945374 23
1753680973098 7.072808624649209 24
1753680989245 6.701442019441377 25
1753681004204 16.744817329189722 26
1753681018643 6.061327341162128 27
1753681038360 6.5246446053391285 28
1753681052741 6.5126265724300465 29
1753681075311 7.599625518773905 30
1753681101880 6.0596261285097315 31
1753681118218 6.601661330794822 32
1753681145672 7.086166995622531 33
1753681160260 6.393652225780057 34
1753681175538 6.843568878792044 35
1753681195464 17.14224901745173 36
1753681218298 6.948182330663439 37
1753681239259 7.167459062657639 38
1753681267643 6.590184152325477 39
1753681287163 6.655168070885243 40
1753681319343 6.78465916492165 41
1753681345522 6.688348537592362 42
1753681377136 6.41114027163068 43
1753681399031 18.15467322027016 44
1753681426098 6.044463670063241 45
1753681459881 6.85876493626509 46
1753681474815 17.265749855991146 47
1753681489453 7.6061454163113975 48
1753681504345 6.327158825752232 49
1753681527326 7.500422779296656 50
1753681555366 6.449841200401934 51
1753681572183 5.462031627718735 52
1753681601327 6.051781470101419 53
1753681627785 6.439519108722672 54
1753681642647 6.050723562609902 55
1753681662600 6.568260479472121 56
1753681684790 6.240578598869591 57
1753681701418 7.233006807810896 58
1753681725666 6.7875938535646325 59
1753681740146 7.186388894100795 60
1753681756679 17.56190489887869 61
1753681779888 6.500687536446572 62
1753681800026 6.440568389693171 63
1753681834081 7.403736074317498 64
1753681853554 5.99467645286516 65
1753681881269 6.16061178576587 66
1753681905553 6.084801283948549 67
1753681932066 6.747153308506035 68
1753681956063 6.6227125672241165 69
1753681986794 6.129575280272497 70
1753682001098 6.043578518317986 71
1753682027367 19.046778151768404 72
1753682055610 6.271418765412347 73
1753682072676 6.589501711100182 74
1753682105356 6.159423534313093 75
1753682135406 6.591261057565108 76
1753682151767 18.077053388359865 77
1753682167577 6.272145701416104 78
1753682185733 6.963249202488529 79
1753682217070 6.565450167067588 80
1753682236447 5.364152641710089 81
1753682251119 6.555977027851961 82
1753682281585 6.8142937244549255 83
1753682297069 5.636020025839204 84
1753682329529 6.695598285927333 85
1753682352234 6.572464141369741 86
1753682367438 5.873361121011509 87
1753682394668 6.131276167475691 88
1753682423984 6.635275150631126 89
1753682451932 5.930122929503511 90
1753682466196 6.200841236796322 91
1753682482052 6.225594157640684 92
1753682501904 17.857445679637465 93
1753682531441 6.412768813033157 94
1753682546518 6.22002296935947 95
1753682561785 6.724079169600159 96
1753682579431 5.878448959658354 97
1753682598450 7.10312427858243 98
1753682625834 17.640202271216825 99
1753682643243 5.856098238133996 100
