1753813295273 0.017444758265492608 0
1753813307859 0.025253364346236918 1
1753813320473 0.02741319156005981 2
1753813333034 0.04103671706263499 3
1753813345220 0.05798305366339924 4
1753813357032 0.066871573351055 5
1753813367712 0.07418175776707094 6
1753813378967 0.07949825552417344 7
1753813391035 0.08780528326964612 8
1753813403410 0.09162651603256355 9
1753813415936 0.1054992523675029 10
1753813427221 0.10973583651769397 11
1753813440133 0.1138893503904303 12
1753813451811 0.1281774381126433 13
1753813464111 0.13216481143047018 14
1753813476270 0.14462535304867918 15
1753813487937 0.14653596943013789 16
1753813499874 0.14769895331450408 17
1753813511984 0.1543445755108822 18
1753813524396 0.16281774381126432 19
1753813537376 0.15999335437780363 20
1753813548257 0.16007642465525834 21
1753813560617 0.1667220468516365 22
1753813572978 0.1727031068283768 23
1753813584137 0.16946336600764247 24
1753813596849 0.1776873234756604 25
1753813609628 0.18184083734839673 26
1753813622433 0.18557899983385945 27
1753813633428 0.18973251370659577 28
1753813644940 0.19421830868915102 29
1753813658066 0.20011629838843661 30
1753813670977 0.196959627845157 31
1753813683682 0.20053164977571025 32
1753813696363 0.20177770393753114 33
1753813708943 0.19862103339425155 34
1753813721463 0.2078418341917262 35
1753813732305 0.2134906130586476 36
1753813743658 0.21108157501246055 37
1753813755693 0.21922246220302377 38
1753813768036 0.21855789998338596 39
1753813780082 0.22819405216813424 40
1753813791961 0.22520352217976408 41
1753813804226 0.22694799800631335 42
1753813816676 0.22694799800631335 43
1753813828531 0.236168798803788 44
1753813840727 0.23375976075760094 45
1753813853900 0.23558730686160492 46
1753813866137 0.24048845323143378 47
1753813878305 0.24248213989034723 48
1753813890381 0.24090380461870742 49
1753813902154 0.24372819405216814 50
1753813914135 0.24754942681508557 51
1753813926162 0.2461372320983552 52
1753813938779 0.2492108323641801 53
1753813951823 0.25245057318491443 54
1753813963428 0.25336434623691645 55
1753813975656 0.25311513540455227 56
1753813988719 0.2585147034391095 57
1753814001461 0.2605083900980229 58
1753814014175 0.26233593620202694 59
1753814026313 0.26615716896494435 60
1753814038804 0.25901312510383784 61
1753814051405 0.2619205848147533 62
1753814064358 0.26499418508057815 63
1753814077131 0.2684831367336767 64
1753814089094 0.2688984881209503 65
1753814101439 0.2760425319820568 66
1753814113454 0.27836849975078914 67
1753814125829 0.2762086725369663 68
1753814137958 0.27338428310350554 69
1753814148201 0.27828542947333446 70
1753814161012 0.2770393753115135 71
1753814173668 0.28335271639807275 72
1753814186741 0.2784515700282439 73
1753814199155 0.2820235919587971 74
1753814211899 0.28509719222462204 75
1753814224307 0.2831865758431633 76
1753814236044 0.28268815417843496 77
1753814248773 0.2836019272304369 78
1753814261817 0.2881707924904469 79
1753814274079 0.2897491277620867 80
1753814287423 0.29074597109154343 81
1753814299849 0.29224123608572855 82
1753814312999 0.2945672038544609 83
1753814323988 0.2943179930220967 84
1753814335380 0.2941518524671872 85
1753814347228 0.2991360691144708 86
1753814358963 0.29190895497590963 87
1753814370915 0.30071440438611063 88
1753814382950 0.29988370161156336 89
1753814394279 0.30204352882538626 90
1753814406703 0.2991360691144708 91
1753814419428 0.30129589632829373 92
1753814432035 0.3035387938195714 93
1753814444346 0.30686160491776043 94
1753814455684 0.3101844160159495 95
1753814468485 0.3102674862934042 96
1753814481014 0.3101844160159495 97
1753814493100 0.3130918757268649 98
1753814504554 0.3099352051835853 99
1753814517632 0.31001827546104005 100
