1753813295274 4.604336451177044 0
1753813307861 4.551301136852982 1
1753813320474 4.482011161955063 2
1753813333035 4.425258084230529 3
1753813345222 4.3769470788265625 4
1753813357034 4.328624318473682 5
1753813367713 4.278308459145426 6
1753813378968 4.221817672913682 7
1753813391037 4.178648822051657 8
1753813403411 4.118225008978906 9
1753813415937 4.091821768937886 10
1753813427223 4.060656794670561 11
1753813440134 4.037406399375252 12
1753813451812 3.999708272742786 13
1753813464112 3.964832089166308 14
1753813476271 3.9478653741446617 15
1753813487938 3.9263152314993497 16
1753813499875 3.914735175720641 17
1753813511985 3.892427354633222 18
1753813524397 3.8755055345559026 19
1753813537378 3.8801409104399713 20
1753813548259 3.8464751985437777 21
1753813560618 3.8423212376392195 22
1753813572979 3.820954273175585 23
1753813584138 3.8109135696842573 24
1753813596850 3.7765580665419156 25
1753813609629 3.774549099460609 26
1753813622434 3.7750729644715126 27
1753813633429 3.765015460602233 28
1753813644941 3.7455853938083563 29
1753813658067 3.7275490711662753 30
1753813670978 3.7098671059574535 31
1753813683684 3.70864973042794 32
1753813696364 3.701782549031236 33
1753813708944 3.6967847422217446 34
1753813721464 3.6733496632628873 35
1753813732307 3.6814648354619735 36
1753813743659 3.647308769498467 37
1753813755694 3.6451903473485285 38
1753813768037 3.6379031446419594 39
1753813780083 3.6124191139128 40
1753813791962 3.610734697676872 41
1753813804227 3.609081260839699 42
1753813816677 3.6016974278288574 43
1753813828532 3.5903350659732816 44
1753813840728 3.5806800975139033 45
1753813853901 3.5886695888980857 46
1753813866138 3.581722453127448 47
1753813878306 3.5591142320139038 48
1753813890383 3.5452287414628207 49
1753813902155 3.553146174386047 50
1753813914136 3.5374901655653725 51
1753813926163 3.542548521838694 52
1753813938780 3.5278330844774186 53
1753813951824 3.5209500480082325 54
1753813963429 3.5214581979845176 55
1753813975657 3.5131365956559693 56
1753813988720 3.5123216492108504 57
1753814001463 3.4962631662187778 58
1753814014176 3.4981463468705893 59
1753814026314 3.4838998752499406 60
1753814038805 3.4816909180971636 61
1753814051406 3.4690583806440505 62
1753814064359 3.4757862705819202 63
1753814077132 3.4773906853239414 64
1753814089095 3.457407787794547 65
1753814101440 3.4545877022981695 66
1753814113455 3.4498923982279797 67
1753814125830 3.4499179496004833 68
1753814137959 3.4644226237155573 69
1753814148202 3.445965296555124 70
1753814161013 3.456450633204215 71
1753814173669 3.4328163832918723 72
1753814186742 3.442584841071524 73
1753814199156 3.428236279971032 74
1753814211900 3.4288181252847734 75
1753814224308 3.420428073201675 76
1753814236046 3.4214348885822954 77
1753814248774 3.424277704912989 78
1753814261818 3.4032165163429893 79
1753814274080 3.4049396925103244 80
1753814287424 3.404239719533651 81
1753814299850 3.4074165820202387 82
1753814313000 3.400056549684102 83
1753814323989 3.3989281706117542 84
1753814335381 3.391147480434542 85
1753814347229 3.402397212928048 86
1753814358964 3.390410469145325 87
1753814370916 3.361035408086172 88
1753814382951 3.369352872263415 89
1753814394280 3.360137486363036 90
1753814406704 3.3684120272075964 91
1753814419429 3.359392707163032 92
1753814432036 3.3568157119141335 93
1753814444347 3.358509589760691 94
1753814455686 3.3470353304554066 95
1753814468486 3.3565849196115134 96
1753814481015 3.347698907020028 97
1753814493101 3.354680582017274 98
1753814504555 3.3508706260086676 99
1753814517633 3.345320966489945 100
