1753394205480 4.591236186508573 0
1753394216993 4.534257766026918 1
1753394230357 4.485176724062692 2
1753394242956 4.416646371773683 3
1753394255527 4.380988387161566 4
1753394268952 4.33333116231119 5
1753394280667 4.299738090245751 6
1753394293095 4.258237099487173 7
1753394303495 4.2222740039348405 8
1753394317189 4.183181981471167 9
1753394330232 4.155007598128525 10
1753394342313 4.134270687522183 11
1753394354564 4.099101429829431 12
1753394364153 4.061380598213353 13
1753394376316 4.041359773825677 14
1753394387543 4.017244188812612 15
1753394399983 4.013669354567862 16
1753394411907 3.999354291232808 17
1753394423955 3.9747661539064127 18
1753394435850 3.963578590729398 19
1753394448750 3.9630901378561036 20
1753394461330 3.936593619802009 21
1753394473112 3.924507575132307 22
1753394483937 3.915022347668932 23
1753394495967 3.899622389226964 24
1753394508411 3.866289161543427 25
1753394520543 3.8796248747652045 26
1753394531483 3.881391148924978 27
1753394542361 3.867473419196669 28
1753394555771 3.8409949059043424 29
1753394568676 3.8372795001555513 30
1753394581940 3.8362003081032285 31
1753394595853 3.8422805906193953 32
1753394608085 3.832955885128897 33
1753394619554 3.8343795508885394 34
1753394632132 3.8101219640603934 35
1753394645222 3.8157785282810477 36
1753394658460 3.7909921106294004 37
1753394670275 3.802451151416501 38
1753394682600 3.7905628618546623 39
1753394696398 3.7657156614708067 40
1753394709000 3.771986365142917 41
1753394720504 3.7747934485944996 42
1753394732122 3.760861239747973 43
1753394741577 3.7734734535267394 44
1753394755174 3.7630491445374217 45
1753394767430 3.7698155270749254 46
1753394780443 3.759442756009633 47
1753394793881 3.716056180556515 48
1753394804855 3.7161648718686404 49
1753394817699 3.7315626931621426 50
1753394828381 3.7239761861896956 51
1753394841267 3.742045327714132 52
1753394853924 3.7401410150848653 53
1753394867726 3.7206796055683924 54
1753394881000 3.7152208397998785 55
1753394893157 3.7062085024345417 56
1753394906751 3.700778168131695 57
1753394918847 3.7164609203974006 58
1753394931398 3.708008056781331 59
1753394944683 3.6993122095318087 60
1753394958014 3.7090852389870794 61
1753394970415 3.7076683011612204 62
1753394982876 3.7165811550922885 63
1753394994707 3.704997103972914 64
1753395007082 3.689985734154167 65
1753395018890 3.6765553320140687 66
1753395032155 3.6782459365113938 67
1753395045762 3.676029429585055 68
1753395057244 3.693404328565028 69
1753395069475 3.6845282894215097 70
1753395083398 3.679073748016317 71
1753395095335 3.658482596472363 72
1753395107354 3.6673141584871396 73
1753395119781 3.6608090430635922 74
1753395132518 3.6799546453495795 75
1753395144807 3.66486495278522 76
1753395156684 3.6735908555954433 77
1753395168535 3.660342217030371 78
1753395181011 3.646844934946151 79
1753395193792 3.6668400015085374 80
1753395205889 3.6719011051181787 81
1753395218915 3.678145988654469 82
1753395230581 3.6688673204987827 83
1753395244445 3.6767360082365173 84
1753395256563 3.6620287526024646 85
1753395269602 3.658740661909922 86
1753395282641 3.6557795777948225 87
1753395296029 3.636906027242685 88
1753395309115 3.666843627307434 89
1753395322539 3.639682116291512 90
1753395334029 3.6445358236730976 91
1753395346244 3.641619996996475 92
1753395360040 3.658866275053357 93
1753395372845 3.6500185845954523 94
1753395386003 3.639867258477782 95
1753395399111 3.643997620288541 96
1753395411661 3.6431540992516536 97
1753395424698 3.6584276775193345 98
1753395436682 3.662261077502336 99
1753395450736 3.6538474276542865 100
