1753897162099 0.025585645456055822 0
1753897211954 0.056986210333942515 1
1753897251179 0.08232264495763415 2
1753897303171 0.08539624522345905 3
1753897351271 0.11671373982389101 4
1753897402033 0.12169795647117461 5
1753897452187 0.14645289915268317 6
1753897503832 0.16730353879381957 7
1753897556323 0.16090712742980562 8
1753897605531 0.16788503073600267 9
1753897650850 0.1934706761920585 10
1753897691620 0.19795647117461374 11
1753897734074 0.20518358531317496 12
1753897781509 0.2193886027579332 13
1753897813016 0.2208838677521183 14
1753897864924 0.21947167303538795 15
1753897915237 0.22271141385612228 16
1753897963397 0.23251370659578002 17
1753898013946 0.23093537132414022 18
1753898064127 0.2383286260176109 19
1753898111342 0.23658415019106163 20
1753898160520 0.23193221465359695 21
1753898212452 0.22520352217976408 22
1753898263359 0.22736334939358696 23
1753898296372 0.22420667885030737 24
1753898327580 0.2240405382953979 25
1753898358948 0.22512045190230937 26
1753898411765 0.22794484133577006 27
1753898462182 0.2373317826881542 28
1753898511546 0.2395746801794318 29
1753898562549 0.24057152350888852 30
1753898612475 0.24447582654926067 31
1753898663539 0.2561056653929224 32
1753898694251 0.2526167137398239 33
1753898739658 0.24497424821398903 34
1753898770596 0.2427313507227114 35
1753898820517 0.24057152350888852 36
1753898851462 0.24721714570526665 37
1753898882375 0.23658415019106163 38
1753898927719 0.23218142548596113 39
1753898978475 0.22852633327795316 40
1753899020912 0.23857783684997508 41
1753899072830 0.24015617212161489 42
1753899121167 0.23550423658415018 43
1753899166321 0.24048845323143378 44
1753899213391 0.24032231267652435 45
1753899244962 0.23699950157833527 46
1753899295196 0.24630337265326466 47
1753899341264 0.24497424821398903 48
1753899392133 0.24156836683834523 49
1753899425135 0.2395746801794318 50
1753899474624 0.22977238743977405 51
1753899509945 0.23699950157833527 52
1753899558102 0.23949160990197707 53
1753899592139 0.24198371822561887 54
1753899627326 0.24813091875726864 55
