1753671092422 0.02492108323641801 0
1753671106681 0.021349061305864763 1
1753671133038 0.045107160657916597 2
1753671153517 0.06570858946668882 3
1753671179179 0.08373483967436451 4
1753671195774 0.08523010466854959 5
1753671227591 0.09578002990529988 6
1753671260045 0.11521847482970593 7
1753671287388 0.1269313839508224 8
1753671303626 0.12045190230935371 9
1753671329978 0.13075261671373983 10
1753671350130 0.14786509386941352 11
1753671369661 0.15334773218142547 12
1753671385076 0.16140554909453397 13
1753671416457 0.15392922412360857 14
1753671432653 0.17544442598438278 15
1753671457894 0.16722046851636485 16
1753671473681 0.16913108489782355 17
1753671505853 0.18233925901312512 18
1753671539120 0.18582821066622363 19
1753671568769 0.18142548596112312 20
1753671583658 0.18375145372985546 21
1753671603971 0.19479980063133412 22
1753671632564 0.19330453563714903 23
1753671656083 0.19330453563714903 24
1753671680834 0.17984715068948331 25
1753671712912 0.18873567037713906 26
1753671742964 0.19048014620368833 27
1753671773519 0.19546436285097193 28
1753671788594 0.19629506562551918 29
1753671805147 0.20302375809935205 30
1753671836683 0.1959627845157003 31
1753671854043 0.1909785678684167 32
1753671881652 0.20028243894334607 33
1753671913278 0.19903638478152516 34
1753671948044 0.19380295730187738 35
1753671975335 0.20260840671207841 36
1753672005739 0.19172620036550922 37
1753672031499 0.20294068782189734 38
1753672047515 0.2090878883535471 39
1753672062225 0.18441601594949328 40
1753672076575 0.20526665559062968 41
1753672094003 0.20335603920917095 42
1753672122708 0.19405216813424156 43
1753672137234 0.21216148861937198 44
1753672163446 0.19371988702442267 45
1753672194255 0.18798803788004653 46
1753672224797 0.20834025585645455 47
1753672249783 0.1601594949327131 48
1753672265776 0.21465359694301378 49
1753672281252 0.2124937697291909 50
1753672309151 0.16913108489782355 51
1753672326131 0.19272304369496593 52
1753672343797 0.2143213158331949 53
1753672362251 0.1876557567702276 54
1753672394102 0.23126765243395914 55
1753672421358 0.21739491609901976 56
1753672436019 0.2109985047350058 57
1753672451386 0.2267818574514039 58
1753672482023 0.1795979398571191 59
1753672504066 0.1695464362850972 60
1753672529590 0.1928891842498754 61
1753672556850 0.19222462203023757 62
1753672573818 0.20451902309353714 63
1753672601149 0.22262834357866756 64
1753672618489 0.19862103339425155 65
1753672648369 0.1991194550589799 66
1753672669121 0.18125934540621366 67
1753672697707 0.18051171290912113 68
1753672729279 0.21133078584482473 69
1753672744661 0.16132247881707926 70
1753672769219 0.21797640804120286 71
1753672797963 0.18973251370659577 72
1753672812793 0.18906795148695796 73
1753672841446 0.1795148695796644 74
1753672868148 0.20726034224954312 75
1753672888275 0.17037713905964447 76
1753672921556 0.20626349892008639 77
1753672953783 0.1540122944010633 78
1753672968121 0.16074098687489616 79
1753672982312 0.1944675195215152 80
1753673001882 0.17502907459710915 81
1753673026186 0.1820069779033062 82
1753673058104 0.1618209004818076 83
1753673077899 0.14960956969596279 84
1753673109693 0.18117627512875892 85
1753673142698 0.22387439774048845 86
1753673168442 0.20053164977571025 87
1753673182768 0.20418674198371822 88
1753673198904 0.18275461040039873 89
1753673229649 0.16821731184582156 90
1753673256653 0.18001329124439275 91
1753673279538 0.18242232929057983 92
1753673307924 0.17743811264329623 93
1753673323413 0.1866589134407709 94
1753673350173 0.20302375809935205 95
1753673364241 0.19529822229606247 96
1753673389494 0.17876723708257186 97
1753673412740 0.18582821066622363 98
1753673435121 0.19131084897823558 99
1753673451012 0.18375145372985546 100
