1753671092423 4.685359460510801 0
1753671106683 4.626737707003961 1
1753671133039 4.648276128487548 2
1753671153518 4.607394025562248 3
1753671179180 4.501309989236543 4
1753671195775 4.480349492555284 5
1753671227592 4.503646989925358 6
1753671260046 4.51505602577237 7
1753671287389 4.509377307149999 8
1753671303627 4.70011510634976 9
1753671329979 4.655218185328819 10
1753671350131 4.631297285585728 11
1753671369662 4.64948321863008 12
1753671385077 4.586695802519825 13
1753671416459 4.710742302577249 14
1753671432654 4.726705642861785 15
1753671457896 4.747535675446043 16
1753671473682 4.749929982552246 17
1753671505854 4.7788105744912945 18
1753671539121 4.8392637435250965 19
1753671568770 4.863102184928569 20
1753671583659 4.857809533002013 21
1753671603972 4.902481310043058 22
1753671632565 4.942329805842451 23
1753671656084 5.00452902915588 24
1753671680835 4.993113375721578 25
1753671712913 5.033522068135258 26
1753671742965 5.1135370002852545 27
1753671773520 5.130380447638237 28
1753671788595 5.170589700135434 29
1753671805148 5.1508826223888216 30
1753671836684 5.139855653268943 31
1753671854044 5.295959246469781 32
1753671881653 5.209618982840443 33
1753671913279 5.230468524022441 34
1753671948045 5.331983116190536 35
1753671975336 5.281815061006219 36
1753672005740 5.378061560865201 37
1753672031500 5.311998469566022 38
1753672047516 5.290418369101166 39
1753672062226 5.486578287614841 40
1753672076576 5.418660709776685 41
1753672094004 5.476733724803175 42
1753672122710 5.5798600464092685 43
1753672137235 5.438428061233015 44
1753672163447 5.572678499991711 45
1753672194256 5.7555006113675855 46
1753672224798 5.4221448678274635 47
1753672249784 5.6217100755484015 48
1753672265777 5.376215709171851 49
1753672281253 5.454039182263728 50
1753672309152 5.7941254224892464 51
1753672326132 5.651869873062391 52
1753672343798 5.531723613727414 53
1753672362252 5.765239354017222 54
1753672394103 5.401203455330562 55
1753672421359 5.499841585393654 56
1753672436020 5.458114838807197 57
1753672451387 5.472822699261637 58
1753672482024 6.036803363939912 59
1753672504067 6.031479705266185 60
1753672529591 5.635567293434768 61
1753672556851 5.856917036196432 62
1753672573819 5.64543144120522 63
1753672601150 5.461658991801549 64
1753672618490 5.574931208799638 65
1753672648370 5.595387134148339 66
1753672669122 5.68972350594937 67
1753672697708 5.615718588055265 68
1753672729280 5.520163189469334 69
1753672744663 6.047248853680403 70
1753672769220 5.568821884632472 71
1753672797964 5.6855846360936955 72
1753672812794 5.610365412317078 73
1753672841447 5.731990136185883 74
1753672868149 5.696076296829584 75
1753672888276 6.023823073457714 76
1753672921557 5.675636154242666 77
1753672953784 5.97696583923385 78
1753672968123 5.843094064263799 79
1753672982313 5.646528510632881 80
1753673001883 5.804623490576341 81
1753673026187 5.761024007334024 82
1753673058105 5.85562544946679 83
1753673077900 6.179300048472143 84
1753673109694 5.669272228637346 85
1753673142699 5.579399421461882 86
1753673168443 5.864570826145489 87
1753673182769 5.623774376587343 88
1753673198905 5.7832671015843555 89
1753673229650 5.895227840905735 90
1753673256654 5.605940298817477 91
1753673279540 5.682788222638426 92
1753673307925 5.5192271088314095 93
1753673323414 5.842723399927661 94
1753673350174 5.546610187065635 95
1753673364242 5.6137092846782295 96
1753673389495 5.73275651199208 97
1753673412741 5.57602602156274 98
1753673435122 5.6330662303750145 99
1753673451013 5.643187921201928 100
