1753909978609 4.566931991902424 0
1753910006422 4.5225521338038375 1
1753910037126 4.4928635517706255 2
1753910066166 4.463974415195814 3
1753910109169 4.421784303681724 4
1753910139604 4.364832582147482 5
1753910187399 4.3439756492412 6
1753910222019 4.309660781325344 7
1753910275866 4.279815794983078 8
1753910320334 4.270434009402734 9
1753910375379 4.240066704527557 10
1753910417191 4.222993990695983 11
1753910467934 4.206064985695931 12
1753910504409 4.171950661031041 13
1753910558991 4.163967943211484 14
1753910594500 4.155939967893212 15
1753910630654 4.14011938678193 16
1753910665271 4.131233015477495 17
1753910699192 4.103786287708846 18
1753910748201 4.086577158164818 19
1753910779691 4.077697751536532 20
1753910836405 4.067132626973727 21
1753910882113 4.067437329759256 22
1753910913440 4.051056168348277 23
1753910950927 4.0514118821831975 24
1753910984741 4.043323266753145 25
1753911013622 4.041785357586632 26
1753911049609 4.034817874768359 27
1753911092528 4.039108347109507 28
1753911126526 4.027495186556879 29
1753911164827 4.032850161584558 30
1753911194829 4.041164887826995 31
1753911226502 4.023982133768572 32
1753911256706 4.022319128783234 33
1753911289502 4.03169803912232 34
