1752533555864 0.01397618260006616 0
1752533571813 0.01794574925570625 1
1752533587815 0.026050281177638107 2
1752533603755 0.035974197816738336 3
1752533619699 0.04804829639431029 4
1752533635819 0.051025471386040355 5
1752533651887 0.04961958319550116 6
1752533668017 0.05656632484287132 7
1752533683906 0.06235527621567979 8
1752533699704 0.06607674495534238 9
1752533715603 0.06822692689381409 10
1752533731519 0.07070790605358915 11
1752533747392 0.0771584518690043 12
1752533763287 0.08261660602050942 13
1752533779289 0.08782666225603705 14
1752533795225 0.09857757194839563 15
1752533811152 0.09700628514720476 16
1752533826985 0.09956996361230566 17
1752533843088 0.10436652332120411 18
1752533859357 0.10279523652001323 19
1752533875360 0.1080879920608667 20
1752533891314 0.10874958650347337 21
1752533907473 0.11379424412834932 22
1752533923371 0.12032748924909031 23
1752533939299 0.12487595104201124 24
1752533955176 0.12388355937810122 25
1752533971147 0.1287628183923255 26
1752533987515 0.13198809130003308 27
1752534003998 0.13331128018524643 28
1752534019908 0.13645385378762817 29
1752534035902 0.13843863711544824 30
1752534052024 0.1378597419781674 31
1752534067912 0.14455838570956003 32
1752534083825 0.14439298709890838 33
1752534099662 0.14579887528944757 34
1752534115562 0.150099239166391 35
1752534131579 0.1515051273569302 36
1752534147540 0.15729407872973866 37
1752534163547 0.15679788289778365 38
1752534179598 0.16233873635461463 39
1752534195550 0.1608501488587496 40
1752534211624 0.16457161759841218 41
1752534227686 0.16787958981144557 42
1752534243854 0.16589480648362553 43
1752534259840 0.16663910023155806 44
1752534276303 0.16895468078068143 45
1752534292262 0.1733377439629507 46
1752534308535 0.1768111147866358 47
1752534324825 0.1773073106185908 48
1752534340908 0.17672841548130996 49
1752534356990 0.1793747932517367 50
1752534372978 0.1834270592127026 51
1752534388923 0.1859907376778035 52
1752534405205 0.18169037380086006 53
1752534421159 0.1854945418458485 54
1752534437283 0.18781012239497188 55
1752534453193 0.18987760502811776 56
1752534469156 0.18847171683757857 57
1752534485064 0.19318557724115118 58
1752534501017 0.19459146543169037 59
1752534516853 0.19401257029440952 60
1752534532773 0.19715514389679126 61
1752534548759 0.19856103208733047 62
1752534564665 0.19980152166721799 63
1752534580826 0.20344029110155476 64
1752534597214 0.20385378762818393 65
1752534613220 0.20575587165067813 66
1752534629293 0.20807145219980153 67
1752534645319 0.2060866688719815 68
1752534661272 0.20881574594773403 69
1752534677174 0.21088322858087993 70
1752534693028 0.21220641746609328 71
1752534708951 0.21228911677141912 72
1752534724825 0.21477009593119417 73
1752534740861 0.21642408203771088 74
1752534756804 0.21915315911346345 75
1752534772684 0.22105524313595765 76
1752534789172 0.22353622229573272 77
1752534805502 0.22122064174660933 78
1752534821641 0.21964935494541846 79
1752534837950 0.22452861395964274 80
1752534853879 0.22452861395964274 81
1752534869689 0.2258518028448561 82
1752534885781 0.2281673833939795 83
1752534901733 0.23056566324842873 84
1752534917794 0.22899437644723783 85
1752534933995 0.22957327158451868 86
1752534949959 0.23040026463777705 87
1752534966077 0.23470062851472048 88
1752534982120 0.23478332782004632 89
1752534998166 0.23693350975851804 90
1752535014020 0.2361892160105855 91
1752535030133 0.23552762156797882 92
1752535046163 0.23577571948395634 93
1752535062142 0.23676811114786636 94
1752535078462 0.2380913000330797 95
1752535094895 0.23966258683427058 96
1752535110957 0.24164737016209065 97
1752535127042 0.24239166391002315 98
1752535143137 0.242970559047304 99
1752535159110 0.242970559047304 100
