1753310423808 0.0171124771556737 0
1753310431667 0.020186077421498586 1
1753310438981 0.022096693802957302 2
1753310446968 0.028243894334607077 3
1753310454859 0.0317328459877056 4
1753310462014 0.042116630669546434 5
1753310470033 0.04784847981392258 6
1753310477777 0.05665392922412361 7
1753310485092 0.06338262169795647 8
1753310492831 0.06853297890014953 9
1753310500480 0.07044359528160823 10
1753310507770 0.07177271972088387 11
1753310515472 0.07276956305034059 12
1753310522986 0.08838677521182921 13
1753310531243 0.09071274298056156 14
1753310539782 0.09702608406712078 15
1753310547874 0.10192723043694966 16
1753310555632 0.104253198205682 17
1753310563449 0.1101511879049676 18
1753310571184 0.11663066954643629 19
1753310578353 0.11962119953480645 20
1753310585668 0.11322478817079248 21
1753310592328 0.11613224788170792 22
1753310600397 0.12468848645954478 23
1753310608556 0.12435620534972587 24
1753310616464 0.13141717893337765 25
1753310624371 0.1331616547599269 26
1753310632181 0.13000498421664727 27
1753310638892 0.14072105000830704 28
1753310646961 0.1437115799966772 29
1753310654651 0.1462867585977737 30
1753310662672 0.14445921249376972 31
1753310669935 0.14337929888685827 32
1753310677654 0.15442764578833693 33
1753310685029 0.14985878052832696 34
1753310692493 0.15384615384615385 35
1753310700171 0.16107326798471508 36
1753310708091 0.1596610732679847 37
1753310715477 0.16472836019272305 38
1753310722575 0.16780196045854792 39
1753310730590 0.17394916099019772 40
1753310738616 0.17527828542947332 41
1753310746698 0.16913108489782355 42
1753310754280 0.17220468516364845 43
1753310761442 0.1801794317993022 44
1753310768933 0.18242232929057983 45
1753310776797 0.17885030736002658 46
1753310785197 0.1816746967934873 47
1753310792093 0.1870742648280445 48
1753310799741 0.1894833028742316 49
1753310807667 0.1885695298222296 50
1753310815363 0.18748961621531815 51
1753310822515 0.1900647948164147 52
1753310830249 0.19338760591460374 53
1753310838124 0.19338760591460374 54
1753310846138 0.19737497923243064 55
1753310854353 0.19862103339425155 56
1753310862723 0.19928559561388934 57
1753310870660 0.20136235255025753 58
1753310878188 0.20493437448081075 59
1753310885323 0.20642963947499585 60
1753310893630 0.20235919587971424 61
1753310901113 0.20227612560225952 62
1753310909386 0.20476823392590132 63
1753310916708 0.21457052666555906 64
1753310924658 0.21756105665392922 65
1753310932617 0.22013623525502576 66
1753310940942 0.22254527330121282 67
1753310948921 0.21988702442266156 68
1753310955579 0.22237913274630336 69
1753310963011 0.2267818574514039 70
1753310971191 0.22204685163648447 71
1753310979139 0.22412360857285263 72
1753310987369 0.2168134241568367 73
1753310995143 0.22229606246884864 74
1753311002802 0.22512045190230937 75
1753311010304 0.2243728194052168 76
1753311018443 0.22462203023758098 77
1753311025900 0.22703106828376807 78
1753311033712 0.22877554411031734 79
1753311040939 0.2317660740986875 80
1753311049182 0.23351054992523676 81
1753311057123 0.2383286260176109 82
1753311064804 0.2395746801794318 83
1753311071761 0.23882704768233926 84
1753311079598 0.2417345073932547 85
1753311087689 0.2427313507227114 86
1753311095232 0.24098687489616216 87
1753311102586 0.2457218807110816 88
1753311110108 0.2448911779365343 89
1753311117577 0.2452234590463532 90
1753311125464 0.25120451902309354 91
1753311133365 0.25161987041036715 92
1753311141226 0.2510383784681841 93
1753311148783 0.2536966273467353 94
1753311156387 0.2575178601096528 95
1753311164038 0.2501246054161821 96
1753311171773 0.25461040039873734 97
1753311179293 0.2576840006645622 98
1753311186225 0.25901312510383784 99
1753311194168 0.25436118956637316 100
