1753310423809 4.618706490573587 0
1753310431668 4.596748115836998 1
1753310438982 4.560297841382358 2
1753310446969 4.533699377437959 3
1753310454860 4.5061815058598755 4
1753310462015 4.4743639109464395 5
1753310470034 4.438095819754679 6
1753310477778 4.410411544134758 7
1753310485093 4.3734388735275305 8
1753310492832 4.326148405451893 9
1753310500481 4.30260047641007 10
1753310507771 4.271208034738265 11
1753310515473 4.243543509827687 12
1753310522987 4.2074536186348945 13
1753310531244 4.182267828967802 14
1753310539783 4.160052547689344 15
1753310547875 4.14181541173886 16
1753310555633 4.130745989527709 17
1753310563450 4.119143223702381 18
1753310571185 4.095796711558101 19
1753310578354 4.086660191159932 20
1753310585669 4.0616361902460625 21
1753310592329 4.043730373240259 22
1753310600398 4.0311214706385625 23
1753310608557 4.017461696809558 24
1753310616465 3.986329697871118 25
1753310624372 3.9883714321031447 26
1753310632183 3.9877660510017874 27
1753310638893 3.968067513588548 28
1753310646962 3.9441979348834897 29
1753310654652 3.931357639885189 30
1753310662673 3.9114072681124745 31
1753310669936 3.9059606721392197 32
1753310677655 3.903934649781752 33
1753310685030 3.9040334404091115 34
1753310692494 3.8825712529687935 35
1753310700172 3.88533742355669 36
1753310708092 3.8625392983469857 37
1753310715478 3.863605536849321 38
1753310722576 3.853134707674954 39
1753310730591 3.8330836551386853 40
1753310738617 3.831941481696903 41
1753310746699 3.8319106481064265 42
1753310754281 3.818813869861957 43
1753310761443 3.812485742939776 44
1753310768934 3.786874469687529 45
1753310776798 3.7922471720864666 46
1753310785198 3.7846186825737025 47
1753310792094 3.767703704294812 48
1753310799742 3.7492330673363288 49
1753310807668 3.7466486075336367 50
1753310815364 3.741543246999214 51
1753310822516 3.748724800315711 52
1753310830250 3.7443258287326384 53
1753310838125 3.7320507375469423 54
1753310846139 3.739197774838379 55
1753310854354 3.7161962626710965 56
1753310862724 3.7210174051589853 57
1753310870661 3.709308994748403 58
1753310878189 3.705615199028118 59
1753310885324 3.6896676389596803 60
1753310893631 3.694062005100555 61
1753310901114 3.6888650874221662 62
1753310909387 3.6820428715427664 63
1753310916709 3.6932583527937815 64
1753310924659 3.6680204185832195 65
1753310932618 3.6603519477579662 66
1753310940943 3.6522215917712755 67
1753310948922 3.6545292287626503 68
1753310955580 3.65520507034608 69
1753310963013 3.646631941593911 70
1753310971192 3.6389340189837167 71
1753310979140 3.6139251259055745 72
1753310987370 3.6259797582009 73
1753310995144 3.616240791159049 74
1753311002803 3.617692788492085 75
1753311010305 3.614570089376689 76
1753311018444 3.6066937885549 77
1753311025901 3.5972028565336647 78
1753311033713 3.595030669907453 79
1753311040940 3.5896005318564694 80
1753311049183 3.588213589798758 81
1753311057124 3.590377598963349 82
1753311064805 3.584667626500581 83
1753311071762 3.56773557468541 84
1753311079599 3.554652829939901 85
1753311087690 3.58196683266224 86
1753311095233 3.5538919689576134 87
1753311102587 3.5407582973922787 88
1753311110109 3.547201546564379 89
1753311117578 3.534689391922079 90
1753311125465 3.54211301430778 91
1753311133366 3.533532646910991 92
1753311141227 3.534429641569698 93
1753311148784 3.541065100362793 94
1753311156388 3.516102496116489 95
1753311164039 3.534683301900805 96
1753311171774 3.5254020837236224 97
1753311179294 3.5108097073359366 98
1753311186227 3.5033141065666085 99
1753311194169 3.5055752963817337 100
