1753368375222 4.539273277838675 0
1753368400184 4.392417522947468 1
1753368424811 4.24378965401854 2
1753368448304 4.1162997937197465 3
1753368471466 4.005234067922458 4
1753368494712 3.905968288193938 5
1753368516008 3.8223956912026344 6
1753368539108 3.7405561812379466 7
1753368560597 3.671880052687858 8
1753368585059 3.604884022797319 9
1753368607990 3.548577267658663 10
1753368631735 3.500064311815271 11
1753368655233 3.4518016650228227 12
1753368679197 3.4094443942218877 13
1753368704293 3.367616684585467 14
1753368728627 3.3283814853094293 15
1753368751236 3.3067253778783514 16
1753368776778 3.285157672554211 17
1753368800649 3.253791472108126 18
1753368824228 3.2045505657109237 19
1753368848787 3.213514375946067 20
1753368873169 3.176394856420115 21
1753368898425 3.1736173561413086 22
1753368914241 3.142692928148079 23
1753368937211 3.132446800971485 24
1753368958804 3.085611576183642 25
1753368980361 3.0899055019086514 26
1753369005286 3.079641324340312 27
1753369027714 3.0654782225619703 28
1753369053059 3.0448392536830244 29
1753369075905 3.041074641399689 30
1753369101277 3.019433451998456 31
1753369124425 3.012440161104855 32
1753369147515 3.0021122862889094 33
1753369168892 3.0008698271567615 34
1753369194108 2.969670358332013 35
1753369218672 2.9860916391566947 36
1753369243420 2.9503664452489837 37
1753369261784 2.95234859425619 38
1753369285956 2.929529001159532 39
1753369308821 2.913627785490407 40
1753369334070 2.9078457634938912 41
1753369360418 2.9209742110302868 42
1753369384572 2.9115599773093033 43
1753369407849 2.9028810621567613 44
1753369433907 2.8880820512447327 45
1753369458547 2.8977014322452 46
1753369482360 2.8811224506013087 47
1753369505644 2.8613839053376795 48
1753369525689 2.8449560354309216 49
1753369548839 2.8546243889807257 50
1753369572045 2.843237567232303 51
1753369594614 2.843238469346544 52
1753369611832 2.8453454902123947 53
1753369634683 2.833830888830336 54
1753369658287 2.825635263020086 55
1753369681017 2.809518482850221 56
1753369704260 2.799774075594625 57
1753369728443 2.8104973094661405 58
1753369753274 2.8217541249969758 59
1753369776953 2.7963413820341056 60
1753369797779 2.7928976053334997 61
1753369822236 2.7810378382584617 62
1753369847137 2.7826975216661496 63
1753369870644 2.7741683615996364 64
1753369885380 2.7487810619345368 65
1753369908910 2.7640077995721404 66
1753369930440 2.7595151533739264 67
1753369954081 2.756631883832919 68
1753369979588 2.7623662482958804 69
1753370003639 2.7428372822581886 70
1753370026478 2.7391272098929793 71
1753370049279 2.722329876192895 72
1753370073603 2.726151731684508 73
1753370099443 2.7122277297511412 74
1753370123441 2.7285769490654137 75
1753370150088 2.707949987843985 76
1753370174602 2.7112903809554907 77
1753370198807 2.698819665326736 78
1753370223295 2.694970934052152 79
1753370247631 2.7061171390024232 80
1753370269900 2.701060818011328 81
1753370292808 2.708630479022558 82
1753370306409 2.6926866607496143 83
1753370331481 2.6913229692341467 84
1753370352064 2.684217637996839 85
1753370375569 2.690193093762809 86
1753370400184 2.6669496967001027 87
1753370424515 2.673655452542311 88
1753370441531 2.6828751379374953 89
1753370467136 2.6552089134172356 90
1753370492883 2.657087848301362 91
1753370514912 2.6509137346492473 92
1753370538857 2.6581563625993727 93
1753370562179 2.645370270186175 94
1753370588670 2.6436569607857754 95
1753370605507 2.6637673563046995 96
1753370629257 2.6374737848064895 97
1753370654726 2.6334703493988845 98
1753370679687 2.636282459643501 99
1753370705888 2.624281293706905 100
