1753817444429 0.033061970426981224 0
1753817497410 0.06894833028742316 1
1753817524562 0.09528160824057152 2
1753817554155 0.11795979398571191 3
1753817581170 0.13797973085230106 4
1753817635462 0.1655590629672703 5
1753817662513 0.18989865426150523 6
1753817692980 0.2031898986542615 7
1753817751698 0.21357368333610235 8
1753817817926 0.22520352217976408 9
1753817846151 0.22919089549759097 10
1753817889781 0.24214985878052833 11
1753817949005 0.2536135570692806 12
1753818015691 0.26557567702276125 13
1753818074420 0.27413191560059813 14
1753818142636 0.28011297557733844 15
1753818179043 0.2713905964445921 16
1753818205821 0.2824389433460708 17
1753818233255 0.2925735171955474 18
1753818267810 0.2999667718890181 19
1753818335127 0.2973915932879216 20
1753818401471 0.3043694965941186 21
1753818431837 0.3043694965941186 22
1753818473815 0.3073600265824888 23
1753818506382 0.3117627512875893 24
1753818533128 0.31400564877886694 25
1753818583217 0.3113473999003157 26
1753818611603 0.3129257351719555 27
1753818640284 0.3126765243395913 28
1753818667335 0.3214819737497923 29
1753818703015 0.32098355208506396 30
1753818732542 0.3199036384781525 31
1753818760328 0.3235587306861605 32
1753818787942 0.32837680677853465 33
1753818814907 0.3297059312178103 34
1753818844341 0.3354377803621864 35
1753818873149 0.3298720717727197 36
1753818899990 0.330702774547267 37
1753818967464 0.33585313174946 38
1753819028791 0.33992357534474166 39
1753819056569 0.3331948828709088 40
1753819084038 0.34175112144874564 41
1753819112097 0.3419172620036551 42
1753819174539 0.3392590131251038 43
1753819210345 0.34399401894002324 44
1753819239791 0.34399401894002324 45
1753819270800 0.34490779199202526 46
1753819334296 0.3436617378302044 47
1753819367725 0.3419172620036551 48
1753819430963 0.34515700282438944 49
1753819497896 0.34515700282438944 50
1753819555051 0.34715068948330285 51
1753819581988 0.3475660408705765 52
1753819614764 0.3462369164313009 53
1753819642931 0.34648612726366507 54
1753819710493 0.3483967436451238 55
1753819744864 0.3474829705931218 56
1753819782902 0.3478152517029407 57
1753819810760 0.35387938195713575 58
1753819882244 0.3458215650440272 59
1753819909736 0.3414188403389267 60
1753819965275 0.3483967436451238 61
1753820000789 0.3509719222462203 62
1753820064361 0.3446585811596611 63
1753820095443 0.35396245223459044 64
1753820134103 0.3563714902807775 65
1753820203454 0.35171955474331285 66
1753820230471 0.35238411696295063 67
1753820259963 0.3490613058647616 68
1753820330491 0.35645456055823227 69
1753820390304 0.35612227944841335 70
1753820428012 0.35645456055823227 71
1753820466354 0.3483967436451238 72
1753820496914 0.3518026250207676 73
1753820524449 0.3572021930553248 74
1753820566938 0.3600265824887855 75
1753820635905 0.3618541285927895 76
1753820689991 0.35529157667386607 77
1753820758325 0.360192723043695 78
1753820785944 0.362601761089882 79
1753820840627 0.3621864097026084 80
1753820883728 0.3617710583153348 81
1753820912631 0.36235255025751784 82
1753820940152 0.3586143877720552 83
1753820978400 0.3625186908124273 84
1753821043840 0.36110649609569695 85
1753821111607 0.3687489616215318 86
1753821173189 0.367170626349892 87
1753821205623 0.3569529822229606 88
1753821234646 0.3625186908124273 89
1753821262151 0.36575843163316163 90
1753821291045 0.36351553414188403 91
1753821338540 0.36326632330951986 92
1753821408681 0.3664229938527995 93
1753821461425 0.3718225618873567 94
1753821530588 0.36725369662734675 95
1753821558079 0.36467851802625023 96
1753821587170 0.3681674696793487 97
1753821643425 0.36982887522844327 98
1753821670771 0.36966273467353383 99
1753821698254 0.3691643130088054 100
