1753817444430 4.519433346521058 0
1753817497411 4.36857366796367 1
1753817524563 4.227412785613704 2
1753817554156 4.123020114971519 3
1753817581171 4.053615266619729 4
1753817635463 3.9864948131370106 5
1753817662514 3.9464044170191057 6
1753817692981 3.9144093507152893 7
1753817751699 3.891027387589385 8
1753817817927 3.8716952473979087 9
1753817846152 3.8839458372458724 10
1753817889782 3.8659467539619667 11
1753817949006 3.8735289001943776 12
1753818015692 3.8513593544868225 13
1753818074421 3.8423894715374 14
1753818142638 3.874616388821607 15
1753818179044 3.921694975576283 16
1753818205822 3.9148076560537692 17
1753818233256 3.9028277635437147 18
1753818267811 3.9016643906767134 19
1753818335128 3.953623760380139 20
1753818401472 3.9578927396592998 21
1753818431838 3.9502399772199834 22
1753818473816 3.9628564340969987 23
1753818506383 3.974278752774867 24
1753818533129 3.9644191449320596 25
1753818583218 4.0339421906133754 26
1753818611604 4.053991491832876 27
1753818640285 4.029824876634365 28
1753818667336 3.9928588175978166 29
1753818703016 4.017144628756214 30
1753818732544 4.008857449494438 31
1753818760330 4.046057983119758 32
1753818787943 4.0863030210003295 33
1753818814908 4.102532810092496 34
1753818844342 4.086025597585697 35
1753818873150 4.090454897254575 36
1753818899991 4.036922116684575 37
1753818967465 4.055963787256262 38
1753819028792 4.105008632153566 39
1753819056571 4.1005109068170755 40
1753819084039 4.142342019312475 41
1753819112098 4.157934474911394 42
1753819174540 4.128724782118665 43
1753819210346 4.1404811301586095 44
1753819239792 4.1331710194563565 45
1753819270801 4.162313386277191 46
1753819334297 4.1393839253600255 47
1753819367726 4.080484358747775 48
1753819430964 4.105713166382229 49
1753819497897 4.129498310840811 50
1753819555052 4.111498759974119 51
1753819581989 4.127538452307271 52
1753819614765 4.146468341927394 53
1753819642932 4.139619155036066 54
1753819710494 4.142150654696625 55
1753819744865 4.150027438716039 56
1753819782903 4.162231192926615 57
1753819810761 4.1830325571016855 58
1753819882245 4.136534852169253 59
1753819909737 4.089435278066009 60
1753819965276 4.096690560240305 61
1753820000790 4.122579546157699 62
1753820064362 4.170950282428224 63
1753820095444 4.206070233018709 64
1753820134104 4.147515534085568 65
1753820203456 4.166659629131042 66
1753820230472 4.065426833841885 67
1753820259964 4.080060238318355 68
1753820330492 4.194002038176201 69
1753820390305 4.1844315571540145 70
1753820428013 4.176195781942216 71
1753820466355 4.089446147850404 72
1753820496915 4.17601119249211 73
1753820524450 4.161777875492777 74
1753820566939 4.200472955603085 75
1753820635906 4.1780199258147634 76
1753820689992 4.167785908312048 77
1753820758326 4.145613385284514 78
1753820785945 4.124121641693042 79
1753820840628 4.170244444109426 80
1753820883730 4.122084670858569 81
1753820912632 4.192701479354197 82
1753820940153 4.195656486488543 83
1753820978401 4.182783529837465 84
1753821043842 4.173791257500474 85
1753821111608 4.2111851779093525 86
1753821173190 4.180617088829655 87
1753821205625 4.1171382986419145 88
1753821234647 4.184275529670663 89
1753821262152 4.117448426687984 90
1753821291046 4.165986803519499 91
1753821338541 4.111255131571468 92
1753821408683 4.122997468101614 93
1753821461426 4.169031715872155 94
1753821530589 4.205057158835465 95
1753821558080 4.152087965896374 96
1753821587171 4.133312483364336 97
1753821643426 4.18996150810977 98
1753821670772 4.244784527382833 99
1753821698255 4.17400834706132 100
