1753320330594 0.025253364346236918 0
1753320345550 0.05299883701611564 1
1753320380932 0.08041202857617545 2
1753320417242 0.09951819239076258 3
1753320451941 0.11579996677188902 4
1753320484551 0.1278451570028244 5
1753320516013 0.1618209004818076 6
1753320552305 0.1692141551752783 7
1753320586138 0.18159162651603256 8
1753320622800 0.19396909785678684 9
1753320655262 0.19837182256188735 10
1753320682786 0.2109985047350058 11
1753320719199 0.22287755441103174 12
1753320753163 0.23567037713905964 13
1753320786659 0.2392423990696129 14
1753320818915 0.24646951320817412 15
1753320853070 0.2535304867918259 16
1753320884044 0.25344741651437114 17
1753320916965 0.26034224954311347 18
1753320948406 0.2666555906296727 19
1753320980873 0.2636650606413025 20
1753321018567 0.27512875893005484 21
1753321051764 0.2747134075427812 22
1753321087937 0.28866921415517527 23
1753321123945 0.28833693304535635 24
1753321154836 0.29066290081408874 25
1753321176131 0.29423492274464197 26
1753321195186 0.29705931217810266 27
1753321215572 0.2980561555075594 28
1753321233950 0.3027911613224788 29
1753321251693 0.30220966938029575 30
1753321270806 0.29390264163482305 31
1753321291519 0.3011297557733843 32
1753321311649 0.3071108157501246 33
1753321331427 0.30843994018940024 34
1753321351400 0.30943678351885695 35
1753321371756 0.31159661073267986 36
1753321391789 0.31599933543778036 37
1753321412876 0.31533477321814257 38
1753321433024 0.3220634656919754 39
1753321453863 0.3258846984548928 40
1753321474056 0.3258846984548928 41
1753321494830 0.32222960624688485 42
1753321516194 0.3263000498421665 43
1753321533552 0.32895829872071775 44
1753321552630 0.3326964612061804 45
1753321573890 0.3284598770559894 46
1753321593389 0.3295397906629008 47
1753321614554 0.333444093703273 48
1753321634653 0.3322811098189068 49
1753321655015 0.33460707758763913 50
1753321669240 0.33676690480146204 51
1753321682713 0.3348562884200033 52
1753321697339 0.33776374813091875 53
1753321710913 0.33709918591128096 54
1753321725452 0.3414188403389267 55
1753321738110 0.3412526997840173 56
1753321749963 0.3444924406047516 57
1753321763884 0.34058813756437945 58
1753321777122 0.34058813756437945 59
1753321790013 0.3382621697956471 60
1753321804129 0.3366007642465526 61
1753321817148 0.3360192723043695 62
1753321829798 0.33743146702109983 63
1753321843458 0.3488120950323974 64
1753321856945 0.34673533809602924 65
1753321869791 0.34731683003821234 66
1753321883144 0.3460707758763914 67
1753321896280 0.3482306030902143 68
1753321909044 0.3464030569862103 69
1753321921614 0.348645954477488 70
1753321935344 0.35088885196876557 71
1753321948632 0.3450739325469347 72
1753321962552 0.3425818242232929 73
1753321975474 0.34673533809602924 74
1753321989374 0.3508057816913108 75
1753321997645 0.34989200863930886 76
1753322005460 0.3472337597607576 77
1753322013042 0.35296560890513373 78
1753322020650 0.35487622528659246 79
1753322027591 0.3532148197374979 80
1753322035414 0.3532148197374979 81
1753322042834 0.3563714902807775 82
1753322051015 0.3572021930553248 83
1753322058274 0.35728526333277955 84
1753322065272 0.36077421498587803 85
1753322073147 0.35728526333277955 86
1753322081187 0.35612227944841335 87
1753322089227 0.35645456055823227 88
1753322096893 0.35587306861604917 89
1753322104603 0.35828210666223625 90
1753322112221 0.35969430137896663 91
1753322119111 0.356537630835687 92
1753322126295 0.35296560890513373 93
1753322133552 0.35670377139059645 94
1753322140632 0.3617710583153348 95
1753322148579 0.3602757933211497 96
1753322156276 0.353796311679681 97
1753322163488 0.3581159661073268 98
1753322171058 0.3606080744309686 99
1753322178672 0.357451403887689 100
