1753320330595 4.533418577726572 0
1753320345551 4.39750435633938 1
1753320380933 4.276786871746139 2
1753320417243 4.178367130893677 3
1753320451942 4.111289509107406 4
1753320484552 4.027505874834225 5
1753320516014 3.977798069911426 6
1753320552306 3.9305103361331 7
1753320586140 3.902624505114385 8
1753320622801 3.835175970413445 9
1753320655263 3.826139224031584 10
1753320682787 3.804606650746535 11
1753320719200 3.785789443445386 12
1753320753164 3.74896680231403 13
1753320786660 3.726069397287942 14
1753320818916 3.74282493654947 15
1753320853071 3.72872221006371 16
1753320884045 3.7282502703578495 17
1753320916966 3.71966657458408 18
1753320948407 3.7174136867388903 19
1753320980874 3.7526712695331623 20
1753321018568 3.7472506539818617 21
1753321051765 3.7441273783750524 22
1753321087938 3.7175118523818598 23
1753321123946 3.736983732134417 24
1753321154837 3.71737035693066 25
1753321176132 3.723440201643787 26
1753321195187 3.7235776987733233 27
1753321215573 3.7170590802419583 28
1753321233951 3.694294332455767 29
1753321251694 3.6814889766905377 30
1753321270807 3.684786909578126 31
1753321291520 3.6835789716809977 32
1753321311650 3.7043557058316714 33
1753321331428 3.68924686669702 34
1753321351401 3.669588577702247 35
1753321371757 3.6768151660484643 36
1753321391790 3.6597926651744994 37
1753321412877 3.6679643945014493 38
1753321433025 3.6854329815916578 39
1753321453864 3.6678072084469573 40
1753321474057 3.6688404855243597 41
1753321494831 3.6869183406327743 42
1753321516195 3.68257713732523 43
1753321533553 3.6785134591440936 44
1753321552631 3.6633107469406583 45
1753321573891 3.6967410863936574 46
1753321593390 3.6787436073908237 47
1753321614555 3.651434358978231 48
1753321634654 3.658444688983102 49
1753321655016 3.6647742831278567 50
1753321669241 3.6309414922614818 51
1753321682714 3.6295614588305747 52
1753321697340 3.630806117636058 53
1753321710914 3.6255896741500067 54
1753321725453 3.6208920407290215 55
1753321738111 3.6020527774168194 56
1753321749964 3.6151685528942594 57
1753321763885 3.618625741782385 58
1753321777123 3.612492720323633 59
1753321790014 3.5666992192811553 60
1753321804130 3.565611855705128 61
1753321817149 3.583810238527019 62
1753321829799 3.6056508537649656 63
1753321843459 3.6009800095626314 64
1753321856946 3.588749150698202 65
1753321869792 3.5824399617425833 66
1753321883145 3.558260701728273 67
1753321896281 3.5604082173462324 68
1753321909045 3.59954605060197 69
1753321921615 3.578576738328781 70
1753321935345 3.5828300044097134 71
1753321948633 3.551985355198208 72
1753321962553 3.5736628945771263 73
1753321975475 3.5642167282059396 74
1753321989375 3.589860937045672 75
1753321997646 3.5436487622424404 76
1753322005461 3.5120120786753657 77
1753322013043 3.507120107849038 78
1753322020651 3.4876332295547265 79
1753322027592 3.486643365810979 80
1753322035415 3.482810048131995 81
1753322042835 3.477968324152749 82
1753322051016 3.4680003523388145 83
1753322058275 3.464650375996382 84
1753322065273 3.4518782596294497 85
1753322073148 3.4575487964290588 86
1753322081188 3.452272406880622 87
1753322089228 3.4324207146561614 88
1753322096894 3.4452673653661328 89
1753322104604 3.438892565326262 90
1753322112222 3.443475860859627 91
1753322119112 3.432567598264525 92
1753322126296 3.4338163786222076 93
1753322133553 3.4398935976688376 94
1753322140633 3.430336556699207 95
1753322148580 3.436295826741255 96
1753322156277 3.420001495981878 97
1753322163489 3.421946352108931 98
1753322171059 3.4379317313745874 99
1753322178673 3.429324417748888 100
