1751380890176 0.03214819737497923 0
1751381128063 0.05316497757102509 1
1751381367383 0.08539624522345905 2
1751381609229 0.11953812925735172 3
1751381850522 0.15301545107160658 4
1751382088956 0.18042864263166639 5
1751382330191 0.2044359528160824 6
1751382570116 0.21124771556737 7
1751382814229 0.2217976408041203 8
1751383062770 0.2342581824223293 9
1751383306258 0.24838012958963282 10
1751383545064 0.26516032563548764 11
1751383792030 0.27296893171623193 12
1751384037216 0.29647782023591956 13
1751384279970 0.29847150689483304 14
1751384526452 0.3027080910450241 15
1751384766110 0.3183253032065127 16
1751385002796 0.3330287423159993 17
1751385249054 0.3381790995181924 18
1751385488444 0.34615384615384615 19
1751385722059 0.35570692806113974 20
1751385965019 0.3655922910782522 21
1751386210562 0.36052500415351385 22
1751386447173 0.3702442266157169 23
1751386694670 0.3749792324306363 24
1751386936435 0.3952483801295896 25
1751387180972 0.3851968765575677 26
1751387423864 0.39184249875394583 27
1751387664139 0.3986542615052334 28
1751387901400 0.40928725701943847 29
1751388151471 0.418840338926732 30
1751388398454 0.41551752782854295 31
1751388641629 0.42108323641800965 32
1751388882520 0.4262335936202027 33
1751389122100 0.42831035055657085 34
1751389362057 0.4416015949493271 35
1751389603203 0.4427645788336933 36
1751389845046 0.4487456388104336 37
1751390085076 0.4430968599435122 38
1751390329909 0.45165309852134905 39
1751390574037 0.4555574015617212 40
1751390817194 0.46419671041701277 41
1751391067353 0.46004319654427644 42
1751391307918 0.4620368832031899 43
1751391547383 0.46245223459046353 44
1751391787763 0.47989699285595616 45
1751392029548 0.47599268981558396 46
1751392270177 0.4769895331450407 47
1751392518109 0.47183917594284763 48
1751392755539 0.47183917594284763 49
1751393001056 0.4738328626017611 50
1751393141206 0.4679348729024755 51
1751393274740 0.48255524173450737 52
1751393408479 0.49833859445090545 53
1751393541829 0.5020767569363682 54
1751393679705 0.5059810599767404 55
1751393812418 0.5110483469014786 56
1751393948276 0.5112144874563881 57
1751394084419 0.50913773052002 58
1751394220910 0.5142050174447582 59
1751394356177 0.5260009968433295 60
1751394487675 0.5222628343578668 61
1751394624626 0.521598272138229 62
1751394760000 0.5274131915600598 63
1751394893705 0.5286592457218807 64
1751395028591 0.5368832031898987 65
1751395162248 0.5390430304037216 66
1751395295992 0.5433626848313673 67
1751395432682 0.5429473334440937 68
1751395566946 0.5472669878717394 69
1751395703212 0.5438611064960956 70
1751395839723 0.5451902309353713 71
1751395972878 0.545273301212826 72
1751396108617 0.5520019936866589 73
1751396245771 0.5577338428310351 74
1751396380831 0.5535803289582987 75
1751396518075 0.5535803289582987 76
1751396651881 0.5515866422993853 77
1751396787300 0.5613889350390431 78
1751396921613 0.5557401561721216 79
1751397054254 0.5605582322644957 80
1751397190965 0.5600598105997674 81
1751397328366 0.5621365675361356 82
1751397465929 0.5662900814088719 83
1751397599606 0.5678684166805117 84
1751397735425 0.5699451736168799 85
1751397873239 0.5698621033394251 86
1751398008239 0.5737664063797973 87
1751398147907 0.5759262335936202 88
1751398283043 0.5731018441601595 89
1751398419122 0.5765077255358033 90
1751398553052 0.5799136069114471 91
1751398686773 0.5801628177438113 92
1751398824796 0.5855623857783685 93
1751398958932 0.5832364180096361 94
1751399093047 0.5840671207841834 95
1751399229462 0.5855623857783685 96
1751399366146 0.5814088719056322 97
1751399500026 0.5868084399401894 98
1751399634347 0.5823226449576342 99
1751399771934 0.5830702774547267 100
1751399864201 0.5878883535471009 101
1751399956265 0.5870576507725536 102
1751400050250 0.594533975743479 103
1751400143334 0.5881375643794651 104
1751400236279 0.5902143213158332 105
1751400326003 0.5971091543445756 106
1751400417636 0.6014288087722213 107
1751400509292 0.6031732845987705 108
1751400599337 0.5993520518358532 109
1751400692772 0.5914603754776541 110
1751400784935 0.5988536301711248 111
1751400877962 0.5963615218474829 112
1751400971905 0.5997674032231267 113
1751401063809 0.6008473168300382 114
1751401156520 0.608489782355873 115
1751401248574 0.6046685495929557 116
1751401342167 0.6022595115467686 117
1751401437134 0.6043362684831367 118
1751401530784 0.607326798471507 119
1751401623448 0.603671706263499 120
1751401717583 0.6083236418009637 121
1751401809870 0.6087389931882372 122
1751401900568 0.6100681176275129 123
1751401994049 0.6112311015118791 124
1751402086275 0.6117295231766074 125
1751402180308 0.6066622362518691 126
1751402272044 0.6080744309685995 127
1751402364559 0.609403555407875 128
1751402457852 0.6148031234424323 129
1751402550901 0.6147200531649776 130
1751402644668 0.6175444425984383 131
1751402737771 0.6194550589798969 132
1751402830491 0.6209503239740821 133
1751402923273 0.6209503239740821 134
1751403015580 0.6216148861937199 135
1751403109053 0.6155507559395248 136
1751403203043 0.6202857617544443 137
1751403295869 0.6210333942515368 138
1751403387941 0.6211995348064463 139
1751403479501 0.6247715567369995 140
1751403572195 0.631583319488287 141
1751403664051 0.6247715567369995 142
1751403756158 0.6246054161820901 143
1751403848283 0.6241069945173617 144
1751403942534 0.626765243395913 145
1751404033230 0.6298388436617378 146
1751404124824 0.6256022595115468 147
1751404217525 0.6251869081242731 148
1751404309651 0.6307526167137398 149
1751404401533 0.6303372653264662 150
1751404451294 0.6351553414188403 151
1751404501897 0.6359860441933876 152
1751404552010 0.6329955142050174 153
1751404602712 0.6362352550257517 154
1751404652188 0.6360691144708424 155
1751404701886 0.6369828875228444 156
1751404751985 0.6402226283435787 157
1751404802209 0.6403056986210334 158
1751404851997 0.636152184748297 159
1751404902082 0.6307526167137398 160
1751404952032 0.6374813091875727 161
1751405001558 0.6364844658581159 162
1751405051052 0.6356537630835687 163
1751405101017 0.6368167469679349 164
1751405150939 0.6376474497424821 165
1751405201458 0.6404718391759429 166
1751405250805 0.6413856122279449 167
1751405300689 0.6396411364013955 168
1751405349883 0.645289915268317 169
1751405399414 0.6439607908290413 170
1751405449428 0.6457883369330454 171
1751405498281 0.6437115799966772 172
1751405548254 0.6400564877886692 173
1751405598775 0.6432962286094036 174
1751405648829 0.6439607908290413 175
1751405698198 0.6497757102508722 176
1751405748045 0.6467021099850474 177
1751405798376 0.6459544774879548 178
1751405848754 0.6481973749792325 179
1751405897846 0.6497757102508722 180
1751405948090 0.6469513208174116 181
1751405998252 0.648031234424323 182
1751406048193 0.6491111480312344 183
1751406098314 0.6490280777537797 184
1751406148524 0.6466190397075926 185
