1753780271946 0.03522179764080412 0
1753780307391 0.07791992025253365 1
1753780342117 0.09901977072603423 2
1753780359795 0.1260176108988204 3
1753780396674 0.15035720219305532 4
1753780432467 0.17162319322146535 5
1753780466688 0.1932214653596943 6
1753780506312 0.20426981226117294 7
1753780542783 0.22229606246884864 8
1753780569130 0.23076923076923078 9
1753780586681 0.23807941518524672 10
1753780620556 0.24347898321980396 11
1753780656795 0.25577338428310353 12
1753780695001 0.2676524339591294 13
1753780732770 0.26989533145040706 14
1753780767802 0.28484798139225787 15
1753780784612 0.28709087888353546 16
1753780821265 0.29406878218973254 17
1753780857687 0.2961455391261007 18
1753780888377 0.30503405881375645 19
1753780905048 0.30345572354211664 20
1753780936943 0.31284266489450074 21
1753780972207 0.3123442432297724 22
1753781007955 0.32023591958797143 23
1753781025783 0.3164977571025087 24
1753781060941 0.3204851304203356 25
1753781099674 0.3253032065127098 26
1753781134919 0.321897325137066 27
1753781169376 0.3294567203854461 28
1753781199968 0.3361023425818242 29
1753781234138 0.3342747964778202 30
1753781269169 0.33801295896328293 31
1753781290337 0.33892673201528495 32
1753781329083 0.34116962950656254 33
1753781363587 0.3410865592291078 34
1753781399825 0.3416680511712909 35
1753781433889 0.34274796477820235 36
1753781468646 0.3469845489283934 37
1753781502193 0.3499750789167636 38
1753781537163 0.3509719222462203 39
1753781575129 0.35454394417677354 40
1753781609010 0.35587306861604917 41
1753781642432 0.3563714902807775 42
1753781676381 0.3531317494600432 43
1753781695362 0.3600265824887855 44
1753781716961 0.3557899983385944 45
1753781754061 0.35703605250041537 46
1753781790690 0.3625186908124273 47
1753781829240 0.3613557069280611 48
1753781859928 0.36550922080079745 49
1753781896326 0.3647615883037049 50
1753781930849 0.3669214155175278 51
1753781966976 0.36949659411862434 52
1753782003435 0.36924738328626017 53
1753782040310 0.36949659411862434 54
1753782068923 0.37007808606080744 55
1753782107437 0.36908124273135073 56
1753782145671 0.3714072105000831 57
1753782183230 0.3733178268815418 58
1753782220828 0.37381624854627016 59
1753782258786 0.3755607243728194 60
1753782293120 0.37132414022262833 61
1753782329274 0.3718225618873567 62
1753782369159 0.37389931882372485 63
1753782403155 0.3758930054826383 64
1753782439438 0.37730520019936864 65
1753782475319 0.3811264329622861 66
1753782498580 0.3811264329622861 67
1753782534704 0.3791327463033727 68
1753782569890 0.3797142382455557 69
1753782607205 0.3795480976906463 70
1753782645077 0.37938195713573686 71
1753782681168 0.3797142382455557 72
1753782715162 0.3833693304535637 73
1753782752324 0.38187406545937863 74
1753782786439 0.3861106496095697 75
1753782821453 0.381458714072105 76
1753782858701 0.38046187074264826 77
1753782894997 0.3817079249044692 78
1753782929973 0.38702442266157167 79
1753782968086 0.3857783684997508 80
1753783001826 0.38444924406047515 81
1753783021999 0.3856952982222961 82
1753783039069 0.3861106496095697 83
1753783058150 0.38627679016447913 84
1753783087881 0.38619371988702444 85
1753783123912 0.3896826715401229 86
1753783158404 0.38544608738993186 87
1753783194681 0.3945007476324971 88
1753783231011 0.3935869745804951 89
1753783266101 0.3913440770892175 90
1753783301205 0.3913440770892175 91
1753783334215 0.3923409204186742 92
1753783371141 0.38959960126266824 93
1753783409078 0.3916763581990364 94
1753783442463 0.3972420667885031 95
1753783477028 0.39682671540122944 96
1753783511755 0.39342083402558564 97
1753783542602 0.39317162319322146 98
1753783573982 0.39657750456886526 99
1753783610479 0.3901810932048513 100
