1753780271947 4.51105348922688 0
1753780307392 4.304348894381877 1
1753780342118 4.099323797585152 2
1753780359796 3.9437860644843994 3
1753780396675 3.8143119492723394 4
1753780432469 3.6870120110235396 5
1753780466689 3.5980000864089994 6
1753780506313 3.511406234341402 7
1753780542784 3.4440159014913174 8
1753780569131 3.3709773378383168 9
1753780586682 3.3081955286118996 10
1753780620557 3.270610746952699 11
1753780656796 3.224570967944553 12
1753780695002 3.1722266398406123 13
1753780732771 3.1339320210289023 14
1753780767803 3.114137191157831 15
1753780784613 3.0969323128817297 16
1753780821266 3.093851362537654 17
1753780857688 3.057994374983928 18
1753780888378 3.009984252355068 19
1753780905049 3.0338462206902777 20
1753780936945 3.0093648185925046 21
1753780972208 3.0122933418562683 22
1753781007957 2.9877470256606764 23
1753781025784 2.9812772026880685 24
1753781060942 2.9452435760274547 25
1753781099675 2.9519197968888866 26
1753781134921 2.9734616987461773 27
1753781169378 2.9431449946847814 28
1753781199969 2.908330511347747 29
1753781234139 2.904094598811649 30
1753781269171 2.889268521815819 31
1753781290339 2.8974887043437243 32
1753781329085 2.8891288316924593 33
1753781363588 2.8943612232358418 34
1753781399826 2.857058078081794 35
1753781433890 2.876894985233847 36
1753781468647 2.8621363143469156 37
1753781502194 2.8573317051863016 38
1753781537164 2.8587560569125006 39
1753781575130 2.8351405308127626 40
1753781609012 2.831641349907973 41
1753781642433 2.849391845276501 42
1753781676382 2.8512158623473067 43
1753781695364 2.831068458601904 44
1753781716962 2.831794300487062 45
1753781754062 2.8344393955486344 46
1753781790691 2.824830367637369 47
1753781829241 2.806197571804968 48
1753781859929 2.7799002769371786 49
1753781896327 2.794669897477356 50
1753781930850 2.7862323801602047 51
1753781966977 2.8125047858420165 52
1753782003436 2.7987353554434744 53
1753782040311 2.7772794328653356 54
1753782068924 2.780754494131372 55
1753782107439 2.7597466796031678 56
1753782145672 2.779247912970964 57
1753782183231 2.7644777518139145 58
1753782220829 2.7820106459402294 59
1753782258787 2.7519967633389757 60
1753782293122 2.7679112906325907 61
1753782329275 2.752360455621658 62
1753782369161 2.739154931350367 63
1753782403156 2.751364360178183 64
1753782439439 2.7260270345847735 65
1753782475320 2.7400810528771853 66
1753782498581 2.7238930412997857 67
1753782534706 2.7244402581452074 68
1753782569891 2.7299195061476564 69
1753782607206 2.7080673556739776 70
1753782645078 2.724429168984166 71
1753782681169 2.689092332949746 72
1753782715163 2.7123782967914347 73
1753782752325 2.7113158388270273 74
1753782786440 2.7221547845399487 75
1753782821454 2.700469331024244 76
1753782858702 2.70292418175261 77
1753782894998 2.684391565421344 78
1753782929974 2.6767372727568715 79
1753782968087 2.696546914665912 80
1753783001828 2.6947541221598996 81
1753783022000 2.6881628411070375 82
1753783039070 2.689155589754074 83
1753783058151 2.6751205661236854 84
1753783087883 2.6688118008614135 85
1753783123913 2.703704934993606 86
1753783158405 2.6577311272955657 87
1753783194682 2.6578060910479873 88
1753783231012 2.6822420097630277 89
1753783266102 2.6525436434789564 90
1753783301206 2.6500861039515766 91
1753783334216 2.6404992428864116 92
1753783371142 2.6362083270229113 93
1753783409079 2.6427113793604815 94
1753783442464 2.629242125325658 95
1753783477029 2.6591600937545485 96
1753783511756 2.6184643996257018 97
1753783542603 2.6149032348137466 98
1753783573983 2.6309724908948042 99
1753783610480 2.628768611606581 100
