1752714389690 4.54128705292336 0
1752714412777 4.369137496158883 1
1752714434330 4.19421461395718 2
1752714457894 4.012779809282841 3
1752714480230 3.8454024771580824 4
1752714502739 3.7146920455065935 5
1752714526021 3.5878028933059527 6
1752714549064 3.483478585988082 7
1752714570571 3.3909586360678077 8
1752714592320 3.304291618736209 9
1752714613506 3.2064556638534003 10
1752714634267 3.146335569059325 11
1752714655083 3.0920425925806567 12
1752714676088 3.0336686551973626 13
1752714697185 2.9839179300375887 14
1752714717708 2.941525458534424 15
1752714738882 2.9130189460324676 16
1752714759512 2.8576064010377267 17
1752714780982 2.816773743872103 18
1752714803584 2.7829803299486033 19
1752714824293 2.7724515324760532 20
1752714845143 2.7319981447496526 21
1752714866289 2.715897625538747 22
1752714887938 2.6955355012890054 23
1752714908833 2.67527960458569 24
1752714929706 2.6659185717864013 25
1752714951597 2.638651977368706 26
1752714974425 2.63215767414737 27
1752714997145 2.6084950398150326 28
1752715020885 2.5925198238393343 29
1752715042013 2.573557464607261 30
1752715062935 2.574210389643102 31
1752715083481 2.5556141390289002 32
1752715106404 2.541536113587082 33
1752715128399 2.540772154360909 34
1752715149803 2.5184329925985955 35
1752715170994 2.508304111521087 36
1752715191775 2.5085370727890246 37
1752715212941 2.4835978122050495 38
1752715235423 2.4690007357732267 39
1752715257994 2.463595016066589 40
1752715281109 2.462266059982515 41
1752715301747 2.45175958242947 42
1752715322307 2.447399785427528 43
1752715342935 2.441418793857903 44
1752715363434 2.427383852782785 45
1752715384888 2.4311178646906204 46
1752715405898 2.415572536681351 47
1752715428392 2.4036151791318647 48
1752715449769 2.3994598059940175 49
1752715471196 2.384818452070593 50
1752715492149 2.3904330668517866 51
1752715514112 2.3805287710038594 52
1752715535166 2.3697306492705703 53
1752715558567 2.36537450103945 54
1752715582028 2.363730518336131 55
1752715605628 2.3505668507612034 56
1752715627134 2.3510016495663977 57
1752715648650 2.343660866728405 58
1752715669942 2.339543682321705 59
1752715693906 2.3470921538442977 60
1752715715511 2.342555268095001 61
1752715736383 2.3328431459848544 62
1752715756999 2.314649122616125 63
1752715778571 2.309775855945977 64
1752715800934 2.3130031966075704 65
1752715823328 2.3161160793168016 66
1752715845781 2.301312539223078 67
1752715868551 2.2926974559605524 68
1752715891783 2.2932291735102095 69
1752715912641 2.280118286804724 70
1752715933747 2.2736277072501645 71
1752715956366 2.271883199016589 72
1752715978214 2.275035563592069 73
1752716001831 2.2615117666412248 74
1752716022691 2.2618810019166387 75
1752716045317 2.246219925060113 76
1752716066710 2.246872534516041 77
1752716087963 2.2467379438741184 78
1752716109271 2.2422897422535195 79
1752716131535 2.2283749308537795 80
1752716152365 2.2294989765583964 81
1752716173221 2.2249010812673666 82
1752716194020 2.2201337301285586 83
1752716214920 2.2173884233485 84
1752716236463 2.213215207586669 85
1752716259221 2.2128289411492594 86
1752716281848 2.2028798524642714 87
1752716305098 2.200826767913846 88
1752716326554 2.198953258471463 89
1752716348219 2.1960718413575777 90
1752716369205 2.1863657439291173 91
1752716389763 2.1942873866095938 92
1752716410993 2.1779402046766436 93
1752716431917 2.180696092885793 94
1752716455067 2.1713090973994316 95
1752716477958 2.166905440585184 96
1752716501436 2.169309932002294 97
1752716523113 2.167934221945502 98
1752716544162 2.1604947883233026 99
1752716565475 2.1525037105988107 100
