1754167017330 2.293843953981515 0
1754167062173 2.182064702834869 1
1754167132678 2.14292248552357 2
1754167187021 2.175668199221876 3
1754167240545 2.189096824173407 4
1754167291729 2.221353366978622 5
1754167367550 2.213915189116478 6
1754167424550 2.2683557777439414 7
1754167476411 2.2834424710797574 8
1754167532455 2.3501009287374943 9
1754167588834 2.2924858167187407 10
1754167632212 2.3991214607536175 11
1754167717099 2.3480792555182415 12
1754167775917 2.477030968716275 13
1754167834481 2.3929249435811193 14
1754167891828 2.5286684422132106 15
1754167951242 2.449653108842323 16
1754168005233 2.5931215222670327 17
1754168075644 2.483376828293906 18
1754168129028 2.6414235387479565 19
1754168185830 2.4977363394056913 20
1754168249292 2.693327641507588 21
1754168340979 2.5690819362813615 22
1754168383105 2.7191005745650023 23
1754168441125 2.6201962578965143 24
1754168483646 2.7530710861739562 25
1754168579054 2.6628986972024045 26
1754168646595 2.8039360884168225 27
1754168720703 2.7005503354256604 28
1754168783585 2.853345110223875 29
1754168845094 2.720441182691475 30
1754168913214 2.9275004059936456 31
1754168978906 2.7662800336654634 32
1754169025706 2.875563161063983 33
1754169110428 2.806765324997532 34
1754169169825 2.9518277940212987 35
1754169261281 2.88767989222338 36
1754169321284 3.1006152146710613 37
1754169386345 2.982079161310228 38
1754169444842 3.148955221299099 39
1754169527494 3.0314495324705444 40
1754169573063 3.141461505456994 41
1754169641108 3.098257391822418 42
1754169701078 3.16095835113861 43
1754169775344 3.14192843450989 44
1754169849486 3.1714749167755008 45
1754169916122 3.2484962136185334 46
1754169981388 3.0203231250442273 47
1754170060459 3.3070690492020707 48
1754170108284 3.0544133086628187 49
1754170173116 3.179327630155761 50
1754170223785 3.344468091752011 51
1754170276045 3.0483608511994125 52
1754170341658 3.28378746938345 53
1754170424833 3.282422123906159 54
1754170476563 3.103309238499018 55
1754170553362 3.297222320650373 56
1754170606867 3.308319958238448 57
1754170675911 3.139833464103083 58
1754170731556 3.0860756536731615 59
1754170782058 3.2715019479561285 60
1754170838487 3.2138561458426658 61
1754170902149 3.0551621584085766 62
1754170954139 3.094233855368395 63
1754171007544 3.111627460536079 64
1754171059746 3.0942524135829093 65
1754171135630 3.0694985610716974 66
1754171191425 2.997200272163876 67
1754171249842 2.913020025380587 68
1754171300092 2.9524077077899107 69
1754171358358 2.7285759148153925 70
1754171436865 2.804170932030104 71
1754171521337 2.7423625927923045 72
1754171573672 2.716811993046347 73
1754171651347 2.6837608657214136 74
1754171711735 2.8281795284056335 75
1754171775184 2.7415273794686983 76
1754171833075 2.6309237908998058 77
1754171886646 2.643988159140696 78
1754171951839 2.6701773524873467 79
1754172040826 2.5775386916671343 80
1754172110962 2.538680952443202 81
1754172171807 2.5205862314113303 82
1754172221183 2.6049114600201477 83
1754172287470 2.5645235952218584 84
1754172348249 2.549169570850978 85
1754172398154 2.4479842696752545 86
1754172456640 2.4976750376803833 87
1754172507520 2.518975053777203 88
1754172557102 2.5138987682738674 89
1754172616485 2.4170453248562036 90
1754172667734 2.4914397893718188 91
1754172717932 2.495237689495535 92
1754172797709 2.5717618724515443 93
1754172875717 2.5667681324837917 94
1754172929492 2.3509560177880293 95
1754173010860 2.5154248873231406 96
1754173061375 2.3459027004806985 97
1754173117024 2.4539218812407895 98
1754173187093 2.376275600549583 99
1754173239224 2.314796890501832 100
