1754578584858 2.20763448596363 0
1754578608559 2.0624731943660475 1
1754578630410 1.9319824592079193 2
1754578657504 1.7575644832142188 3
1754578689598 1.8023460410901448 4
1754578716101 1.7009304632228 5
1754578741710 1.670842551663065 6
1754578764923 1.7035852619937482 7
1754578789540 1.6555175689334973 8
1754578818795 1.762246425285994 9
1754578846017 1.672873432643753 10
1754578868885 1.8047601397320525 11
1754578897565 1.724834083948424 12
1754578924104 1.8638103675644981 13
1754578946634 1.7825324571674468 14
1754578972218 1.9296558980876957 15
1754578995415 1.8654865819414495 16
1754579024886 1.97625771996727 17
1754579048686 1.9062190314628875 18
1754579077669 2.022889171689494 19
1754579109745 1.934447860206065 20
1754579133944 2.067922183394745 21
1754579156861 1.972181474029916 22
1754579181132 2.103578214959304 23
1754579205322 1.9671865985895107 24
1754579235769 2.1270676379302813 25
1754579263974 1.9965593195805778 26
1754579287128 2.15712945441137 27
1754579316699 2.059386103848699 28
1754579354326 2.1729472202413174 29
1754579382945 2.1016042899785234 30
1754579408415 2.209809716558497 31
1754579433327 2.13484982754548 32
1754579463654 2.158866202276332 33
1754579486444 2.220049970379614 34
1754579518928 2.1531448104079005 35
1754579543647 2.2193011753751164 36
1754579569961 2.378046245743514 37
1754579593068 2.442610601743642 38
1754579627921 2.4149533937278536 39
1754579655196 2.489267368058068 40
1754579679382 2.4670257451186526 41
1754579704673 2.2953012372720814 42
1754579727012 2.4358521361185166 43
1754579755774 2.2425506527587458 44
1754579782573 2.4040402348697096 45
1754579804603 2.242714455393577 46
1754579831897 2.390513872155701 47
1754579854806 2.2559769736782656 48
1754579878791 2.428669648180754 49
1754579909673 2.2771980270951904 50
1754579935084 2.402638017236321 51
1754579960925 2.338000570771437 52
1754579992036 2.2767625145583246 53
1754580020956 2.462851003050229 54
1754580050192 2.313090767013263 55
1754580074524 2.471990750253071 56
1754580107776 2.3411482349818353 57
1754580134562 2.314225000050662 58
1754580158051 2.5408987100860654 59
1754580187627 2.3291551660854966 60
1754580218373 2.386591890503583 61
1754580248921 2.450520133059994 62
1754580280368 2.288618519734565 63
1754580301915 2.453588307382873 64
1754580326599 2.3016661814606927 65
1754580349786 2.208957625635635 66
1754580377630 2.3789209516248015 67
1754580403980 2.3255646700297694 68
1754580428312 2.1272565797105782 69
1754580457181 2.246594128930675 70
1754580491680 2.405053040173098 71
1754580513794 2.108867425016616 72
1754580541249 2.1009763072142444 73
1754580567567 2.2415655147274363 74
1754580600158 2.301541444273417 75
1754580625598 2.0095526920592603 76
1754580649957 1.975822814355256 77
1754580672628 1.9792639517898576 78
1754580704269 2.120208204038377 79
1754580733684 2.079167174034787 80
1754580765669 1.8869467782106235 81
1754580795209 1.810167308639652 82
1754580818839 1.773462992256579 83
1754580846202 1.8090660933842986 84
1754580875153 1.8315665302215485 85
1754580899389 1.8876964923101944 86
1754580921315 1.8332475417047331 87
1754580954574 1.6967396210749817 88
1754580977519 1.641655841922499 89
1754581005160 1.6224950314806104 90
1754581027335 1.6576784274568206 91
1754581055244 1.6860392149188674 92
1754581076533 1.7565689131309936 93
1754581105930 1.696036212514282 94
1754581135115 1.778796232167703 95
1754581165665 1.7443086811312565 96
1754581188759 1.6410894931507276 97
1754581214784 1.6021893957314641 98
1754581238715 1.5639341977479648 99
1754581263615 1.5351934489872394 100
