1753828763827 4.526276856567302 0
1753828817467 4.364407477380841 1
1753828844579 4.20883473319273 2
1753828874296 4.090383625524416 3
1753828914210 4.0366165253826205 4
1753828969828 3.942951736477135 5
1753829034881 3.9194197532371837 6
1753829097973 3.888469130081421 7
1753829126519 3.8637984978351962 8
1753829159227 3.822997576910024 9
1753829224452 3.821415699957604 10
1753829288907 3.815433060855989 11
1753829353832 3.8122614403166613 12
1753829382939 3.7780571888869567 13
1753829410508 3.8000772407449523 14
1753829446440 3.835793858268915 15
1753829506705 3.831106402548967 16
1753829571554 3.84212424549804 17
1753829599496 3.8338407422738436 18
1753829626611 3.8412429958762773 19
1753829693801 3.8982136990203844 20
1753829733299 3.894751160170748 21
1753829771876 3.8999838392700603 22
1753829798646 3.9160225573762686 23
1753829828894 3.925649839063448 24
1753829887284 3.9172121272735154 25
1753829918875 3.9215759042199125 26
1753829935849 3.954498251821736 27
1753829972974 3.915982813497397 28
1753830002105 3.8892923892355036 29
1753830033631 3.8827742877166673 30
1753830065406 3.8670164712005692 31
1753830102813 3.9174717111794815 32
1753830119586 3.9074178280335734 33
1753830158018 3.9229375993321196 34
1753830178926 3.8933619586748915 35
1753830202791 3.9099252927307058 36
1753830240157 3.8981582381830577 37
1753830277507 3.891325964048882 38
1753830294200 3.908737326112969 39
1753830330435 3.9016513530118964 40
1753830356482 3.9258846086447 41
1753830387378 3.941839380792729 42
1753830420278 3.9388364436649383 43
1753830459546 3.9317911822106404 44
1753830482518 3.927223637693845 45
1753830506347 3.9606032907825606 46
1753830542470 3.930096952975432 47
1753830578383 3.8923418740643494 48
1753830612064 3.882492482228792 49
1753830649334 3.9158675933724845 50
1753830673446 3.8559075192031713 51
1753830696811 3.8767576856633363 52
1753830721049 3.872795821686099 53
1753830745932 3.864880534087322 54
1753830771082 3.8707585024095326 55
1753830794371 3.8686404100869285 56
1753830820387 3.8883243758643764 57
1753830840661 3.8854874328642515 58
1753830865773 3.8383047210668813 59
1753830890353 3.788080684193684 60
1753830914023 3.802204245146809 61
1753830938544 3.8183755281861296 62
1753830964144 3.864943123055218 63
1753830989566 3.8636437335736984 64
1753831014723 3.83462195765351 65
1753831039593 3.829751808281273 66
1753831065489 3.803503503692053 67
1753831084970 3.8101829489072165 68
1753831108479 3.864889388986214 69
1753831131459 3.836594280905493 70
1753831156507 3.851655174028826 71
1753831180200 3.786281471175176 72
1753831202473 3.838587984586141 73
1753831226891 3.8354434722897697 74
1753831251414 3.8881792199832423 75
1753831263163 3.7603168003471557 76
1753831273684 3.669885043822639 77
1753831286205 3.6456970680792677 78
1753831299537 3.648558679320344 79
1753831311826 3.6467743767875587 80
1753831324083 3.6223646897411816 81
1753831337300 3.6684932958589584 82
1753831350122 3.657968362122556 83
1753831362500 3.6493859099254222 84
1753831375252 3.6379777603467205 85
1753831386948 3.6302363511707325 86
1753831398642 3.621288636144696 87
1753831410926 3.5892697678753014 88
1753831422456 3.624022954654359 89
1753831432999 3.5726798919266702 90
1753831445516 3.596491335210478 91
1753831457317 3.58827018467458 92
1753831469474 3.5901696239556196 93
1753831481112 3.60421155554015 94
1753831493195 3.581929805881684 95
1753831505997 3.591537129354542 96
1753831519226 3.5911847352669763 97
1753831531319 3.616710733861623 98
1753831542963 3.620097556810333 99
1753831554568 3.5796827956532105 100
