1753291214405 0.026084067120784184 0
1753291249961 0.054909453397574345 1
1753291286592 0.07102508722379133 2
1753291308331 0.08290413689981725 3
1753291344112 0.09935205183585313 4
1753291380421 0.1092374148529656 5
1753291413904 0.13266323309519854 6
1753291448176 0.14911114803123443 7
1753291464070 0.16007642465525834 8
1753291499349 0.16821731184582156 9
1753291534749 0.17693969097856788 10
1753291563862 0.18674198371822562 11
1753291597231 0.1934706761920585 12
1753291634815 0.20767569363681676 13
1753291668103 0.21830868915102175 14
1753291703937 0.22894168466522677 15
1753291734913 0.23251370659578002 16
1753291759143 0.2318491443761422 17
1753291785065 0.23758099352051837 18
1753291813676 0.2420667885030736 19
1753291840190 0.24156836683834523 20
1753291876457 0.254111978734009 21
1753291906793 0.2594284764911115 22
1753291941617 0.26341584980893834 23
1753291958035 0.2602591792656587 24
1753291992395 0.26092374148529657 25
1753292011689 0.27296893171623193 26
1753292030469 0.2747134075427812 27
1753292049060 0.27728858614387775 28
1753292069103 0.2791992025253364 29
1753292090806 0.2899983385944509 30
1753292112232 0.28509719222462204 31
1753292133125 0.28410034889516533 32
1753292152327 0.286010965276624 33
1753292173077 0.2894168466522678 34
1753292193145 0.29323807941518526 35
1753292213314 0.2962286094035554 36
1753292232945 0.2944010632995514 37
1753292252609 0.2996344907791992 38
1753292271637 0.300299052998837 39
1753292292039 0.2977238743977405 40
1753292313368 0.3049509885363017 41
1753292331981 0.30686160491776043 42
1753292350727 0.3027911613224788 43
1753292366567 0.3073600265824888 44
1753292386925 0.3063631832530321 45
1753292406679 0.3061139724206679 46
1753292427084 0.31342415683668384 47
1753292447722 0.30943678351885695 48
1753292465559 0.31533477321814257 49
1753292485279 0.3099352051835853 50
1753292499047 0.31317494600431967 51
1753292512288 0.3149194218308689 52
1753292526538 0.3145040704435953 53
1753292541160 0.31566705432796144 54
1753292556362 0.320069779033062 55
1753292571548 0.321897325137066 56
1753292584242 0.32463864429307193 57
1753292597782 0.3304535637149028 58
1753292612542 0.3245555740156172 59
1753292625577 0.3282106662236252 60
1753292640229 0.3203189898654262 61
1753292653611 0.32438943346070775 62
1753292667515 0.32679847150689484 63
1753292679648 0.3313673367669048 64
1753292694123 0.33037049343744807 65
1753292708756 0.32870908788835357 66
1753292722538 0.32580162817743813 67
1753292737294 0.3254693470676192 68
1753292751830 0.33037049343744807 69
1753292765733 0.3304535637149028 70
1753292780258 0.33037049343744807 71
1753292794201 0.32139890347233757 72
1753292802839 0.331616547599269 73
1753292816464 0.32497092540289085 74
1753292830719 0.3335271639807277 75
1753292838709 0.3364346236916431 76
1753292846750 0.3341917262003655 77
1753292854521 0.33776374813091875 78
1753292862446 0.3322811098189068 79
1753292869446 0.33809602924073767 80
1753292877292 0.33876059146037546 81
1753292884684 0.33934208340255856 82
1753292892095 0.34092041867419837 83
1753292900183 0.34033892673201527 84
1753292908114 0.3454062136567536 85
1753292915540 0.3410865592291078 86
1753292923712 0.3429141053331118 87
1753292932295 0.3414188403389267 88
1753292939714 0.34033892673201527 89
1753292947341 0.339508223957468 90
1753292955819 0.3372653264661904 91
1753292963595 0.3347732181425486 92
1753292971626 0.335271639807277 93
1753292979842 0.3384283103505566 94
1753292988136 0.33892673201528495 95
1753292995750 0.34017278617710583 96
1753293003439 0.344077089217478 97
1753293011828 0.3430802458880213 98
1753293020008 0.3460707758763914 99
1753293028472 0.3452400731018442 100
