1753311234813 0.029739159328792158 0
1753311261490 0.06479481641468683 1
1753311277101 0.08290413689981725 2
1753311310659 0.10948662568532978 3
1753311344883 0.12892507060973585 4
1753311380219 0.1521847482970593 5
1753311414350 0.17278617710583152 6
1753311450977 0.1884864595447749 7
1753311486511 0.20086393088552915 8
1753311515583 0.21332447250373815 9
1753311549064 0.22320983552085064 10
1753311580901 0.2318491443761422 11
1753311614957 0.2445588968267154 12
1753311648713 0.2535304867918259 13
1753311684197 0.263831201196212 14
1753311719092 0.2740488453231434 15
1753311741798 0.272636650606413 16
1753311773654 0.2778700780860608 17
1753311802623 0.28709087888353546 18
1753311833199 0.287838511380628 19
1753311856090 0.28542947333444096 20
1753311890481 0.2983884366173783 21
1753311922376 0.3007974746635654 22
1753311955142 0.3043694965941186 23
1753311991242 0.30387107492939025 24
1753312022570 0.30378800465193556 25
1753312042974 0.3092706429639475 26
1753312063037 0.30877222129921916 27
1753312080804 0.31741153015451073 28
1753312099007 0.3139225785014122 29
1753312119215 0.3185745140388769 30
1753312140393 0.3149194218308689 31
1753312161518 0.3236418009636152 32
1753312175942 0.3232264495763416 33
1753312195310 0.3245555740156172 34
1753312216197 0.32596776873234756 35
1753312235650 0.3247217145705267 36
1753312253813 0.3297059312178103 37
1753312270631 0.33743146702109983 38
1753312290579 0.33460707758763913 39
1753312308713 0.3350224289749128 40
1753312323845 0.3428310350556571 41
1753312344770 0.33892673201528495 42
1753312364463 0.3384283103505566 43
1753312385830 0.34175112144874564 44
1753312404067 0.3432463864429307 45
1753312424626 0.33876059146037546 46
1753312443172 0.3488120950323974 47
1753312464064 0.34731683003821234 48
1753312484086 0.34773218142548595 49
1753312502850 0.3438278783851138 50
1753312516006 0.34457551088220634 51
1753312528939 0.3525502575178601 52
1753312542703 0.3496427978069447 53
1753312554685 0.3493935869745805 54
1753312565847 0.3576175444425984 55
1753312578435 0.353796311679681 56
1753312592450 0.36069114470842334 57
1753312604156 0.3530486791825885 58
1753312617527 0.35786675527496264 59
1753312629631 0.35454394417677354 60
1753312642157 0.3525502575178601 61
1753312656280 0.3516364844658581 62
1753312670202 0.3550423658415019 63
1753312683514 0.35927894999169296 64
1753312696894 0.3618541285927895 65
1753312709474 0.36110649609569695 66
1753312722960 0.3621864097026084 67
1753312736273 0.36110649609569695 68
1753312748962 0.36268483136733676 69
1753312759826 0.3617710583153348 70
1753312772511 0.3715733510549925 71
1753312787127 0.3602757933211497 72
1753312801045 0.36210333942515366 73
1753312813743 0.3624356205349726 74
1753312828914 0.3685828210666224 75
1753312836513 0.36766904801462036 76
1753312844301 0.36550922080079745 77
1753312851834 0.3703272968931716 78
1753312859718 0.37281940521681345 79
1753312867546 0.3675859777371656 80
1753312875417 0.3729855457717229 81
1753312883104 0.3697458049509885 82
1753312891002 0.3684166805117129 83
1753312898752 0.36924738328626017 84
1753312906755 0.36791825884698454 85
1753312914937 0.37290247549426814 86
1753312922674 0.37049343744808105 87
1753312930215 0.36708755607243726 88
1753312937120 0.37381624854627016 89
1753312944775 0.36982887522844327 90
1753312952306 0.36849975078916763 91
1753312959696 0.37132414022262833 92
1753312966924 0.36708755607243726 93
1753312974154 0.3758099352051836 94
1753312981591 0.3780528326964612 95
1753312988718 0.3714072105000831 96
1753312995706 0.37688984881209503 97
1753313003968 0.3745638810433627 98
1753313011075 0.3729855457717229 99
1753313018701 0.3731516863266323 100
