1753311234815 4.514961050006711 0
1753311261491 4.345587894715096 1
1753311277102 4.172701947625919 2
1753311310660 4.052431413935934 3
1753311344884 3.9453603581953267 4
1753311380220 3.851164281593746 5
1753311414351 3.75756212118144 6
1753311450978 3.689634090764726 7
1753311486512 3.635733288068038 8
1753311515584 3.567050168949198 9
1753311549065 3.540986034087445 10
1753311580902 3.5100227949147267 11
1753311614958 3.4881297706204735 12
1753311648714 3.4286994676020726 13
1753311684198 3.3823865299818143 14
1753311719093 3.3806170921908953 15
1753311741799 3.376109693107008 16
1753311773655 3.3730957687477345 17
1753311802624 3.344665837568513 18
1753311833200 3.3281764107223517 19
1753311856091 3.37088187107172 20
1753311890482 3.323695502683564 21
1753311922377 3.332549249464446 22
1753311955143 3.310394619131549 23
1753311991243 3.323630509906679 24
1753312022571 3.277224686414868 25
1753312042975 3.3080458535447548 26
1753312063038 3.3013740544210917 27
1753312080805 3.2749351906195163 28
1753312099008 3.2564673423892363 29
1753312119216 3.2444072992874826 30
1753312140394 3.229146634232051 31
1753312161519 3.233855468490736 32
1753312175943 3.2591267164488107 33
1753312195311 3.255243642815475 34
1753312216198 3.2185495092418828 35
1753312235651 3.2335174837098397 36
1753312253814 3.197076353131347 37
1753312270632 3.2197749144818513 38
1753312290580 3.2265608059903963 39
1753312308714 3.204771376435323 40
1753312323846 3.225152843755902 41
1753312344771 3.236248045583491 42
1753312364464 3.2159964179431455 43
1753312385831 3.23667743709369 44
1753312404068 3.1830534711386185 45
1753312424627 3.2193441036282193 46
1753312443173 3.2119200479813914 47
1753312464065 3.1710242641703728 48
1753312484087 3.1668860754479677 49
1753312502851 3.1784100530777923 50
1753312516007 3.1630116514470106 51
1753312528940 3.160156209236336 52
1753312542704 3.150673218218656 53
1753312554686 3.1173804332324067 54
1753312565848 3.1457669402356405 55
1753312578436 3.1221583309720775 56
1753312592452 3.133056950035492 57
1753312604157 3.120527300891279 58
1753312617528 3.103343310289495 59
1753312629632 3.0715270779835873 60
1753312642158 3.0892384058728144 61
1753312656281 3.0951477616160994 62
1753312670203 3.105401895486191 63
1753312683515 3.1168636518298403 64
1753312696895 3.085642407663533 65
1753312709475 3.0775176784718123 66
1753312722961 3.0762371222929774 67
1753312736274 3.1014365651944247 68
1753312748963 3.0883186084475525 69
1753312759827 3.0721855183617817 70
1753312772512 3.0824016928735425 71
1753312787129 3.049484013521456 72
1753312801046 3.0856710220019625 73
1753312813744 3.062100618470111 74
1753312828915 3.083148432803936 75
1753312836514 3.033534599614524 76
1753312844302 3.008733913001768 77
1753312851835 2.996405753757634 78
1753312859719 2.9946414619533894 79
1753312867547 2.985068433152722 80
1753312875418 2.9877916163709695 81
1753312883105 3.013514796642257 82
1753312891003 2.9949077405677516 83
1753312898753 2.9803173382926658 84
1753312906756 2.9846530173470263 85
1753312914938 2.996710976265518 86
1753312922675 2.9678433099843815 87
1753312930216 2.951766268139178 88
1753312937121 2.9652859511534273 89
1753312944776 2.9316439526128186 90
1753312952307 2.94660501147003 91
1753312959697 2.933027532019 92
1753312966925 2.939340867625159 93
1753312974155 2.939927291587001 94
1753312981592 2.9290880298867554 95
1753312988719 2.9404902548449736 96
1753312995707 2.9259594968634026 97
1753313003969 2.9288535927613775 98
1753313011076 2.935692276948137 99
1753313018702 2.9189650582234967 100
