1753668800082 0.03464030569862103 0
1753668814934 0.05058979896992856 1
1753668829887 0.07285263332779532 2
1753668845857 0.09611231101511879 3
1753668860496 0.10657916597441436 4
1753668892003 0.12751287589300547 5
1753668906634 0.13681674696793486 6
1753668937379 0.15791659744143546 7
1753668966866 0.1602425652101678 8
1753668993544 0.16746967934872903 9
1753669009958 0.1714570526665559 10
1753669040666 0.18923409204186742 11
1753669066302 0.20078086060807443 12
1753669080743 0.2134906130586476 13
1753669097699 0.21639807276956305 14
1753669127163 0.22296062468848646 15
1753669155653 0.22844326300049841 16
1753669171260 0.2265326466190397 17
1753669193820 0.23442432297723875 18
1753669223850 0.24148529656089052 19
1753669240723 0.23326133909287258 20
1753669255784 0.24165143711579998 21
1753669281664 0.24746635653763083 22
1753669306670 0.24754942681508557 23
1753669337240 0.2463864429307194 24
1753669360199 0.2528659245721881 25
1753669378928 0.24547266987871738 26
1753669393519 0.25120451902309354 27
1753669423440 0.2530320651270975 28
1753669437474 0.2596776873234757 29
1753669451976 0.25660408705765075 30
1753669473041 0.25593952483801297 31
1753669488500 0.2579332114969264 32
1753669518747 0.25876391427147366 33
1753669550429 0.2613390928725702 34
1753669565218 0.26075760093038713 35
1753669596385 0.26075760093038713 36
1753669616650 0.2622528659245722 37
1753669638880 0.26374813091875726 38
1753669659267 0.2660740986874896 39
1753669684280 0.27172287755441105 40
1753669700368 0.2688984881209503 41
1753669720226 0.2698122611729523 42
1753669740375 0.27031068283768067 43
1753669769846 0.27089217477986377 44
1753669789513 0.2692307692307692 45
1753669818032 0.27014454228277124 46
1753669851772 0.2697291908954976 47
1753669875061 0.2709752450573185 48
1753669901004 0.276291742814421 49
1753669930227 0.27388270476823395 50
1753669947698 0.2736334939358697 51
1753669966120 0.26491111480312346 52
1753669996044 0.2694799800631334 53
1753670010407 0.2690646286758598 54
1753670029361 0.27894999169297224 55
1753670043812 0.2697291908954976 56
1753670062436 0.2734673533809603 57
1753670087666 0.2742149858780528 58
1753670122072 0.2669048014620369 59
1753670140817 0.27172287755441105 60
1753670171944 0.2693969097856787 61
1753670189603 0.2754610400398737 62
1753670220645 0.2728027911613225 63
1753670246448 0.2776208672536966 64
1753670266398 0.2746303372653265 65
1753670281749 0.27330121282605085 66
1753670308777 0.2730520019936867 67
1753670339482 0.2710583153347732 68
1753670368891 0.2737996344907792 69
1753670390411 0.2725535803289583 70
1753670405124 0.27654095364678516 71
1753670419710 0.2713075261671374 72
1753670438721 0.2703937531151354 73
1753670456563 0.27836849975078914 74
1753670471073 0.2756271805947832 75
1753670488291 0.27396577504568864 76
1753670510169 0.2706429639474996 77
1753670534713 0.27155673699950156 78
1753670549961 0.27031068283768067 79
1753670578692 0.2694799800631334 80
1753670607080 0.26773550423658415 81
1753670639038 0.2746303372653265 82
1753670653763 0.2769563050340588 83
1753670682610 0.2719720883867752 84
1753670709598 0.27213822894168466 85
1753670725849 0.2706429639474996 86
1753670757538 0.27670709420169465 87
1753670775574 0.2722212992191394 88
1753670801880 0.2762086725369663 89
1753670816295 0.2680677853464031 90
1753670834296 0.27454726698787174 91
1753670859560 0.27338428310350554 92
1753670888428 0.26989533145040706 93
1753670916307 0.275377969762419 94
1753670931933 0.272636650606413 95
1753670963921 0.27271972088386776 96
1753670985102 0.27521182920750953 97
1753671015516 0.27296893171623193 98
1753671046367 0.2754610400398737 99
1753671064128 0.2712244558896827 100
