1753230600567 0.020103007144043863 0
1753230616388 0.02649941850805782 1
1753230630897 0.03879381957135737 2
1753230648820 0.05964445921249377 3
1753230664305 0.07027745472669879 4
1753230682994 0.07767070942016946 5
1753230698790 0.10217644126931384 6
1753230715375 0.11347399900315668 7
1753230731817 0.12111646452899152 8
1753230750597 0.12734673533809604 9
1753230761320 0.13249709254028907 10
1753230779535 0.14520684499086228 11
1753230797269 0.14753281275959462 12
1753230814240 0.16605748463199868 13
1753230830475 0.17685662070111313 14
1753230845040 0.18682505399568033 15
1753230864240 0.1820069779033062 16
1753230882436 0.18624356205349726 17
1753230898680 0.19156005981059976 18
1753230917329 0.20302375809935205 19
1753230935094 0.21016780196045856 20
1753230952124 0.21631500249210833 21
1753230965506 0.21133078584482473 22
1753230977510 0.220966938029573 23
1753230994256 0.2262003655092208 24
1753231013326 0.2234590463532148 25
1753231031513 0.23284598770559894 26
1753231050627 0.23749792324306362 27
1753231064334 0.24190064794816415 28
1753231079965 0.24447582654926067 29
1753231096160 0.24538959960126266 30
1753231111210 0.24646951320817412 31
1753231127451 0.24838012958963282 32
1753231142125 0.24597109154344576 33
1753231160781 0.2492108323641801 34
1753231178167 0.2529489948496428 35
1753231196688 0.2551088220634657 36
1753231212994 0.2644126931383951 37
1753231231212 0.2654926067453065 38
1753231249648 0.26740322312676523 39
1753231267104 0.2743811264329623 40
1753231285936 0.2728027911613225 41
1753231295304 0.27886692141551755 42
1753231312731 0.2770393753115135 43
1753231330673 0.27870078086060807 44
1753231347933 0.27679016447914934 45
1753231365714 0.28110981890679515 46
1753231381617 0.2824389433460708 47
1753231397808 0.286010965276624 48
1753231414792 0.28177438112643294 49
1753231434425 0.2819405216813424 50
1753231453353 0.28418341917262 51
1753231468925 0.28418341917262 52
1753231485496 0.28426648945007477 53
1753231502885 0.28891842498753945 54
1753231522300 0.2949825552417345 55
1753231536558 0.2928227280279116 56
1753231553192 0.2880046519355375 57
1753231568149 0.2978069446751952 58
1753231585983 0.2903306197042698 59
1753231604351 0.2861771058315335 60
1753231617912 0.29514869579664393 61
1753231633785 0.2944010632995514 62
1753231651172 0.292407376640638 63
1753231667995 0.2968101013457385 64
1753231684947 0.29647782023591956 65
1753231700772 0.29830536633992355 66
1753231715932 0.2996344907791992 67
1753231731753 0.2985545771722878 68
1753231750104 0.2973915932879216 69
1753231768905 0.30004984216647285 70
1753231785411 0.30328958298720715 71
1753231800980 0.290579830536634 72
1753231817015 0.2996344907791992 73
1753231836244 0.303040372154843 74
1753231853147 0.30702774547266987 75
1753231871039 0.2971423824555574 76
1753231889970 0.30063133410865595 77
1753231908092 0.30403721548429974 78
1753231926808 0.30702774547266987 79
1753231943417 0.30719388602757935 80
1753231953067 0.29863764744974247 81
1753231972782 0.30902143213158334 82
1753231990635 0.3077753779697624 83
1753232007176 0.30686160491776043 84
1753232025537 0.31143047017777037 85
1753232044079 0.30902143213158334 86
1753232055585 0.3101844160159495 87
1753232072476 0.3107659079581326 88
1753232084252 0.3099352051835853 89
1753232100704 0.3095198537963117 90
1753232116373 0.31068283768067784 91
1753232133126 0.30976906462867587 92
1753232152103 0.3117627512875893 93
1753232167084 0.30902143213158334 94
1753232183829 0.3113473999003157 95
1753232195375 0.3126765243395913 96
1753232211992 0.31126432962286094 97
1753232231112 0.31035055657085897 98
1753232248461 0.31558398405050675 99
1753232267375 0.3105166971257684 100
