1753230600568 4.570973061923973 0
1753230616389 4.499275453304132 1
1753230630898 4.413745325771186 2
1753230648821 4.339901599326821 3
1753230664306 4.2691804423157835 4
1753230682995 4.208876742841617 5
1753230698791 4.1541172363719 6
1753230715376 4.1089617196328 7
1753230731818 4.064027201583176 8
1753230750598 4.021629999244148 9
1753230761321 3.9891299359584966 10
1753230779536 3.9571284974207646 11
1753230797270 3.940595513935498 12
1753230814241 3.894454524265512 13
1753230830476 3.873015818299241 14
1753230845041 3.8572578700263245 15
1753230864241 3.820085657725268 16
1753230882437 3.816067950271568 17
1753230898681 3.799265615501139 18
1753230917330 3.792479143392243 19
1753230935095 3.7988166314756837 20
1753230952125 3.7707882643547714 21
1753230965507 3.7457788467858206 22
1753230977511 3.7430414205942397 23
1753230994257 3.749977901308614 24
1753231013327 3.722304969762944 25
1753231031514 3.734558258877426 26
1753231050628 3.749619809280378 27
1753231064335 3.721165356189075 28
1753231079966 3.708824882967325 29
1753231096161 3.6966307519012362 30
1753231111211 3.7058253410534983 31
1753231127452 3.7277868266815197 32
1753231142126 3.7265411501624293 33
1753231160782 3.7412182947526014 34
1753231178168 3.7048828132942275 35
1753231196689 3.7101629432032417 36
1753231212995 3.6880152751012427 37
1753231231213 3.6996139732164814 38
1753231249649 3.704012515753846 39
1753231267105 3.666121727030234 40
1753231285937 3.6912325543232853 41
1753231295305 3.71806596233946 42
1753231312732 3.7037962059630924 43
1753231330674 3.6923563343704924 44
1753231347934 3.6927900025703266 45
1753231365715 3.73055034701741 46
1753231381618 3.6968873325718103 47
1753231397809 3.6605101116518357 48
1753231414793 3.682040409061677 49
1753231434426 3.692951555924037 50
1753231453354 3.6972880811939826 51
1753231468926 3.7058115007998613 52
1753231485497 3.715026509917148 53
1753231502886 3.72002040148533 54
1753231522301 3.7109201434606662 55
1753231536559 3.702429329988184 56
1753231553193 3.71181570605452 57
1753231568150 3.7248914444231094 58
1753231585984 3.703289391564541 59
1753231604352 3.675925616809128 60
1753231617913 3.6883461793063317 61
1753231633786 3.684825197920773 62
1753231651173 3.7159804844365194 63
1753231667996 3.7109824747611313 64
1753231684948 3.7001811755510277 65
1753231700773 3.7041966510249966 66
1753231715933 3.6895030617914366 67
1753231731754 3.701506055305865 68
1753231750105 3.7199877694080037 69
1753231768906 3.71248618048898 70
1753231785412 3.703131609488656 71
1753231800981 3.6862130568602747 72
1753231817016 3.735868644343549 73
1753231836245 3.724382391655931 74
1753231853148 3.733066781384447 75
1753231871040 3.727279412302965 76
1753231889971 3.7271158443673813 77
1753231908093 3.717791568166872 78
1753231926809 3.7244701172409562 79
1753231943418 3.735946515976706 80
1753231953068 3.722689965740629 81
1753231972783 3.74198287259435 82
1753231990636 3.7345152210229684 83
1753232007177 3.7536581346296174 84
1753232025538 3.7367750583149997 85
1753232044080 3.736181262988611 86
1753232055586 3.741592972969598 87
1753232072477 3.713966028624695 88
1753232084253 3.746149881678301 89
1753232100705 3.7150528123645334 90
1753232116374 3.73804890163033 91
1753232133127 3.732500929399517 92
1753232152104 3.740067158390765 93
1753232167085 3.722723651779154 94
1753232183831 3.719082478040805 95
1753232195376 3.7511123761616116 96
1753232211993 3.752315613465832 97
1753232231113 3.7633795282729485 98
1753232248462 3.7669449014391105 99
1753232267376 3.755010956247698 100
