1753022318398 0.03322811098189068 0
1753022547059 0.07675693636816747 1
1753022777745 0.11995348064462535 2
1753023012744 0.1692141551752783 3
1753023244433 0.2159827213822894 4
1753023478391 0.24879548097690646 5
1753023710480 0.2766240239242399 6
1753023940754 0.3008805449410201 7
1753024177039 0.3180760923741485 8
1753024418600 0.34391094866256855 9
1753024655773 0.3603588635986044 10
1753024883737 0.3724871241069945 11
1753025122658 0.37747134075427813 12
1753025245755 0.3914271473666722 13
1753025367758 0.4030569862103339 14
1753025492176 0.4198371822561887 15
1753025610248 0.4259843827878385 16
1753025728304 0.43130088054494103 17
1753025851550 0.43670044857949825 18
1753025971974 0.4485794982555242 19
1753026089937 0.4439275627180595 20
1753026212035 0.45721880711081575 21
1753026336659 0.46020933709918593 22
1753026455787 0.4704269812261173 23
1753026582472 0.4748297059312178 24
1753026702907 0.4842166472836019 25
1753026782106 0.4868748961621532 26
1753026862014 0.4896162153181592 27
1753026937639 0.4900315667054328 28
1753027015045 0.4958464861272637 29
1753027096825 0.5030736002658249 30
1753027176109 0.5062302708091045 31
1753027255405 0.5103837846818409 32
1753027332248 0.5151187904967602 33
1753027410137 0.5164479149360359 34
1753027489045 0.5168632663233095 35
1753027567626 0.5176939690978568 36
1753027645567 0.522512045190231 37
1753027736788 0.5265824887855125 38
1753027774734 0.5315667054327962 39
1753027795593 0.5412028576175445 40
1753027821353 0.5412859278949992 41
1753027854765 0.5446087389931883 42
1753027872402 0.5440272470510051 43
1753027901703 0.5457717228775544 44
1753027938135 0.5487622528659246 45
1753027959584 0.5544941020103007 46
1753027973221 0.5529157667386609 47
1753027987140 0.5554078750623027 48
1753028016358 0.5578999833859445 49
1753028034887 0.5588968267154012 50
