1753022318399 4.666724026914071 0
1753022547060 4.396842848857992 1
1753022777746 4.05395321653687 2
1753023012745 3.7085977865452797 3
1753023244434 3.3748355769517406 4
1753023478392 3.0940284531943143 5
1753023710481 2.875374411789536 6
1753023940755 2.641932725731761 7
1753024177040 2.470870467787209 8
1753024418601 2.312158986570621 9
1753024655774 2.1597224257217587 10
1753024883738 2.0272644725282287 11
1753025122659 1.9260445286939398 12
1753025245756 1.8324090239174273 13
1753025367759 1.7342676756290443 14
1753025492176 1.624777025542179 15
1753025610249 1.560543743586766 16
1753025728305 1.4733486484676181 17
1753025851551 1.407566494070466 18
1753025971975 1.3449947996878442 19
1753026089938 1.3220992640789568 20
1753026212036 1.228866098014056 21
1753026336660 1.1978623402936548 22
1753026455788 1.1406387653163623 23
1753026582473 1.0712672449133123 24
1753026702908 0.9890326931183995 25
1753026782107 0.9609099129742223 26
1753026862015 0.9359223940110583 27
1753026937640 0.9177362386727338 28
1753027015046 0.8829289116733187 29
1753027096826 0.8184246572430652 30
1753027176110 0.7862450423552809 31
1753027255406 0.75475803307478 32
1753027332249 0.7340696724546794 33
1753027410138 0.7065350147226108 34
1753027489046 0.6821970796190338 35
1753027567627 0.6560028255465989 36
1753027645568 0.6255616628868709 37
1753027736789 0.6053314719872979 38
1753027774735 0.5458542451574864 39
1753027795594 0.5097919713507392 40
1753027821354 0.4875272109201885 41
1753027854766 0.4833256309009351 42
1753027872403 0.4655114984037294 43
1753027901704 0.4521979139762112 44
1753027938136 0.44515288021566696 45
1753027959585 0.42738513371052245 46
1753027973222 0.4215168568128722 47
1753027987141 0.41728923997151324 48
1753028016359 0.4158211114187301 49
1753028034888 0.4067054385442905 50
