1750972492014 0.03588635986044193 0
1750972515286 0.0768400066456222 1
1750972537960 0.1092374148529656 2
1750972560822 0.12759594617046022 3
1750972585702 0.1359860441933876 4
1750972610660 0.16846652267818574 5
1750972634738 0.1800963615218475 6
1750972657088 0.1985379631167968 7
1750972680339 0.20742648280445256 8
1750972704038 0.2168134241568367 9
1750972727341 0.2292739657750457 10
1750972749499 0.2395746801794318 11
1750972774051 0.24439275627180596 12
1750972789890 0.25685329789001493 13
1750972804873 0.26216979564711745 14
1750972819728 0.26557567702276125 15
1750972834964 0.2702276125602259 16
1750972850082 0.2734673533809603 17
1750972866366 0.28052832696461205 18
1750972882347 0.28293736501079914 19
1750972898553 0.28110981890679515 20
1750972913881 0.2891676358199036 21
1750972929143 0.2855956138893504 22
1750972944643 0.2939857119122778 23
1750972960135 0.2909951819239076 24
1750972976368 0.29689317162319323 25
1750972989011 0.2980561555075594 26
1750973001798 0.29672703106828374 27
1750973013995 0.29980063133410867 28
1750973026599 0.3075261671373982 29
1750973039699 0.3091875726864928 30
1750973052766 0.3075261671373982 31
1750973065587 0.3052001993686659 32
1750973078191 0.3043694965941186 33
1750973090840 0.303040372154843 34
1750973102975 0.31184582156504403 35
1750973115400 0.30943678351885695 36
1750973128308 0.31317494600431967 37
1750973140429 0.3139225785014122 38
1750973149559 0.31458714072105 39
1750973158771 0.3211496926399734 40
1750973167933 0.320069779033062 41
1750973177408 0.3160824057152351 42
1750973186765 0.31840837348396744 43
1750973195990 0.31940521681342415 44
1750973205228 0.31940521681342415 45
1750973214435 0.31716231932214656 46
1750973223588 0.32081741153015453 47
1750973232791 0.32065127097524504 48
1750973241913 0.3233095198537963 49
1750973251161 0.31982056820069776 50
