1750972492015 4.505351709638036 0
1750972515287 4.2767703038095775 1
1750972537961 4.042410562999512 2
1750972560823 3.8594417078447925 3
1750972585703 3.734485787220891 4
1750972610661 3.5439700715779354 5
1750972634738 3.4073660304286792 6
1750972657088 3.278834569724782 7
1750972680340 3.184858269378787 8
1750972704039 3.1073669735099547 9
1750972727342 3.0193121148889532 10
1750972749500 2.95204513242837 11
1750972774052 2.9329605933847223 12
1750972789891 2.856464087988159 13
1750972804873 2.8310254510083386 14
1750972819729 2.799208013236698 15
1750972834964 2.7624970468316272 16
1750972850082 2.74553683864915 17
1750972866367 2.7223417014447318 18
1750972882348 2.6874840989389455 19
1750972898554 2.6903086690503843 20
1750972913882 2.6460750317839126 21
1750972929144 2.642846146918686 22
1750972944644 2.6157400676336247 23
1750972960136 2.6022241139998203 24
1750972976369 2.566351425377147 25
1750972989012 2.557254203907228 26
1750973001799 2.5636285370565752 27
1750973013996 2.5373043226764804 28
1750973026600 2.5145116864432304 29
1750973039700 2.5083517757796 30
1750973052767 2.506885856665599 31
1750973065588 2.497120238893821 32
1750973078192 2.4926031086689386 33
1750973090840 2.4830959066967844 34
1750973102976 2.455314452280363 35
1750973115400 2.4616179534896876 36
1750973128309 2.4395202389531097 37
1750973140430 2.4318091457082525 38
1750973149559 2.4246763168838457 39
1750973158772 2.407538111969522 40
1750973167934 2.404803067859154 41
1750973177409 2.417228666723351 42
1750973186765 2.4007782951880525 43
1750973195991 2.3982415874999528 44
1750973205228 2.3974506316339332 45
1750973214436 2.3987569741563366 46
1750973223589 2.3893602336841053 47
1750973232791 2.3829064193319103 48
1750973241914 2.3742466738691044 49
1750973251162 2.3782766202058347 50
