1753117989060 4.391171336498289 0
1753118015966 4.04331018466235 1
1753118054037 3.746304410849438 2
1753118114478 3.5303877944426447 3
1753118180500 3.3422089291057917 4
1753118228758 3.1826027727546142 5
1753118255901 3.0652341160546737 6
1753118283051 2.95132296832193 7
1753118316584 2.8743498986125067 8
1753118344044 2.8050523950642536 9
1753118413490 2.7432088508413135 10
1753118441050 2.68472659196233 11
1753118512222 2.649775056765154 12
1753118542156 2.5927289248348453 13
1753118595890 2.563704575821804 14
1753118632207 2.5162581305582172 15
1753118665404 2.5040073034328807 16
1753118713058 2.4829693435749567 17
1753118781867 2.4607421629041974 18
1753118809035 2.416868981631088 19
1753118874975 2.4393993183817666 20
1753118943777 2.3894669612186377 21
1753119016375 2.3949762082643704 22
1753119083103 2.3713623001020956 23
1753119146973 2.36353365888616 24
1753119191766 2.3255779383714588 25
1753119219493 2.322491976575738 26
1753119274881 2.331495429325064 27
1753119311380 2.3086150824730556 28
1753119369492 2.2805291378185024 29
1753119432671 2.275997883693821 30
1753119460173 2.2664738226495644 31
1753119492745 2.2609230003413807 32
1753119543964 2.256395805983345 33
1753119582250 2.2513649390348207 34
1753119610645 2.217416924848719 35
1753119672462 2.2297318223805376 36
1753119739580 2.198513629771247 37
1753119767362 2.1929391396250852 38
1753119796104 2.183276142207093 39
1753119823173 2.1705968926911523 40
1753119864213 2.1513279820678375 41
1753119898315 2.1785534866330365 42
1753119964211 2.160327148904584 43
1753119991623 2.138661948397684 44
1753120018628 2.1385429341484 45
1753120051870 2.1501100865785334 46
1753120109648 2.1279842918573078 47
1753120138862 2.110326110403092 48
1753120205295 2.088994315316186 49
1753120232603 2.1001648502971966 50
