1753959154104 0.02666555906296727 0
1753959204850 0.05989367004485795 1
1753959256248 0.08406712078418342 2
1753959304552 0.09494932713075262 3
1753959341115 0.12526997840172785 4
1753959393383 0.1322478817079249 5
1753959445549 0.15799966771889018 6
1753959492515 0.1601594949327131 7
1753959542867 0.16497757102508723 8
1753959591706 0.18225618873567037 9
1753959642632 0.1901478650938694 10
1753959688924 0.19048014620368833 11
1753959738747 0.2065957800299053 12
1753959790964 0.21257684000664562 13
1753959841668 0.21332447250373815 14
1753959893597 0.2162319322146536 15
1753959925393 0.22171457052666557 16
1753959976333 0.22296062468848646 17
1753960014071 0.22919089549759097 18
1753960065214 0.22395746801794317 19
1753960116328 0.22545273301212826 20
1753960159119 0.2243728194052168 21
1753960191156 0.23409204186741983 22
1753960241498 0.23259677687323477 23
1753960284571 0.23558730686160492 24
1753960330181 0.23650107991360692 25
1753960379652 0.2333444093703273 26
1753960432241 0.23650107991360692 27
1753960469927 0.23076923076923078 28
1753960519687 0.23542116630669546 29
1753960571330 0.2358365176939691 30
1753960603296 0.2395746801794318 31
1753960652761 0.2457218807110816 32
1753960702887 0.2492108323641801 33
1753960755123 0.24721714570526665 34
1753960798589 0.25245057318491443 35
1753960850856 0.23708257185579 36
1753960901557 0.2526167137398239 37
1753960948448 0.24655258348562883 38
1753960997022 0.24721714570526665 39
1753961032553 0.23824555574015618 40
1753961083810 0.2418175776707094 41
1753961127568 0.25278285429473335 42
1753961159178 0.25153680013291246 43
1753961209628 0.2461372320983552 44
1753961261878 0.25577338428310353 45
1753961314036 0.2479647782023592 46
1753961365137 0.24804784847981393 47
1753961416627 0.24372819405216814 48
1753961464790 0.2436451237747134 49
1753961513879 0.2526167137398239 50
1753961563119 0.24605416182090048 51
1753961612635 0.2528659245721881 52
1753961663350 0.2541950490114637 53
1753961715885 0.25801628177438113 54
1753961762805 0.2663233095198538 55
1753961813564 0.2780362186409703 56
1753961862421 0.27811928891842497 57
1753961912527 0.2778700780860608 58
1753961962498 0.2796145539126101 59
1753962003018 0.28019604585479313 60
1753962038819 0.28227280279116135 61
1753962089652 0.28393420834025584 62
1753962123443 0.2868416680511713 63
1753962169502 0.2868416680511713 64
1753962220583 0.2899983385944509 65
1753962270935 0.29107825220136235 66
1753962319511 0.29174281442100014 67
1753962371054 0.2909121116464529 68
1753962419768 0.2909121116464529 69
1753962470496 0.2939857119122778 70
1753962521822 0.2973915932879216 71
1753962571942 0.29921913939192557 72
1753962622699 0.29863764744974247 73
1753962671887 0.29946835022428975 74
1753962721089 0.30146203688320317 75
1753962770574 0.3051171290912112 76
1753962820866 0.305781691310849 77
1753962853259 0.3061970426981226 78
1753962900566 0.30760923741485297 79
1753962935862 0.30902143213158334 80
1753962985048 0.3089383618541286 81
1753963037551 0.3083568699119455 82
1753963088705 0.31001827546104005 83
1753963140300 0.31043362684831366 84
1753963176156 0.31184582156504403 85
1753963225478 0.31325801628177435 86
1753963276836 0.3135902973915933 87
1753963315839 0.3145040704435953 88
1753963364770 0.3143379298886858 89
1753963415278 0.3170792490446918 90
1753963450890 0.31741153015451073 91
1753963483639 0.3169131084897824 92
1753963535453 0.31898986542615054 93
1753963588322 0.31882372487124105 94
1753963641558 0.3189067951486958 95
1753963689958 0.31965442764578833 96
1753963740000 0.3223126765243396 97
1753963792446 0.32214653596943016 98
1753963843974 0.32372487124106997 99
1753963895208 0.3245555740156172 100
