1753959154105 4.586190833933659 0
1753959204851 4.431183269792681 1
1753959256249 4.3350813086997215 2
1753959304553 4.275846805999558 3
1753959341117 4.186931902156462 4
1753959393384 4.159954307667504 5
1753959445551 4.107863825992402 6
1753959492516 4.124765186485423 7
1753959542869 4.0740555851348255 8
1753959591707 4.067173864644899 9
1753959642633 4.035529128026952 10
1753959688925 4.018033176691718 11
1753959738748 4.026237351758681 12
1753959790965 4.0144849542694425 13
1753959841669 4.001475813411774 14
1753959893598 3.9599375176140392 15
1753959925395 3.97930382922694 16
1753959976334 3.9624735684817893 17
1753960014072 3.9518311036059637 18
1753960065215 3.960147902428742 19
1753960116329 3.9572905906201106 20
1753960159120 3.9564682966521856 21
1753960191157 3.966787749901804 22
1753960241499 3.9481220453771795 23
1753960284572 3.923546483424898 24
1753960330182 3.918436603101883 25
1753960379653 3.9205302091965892 26
1753960432242 3.923629956811411 27
1753960469928 3.94608781514968 28
1753960519689 3.924444944601873 29
1753960571331 3.9185890097901472 30
1753960603297 3.921370475143537 31
1753960652762 3.94114423760387 32
1753960702889 3.9157288309843827 33
1753960755125 3.9262719415712866 34
1753960798590 3.950892676691501 35
1753960850857 3.949041455454047 36
1753960901558 3.9701294707663264 37
1753960948449 3.957245682299349 38
1753960997024 3.9272750002940247 39
1753961032554 3.9003882536543393 40
1753961083811 3.8981072332575173 41
1753961127569 3.9238383387154827 42
1753961159180 3.922767965900621 43
1753961209629 3.915823062048918 44
1753961261880 3.9752189139986567 45
1753961314037 3.9464252334704684 46
1753961365138 3.954988648017023 47
1753961416628 3.9762422943195057 48
1753961464791 3.9956437534219824 49
1753961513880 4.023054949750609 50
1753961563120 4.0137838934487595 51
1753961612636 4.065691769179202 52
1753961663351 4.09795909522592 53
1753961715886 4.111874412557375 54
1753961762806 4.1344741037741795 55
1753961813565 4.188954460393886 56
1753961862422 4.217981063869364 57
1753961912529 4.224310490324373 58
1753961962499 4.26704149133093 59
1753962003020 4.313133498650262 60
1753962038821 4.316480116047578 61
1753962089653 4.336496307058399 62
1753962123444 4.35801776634659 63
1753962169503 4.393148477324683 64
1753962220585 4.405324148293643 65
1753962270936 4.4122351322071305 66
1753962319512 4.448887507435692 67
1753962371056 4.47719435218264 68
1753962419770 4.49010596218394 69
1753962470497 4.491721803547324 70
1753962521823 4.508858834513562 71
1753962571944 4.524010075032898 72
1753962622700 4.528852692596906 73
1753962671888 4.543732545597954 74
1753962721090 4.560867893278636 75
1753962770576 4.6024943625211066 76
1753962820867 4.603884385408006 77
1753962853260 4.620105880352962 78
1753962900567 4.63957431853647 79
1753962935863 4.646053326472275 80
1753962985049 4.6482075578649065 81
1753963037552 4.672211608831343 82
1753963088707 4.698736752004373 83
1753963140301 4.707686986527101 84
1753963176157 4.7019453765639305 85
1753963225479 4.719717151713586 86
1753963276837 4.730878432292424 87
1753963315840 4.744693302177789 88
1753963364772 4.7542102749401565 89
1753963415280 4.762051423813202 90
1753963450892 4.783491756021041 91
1753963483640 4.781646897738438 92
1753963535454 4.797475461079675 93
1753963588323 4.802543304188652 94
1753963641559 4.824578425041563 95
1753963689960 4.841465095314153 96
1753963740002 4.850546053441393 97
1753963792447 4.849391482881134 98
1753963843975 4.853435153335327 99
1753963895209 4.851409668661381 100
