1752771771609 0.01493769084756953 0
1752771785462 0.020962284393826854 1
1752771799862 0.029710324337707355 2
1752771814322 0.037468020136997605 3
1752771828691 0.046463646117025664 4
1752771842440 0.05677973095650739 5
1752771856105 0.058842947924403734 6
1752771869920 0.07047949162333911 7
1752771883761 0.07559626970372205 8
1752771898223 0.07964017496079888 9
1752771911921 0.08847074358339523 10
1752771925773 0.08921350169183791 11
1752771939645 0.0977964842782867 12
1752771954111 0.09944705785260378 13
1752771968485 0.10596682347115623 14
1752771982217 0.10613188082858793 15
1752771996395 0.11166130230255014 16
1752772010260 0.11537509284476355 17
1752772024586 0.1197491128167038 18
1752772038600 0.12668152182883552 19
1752772052389 0.12874473879673187 20
1752772066609 0.13749277874061236 21
1752772080526 0.13930840967236113 22
1752772094722 0.1436824296443014 23
1752772109252 0.14450771643145993 24
1752772123781 0.1478088635800941 25
1752772138251 0.15226541223075019 26
1752772152790 0.15226541223075019 27
1752772167297 0.15589667409424776 28
1752772181165 0.1588677065280185 29
1752772195307 0.15870264917058677 30
1752772208994 0.16530494346785507 31
1752772222769 0.17000907815465874 32
1752772236865 0.1720722951225551 33
1752772250518 0.17314516794586118 34
1752772264233 0.17586861434348436 35
1752772278194 0.17619872905834777 36
1752772291901 0.17875711809853925 37
1752772305642 0.17982999092184535 38
1752772319376 0.18412148221506974 39
1752772333102 0.18659734257654534 40
1752772347527 0.18709251464884047 41
1752772361354 0.18816538747214656 42
1752772375777 0.18965090368903195 43
1752772390122 0.1966658413798795 44
1752772404588 0.19765618552446976 45
1752772418852 0.19798630023933317 46
1752772433412 0.19980193117108194 47
1752772447979 0.20401089378559048 48
1752772462497 0.20516629528761243 49
1752772476262 0.20500123793018074 50
1752772490068 0.20689939754064537 51
1752772503789 0.21036560204671123 52
1752772517666 0.21284146240818685 53
1752772531326 0.2164727242716844 54
1752772545560 0.21927869934802344 55
1752772560149 0.22018651481389784 56
1752772574365 0.22101180160105638 57
1752772588387 0.22249731781794174 58
1752772602652 0.22711892382602955 59
1752772616469 0.22447800610712224 60
1752772630807 0.22728398118346124 61
1752772644536 0.22810926797061978 62
1752772659158 0.22777915325575637 63
1752772673746 0.22951225550878931 64
1752772688292 0.23124535776182223 65
1752772702714 0.2362796071634893 66
1752772717296 0.23347363208715027 67
1752772731819 0.23817776677395394 68
1752772745432 0.24007592638441858 69
1752772759442 0.24123132788644053 70
1752772773603 0.24370718824791615 71
1752772787956 0.24461500371379055 72
1752772801663 0.24618304860939177 73
1752772815467 0.2457704052158125 74
1752772829307 0.24750350746884542 75
1752772843295 0.24618304860939177 76
1752772857024 0.24989683915160518 77
1752772870883 0.2503920112239003 78
1752772884800 0.25229017083436495 79
1752772898754 0.25229017083436495 80
1752772912478 0.2550136172319881 81
1752772926228 0.2555913179829991 82
1752772940450 0.2557563753404308 83
1752772954200 0.25625154741272593 84
1752772968232 0.2588924651316332 85
1752772982224 0.25905752248906494 86
1752772995939 0.2593051085252125 87
1752773009808 0.2634315424610052 88
1752773023947 0.26268878435256254 89
1752773038055 0.2632664851035735 90
1752773052622 0.2651646447140381 91
1752773066338 0.26532970207146983 92
1752773080886 0.267475447718082 93
1752773094995 0.2687133778988198 94
1752773108902 0.27052900883056863 95
1752773123416 0.26904349261368327 96
1752773137959 0.27052900883056863 97
1752773151710 0.27052900883056863 98
1752773165521 0.2736650986217711 99
1752773179765 0.27440785673021373 100
