1752771771610 4.614710804739721 0
1752771785463 4.58317848123135 1
1752771799863 4.544142220741569 2
1752771814323 4.498489752354456 3
1752771828692 4.449258995300998 4
1752771842441 4.397371020539479 5
1752771856106 4.354443235738082 6
1752771869921 4.306088122231969 7
1752771883762 4.259994143137934 8
1752771898224 4.21515900465378 9
1752771911922 4.175732647755435 10
1752771925774 4.135898976995234 11
1752771939646 4.097210929033641 12
1752771954112 4.054436619892863 13
1752771968486 4.016643142108484 14
1752771982218 3.985823484787229 15
1752771996396 3.9553232747976934 16
1752772010261 3.9238532335267498 17
1752772024587 3.893722948428143 18
1752772038601 3.8651254170972362 19
1752772052390 3.8356563308884764 20
1752772066610 3.806543820629683 21
1752772080527 3.777547643232611 22
1752772094723 3.7550140886057837 23
1752772109253 3.731411018226715 24
1752772123782 3.7097443965545414 25
1752772138252 3.687473298751446 26
1752772152791 3.668493242665749 27
1752772167298 3.645645830791426 28
1752772181166 3.6262424263017627 29
1752772195308 3.6089182236687365 30
1752772208995 3.587092424336794 31
1752772222770 3.5674015693701278 32
1752772236866 3.5500435897005285 33
1752772250519 3.5374886019392098 34
1752772264234 3.519156792325039 35
1752772278195 3.503083422085032 36
1752772291902 3.483930072572224 37
1752772305643 3.4652317986561796 38
1752772319377 3.4486688239787653 39
1752772333102 3.4364256155149113 40
1752772347528 3.4197428531252934 41
1752772361355 3.4034800240766 42
1752772375778 3.391037383546776 43
1752772390123 3.3747019475986675 44
1752772404589 3.359536097327205 45
1752772418853 3.3461575458638424 46
1752772433413 3.335098425241225 47
1752772447980 3.3216997370742356 48
1752772462498 3.30671950816394 49
1752772476263 3.2929489833450645 50
1752772490069 3.2830336216580527 51
1752772503790 3.2701456220322407 52
1752772517666 3.2537240308984816 53
1752772531327 3.242305199050169 54
1752772545561 3.230535228537044 55
1752772560150 3.2205096867842506 56
1752772574366 3.2098917966986704 57
1752772588388 3.1967449626914446 58
1752772602653 3.1840742396961486 59
1752772616470 3.1758041569806084 60
1752772630808 3.1631231751766378 61
1752772644537 3.1532116640210917 62
1752772659159 3.146890005292064 63
1752772673747 3.1365932379719736 64
1752772688293 3.1224012066525275 65
1752772702715 3.1130461779271226 66
1752772717297 3.109633688800193 67
1752772731820 3.096195280296863 68
1752772745433 3.0812847672184156 69
1752772759443 3.0751558347395154 70
1752772773604 3.0642559975704478 71
1752772787957 3.054534147246862 72
1752772801664 3.0452753355679576 73
1752772815468 3.034759597157024 74
1752772829308 3.0271043294915594 75
1752772843296 3.0223823133114824 76
1752772857025 3.0125961890320623 77
1752772870884 2.9986849506287987 78
1752772884801 2.993731944414097 79
1752772898755 2.988680147517681 80
1752772912479 2.977501627263423 81
1752772926229 2.972328947454525 82
1752772940451 2.965417666724976 83
1752772954201 2.9590937579652414 84
1752772968233 2.946835952229514 85
1752772982225 2.9418983442384463 86
1752772995940 2.9348822174339557 87
1752773009809 2.925993559653299 88
1752773023948 2.9158638014362874 89
1752773038056 2.9112306683044125 90
1752773052623 2.9030186237052407 91
1752773066339 2.8934493567579365 92
1752773080887 2.8875595381691457 93
1752773094996 2.8835365702874345 94
1752773108903 2.8765269592372484 95
1752773123417 2.869819974894191 96
1752773137960 2.8618561792536887 97
1752773151711 2.860759033165174 98
1752773165522 2.8472053909281354 99
1752773179766 2.844168390225895 100
