1754708818514 0.19450581116127172 0
1754708832373 0.18374795888963597 1
1754708846239 0.21093074632600134 2
1754708858619 0.258956872538661 3
1754708866696 0.0074920756891749115 4
1754708881503 0.03659590817404668 5
1754708895334 0.20487945442320624 6
1754708907189 0.27163576985880317 7
1754708919489 0.35462491595427914 8
1754708936503 0.3146671789453463 9
1754708949582 0.006339448660071079 10
1754708962779 0.33954471232350397 11
1754708976995 0.03054461627125156 12
1754708991057 0.036019594659494766 13
1754709003442 0.38776294304101433 14
1754709018373 0.17539141292863317 15
1754709031293 0.004322351359139372 16
1754709043375 0.020747286523868983 17
1754709058615 0.2892133320526366 18
1754709070237 0.1199692632792239 19
1754709084062 0.3436749591777927 20
1754709096509 0.00758812794160023 21
1754709109402 0.4402074728652387 22
1754709121457 0.41014311785611374 23
1754709131758 0.0589760829891461 24
1754709142584 0.5164729612909422 25
1754709156875 0.04687349918355586 26
1754709170025 0.5911055614254154 27
1754709181727 0.5822687542022861 28
1754709196103 0.43242724041878783 29
1754709209437 0.5670924983190856 30
1754709222279 0.6154067812890213 31
1754709229271 0.6491211218903084 32
1754709241077 0.6204014984151378 33
1754709254902 0.054269522620305446 34
1754709267735 0.3614446258764768 35
1754709281297 0.03198540005763135 36
1754709294421 0.5288637018538085 37
1754709310584 0.7175103256171357 38
1754709325685 0.6637210642589568 39
1754709338188 0.6551724137931034 40
1754709350442 0.6304869849197964 41
1754709358915 0.6277975218518874 42
1754709373552 0.6577658246085871 43
1754709386105 0.023532801844203248 44
1754709394962 0.7003169724330035 45
1754709410856 0.6681394678705216 46
1754709423811 0.08039573527999232 47
1754709437123 0.059072135241571413 48
1754709450665 0.5115742964172509 49
1754709464843 0.7175103256171357 50
1754709480080 0.7077129958697531 51
1754709494019 0.6272212083373355 52
1754709508278 0.03582749015464413 53
1754709521360 0.019594659494765153 54
1754709536392 0.6260685813082317 55
1754709549933 0.7374891941216022 56
1754709566069 0.7653443473249447 57
1754709579767 0.773508788781097 58
1754709594876 0.01738545768898281 59
1754709609143 0.03678801267889732 60
1754709623713 0.03525117664009221 61
1754709637217 0.05964844875612333 62
1754709651000 0.054269522620305446 63
1754709663823 0.019594659494765153 64
1754709678429 0.6810104696955144 65
1754709693681 0.7746614158102008 66
1754709703774 0.6758236480645471 67
1754709719122 0.005763135145519163 68
1754709732200 0.7925271347613102 69
1754709745741 0.8228796465277111 70
1754709757573 0.057151090193065024 71
1754709773035 0.005186821630967246 72
1754709787189 0.6648736912880607 73
1754709800248 0.5772740370761694 74
1754709814269 0.7629430410143118 75
1754709829011 0.5016809144174431 76
1754709841284 0.00614734415522044 77
1754709853694 0.8062626068581308 78
1754709867181 0.784650850062434 79
1754709879751 0.6880222841225627 80
1754709891873 0.8241283258092402 81
1754709907561 0.02151570454327154 82
1754709922584 0.6758236480645471 83
1754709936070 0.8591873979444818 84
1754709951432 0.6127173182211123 85
1754709965135 0.6778407453654788 86
1754709979297 0.7147248102968015 87
1754709993854 0.6507540101815388 88
1754710008929 0.8004994717126117 89
1754710019526 0.7765824608587072 90
1754710034373 0.8134665257900298 91
1754710046069 0.023628854096628567 92
1754710058528 0.04130246854288733 93
1754710071799 0.02103544328114494 94
1754710083593 0.0074920756891749115 95
1754710098430 0.7387378734031314 96
1754710110721 0.7543943905484584 97
1754710121925 0.060416866775525886 98
1754710130579 0.03698011718374796 99
1754710143435 0.8089520699260397 100
