1754708818515 5.37348962773382 0
1754708832374 4.6947756283855115 1
1754708846240 5.282140268770861 2
1754708858620 4.791371129866294 3
1754708866697 10.498725454287634 4
1754708881504 10.911658832500125 5
1754708895335 4.821018807765171 6
1754708907190 4.68958501364539 7
1754708919490 4.1975059716625145 8
1754708936504 4.544290094099062 9
1754708949583 9.699797457943582 10
1754708962780 4.414553966334988 11
1754708976997 9.53089640889684 12
1754708991058 10.366003022743717 13
1754709003443 3.638607256657148 14
1754709018374 5.910510595089087 15
1754709031294 10.682229594702216 16
1754709043376 10.485819197747245 17
1754709058617 4.587540057444791 18
1754709070238 6.888081727430545 19
1754709084063 3.637216245406478 20
1754709096510 9.467623644835033 21
1754709109404 3.796032649829279 22
1754709121458 4.108964836372892 23
1754709131759 11.223277714296145 24
1754709142585 3.731557765503791 25
1754709156876 10.365885445813095 26
1754709170026 3.657413879350969 27
1754709181728 3.40442886630232 28
1754709196104 4.479483986915825 29
1754709209438 4.101841538416338 30
1754709222280 3.5808679805903614 31
1754709229272 3.594315531176445 32
1754709241078 3.6961759359693644 33
1754709254903 11.325825134541953 34
1754709267736 4.641433861175392 35
1754709281298 8.054112228580188 36
1754709294422 4.221321945269417 37
1754709310585 3.2204360823066898 38
1754709325687 3.4678001406370074 39
1754709338190 3.560373574667308 40
1754709350443 3.7898541750430943 41
1754709358916 3.838242632753894 42
1754709373553 3.738334601166857 43
1754709386106 9.978938028292907 44
1754709394963 3.790497092666025 45
1754709410858 3.970800857326725 46
1754709423812 9.312164831150579 47
1754709437124 11.27655047746956 48
1754709450666 4.322890344004077 49
1754709464844 3.6196257760760777 50
1754709480081 3.718627031851328 51
1754709494020 4.097500268810153 52
1754709508279 8.122976723287792 53
1754709521361 10.947047990181128 54
1754709536393 3.640736528376178 55
1754709549934 3.8089470055549617 56
1754709566070 3.676139333376442 57
1754709579768 3.525187295560754 58
1754709594877 10.479068274069093 59
1754709609144 10.68910551038785 60
1754709623714 9.196105699303974 61
1754709637218 6.893610418559127 62
1754709651001 9.72754949712445 63
1754709663825 9.827439944024205 64
1754709678430 3.4959673873915427 65
1754709693682 3.5820762038016607 66
1754709703775 3.9824666096961105 67
1754709719123 9.331862725236887 68
1754709732201 3.3101572899442844 69
1754709745742 3.409257534028194 70
1754709757574 9.506853517328612 71
1754709773036 10.19914508034012 72
1754709787190 3.2203982935011366 73
1754709800249 3.923379109096427 74
1754709814271 3.5280389334151074 75
1754709829013 4.545399726563392 76
1754709841285 10.152813547522253 77
1754709853695 3.2971196085828596 78
1754709867182 3.5049737286098512 79
1754709879752 3.8577626710553377 80
1754709891874 3.273590326272874 81
1754709907563 11.010362342002368 82
1754709922585 3.843660996497447 83
1754709936072 3.274525048576635 84
1754709951434 4.1308112506125285 85
1754709965136 4.276042373313818 86
1754709979298 3.83042860714019 87
1754709993855 3.8935415041493617 88
1754710008930 3.9026520874402775 89
1754710019527 3.7721888392894654 90
1754710034374 3.6355348127429408 91
1754710046070 10.966018139647105 92
1754710058530 10.715184729853785 93
1754710071800 10.419235961366887 94
1754710083594 10.277335269501119 95
1754710098431 3.498144914184564 96
1754710110722 3.5686161033472295 97
1754710121926 10.32551982875725 98
1754710130580 9.978166215508057 99
1754710143436 3.3412974882827458 100
