1749029866589 4.483168556741327 0
1749029927714 4.228895986165355 1
1749029989856 4.0114516701804535 2
1749030054718 3.806184769854319 3
1749030120019 3.645279846305655 4
1749030182074 3.5087694852679854 5
1749030247109 3.4092237534218346 6
1749030309403 3.308975477687648 7
1749030372118 3.2185416039347197 8
1749030436617 3.134603468359093 9
1749030499332 3.0814773559119333 10
1749030560954 3.0113120501960413 11
1749030623694 2.9514556180759355 12
1749030686090 2.901768505548218 13
1749030747853 2.839381831816737 14
1749030811611 2.7788563672360778 15
1749030872893 2.740115075501738 16
1749030932653 2.706278667561694 17
1749030995042 2.6573819782539494 18
1749031056046 2.6134708270324083 19
1749031114546 2.5880685345422023 20
1749031171468 2.552665091553071 21
1749031225933 2.52322871818318 22
1749031279500 2.4951838614836417 23
1749031334551 2.4638660823587313 24
1749031384761 2.4193454330310242 25
1749031435689 2.3985417054174527 26
1749031479380 2.3845403050113596 27
1749031522025 2.375107012178628 28
1749031562059 2.358011657823881 29
1749031604530 2.339435845175026 30
1749031646213 2.324486780161615 31
1749031685687 2.307246130503191 32
1749031725507 2.2924308025972238 33
1749031766894 2.27522943491142 34
1749031805430 2.2598885058379565 35
1749031842427 2.2510566438081234 36
1749031879563 2.2360179600857446 37
1749031915554 2.2271384296045427 38
1749031951337 2.208480148730833 39
1749031986636 2.1991328538128085 40
1749032021964 2.195630236558175 41
1749032059505 2.180928461469738 42
1749032093543 2.170746856649767 43
1749032127951 2.165824642366549 44
1749032162081 2.159162175942239 45
1749032196383 2.149615918941085 46
1749032230558 2.1411408613451193 47
1749032264648 2.134440816346965 48
1749032297232 2.1272078414595192 49
1749032330342 2.1180996706489257 50
