1752544320578 0.017496079887760998 0
1752544346470 0.028885037550548817 1
1752544372648 0.043987785755550055 2
1752544398904 0.053396055129157384 3
1752544425271 0.06651811504497813 4
1752544452093 0.08079557646282083 5
1752544478234 0.08838821490467938 6
1752544504530 0.10093257406948915 7
1752544530853 0.1086902698687794 8
1752544557073 0.115127506808616 9
1752544583683 0.12478336221837089 10
1752544609997 0.13056036972848065 11
1752544636439 0.1386481802426343 12
1752544662368 0.14236197078484775 13
1752544689691 0.14731369150779897 14
1752544716196 0.15267805562432946 15
1752544742470 0.1582900057770075 16
1752544769381 0.1648923000742758 17
1752544795929 0.17058677890566973 18
1752544823001 0.17553849962862095 19
1752544849284 0.17941734752826607 20
1752544876580 0.18502929768094412 21
1752544902875 0.19171412065692828 22
1752544929070 0.19352975158867705 23
1752544955819 0.19716101345217463 24
1752544982521 0.19831641495419658 25
1752545008825 0.20821985640009905 26
1752545035321 0.20838491375753074 27
1752545061632 0.21127341751258563 28
1752545089364 0.21407939258892464 29
1752545116397 0.21407939258892464 30
1752545142674 0.21919617066930758 31
1752545169773 0.22522076421556492 32
1752545196121 0.2279442106131881 33
1752545222252 0.229677312866221 34
1752545248480 0.2314929437979698 35
1752545274776 0.23314351737228686 36
1752545302346 0.23553684905504663 37
1752545330447 0.23982834034827102 38
1752545356594 0.24304695881818933 39
1752545382900 0.24246925806717834 40
1752545409359 0.24461500371379055 41
1752545435549 0.2500618965090369 42
1752545462497 0.24865890897086737 43
1752545489875 0.254518445159693 44
1752545516622 0.2565816621275893 45
1752545543051 0.2560864900552942 46
1752545569427 0.2589749938103491 47
1752545596006 0.2602129239910869 48
1752545622723 0.2635965998184369 49
1752545648913 0.26549475942890155 50
1752545675421 0.26656763225220764 51
1752545701922 0.26962119336469426 52
1752545728281 0.272592225798465 53
1752545754394 0.27333498390690764 54
1752545780410 0.2749855574812247 55
1752545806556 0.2771313031278369 56
1752545833087 0.27688371709168935 57
1752545860992 0.28043245027647107 58
1752545888224 0.2839811834612528 59
1752545914363 0.28034992159775524 60
1752545940492 0.2866221011801601 61
1752545966766 0.28620945778658086 62
1752545993003 0.2840637121399686 63
1752546019000 0.2866221011801601 64
1752546045112 0.2890979615416357 65
1752546071328 0.28893290418420403 66
1752546097726 0.2898407196500784 67
1752546124214 0.2932243954774284 68
1752546150305 0.2933894528348601 69
1752546176390 0.2961954279111991 70
1752546202464 0.29759841544936866 71
1752546229060 0.2973508294132211 72
1752546255165 0.29990921845341256 73
1752546281288 0.30155979202772965 74
1752546308240 0.30188990674259303 75
1752546334682 0.30222002145745647 76
1752546360803 0.3025501361723199 77
1752546386998 0.30271519352975157 78
1752546413638 0.3046958818189321 79
1752546440091 0.30675909878682844 80
1752546466281 0.3051910538912272 81
1752546492764 0.3062639267145333 82
1752546519840 0.30840967236114547 83
1752546547604 0.30799702896756626 84
1752546574909 0.31063794668647354 85
1752546601647 0.3108855327226211 86
1752546627696 0.3138565651563918 87
1752546653776 0.31294874969051745 88
1752546681356 0.313196335726665 89
1752546708888 0.31369150779896016 90
1752546735454 0.3156721960881406 91
1752546762705 0.31600231080300406 92
1752546789319 0.3174878270198894 93
1752546816918 0.31691012626887843 94
1752546843733 0.31691012626887843 95
1752546870198 0.31831311380704796 96
1752546897253 0.3184781711644797 97
1752546923403 0.3188908145580589 98
1752546949622 0.32045885945366015 99
1752546975775 0.3185606998431955 100
