1752544320579 4.598798724024789 0
1752544346471 4.532593519773791 1
1752544372648 4.457927800121505 2
1752544398905 4.375189004905526 3
1752544425272 4.2937002582477515 4
1752544452094 4.210297867558155 5
1752544478235 4.1434329463038715 6
1752544504531 4.070722259629888 7
1752544530854 4.007141913668489 8
1752544557073 3.9457772243559397 9
1752544583683 3.89121902762219 10
1752544609998 3.8400805556645685 11
1752544636439 3.791388483272152 12
1752544662369 3.736877084458426 13
1752544689692 3.6919617430745184 14
1752544716197 3.65758562531301 15
1752544742470 3.6222436515972123 16
1752544769382 3.586683579675496 17
1752544795929 3.5513007400430285 18
1752544823002 3.518326734416006 19
1752544849284 3.483882083730115 20
1752544876581 3.450911577385625 21
1752544902876 3.420023577575474 22
1752544929071 3.3931165475208616 23
1752544955820 3.3694060131633554 24
1752544982522 3.345399074327258 25
1752545008826 3.3195128618298186 26
1752545035322 3.300675960151786 27
1752545061633 3.275980016934854 28
1752545089365 3.2591590982346865 29
1752545116398 3.2420387922798177 30
1752545142675 3.2169337990594773 31
1752545169774 3.1987799409577793 32
1752545196122 3.1810383996171625 33
1752545222253 3.1657981221604845 34
1752545248481 3.1482247280036826 35
1752545274777 3.1327665784684897 36
1752545302346 3.112562196566543 37
1752545330448 3.0952690613841547 38
1752545356595 3.0775649413457007 39
1752545382900 3.0660728964409163 40
1752545409360 3.05043682971717 41
1752545435550 3.0321636206121947 42
1752545462498 3.0253336391186023 43
1752545489876 3.007201795053613 44
1752545516623 2.99556998670819 45
1752545543052 2.986600753673156 46
1752545569428 2.9759150149704863 47
1752545596007 2.964711363323642 48
1752545622724 2.9527276209839903 49
1752545648914 2.9415292550463166 50
1752545675421 2.93109139990862 51
1752545701923 2.921663377083761 52
1752545728282 2.9068759410169243 53
1752545754395 2.8945227279588535 54
1752545780411 2.8864205768011146 55
1752545806557 2.8824774917351275 56
1752545833088 2.868113579103767 57
1752545860993 2.860734088083868 58
1752545888225 2.851661595536568 59
1752545914364 2.849123500937668 60
1752545940493 2.8330101347828474 61
1752545966767 2.8300220940711505 62
1752545993004 2.8282638334923207 63
1752546019001 2.8199884889683964 64
1752546045113 2.8098684680303205 65
1752546071328 2.8026713431448202 66
1752546097727 2.8034224523919695 67
1752546124215 2.790191282757286 68
1752546150306 2.777379730848185 69
1752546176391 2.771041645179862 70
1752546202465 2.763892293706798 71
1752546229061 2.7584870595736053 72
1752546255166 2.7497028230726657 73
1752546281289 2.7428311522921773 74
1752546308241 2.738016507822289 75
1752546334683 2.7371517549842097 76
1752546360803 2.7350062231684547 77
1752546386999 2.721342811499089 78
1752546413639 2.716006774083016 79
1752546440092 2.7153965470883046 80
1752546466282 2.7122574615637194 81
1752546492765 2.708649215922657 82
1752546519841 2.7043103477540793 83
1752546547605 2.701256069129802 84
1752546574910 2.684229975979096 85
1752546601648 2.685610413866166 86
1752546627697 2.676837941266859 87
1752546653777 2.6711859747581697 88
1752546681357 2.6697432988230987 89
1752546708889 2.669557010645144 90
1752546735455 2.6620345682743207 91
1752546762706 2.654775827487125 92
1752546789320 2.646266187500455 93
1752546816919 2.6454136891783655 94
1752546843734 2.642442914256076 95
1752546870199 2.640470213418326 96
1752546897254 2.635620945053576 97
1752546923404 2.634822534263046 98
1752546949623 2.617718300285688 99
1752546975776 2.6217136418570077 100
