1754502368822 2.1746601382461725 0
1754502415147 2.0577621057987057 1
1754502455466 1.8919389666269055 2
1754502500558 1.8920073428843658 3
1754502551795 1.8209792244730845 4
1754502605109 1.8108505749619759 5
1754502646488 1.7789999757265083 6
1754502723008 1.7977933370758943 7
1754502760737 1.7910884482407756 8
1754502808285 1.7757903251515719 9
1754502871998 1.7830873431261829 10
1754502919897 1.763795829095573 11
1754502957233 1.7720123553357927 12
1754503006358 1.7551305810436673 13
1754503048387 1.7797197566846203 14
1754503124118 1.7635783662263365 15
1754503161186 1.785670735328127 16
1754503209482 1.7540452887876854 17
1754503262519 1.7936518964896173 18
1754503310292 1.7740718088267955 19
1754503360015 1.7988228332862368 20
1754503422250 1.7767566214190917 21
1754503471616 1.8135563724244599 22
1754503532230 1.7783734057117468 23
1754503592756 1.8173470399427827 24
1754503656836 1.786602620390117 25
1754503692947 1.8431594813897085 26
1754503750676 1.808735348065491 27
1754503796723 1.8636212010600524 28
1754503873191 1.8091087304838744 29
1754503909413 1.881638541110325 30
1754503958963 1.831308185242137 31
1754504012649 1.8884496742185417 32
1754504073183 1.8421149578573468 33
1754504113481 1.9107832016379178 34
1754504183733 1.8569626131871866 35
1754504240703 1.9113180906952678 36
1754504326630 1.8655634721699854 37
1754504387118 1.9364274775421908 38
1754504476477 1.8650466129691976 39
1754504528225 1.9542075869885764 40
1754504584974 1.8882298610570698 41
1754504647811 1.9657734653269752 42
1754504715948 1.9035880227266953 43
1754504771949 1.9766136109623247 44
1754504828988 1.917807504380358 45
1754504865740 1.9949031111581905 46
1754504926951 1.9131434784435428 47
1754504966057 2.0084945033935115 48
1754505019714 1.9278183243580174 49
1754505073188 2.0186452315707566 50
1754505133074 1.9392498379948244 51
1754505196326 2.031168272557337 52
1754505282861 1.951432440010094 53
1754505326122 2.0398540059863848 54
1754505390642 1.9605742075551091 55
1754505430741 2.0687101675101287 56
1754505506847 1.960695793855019 57
1754505567722 2.0669771802059924 58
1754505616824 1.9759620848459212 59
1754505658008 2.08511546686989 60
1754505708609 1.9829160424339072 61
1754505756305 2.089334730013965 62
1754505811145 2.000075116220091 63
1754505855382 2.104095074773861 64
1754505905051 2.0084462295574212 65
1754505961652 2.1126907492511715 66
1754506011471 2.0224986395611375 67
1754506047926 2.1304007437850925 68
1754506113813 2.027313700948348 69
1754506167011 2.1285607271768683 70
1754506244795 2.019960283937158 71
1754506303687 2.1411929068076807 72
1754506352528 2.043798059292022 73
1754506389880 2.1380491685869005 74
1754506439672 2.041802812806373 75
1754506480863 2.148841829121135 76
1754506535758 2.0344636253075254 77
1754506574687 2.187677318105726 78
1754506630132 2.0710458380944274 79
1754506672797 2.1839293765917875 80
1754506746286 2.0552867798307197 81
1754506784542 2.1970180957947827 82
1754506851347 2.0592773918317935 83
1754506906060 2.1997430739444366 84
1754506964307 2.076714238974005 85
1754507016738 2.215324119085434 86
1754507067534 2.0763715958559996 87
1754507109587 2.2239272574558826 88
1754507167161 2.093072226505798 89
1754507208252 2.237452159448732 90
1754507267566 2.110094942700734 91
1754507304829 2.235851141877694 92
1754507372830 2.087436070648777 93
1754507414938 2.240744947087806 94
1754507501061 2.0913864465100303 95
1754507548510 2.2406011699345325 96
1754507605558 2.1129379124612453 97
1754507653066 2.2518593215791407 98
1754507743808 2.1102205629088737 99
1754507806132 2.2481881122402445 100
