1751168277992 4.4959988670220845 0
1751168342373 4.243905845586369 1
1751168407647 4.045478277819755 2
1751168471740 3.852134554939342 3
1751168537020 3.7057792042523383 4
1751168602817 3.5588609973339036 5
1751168667990 3.4871822684038682 6
1751168732190 3.4010004690962212 7
1751168797804 3.349139929456639 8
1751168864724 3.2215299414280536 9
1751168931503 3.1714017374543593 10
1751168997571 3.1355030060115108 11
1751169064487 3.08387375955273 12
1751169129746 3.012947643051232 13
1751169195873 2.921568612063467 14
1751169262901 2.86478265466661 15
1751169326629 2.8299921707928606 16
1751169388276 2.7811807211881527 17
1751169455192 2.742877723653059 18
1751169517730 2.677496485459098 19
1751169582282 2.6588112598472207 20
1751169648622 2.618012615215282 21
1751169714231 2.602146083157871 22
1751169775986 2.575391746653434 23
1751169843799 2.5328934849179205 24
1751169906449 2.447564024792944 25
1751169972501 2.4557374698298227 26
1751170038340 2.4177405114006527 27
1751170103783 2.3841895360519976 28
1751170165191 2.3377605560805277 29
1751170230465 2.302829099451859 30
1751170296593 2.2225563690009964 31
1751170362230 2.2294966675554093 32
1751170428900 2.202708456503989 33
1751170493597 2.1780814952042835 34
1751170559325 2.1438158725072425 35
1751170624921 2.1318742102509214 36
1751170687832 2.06200356846781 37
1751170750755 2.0927574884149585 38
1751170813839 2.0949370817599577 39
1751170877831 2.06094235232857 40
1751170943706 2.054206897790014 41
1751171012008 2.030913260703129 42
1751171077356 1.980309785863196 43
1751171143533 1.9889224009974356 44
1751171210133 1.8952283812949091 45
1751171276019 1.8897390722940328 46
1751171342048 1.9001984403231043 47
1751171409688 1.8193054419588697 48
1751171475236 1.7950095843074325 49
1751171541993 1.7787980990348906 50
1751171581523 1.7204465516907494 51
1751171619590 1.6867532025523149 52
1751171657801 1.6873923165746387 53
1751171694830 1.6202084389579814 54
1751171734102 1.6038353204924476 55
1751171771609 1.5984435789572868 56
1751171810362 1.5955296208410235 57
1751171849265 1.5735493070990498 58
1751171888289 1.5367813813372877 59
1751171927359 1.522365654339155 60
1751171964995 1.4953715039641071 61
1751172003808 1.4737125619257063 62
1751172042748 1.4809718589161802 63
1751172081234 1.4855324569126547 64
1751172119382 1.4340345829830181 65
1751172156316 1.4147993871327935 66
1751172194623 1.393647856894879 67
1751172234104 1.4058103842289664 68
1751172272376 1.4093836522475198 69
1751172310206 1.399410385052435 70
1751172349167 1.3981521127073344 71
1751172386554 1.357920321768221 72
1751172424521 1.3513128109025359 73
1751172463426 1.3240049079417973 74
1751172501618 1.3503056893588292 75
1751172540195 1.3037401951505745 76
1751172576511 1.287139545020206 77
1751172614297 1.284976300315543 78
1751172652578 1.2766539335486524 79
1751172690518 1.2558829625291392 80
1751172728927 1.2410321147457084 81
1751172767779 1.2643590020256594 82
1751172805881 1.2556009869445108 83
1751172842651 1.228596426824522 84
1751172879630 1.2301769302344634 85
1751172917428 1.2453606608683911 86
1751172955634 1.2152290051445183 87
1751172994154 1.2139053112494878 88
1751173030820 1.2083444072238196 89
1751173067602 1.1699897754752828 90
1751173105732 1.170940485519849 91
1751173142786 1.1505701907586656 92
1751173180969 1.1642098775173226 93
1751173217546 1.1578333871406803 94
1751173254954 1.1504318837915948 95
1751173293668 1.1371186459160043 96
1751173331572 1.1154160547572665 97
1751173369115 1.1164577772754536 98
1751173407620 1.1368529926604791 99
1751173446917 1.1046991563200896 100
1751173474206 1.0887510886520755 101
1751173501381 1.0607666638335302 102
1751173529200 1.0789902589585125 103
1751173556682 1.0693442439031131 104
1751173584958 1.060129365569461 105
1751173612412 1.0368834639049538 106
1751173640146 1.0014254292504026 107
1751173667597 1.013207852388415 108
1751173693640 1.0199248408745056 109
1751173721283 1.0064071136868424 110
1751173748023 0.9703429201321293 111
1751173774493 0.9694991245232707 112
1751173801307 0.9599919432300549 113
1751173827551 0.9647674339178663 114
1751173854063 0.9446558300987083 115
1751173881215 0.9427110902544134 116
1751173909153 0.9435480288706505 117
1751173937042 0.9270008631678809 118
1751173964943 0.9313307381945592 119
1751173992579 0.9553252498427142 120
1751174020519 0.9351312084927585 121
1751174047642 0.9470622585733085 122
1751174074896 0.9336507948839797 123
1751174103078 0.9231753286997535 124
1751174130673 0.9144093931506095 125
1751174157754 0.8926330550799159 126
1751174185071 0.8948313128436816 127
1751174212909 0.887037734209316 128
1751174240594 0.9008973489340346 129
1751174267949 0.9061127748409268 130
1751174295478 0.9091532742769523 131
1751174323112 0.9226774348379804 132
1751174350605 0.8881114666254176 133
1751174378355 0.8910396099071491 134
1751174405362 0.8881529922662291 135
1751174432521 0.8730299875565236 136
1751174460528 0.8512504039655336 137
1751174487814 0.85069619328458 138
1751174515634 0.8442692725815985 139
1751174543422 0.8175656093056355 140
1751174570813 0.8300805796477794 141
1751174598144 0.8495117501590006 142
1751174625702 0.861895965772442 143
1751174653503 0.850566314896643 144
1751174681261 0.8488517244201936 145
1751174707433 0.8362315387353783 146
1751174734483 0.8406923053261188 147
1751174761604 0.8106401035922414 148
1751174789140 0.8319094642484834 149
1751174815740 0.8366720514264482 150
1751174832089 0.8247309971235156 151
1751174848515 0.8073932167953525 152
1751174864653 0.8055105496647599 153
1751174881041 0.775203343759312 154
1751174897101 0.776870774469032 155
1751174913175 0.7763922988915108 156
1751174929402 0.7674995099659275 157
1751174945633 0.7708552441965008 158
1751174961816 0.7753715389509466 159
1751174978605 0.7656294688038977 160
1751174995489 0.7554738105374514 161
1751175011896 0.7441311116983504 162
1751175028186 0.7298666188222542 163
1751175044476 0.7279539804266764 164
1751175060965 0.7265590983754309 165
1751175077686 0.7322438858403363 166
1751175094184 0.7271905278303128 167
1751175110834 0.7210496468961293 168
1751175127040 0.724797867800486 169
1751175143296 0.7086372161089819 170
1751175159555 0.7016903312397678 171
1751175175456 0.7044323551097358 172
1751175191790 0.7118183653050901 173
1751175208353 0.7030493702113653 174
1751175224816 0.6971806176719892 175
1751175241286 0.6939454386006698 176
1751175257424 0.6946999895369613 177
1751175273743 0.7163535633171376 178
1751175290348 0.702258520738955 179
1751175306786 0.7062067449685805 180
1751175323273 0.6922891356846571 181
1751175340046 0.7018980549422766 182
1751175356459 0.6945600139119619 183
1751175372975 0.6951006828610234 184
1751175389235 0.6913301408700299 185
1751175405705 0.6748269503915522 186
1751175422356 0.6735500850076734 187
1751175438844 0.6626600997521666 188
1751175455309 0.6651422674300226 189
1751175471859 0.6693072364653188 190
1751175488326 0.6645711526342113 191
1751175504525 0.6793068806811977 192
1751175520850 0.6754028963386663 193
1751175537165 0.675462801942409 194
1751175553325 0.6718518912488616 195
1751175569853 0.6681439363612701 196
1751175586262 0.6625172100560336 197
1751175602783 0.6683727650760986 198
1751175619306 0.6750500854028786 199
1751175635740 0.6574970273908993 200
