1750874519760 0.022927396577504568 0
1750874530522 0.03995680345572354 1
1750874541263 0.05266655590629673 2
1750874552347 0.07285263332779532 3
1750874563140 0.07983053663399235 4
1750874574177 0.09187572686492773 5
1750874585233 0.10450240903804618 6
1750874596534 0.11845821565044028 7
1750874608198 0.1244392756271806 8
1750874620303 0.13964113640139558 9
1750874631968 0.14695132081741152 10
1750874643866 0.15417843495597275 11
1750874655396 0.156836683834524 12
1750874666999 0.17029406878218972 13
1750874678491 0.17469679348729025 14
1750874689914 0.18499750789167635 15
1750874700686 0.184499086226948 16
1750874711362 0.18865260009968432 17
1750874722341 0.19529822229606247 18
1750874733234 0.20460209337099186 19
1750874744390 0.209420169463366 20
1750874756097 0.2109154344575511 21
1750874767262 0.21216148861937198 22
1750874778112 0.2212161488619372 23
1750874789419 0.22271141385612228 24
1750874800551 0.22752948994849642 25
1750874811639 0.2298554577172288 26
1750874823428 0.22977238743977405 27
1750874834743 0.23841169629506562 28
1750874845874 0.2452234590463532 29
1750874857160 0.2492108323641801 30
1750874868318 0.2467187240405383 31
1750874879382 0.248629340421997 32
1750874890396 0.2517029406878219 33
1750874901416 0.25153680013291246 34
1750874912417 0.25876391427147366 35
1750874923336 0.25959461704602094 36
1750874934623 0.26815085562385776 37
1750874945576 0.2694799800631334 38
1750874956745 0.2640804120285762 39
1750874967746 0.27271972088386776 40
1750874978698 0.2756271805947832 41
1750874990029 0.2722212992191394 42
1750875001338 0.27645788336933047 43
1750875012901 0.28011297557733844 44
1750875023904 0.27953148363515534 45
1750875035086 0.2791992025253364 46
1750875046017 0.28634324638644293 47
1750875057214 0.28725701943844495 48
1750875068232 0.2903306197042698 49
1750875079332 0.2885861438777205 50
1750875090983 0.2935703605250041 51
1750875101898 0.29481641468682507 52
1750875113217 0.3005482638312012 53
1750875124176 0.30046519355374646 54
1750875135884 0.3025419504901146 55
1750875147680 0.3013789666057485 56
1750875159075 0.3058647615883037 57
1750875170171 0.30760923741485297 58
1750875181215 0.3051171290912112 59
1750875192577 0.30819072935703606 60
1750875203328 0.3061970426981226 61
1750875214386 0.3079415185246719 62
1750875225692 0.30976906462867587 63
1750875236779 0.31043362684831366 64
1750875247707 0.31716231932214656 65
1750875258958 0.31782688154178435 66
1750875270499 0.31566705432796144 67
1750875281674 0.31500249210832365 68
1750875292673 0.3129257351719555 69
1750875303813 0.3199036384781525 70
1750875315303 0.3203189898654262 71
1750875326157 0.3217311845821565 72
1750875337216 0.32214653596943016 73
1750875348372 0.3251370659578003 74
1750875359436 0.3226449576341585 75
1750875370599 0.3242232929057983 76
1750875381503 0.32480478484798136 77
1750875392501 0.3254693470676192 78
1750875404250 0.3291244392756272 79
1750875415394 0.3267154012294401 80
1750875426452 0.32696461206180427 81
1750875437791 0.3233095198537963 82
1750875449313 0.32621697956471174 83
1750875460263 0.32754610400398737 84
1750875471238 0.33078584482472173 85
1750875482580 0.32962286094035553 86
1750875493742 0.3267154012294401 87
1750875505537 0.33311181259345407 88
1750875516537 0.3316996178767237 89
1750875527627 0.3331948828709088 90
1750875538694 0.33253032065127097 91
1750875550075 0.3350224289749128 92
1750875561979 0.3335271639807277 93
1750875573031 0.3362684831367337 94
1750875584028 0.33867752118292077 95
1750875595059 0.3347732181425486 96
1750875606922 0.338594450905466 97
1750875618444 0.34033892673201527 98
1750875629438 0.3388436617378302 99
1750875640744 0.3375145372985546 100
