1750874519760 4.5827574582599 0
1750874530523 4.493501705900868 1
1750874541264 4.390012265354107 2
1750874552348 4.285493952078497 3
1750874563141 4.189587487248424 4
1750874574178 4.091638375701599 5
1750874585234 4.00419887337879 6
1750874596535 3.9251931626138292 7
1750874608198 3.854104121726518 8
1750874620304 3.7803249497932763 9
1750874631969 3.715480088385878 10
1750874643866 3.6566771955337782 11
1750874655396 3.6083278293216763 12
1750874667000 3.548895305447741 13
1750874678492 3.5030590719463146 14
1750874689914 3.447144600963232 15
1750874700687 3.4155853107577867 16
1750874711363 3.3835611393743323 17
1750874722342 3.341370239885177 18
1750874733235 3.2948725468574227 19
1750874744390 3.2840063151264953 20
1750874756098 3.242379897780256 21
1750874767263 3.221985007895798 22
1750874778113 3.183039276025635 23
1750874789420 3.157568734601146 24
1750874800551 3.1190353306014282 25
1750874811639 3.096456367110645 26
1750874823428 3.084720419704939 27
1750874834744 3.057154292817775 28
1750874845875 3.022822684052112 29
1750874857161 3.00316288600002 30
1750874868319 2.9870192853529547 31
1750874879382 2.965207309219806 32
1750874890397 2.948822931889578 33
1750874901416 2.9347200434014495 34
1750874912418 2.9004110332645756 35
1750874923336 2.8957351495258545 36
1750874934624 2.8654593129075843 37
1750874945577 2.8493152898918335 38
1750874956745 2.8366508542013147 39
1750874967746 2.8078269872308628 40
1750874978698 2.7939584190828453 41
1750874990030 2.796048796793251 42
1750875001339 2.773784630937003 43
1750875012902 2.7513078223661798 44
1750875023904 2.7433252868004936 45
1750875035087 2.7433048875054276 46
1750875046018 2.7208194059201176 47
1750875057214 2.702680702618362 48
1750875068233 2.681079613731508 49
1750875079333 2.6808424093183123 50
1750875090984 2.6619995443096376 51
1750875101899 2.660268743782797 52
1750875113218 2.6368028298928587 53
1750875124177 2.631712424023505 54
1750875135884 2.6165991319533703 55
1750875147681 2.6049353496749745 56
1750875159076 2.595801017260842 57
1750875170172 2.5856401203384216 58
1750875181216 2.585898606503596 59
1750875192578 2.5618361218003676 60
1750875203329 2.557940928637355 61
1750875214387 2.5495799270534074 62
1750875225692 2.5466307036237286 63
1750875236779 2.523832005380131 64
1750875247708 2.5102363290056156 65
1750875258959 2.4992490733757196 66
1750875270500 2.4925623782896706 67
1750875281675 2.4933500057035456 68
1750875292674 2.4930637023525613 69
1750875303813 2.4699740418369602 70
1750875315304 2.4645278925853598 71
1750875326158 2.448267164902809 72
1750875337216 2.4476408879889213 73
1750875348373 2.439749446697925 74
1750875359437 2.4319650641681267 75
1750875370600 2.4325613768449497 76
1750875381503 2.4230638872229187 77
1750875392502 2.4064423450530703 78
1750875404250 2.3913356170603186 79
1750875415395 2.4008972188062456 80
1750875426453 2.386687180007792 81
1750875437792 2.3837098231106157 82
1750875449313 2.3845515530266748 83
1750875460264 2.3788326436754734 84
1750875471238 2.3671366678360584 85
1750875482581 2.3583358127738108 86
1750875493743 2.350691041910333 87
1750875505538 2.3330719327916616 88
1750875516538 2.3399253935436084 89
1750875527628 2.324782104715674 90
1750875538695 2.3261318333625494 91
1750875550075 2.3134881331545807 92
1750875561980 2.3131689876380612 93
1750875573032 2.296605541293688 94
1750875584029 2.286688182285324 95
1750875595060 2.296553108084848 96
1750875606923 2.274797640931912 97
1750875618445 2.282599440463805 98
1750875629439 2.267631042988273 99
1750875640744 2.2701755289635073 100
