1752781658811 0.02682119205298013 0
1752781680866 0.05637417218543046 1
1752781703364 0.08394039735099337 2
1752781726429 0.10066225165562914 3
1752781749936 0.11961920529801325 4
1752781773036 0.1297185430463576 5
1752781796300 0.14403973509933773 6
1752781819884 0.15306291390728477 7
1752781842951 0.1672185430463576 8
1752781865045 0.1771523178807947 9
1752781889349 0.18841059602649007 10
1752781913099 0.19155629139072847 11
1752781935321 0.201158940397351 12
1752781957095 0.2097682119205298 13
1752781979259 0.21928807947019868 14
1752782001710 0.225 15
1752782023812 0.23104304635761588 16
1752782047418 0.2389072847682119 17
1752782071954 0.2408112582781457 18
1752782094534 0.24817880794701988 19
1752782117932 0.25215231788079473 20
1752782139916 0.2550496688741722 21
1752782162113 0.2589403973509934 22
1752782183961 0.2603476821192053 23
1752782207601 0.2674668874172185 24
1752782230388 0.2705298013245033 25
1752782254065 0.2720198675496689 26
1752782278801 0.27516556291390726 27
1752782301163 0.27897350993377484 28
1752782323124 0.28377483443708607 29
1752782345511 0.28451986754966885 30
1752782369041 0.2850165562913907 31
1752782392516 0.2890728476821192 32
1752782415072 0.28774834437086094 33
1752782439463 0.28857615894039734 34
1752782462493 0.29238410596026493 35
1752782484772 0.29594370860927155 36
1752782507366 0.29577814569536426 37
1752782531887 0.2978476821192053 38
1752782554310 0.29652317880794704 39
1752782577218 0.2993377483443709 40
1752782600393 0.3035596026490066 41
1752782623726 0.3027317880794702 42
1752782646430 0.30579470198675496 43
1752782668495 0.308112582781457 44
1752782690216 0.309023178807947 45
1752782712608 0.3070364238410596 46
1752782736302 0.3097682119205298 47
1752782759020 0.311341059602649 48
1752782781128 0.31142384105960264 49
1752782803511 0.3138245033112583 50
1752782826015 0.31399006622516556 51
1752782847793 0.3177980132450331 52
1752782869523 0.31804635761589406 53
1752782891525 0.3169701986754967 54
1752782914038 0.31961920529801324 55
1752782935828 0.31912251655629137 56
1752782957605 0.3214403973509934 57
1752782980017 0.3210264900662252 58
1752783004774 0.32450331125827814 59
1752783028646 0.3219370860927152 60
1752783050869 0.32475165562913905 61
1752783072919 0.3253311258278146 62
1752783095078 0.3254139072847682 63
1752783117100 0.32466887417218543 64
1752783139364 0.32682119205298016 65
1752783161381 0.32756622516556294 66
1752783184469 0.3271523178807947 67
1752783206183 0.32781456953642385 68
1752783229558 0.3307119205298013 69
1752783253754 0.329635761589404 70
1752783277234 0.3303807947019868 71
1752783301110 0.33096026490066227 72
1752783323063 0.3312913907284768 73
1752783346417 0.3330298013245033 74
1752783369705 0.33195364238410596 75
1752783392680 0.33269867549668874 76
1752783416319 0.3336092715231788 77
1752783439864 0.33228476821192054 78
1752783462052 0.3344370860927152 79
1752783484114 0.3355132450331126 80
1752783505971 0.3337748344370861 81
1752783529036 0.33675496688741724 82
1752783553086 0.3346854304635762 83
1752783576443 0.33600993377483446 84
1752783600491 0.33600993377483446 85
1752783622652 0.33758278145695364 86
1752783645637 0.3349337748344371 87
1752783667706 0.33725165562913906 88
1752783692186 0.33973509933774837 89
1752783716595 0.3365066225165563 90
1752783738618 0.34089403973509935 91
1752783760815 0.3396523178807947 92
1752783783510 0.3395695364238411 93
1752783807502 0.3391556291390728 94
1752783829335 0.34105960264900664 95
1752783851204 0.3400662251655629 96
1752783873252 0.34172185430463575 97
1752783894835 0.34114238410596026 98
1752783916313 0.338658940397351 99
1752783938260 0.34155629139072846 100
