1753444635799 4.529046923876257 0
1753444658232 4.427172725708022 1
1753444683738 4.338587226341848 2
1753444705765 4.252459171776692 3
1753444728530 4.2203466008462325 4
1753444755620 4.146480647283859 5
1753444778256 4.136419516823037 6
1753444800228 4.124584080597226 7
1753444824869 4.128175802486765 8
1753444849825 4.088418291998997 9
1753444872540 4.143885297489905 10
1753444895305 4.119627753930951 11
1753444922221 4.152931670759432 12
1753444944477 4.130713340271514 13
1753444966551 4.122088722727193 14
1753445018668 4.180526116872637 15
1753445040934 4.234885592482084 16
1753445066609 4.262043450948308 17
1753445090371 4.25755317936659 18
1753445113855 4.257781615876383 19
1753445135697 4.30588414101427 20
1753445157882 4.320467675710029 21
1753445184669 4.315755693377199 22
1753445206811 4.335385821558587 23
1753445230006 4.385846107942486 24
1753445255305 4.345663308897735 25
1753445286332 4.417710009916329 26
1753445310299 4.4968912670754015 27
1753445340619 4.498666062623693 28
1753445364826 4.444895657651293 29
1753445392874 4.456132434406747 30
1753445419055 4.477577862872517 31
1753445442459 4.483024125300982 32
1753445466468 4.527755954214958 33
1753445490269 4.545311260133589 34
1753445512473 4.5191249714271375 35
1753445535033 4.563360579263518 36
1753445560576 4.50876034313252 37
1753445591484 4.569374121540036 38
1753445614733 4.6110334197867235 39
1753445638056 4.595271414750339 40
1753445664502 4.66425742628959 41
1753445687292 4.657711305243372 42
1753445709735 4.6234875372960795 43
1753445738089 4.655160645014024 44
1753445760863 4.635366690123922 45
1753445784553 4.640459222240063 46
1753445809818 4.692282943346181 47
1753445838064 4.5912856751841264 48
1753445862887 4.602298749905048 49
1753445885902 4.639940996444058 50
1753445914395 4.641523797648874 51
1753445937885 4.650627399817948 52
1753445964981 4.666763917757555 53
1753445986664 4.6617769215128915 54
1753446009105 4.669338199344108 55
1753446035494 4.681368479221828 56
1753446057271 4.683411677566176 57
1753446086097 4.685407317060136 58
1753446109886 4.70412372258149 59
1753446138656 4.655324921913041 60
1753446160187 4.659169712184388 61
1753446184779 4.667943652702889 62
1753446207589 4.6913072295232805 63
1753446236980 4.780273448924535 64
1753446264125 4.700555471782531 65
1753446289070 4.68591983523746 66
1753446311542 4.6847650196592685 67
1753446333992 4.693573814380441 68
1753446388742 4.776966609152747 69
1753446412541 4.742226105070333 70
1753446436095 4.769748281309434 71
1753446462579 4.699986789488573 72
1753446498497 4.744813960091568 73
1753446521487 4.749429044541541 74
1753446555386 4.757604559134753 75
1753446578370 4.737902273513029 76
1753446601981 4.774362143589802 77
1753446626692 4.774511575457204 78
1753446649055 4.734528661029911 79
1753446671284 4.83139192514226 80
1753446696909 4.7999995794037345 81
1753446723175 4.782899530946298 82
1753446746334 4.773148774511396 83
1753446772762 4.802512768586639 84
1753446795255 4.775575035092072 85
1753446819005 4.779401965147782 86
1753446843819 4.775843960414854 87
1753446866720 4.750048571221996 88
1753446891422 4.813658948531708 89
1753446914202 4.741868140676775 90
1753446936296 4.751004938786874 91
1753446958096 4.779394187705116 92
1753446981146 4.7747382822552344 93
1753447002805 4.806533698997355 94
1753447026836 4.794548074416871 95
1753447050591 4.775633683197043 96
1753447075484 4.787515418122667 97
1753447097837 4.78881965878806 98
1753447136088 4.810201951847662 99
1753447162802 4.823563808737801 100
