1752723886545 0.02570907281472881 0
1752723907527 0.055979432741748214 1
1752723928458 0.07936639575385636 2
1752723949398 0.10573892851219108 3
1752723970480 0.13186266379167358 4
1752723991396 0.14463426770608726 5
1752724012455 0.15765466909935313 6
1752724033497 0.16818709570409687 7
1752724055086 0.18021230718195388 8
1752724075853 0.19704760325095372 9
1752724096291 0.20293581025045612 10
1752724117222 0.21263891192569248 11
1752724138392 0.21877591640404712 12
1752724161214 0.2259081107978106 13
1752724181776 0.23104992536075633 14
1752724202316 0.23503068502239177 15
1752724224768 0.23735279482501245 16
1752724245298 0.24962680378172167 17
1752724266939 0.25476861834466746 18
1752724287909 0.261569082766628 19
1752724309297 0.2626472051749876 20
1752724331290 0.26629623486482 21
1752724354353 0.2690330071321944 22
1752724375630 0.2705257920053077 23
1752724397728 0.27243323934317465 24
1752724419159 0.2777409188920219 25
1752724433610 0.28006302869464256 26
1752724448498 0.28097528611710065 27
1752724462887 0.28304859844086916 28
1752724476985 0.287526953060209 29
1752724491461 0.2895173328910267 30
1752724506229 0.28960026538397743 31
1752724520310 0.2931663625808592 32
1752724533671 0.2949079449328247 33
1752724547262 0.2942444849892188 34
1752724560824 0.29590313484823355 35
1752724574373 0.2993033670592138 36
1752724587810 0.2977276496931498 37
1752724601109 0.30328412672084926 38
1752724614659 0.3036158566926522 39
1752724627861 0.30403051915740587 40
1752724642066 0.3066014264388788 41
1752724656142 0.3075136838613369 42
1752724669693 0.30850887377674574 43
1752724683023 0.30942113119920384 44
1752724696483 0.3113285785370708 45
1752724710897 0.30942113119920384 46
1752724724323 0.3107480510864157 47
1752724737679 0.31705092055067174 48
1752724750997 0.31696798805772103 49
1752724765095 0.31705092055067174 50
1752724775609 0.31655332559296734 51
1752724786088 0.3182119754519821 52
1752724797349 0.3197876928180461 53
1752724808228 0.31663625808591805 54
1752724819374 0.318875435395588 55
1752724830132 0.3227732625642727 56
1752724840649 0.32136341018411013 57
1752724851757 0.32111461270525793 58
1752724862744 0.3224415325924697 59
1752724873471 0.3221098026206668 60
1752724884635 0.32484657488804114 61
1752724895181 0.3224415325924697 62
1752724905585 0.3297395919721347 63
1752724916260 0.3256758998175485 64
1752724927489 0.3255929673245978 65
1752724938672 0.32451484491623817 66
1752724949174 0.32750041466246477 67
1752724959669 0.32791507712721846 68
1752724970107 0.32841267208492286 69
1752724980666 0.3310665118593465 70
1752724991166 0.33206170177475536 71
1752725001877 0.331232376845248 72
1752725012886 0.3301542544368884 73
1752725023494 0.3303201194227898 74
1752725034674 0.3307347818875435 75
1752725042510 0.33322275667606566 76
1752725050185 0.3337203516337701 77
1752725057939 0.33313982418311494 78
1752725065680 0.3342179465914745 79
1752725073415 0.33405208160557304 80
1752725081132 0.33604246143639077 81
1752725088664 0.3369547188588489 82
1752725096389 0.33678885387294744 83
1752725104185 0.3372035163377011 84
1752725111756 0.33645712390114446 85
1752725119282 0.33678885387294744 86
1752725126957 0.33745231381655333 87
1752725134444 0.3372035163377011 88
1752725142119 0.33662298888704595 89
1752725149888 0.3382816387460607 90
1752725157403 0.3391938961685188 91
1752725164884 0.33819870625311 92
1752725172584 0.3386963012108144 93
1752725180293 0.339774423619174 94
1752725188089 0.34052081605573065 95
1752725195841 0.33944269364737106 96
1752725203708 0.34085254602753357 97
1752725211524 0.3391938961685188 98
1752725219276 0.3421794659147454 99
1752725226862 0.3411013435063858 100
