1752723886546 4.54128705292336 0
1752723907528 4.369137496158883 1
1752723928459 4.19421461395718 2
1752723949399 4.012779809282841 3
1752723970481 3.8454024771580824 4
1752723991397 3.7146920455065935 5
1752724012456 3.5878028933059527 6
1752724033498 3.483478585988082 7
1752724055087 3.3909586360678077 8
1752724075854 3.304291618736209 9
1752724096292 3.2064556638534003 10
1752724117223 3.146335569059325 11
1752724138393 3.0920425925806567 12
1752724161215 3.0336686551973626 13
1752724181777 2.9839179300375887 14
1752724202317 2.941525458534424 15
1752724224769 2.9130189460324676 16
1752724245299 2.8576064010377267 17
1752724266940 2.816773743872103 18
1752724287910 2.7829803299486033 19
1752724309298 2.7724515324760532 20
1752724331291 2.7319981447496526 21
1752724354354 2.715897625538747 22
1752724375631 2.6955355012890054 23
1752724397729 2.67527960458569 24
1752724419160 2.6659185717864013 25
1752724433611 2.636762610561139 26
1752724448499 2.6309338543010323 27
1752724462888 2.611030412661667 28
1752724476985 2.5961071298885585 29
1752724491462 2.5774184512603724 30
1752724506230 2.5756549478659556 31
1752724520311 2.5614249078003137 32
1752724533672 2.546819615769326 33
1752724547263 2.5444582125952317 34
1752724560824 2.522882801040101 35
1752724574374 2.513067076624547 36
1752724587811 2.5109370010779113 37
1752724601110 2.486210277115272 38
1752724614660 2.4749068366992915 39
1752724627862 2.4675310321554944 40
1752724642067 2.4662197212990677 41
1752724656143 2.452563042274198 42
1752724669694 2.4487908007199497 43
1752724683024 2.4400104828480935 44
1752724696484 2.425808952215153 45
1752724710898 2.4271218675138377 46
1752724724324 2.4165695978051707 47
1752724737680 2.403486191773334 48
1752724750998 2.398495938515643 49
1752724765096 2.3844942880253233 50
1752724775610 2.381615136649359 51
1752724786089 2.3759488929188937 52
1752724797350 2.362471987562556 53
1752724808229 2.359996809838088 54
1752724819375 2.3564003191863163 55
1752724830133 2.343333702647706 56
1752724840650 2.343386004955785 57
1752724851758 2.338966266906543 58
1752724862745 2.3311893311077476 59
1752724873472 2.3348976003157125 60
1752724884636 2.3314830235998474 61
1752724895182 2.323567846563418 62
1752724905586 2.3096970022479826 63
1752724916261 2.306695082438858 64
1752724927489 2.3075896201755954 65
1752724938673 2.3043277861072204 66
1752724949175 2.2934746874395655 67
1752724959670 2.283817631469385 68
1752724970108 2.2889608440769686 69
1752724980667 2.275191409941259 70
1752724991167 2.2661068970715075 71
1752725001878 2.2662222569279775 72
1752725012887 2.268496489718657 73
1752725023495 2.2558140492544987 74
1752725034675 2.253522112764217 75
1752725042511 2.241215162268664 76
1752725050186 2.242693903100853 77
1752725057940 2.240664262173546 78
1752725065681 2.2349285527031766 79
1752725073416 2.2302098071479515 80
1752725081133 2.231902076988607 81
1752725088665 2.2285657566091097 82
1752725096390 2.2235736704960063 83
1752725104186 2.220187731502527 84
1752725111757 2.219242217812083 85
1752725119283 2.220019738240218 86
1752725126958 2.2142693619998925 87
1752725134445 2.2116112003505632 88
1752725142119 2.2129401114039324 89
1752725149889 2.20845643953244 90
1752725157404 2.2064061704267925 91
1752725164885 2.2067294298620843 92
1752725172585 2.201494831830968 93
1752725180294 2.200320700988979 94
1752725188090 2.1960470590463563 95
1752725195842 2.193574550246971 96
1752725203709 2.1924914532919995 97
1752725211525 2.1956580873150884 98
1752725219277 2.1868046109086356 99
1752725226863 2.1851761432339414 100
