1754543930161 0.20026131966430474 0
1754543954653 0.4157997889341173 1
1754543987005 0.46163123775064074 2
1754544019101 0.6053067993366501 3
1754544049042 0.5734961555857079 4
1754544074257 0.6978742650384442 5
1754544106151 0.6723453439871351 6
1754544127646 0.7475250012563446 7
1754544150668 0.7122971003568018 8
1754544179228 0.7668224533896175 9
1754544204852 0.7458666264636414 10
1754544232374 0.7851148298909493 11
1754544263348 0.7699884416302327 12
1754544291968 0.7925021357857178 13
1754544318786 0.777928539122569 14
1754544349246 0.8017488315995779 15
1754544384142 0.7917483290617618 16
1754544410096 0.8105934971606613 17
1754544436792 0.7941605105784211 18
1754544465775 0.8155183677571737 19
1754544494867 0.797979797979798 20
1754544517034 0.8199909543193126 21
1754544546537 0.8077290316096286 22
1754544570338 0.8250163324790191 23
1754544600030 0.8058696416905372 24
1754544630811 0.8277802904668576 25
1754544658582 0.8133072013669028 26
1754544690320 0.8317000854314287 27
1754544724138 0.8214985677672245 28
1754544755975 0.8347153123272526 29
1754544786709 0.8223026282727776 30
1754544813820 0.8359214030855822 31
1754544838979 0.8222021207095834 32
1754544871193 0.8403437358661239 33
1754544898606 0.8287853660987989 34
1754544928784 0.8382833308206442 35
1754544954889 0.8320518619026082 36
1754544987708 0.8278305442484547 37
1754545016602 0.8409970350268857 38
1754545045182 0.8254686165133927 39
1754545072973 0.8406452585557063 40
1754545103320 0.8435599778883361 41
1754545135045 0.8305945022362933 42
1754545159542 0.8477310417608925 43
1754545183430 0.8406452585557063 44
1754545211358 0.8489371325192221 45
1754545241825 0.8368259711543293 46
1754545267335 0.8473792652897131 47
1754545295804 0.8387356148550178 48
1754545320644 0.8459219056233982 49
1754545346391 0.841198050153274 50
1754545377140 0.850444745967134 51
1754545401517 0.837378762751897 52
1754545425474 0.8461731745313835 53
1754545456916 0.8507462686567164 54
1754545483975 0.8454696215890246 55
1754545509417 0.8548168249660787 56
1754545536001 0.8463741896577718 57
1754545569612 0.8540127644605257 58
1754545596803 0.8281320669380371 59
1754545623973 0.8461229207497865 60
1754545646963 0.85582190059802 61
1754545677289 0.8313985627418463 62
1754545704735 0.8479320568872808 63
1754545726679 0.8505955073119252 64
1754545750608 0.8191868938137595 65
1754545779889 0.8378310467862706 66
1754545806634 0.8457208904970099 67
1754545835603 0.8492889089904015 68
1754545859346 0.8050153274033871 69
1754545886815 0.8315493240866375 70
1754545916831 0.8469269812553395 71
1754545938918 0.8270264837429017 72
1754545963200 0.8375295240966882 73
1754545988987 0.8471782501633248 74
1754546017674 0.8265741997085281 75
1754546040096 0.8328559224081612 76
1754546062601 0.7815468113975577 77
1754546089000 0.8299412030755314 78
1754546118160 0.8258203929845721 79
1754546142531 0.8256193778581838 80
1754546171293 0.7959696467159154 81
1754546197874 0.7418965777174732 82
1754546225253 0.7947635559575859 83
1754546252002 0.7547615458063219 84
1754546280772 0.7730539223076537 85
1754546305859 0.7843107693853962 86
1754546329580 0.7844615307301874 87
1754546357049 0.7291823709734158 88
1754546385816 0.7520478416000804 89
1754546414818 0.7957686315895272 90
1754546437299 0.750188451680989 91
