1754543930163 2.2738695091208427 0
1754543954654 2.0983623748431937 1
1754543987006 1.982147669342272 2
1754544019103 1.8373596286920126 3
1754544049044 1.8459992191915635 4
1754544074259 1.7901347585526326 5
1754544106153 1.7538052101024137 6
1754544127647 1.824437407793698 7
1754544150670 1.7871298855519735 8
1754544179229 1.9044359104958832 9
1754544204853 1.822483881169094 10
1754544232376 1.9705504823919326 11
1754544263349 1.8637651510030906 12
1754544291969 2.040097933771417 13
1754544318787 1.9154579309730582 14
1754544349247 2.1002042501387086 15
1754544384143 1.955859928641925 16
1754544410097 2.146969644299186 17
1754544436793 2.00431461916508 18
1754544465776 2.2009511213159194 19
1754544494868 2.0583110074125788 20
1754544517036 2.2493338979266535 21
1754544546539 2.085457717946739 22
1754544570339 2.2850137832664186 23
1754544600032 2.1196525678424996 24
1754544630812 2.318509324508617 25
1754544658584 2.1519891191481517 26
1754544690321 2.3425779013821133 27
1754544724139 2.214172710203509 28
1754544755977 2.353294752485717 29
1754544786710 2.2918997314544405 30
1754544813822 2.3726721596704174 31
1754544838981 2.3552160934534365 32
1754544871194 2.394914335454814 33
1754544898607 2.493624712314364 34
1754544928786 2.4046029526455586 35
1754544954890 2.5443530146166387 36
1754544987709 2.536819501950498 37
1754545016604 2.570498257271693 38
1754545045183 2.591609613082727 39
1754545072975 2.603727774412989 40
1754545103322 2.6265729659271115 41
1754545135046 2.508758686050035 42
1754545159543 2.639713680985329 43
1754545183431 2.3845940412049536 44
1754545211359 2.626723208647967 45
1754545241826 2.3610614112056054 46
1754545267336 2.6298858939647087 47
1754545295805 2.3944724758095255 48
1754545320646 2.608683934375832 49
1754545346392 2.390865189588172 50
1754545377142 2.597443643001196 51
1754545401519 2.5251878700242685 52
1754545425476 2.5607847116651437 53
1754545456917 2.6748739692841395 54
1754545483977 2.5576153032370446 55
1754545509418 2.695236502329146 56
1754545536002 2.5540832942477607 57
1754545569613 2.5939003511060927 58
1754545596805 2.5811916572565385 59
1754545623974 2.5316728665615504 60
1754545646964 2.6477801546408077 61
1754545677291 2.4487122655882154 62
1754545704736 2.5158915755359255 63
1754545726680 2.6487374945232567 64
1754545750609 2.337790394796454 65
1754545779890 2.3273959137907907 66
1754545806635 2.4584448998021395 67
1754545835604 2.48064837829471 68
1754545859347 2.278051151092277 69
1754545886816 2.3063026461854066 70
1754545916833 2.4786804425493867 71
1754545938919 2.3714373323689792 72
1754545963201 2.2281898015108914 73
1754545988988 2.315603194671014 74
1754546017675 2.3128667806937826 75
1754546040098 2.344274423424609 76
1754546062602 2.1276845763001746 77
1754546089002 2.087579050086714 78
1754546118161 2.14557529179301 79
1754546142533 2.2035628177263096 80
1754546171294 2.1434970052774593 81
1754546197875 2.0153960901748467 82
1754546225254 1.9181741562699324 83
1754546252003 1.8666159047300737 84
1754546280773 1.9481791921906841 85
1754546305861 1.9467489905011384 86
1754546329581 1.9764920076548302 87
1754546357050 1.9083764490972461 88
1754546385817 1.8518262397730958 89
1754546414820 1.7630163107497623 90
1754546437301 1.7762712975468566 91
