1747690472552 2985.0778076171873 0
1747690478935 776.0574371337891 1
1747690485333 1.4928237855434419 2
1747690491742 1.0272977113723756 3
1747690498169 1.0122670233249664 4
1747690504590 1.0077055990695953 5
1747690510998 1.0055613934993743 6
1747690517406 1.0043194472789765 7
1747690523817 1.0035146951675415 8
1747690530230 1.0029545426368713 9
1747690536637 1.0025375962257386 10
1747690543041 1.0022225022315978 11
1747690549443 1.0019732534885406 12
1747690555879 1.0017715871334076 13
1747690562311 1.001607197523117 14
1747690568728 1.001468300819397 15
