1750275604397 0.019853796311679682 0
1750275674468 0.024754942681508556 1
1750275744133 0.03214819737497923 2
1750275813773 0.04494102010300714 3
1750275883508 0.040538295397906626 4
1750275950144 0.045107160657916597 5
1750276013235 0.05308190729357036 6
1750276075845 0.05316497757102509 7
1750276139828 0.05914603754776541 8
1750276204208 0.06047516198704104 9
1750276268023 0.06371490280777538 10
1750276331071 0.06305034058813756 11
1750276395286 0.06629008140887191 12
1750276438438 0.06836683834524007 13
1750276481653 0.07119122777870078 14
1750276524584 0.07326798471506894 15
1750276567117 0.07974746635653764 16
1750276609490 0.08007974746635654 17
1750276652681 0.07949825552417344 18
1750276695466 0.0846486127263665 19
1750276737757 0.08822063465691976 20
1750276780684 0.08606080744309685 21
1750276824185 0.08597773716564214 22
1750276866909 0.0868084399401894 23
1750276910528 0.08589466688818741 24
1750276953253 0.08780528326964612 25
1750276988365 0.08730686160491775 26
1750277023147 0.08979896992855955 27
1750277058033 0.09121116464528992 28
1750277092276 0.09137730520019936 29
1750277127412 0.0914603754776541 30
1750277162694 0.09237414852965609 31
1750277197395 0.09362020269147699 32
1750277232050 0.0930387107492939 33
1750277266512 0.09096195381292574 34
1750277301185 0.09170958631001827 35
1750277335988 0.09220800797474664 36
1750277370840 0.09162651603256355 37
1750277405452 0.0914603754776541 38
1750277431876 0.09096195381292574 39
1750277458299 0.09212493769729191 40
1750277484694 0.09195879714238246 41
1750277511487 0.09229107825220136 42
1750277538176 0.09204186741983718 43
1750277564598 0.09112809436783519 44
1750277591047 0.09154344575510882 45
1750277617438 0.09162651603256355 46
1750277643896 0.09262335936202026 47
1750277670568 0.0930387107492939 48
1750277697017 0.09295564047183917 49
1750277723649 0.09295564047183917 50
