1750275604398 4.583860132863613 0
1750275674469 4.56107376833431 1
1750275744133 4.541134792498652 2
1750275813774 4.522652174054499 3
1750275883509 4.505874358490266 4
1750275950145 4.491696665847236 5
1750276013236 4.476843826206555 6
1750276075846 4.4633699944160625 7
1750276139829 4.451017324791179 8
1750276204209 4.439913009334482 9
1750276268023 4.428428507592809 10
1750276331072 4.41668966068045 11
1750276395287 4.405621271566365 12
1750276438439 4.3992588342163135 13
1750276481654 4.391784621668043 14
1750276524585 4.3848263399597975 15
1750276567118 4.3792323641738955 16
1750276609490 4.373563886089654 17
1750276652681 4.368901934429295 18
1750276695467 4.363389727797714 19
1750276737758 4.358454109440836 20
1750276780684 4.353871145785582 21
1750276824185 4.348665774845686 22
1750276866910 4.344236082467476 23
1750276910529 4.3385497434843785 24
1750276953254 4.3338644129731865 25
1750276988366 4.330416593946494 26
1750277023148 4.327222100572959 27
1750277058034 4.32450141136062 28
1750277092276 4.321969880682924 29
1750277127413 4.3189598343461535 30
1750277162695 4.316302998369609 31
1750277197396 4.313729574771527 32
1750277232051 4.310812926432725 33
1750277266513 4.309040121593211 34
1750277301185 4.306232825353798 35
1750277335989 4.303917764013883 36
1750277370841 4.30154671048657 37
1750277405453 4.299203443146394 38
1750277431876 4.2975785040765215 39
1750277458300 4.297259435076431 40
1750277484695 4.295751189824762 41
1750277511488 4.295412853817421 42
1750277538176 4.294760488521757 43
1750277564599 4.292890264337531 44
1750277591048 4.291849765821683 45
1750277617439 4.291190497912294 46
1750277643897 4.290394439572995 47
1750277670569 4.288972723779683 48
1750277697017 4.288409960074503 49
1750277723650 4.28760513772279 50
