1753689641019 0.032397408207343416 0
1753689657550 0.02998837016115634 1
1753689673516 0.03497258680843994 2
1753689692184 0.03954145206844991 3
1753689709806 0.04327961455391261 4
1753689725618 0.04161820900481807 5
1753689740503 0.051752782854294736 6
1753689749672 0.0550755939524838 7
1753689768684 0.05723542116630669 8
1753689785294 0.053663399235753445 9
1753689802749 0.06919754111978733 10
1753689819699 0.04726698787173949 11
1753689836673 0.05715235088885197 12
1753689852339 0.009470011629838843 13
1753689868728 0.044691809270642965 14
1753689883858 0.066871573351055 15
1753689903389 0.011629838843661738 16
1753689920596 0.06911447084233262 17
1753689937427 0.06911447084233262 18
1753689952150 0.05690314005648779 19
1753689967680 0.06770227612560226 20
1753689986537 0.010134573849476657 21
1753690004055 0.0780860608074431 22
1753690022138 0.05075593952483801 23
1753690038450 0.05349725868084399 24
1753690055808 0.06238577836849975 25
1753690073073 0.009470011629838843 26
1753690092369 0.066871573351055 27
1753690109595 0.06919754111978733 28
1753690128148 0.0759262335936202 29
1753690147357 0.05158664229938528 30
1753690166118 0.07783684997507892 31
1753690182998 0.07791992025253365 32
1753690200648 0.07160657916597442 33
1753690214291 0.08822063465691976 34
1753690229095 0.08157501246054162 35
1753690245539 0.009137730520019937 36
1753690265494 0.08996511048346902 37
1753690281281 0.09229107825220136 38
1753690299744 0.09137730520019936 39
1753690318901 0.09843827878385114 40
1753690335002 0.06944675195215153 41
1753690350419 0.10940355540787507 42
1753690368720 0.09619538129257352 43
1753690387135 0.010134573849476657 44
1753690403014 0.10491776042531982 45
1753690420230 0.1138893503904303 46
1753690430814 0.010716065791659743 47
1753690448801 0.06712078418341917 48
1753690458285 0.08049509885363017 49
1753690475864 0.05989367004485795 50
1753690491503 0.09154344575510882 51
1753690509770 0.11314171789333777 52
1753690523751 0.10383784681840838 53
1753690540743 0.09121116464528992 54
1753690560076 0.12452234590463532 55
1753690577158 0.08390098022927396 56
1753690594689 0.0992689815583984 57
1753690612513 0.10375477654095365 58
1753690628215 0.10109652766240239 59
1753690646441 0.10275793321149693 60
1753690662260 0.008390098022927396 61
1753690678998 0.08473168300382124 62
1753690696240 0.11106496095696959 63
1753690712965 0.07542781192889184 64
1753690729640 0.14362850971922247 65
1753690747540 0.10250872237913275 66
1753690763358 0.13324472503738163 67
1753690781335 0.09827213822894168 68
1753690797426 0.11272636650606413 69
1753690808828 0.1260176108988204 70
1753690826601 0.11837514537298555 71
1753690844575 0.011712909121116465 72
1753690857844 0.1113972420667885 73
1753690873264 0.10599767403223127 74
1753690882551 0.12983884366173784 75
1753690900395 0.11521847482970593 76
1753690918867 0.010466854959295564 77
1753690936650 0.13208174115301546 78
1753690954072 0.11879049676025918 79
1753690972106 0.11729523176607409 80
1753690987213 0.13490613058647616 81
1753691004563 0.11455391261006811 82
1753691021490 0.10732679847150689 83
1753691041174 0.13806280112975577 84
1753691058051 0.1294234922744642 85
1753691076402 0.1163814587140721 86
1753691094885 0.1269313839508224 87
1753691108069 0.12560225951154677 88
1753691125519 0.1079913606911447 89
1753691143763 0.1256853297890015 90
1753691162501 0.11820900481807609 91
1753691177817 0.1306695464362851 92
1753691194739 0.010549925236750291 93
1753691213559 0.11870742648280445 94
1753691230215 0.1363183253032065 95
1753691246430 0.0989367004485795 96
1753691265902 0.12377471340754279 97
1753691283644 0.10807443096859944 98
1753691302524 0.009470011629838843 99
1753691318554 0.158664229938528 100
