1754208315517 0.18141953151019502 0
1754208369083 0.19823853754209378 1
1754208418195 0.23028531251156423 2
1754208456432 0.3167486955556378 3
1754208512393 0.2768752544129075 4
1754208563622 0.35490138030566554 5
1754208612971 0.3386189542241794 6
1754208683732 0.38217444399215483 7
1754208730439 0.36156237279354625 8
1754208765443 0.37569847907338194 9
1754208811749 0.37495836879695077 10
1754208851382 0.33728675572660327 11
1754208902837 0.392998556784961 12
1754208941815 0.3908522369833105 13
1754209017061 0.39645857232727677 14
1754209052761 0.386948155275136 15
1754209097767 0.4199755763608778 16
1754209129877 0.4283388224845502 17
1754209168985 0.41836583650963993 18
1754209202722 0.40049217333382675 19
1754209260056 0.36950005550827075 20
1754209327732 0.41562742848684453 21
1754209380085 0.43300151722606667 22
1754209414587 0.41000259038596754 23
1754209451007 0.4068941272249565 24
1754209495290 0.4076527402582985 25
1754209543308 0.45009806461162716 26
1754209614395 0.41681160492913444 27
1754209679349 0.42663656884875845 28
1754209742280 0.4414387743773822 29
1754209792770 0.4398290345261444 30
1754209826793 0.4671946119971876 31
1754209868760 0.38818783998815826 32
1754209914892 0.39190689412722496 33
1754209955321 0.42415719942271396 34
1754210029966 0.42234392924545755 35
1754210084994 0.40767124301520924 36
1754210121695 0.3929430485142286 37
1754210161715 0.4391814380342671 38
1754210223567 0.4340931798838027 39
1754210267090 0.37196092217740445 40
1754210299406 0.44869185508640785 41
1754210346411 0.44443622099692853 42
1754210392384 0.37012914924323725 43
1754210426875 0.4438626355326944 44
1754210461866 0.4065610776005625 45
1754210512894 0.4101506124412537 46
1754210555455 0.4129445287347815 47
1754210596160 0.38678163046293895 48
1754210658463 0.37886245050512524 49
1754210721446 0.4035451282241054 50
1754210755186 0.34078377678274063 51
1754210804289 0.40365614476557005 52
1754210869769 0.3664100951041705 53
1754210907068 0.37018465751396956 54
1754210943726 0.4212337638308108 55
1754210983142 0.4288939051918736 56
1754211021342 0.38737371868408393 57
1754211055758 0.43614698590089923 58
1754211092039 0.3886874144247493 59
1754211148891 0.37357066202864225 60
1754211187862 0.44369611072049736 61
1754211234892 0.39281352921585316 62
1754211270009 0.446416015986382 63
1754211306284 0.3687969507456611 64
1754211350515 0.42325056433408575 65
1754211388485 0.4036931502793916 66
1754211427083 0.34529844946897087 67
1754211470429 0.3445213336787181 68
1754211510204 0.3960330089183288 69
1754211545919 0.4257854420308626 70
1754211580480 0.36141435073826 71
1754211614531 0.2740998408762906 72
1754211662682 0.4103726455241831 73
1754211698303 0.37965806905228877 74
1754211742697 0.4140916996632498 75
1754211776381 0.4066350886282056 76
1754211811063 0.42162232172593717 77
1754211847849 0.4255079006772009 78
1754211879322 0.34222699182178146 79
1754211940830 0.43477778188950156 80
1754211999235 0.43329756133663916 81
1754212051289 0.405173370832254 82
1754212090216 0.3595085667764497 83
1754212140447 0.363597676053732 84
1754212182117 0.3907967287125782 85
1754212217624 0.4200495873885209 86
1754212258887 0.3691114976131444 87
1754212317371 0.3354549827924361 88
1754212380733 0.4214742996706509 89
1754212434436 0.3583798986048921 90
1754212504781 0.39755023498501274 91
1754212554198 0.37577249010102504 92
1754212595513 0.40348961995337307 93
1754212627261 0.34962809458609334 94
1754212671832 0.41316656181771083 95
1754212712382 0.3831920956222477 96
1754212750503 0.3369167005883877 97
1754212788612 0.40996558487214596 98
1754212828125 0.43209488213743846 99
1754212882783 0.3295526033378973 100
