1753382971441 0.029489948496427977 0
1753382984478 0.053746469513208175 1
1753383011474 0.07692307692307693 2
1753383040437 0.09960126266821731 3
1753383063931 0.11422163150024921 4
1753383096239 0.12684831367336766 5
1753383119294 0.15475992689815585 6
1753383131761 0.16879880378800466 7
1753383165033 0.1791825884698455 8
1753383197007 0.19189234092041868 9
1753383209858 0.2003655092208008 10
1753383232140 0.208506396411364 11
1753383262469 0.21540122944010634 12
1753383291559 0.2292739657750457 13
1753383315985 0.24040538295397906 14
1753383331066 0.24995846486127263 15
1753383350546 0.24962618375145373 16
1753383374514 0.2545273301212826 17
1753383399946 0.25843163316165474 18
1753383413579 0.2654926067453065 19
1753383436915 0.2654095364678518 20
1753383449723 0.26773550423658415 21
1753383462878 0.26856620701113143 22
1753383494008 0.27496261837514535 23
1753383519704 0.27396577504568864 24
1753383551464 0.280860608074431 25
1753383568228 0.280860608074431 26
1753383591132 0.2780362186409703 27
1753383621584 0.2828542947333444 28
1753383636996 0.28767237082571856 29
1753383657444 0.28567868416680514 30
1753383683310 0.2824389433460708 31
1753383705219 0.28634324638644293 32
1753383731972 0.2927396577504569 33
1753383754677 0.29132746303372653 34
1753383773155 0.2955640471839176 35
1753383800520 0.29481641468682507 36
1753383818193 0.2934042199700947 37
1753383848334 0.29789001495264994 38
1753383863223 0.296976241900648 39
1753383892730 0.301212826050839 40
1753383924430 0.30063133410865595 41
1753383955364 0.3009636152184748 42
1753383983546 0.2997175610566539 43
1753384013017 0.303954145206845 44
1753384026119 0.30503405881375645 45
1753384042356 0.30328958298720715 46
1753384063385 0.30403721548429974 47
1753384080158 0.30262502076756936 48
1753384105755 0.3069446751952152 49
1753384130974 0.305781691310849 50
1753384161400 0.308523010466855 51
1753384194208 0.3096029240737664 52
1753384215295 0.30544941020103006 53
1753384242095 0.30885529157667385 54
1753384256734 0.31259345406213657 55
1753384270272 0.30644625353048677 56
1753384285319 0.3145040704435953 57
1753384301026 0.3120950323974082 58
1753384314056 0.3113473999003157 59
1753384341186 0.3086891510217644 60
1753384353434 0.3077753779697624 61
1753384373057 0.3052001993686659 62
1753384387284 0.30719388602757935 63
1753384413988 0.3115135404552251 64
1753384430991 0.3113473999003157 65
1753384459361 0.3120950323974082 66
1753384485300 0.3147532812759595 67
1753384514031 0.31317494600431967 68
1753384545159 0.31458714072105 69
1753384571671 0.31325801628177435 70
1753384599855 0.31699617876723707 71
1753384613191 0.3133410865592291 72
1753384627533 0.31400564877886694 73
1753384644144 0.31226117295231764 74
1753384661763 0.31624854627014454 75
1753384674366 0.31467021099850473 76
1753384687540 0.31400564877886694 77
1753384705582 0.31383950822395745 78
1753384734139 0.31458714072105 79
1753384760559 0.31342415683668384 80
1753384790611 0.3117627512875893 81
1753384820903 0.3143379298886858 82
1753384841063 0.317328459877056 83
1753384865299 0.3130088054494102 84
1753384895386 0.3147532812759595 85
1753384913386 0.31757767070942017 86
1753384929665 0.3164977571025087 87
1753384955571 0.3199036384781525 88
1753384977924 0.3204851304203356 89
1753384991355 0.31500249210832365 90
1753385004783 0.3179099518192391 91
1753385027310 0.3185745140388769 92
1753385041970 0.317328459877056 93
1753385072958 0.3186575843163316 94
1753385086843 0.324306363183253 95
1753385104634 0.3149194218308689 96
1753385130852 0.3209004818076092 97
1753385147614 0.3186575843163316 98
1753385166922 0.3227280279116132 99
1753385182553 0.3193221465359694 100
