1753382971442 4.567430327248303 0
1753382984479 4.433616643044166 1
1753383011475 4.295728347290459 2
1753383040438 4.165072471166469 3
1753383063932 4.067663834344544 4
1753383096240 3.953879908435031 5
1753383119295 3.8762251981520364 6
1753383131762 3.8179502167487254 7
1753383165034 3.7699146493987508 8
1753383197008 3.703855434026273 9
1753383209859 3.670290658482988 10
1753383232141 3.6571951662857725 11
1753383262470 3.6269767488837994 12
1753383291560 3.582527884519015 13
1753383315986 3.560035894765429 14
1753383331067 3.5526537157974105 15
1753383350547 3.541573804183485 16
1753383374515 3.53553699329652 17
1753383399947 3.537725981943444 18
1753383413580 3.510151888804057 19
1753383436916 3.5460975700539166 20
1753383449724 3.5156360395994946 21
1753383462879 3.5337363166962414 22
1753383494009 3.5078912812303527 23
1753383519705 3.5337098146647454 24
1753383551465 3.4937797832784656 25
1753383568229 3.5401653467030423 26
1753383591133 3.540438571388153 27
1753383621585 3.5265436819392426 28
1753383636997 3.517568633104383 29
1753383657445 3.5300975530876135 30
1753383683311 3.5106867140032954 31
1753383705220 3.5324973364295253 32
1753383731973 3.546629398810658 33
1753383754678 3.5555687448892237 34
1753383773156 3.501156733373275 35
1753383800521 3.535178077802181 36
1753383818194 3.520549758798989 37
1753383848335 3.5268566490672826 38
1753383863224 3.54598481851047 39
1753383892731 3.515833638116761 40
1753383924431 3.5273009456972857 41
1753383955365 3.5548892066214655 42
1753383983547 3.541367442530712 43
1753384013018 3.555542763389926 44
1753384026120 3.538037504930364 45
1753384042357 3.57358113293289 46
1753384063386 3.553131807202449 47
1753384080159 3.5332517397972456 48
1753384105756 3.511356864752465 49
1753384130975 3.5398158215146047 50
1753384161401 3.532677734716192 51
1753384194209 3.541824780946371 52
1753384215296 3.5409407333861185 53
1753384242096 3.5338335556297955 54
1753384256735 3.5417815072539476 55
1753384270273 3.5320602079721097 56
1753384285320 3.5532494251933002 57
1753384301027 3.549638902642437 58
1753384314057 3.5539436621192926 59
1753384341187 3.5368523840495345 60
1753384353435 3.5181536570022267 61
1753384373058 3.53367294937986 62
1753384387285 3.546972387907584 63
1753384413989 3.5528769478070332 64
1753384430992 3.5147952282689308 65
1753384459362 3.5240414400544675 66
1753384485301 3.5150230559494977 67
1753384514032 3.528862532871819 68
1753384545160 3.5404148485203057 69
1753384571672 3.5370347827184396 70
1753384599856 3.527158173719541 71
1753384613192 3.493297473986693 72
1753384627534 3.531432120683014 73
1753384644145 3.522215653563207 74
1753384661764 3.5361741262794593 75
1753384674367 3.510852235231193 76
1753384687541 3.51734928910148 77
1753384705583 3.5069582792278498 78
1753384734140 3.495643957472238 79
1753384760560 3.514340994650198 80
1753384790612 3.5105095872637504 81
1753384820904 3.5467298241749488 82
1753384841064 3.534934795519142 83
1753384865300 3.526883718783538 84
1753384895387 3.5077233182852785 85
1753384913387 3.533845512605906 86
1753384929666 3.502867755067103 87
1753384955572 3.4930039989053827 88
1753384977925 3.5242671673289863 89
1753384991356 3.4854745143674513 90
1753385004784 3.505180939321084 91
1753385027311 3.480794953906571 92
1753385041971 3.493771973372558 93
1753385072959 3.482868158858631 94
1753385086844 3.494815053002531 95
1753385104635 3.5230891163758042 96
1753385130853 3.482002063351752 97
1753385147615 3.49702750519701 98
1753385166923 3.4927994230055117 99
1753385182554 3.4844749799078882 100
