1753214024687 4.508080301689671 0
1753214050877 4.2938540416788085 1
1753214065304 4.068320070208998 2
1753214094859 3.8716866934985963 3
1753214115171 3.6985425298681975 4
1753214139499 3.5330798557547274 5
1753214166264 3.3995722961455845 6
1753214184868 3.275801521081191 7
1753214208842 3.179684182383925 8
1753214234929 3.096613152706608 9
1753214263489 3.015597438050599 10
1753214279179 2.944056547028821 11
1753214301055 2.9005853983473004 12
1753214333054 2.82784647070194 13
1753214345907 2.7921628081132104 14
1753214359287 2.7417907605355603 15
1753214389290 2.7181727238290696 16
1753214410774 2.699828795847546 17
1753214437122 2.6670823075306322 18
1753214454723 2.619972500131129 19
1753214480575 2.6333866546814457 20
1753214496900 2.5867946414749077 21
1753214510769 2.590040125306688 22
1753214523337 2.561983175428538 23
1753214551400 2.549940964287697 24
1753214567202 2.5118780072908433 25
1753214584455 2.5042942001595123 26
1753214597626 2.5141095826735063 27
1753214620824 2.482074570923906 28
1753214640592 2.4571101056296767 29
1753214666788 2.4591000009956057 30
1753214687802 2.452731811271189 31
1753214700905 2.438683122233615 32
1753214729891 2.441395985223306 33
1753214742925 2.430951097110281 34
1753214767791 2.3982779305739883 35
1753214800908 2.4044978565130477 36
1753214828742 2.377165451714751 37
1753214846956 2.3718587776075246 38
1753214874428 2.3684866258693673 39
1753214900342 2.3416245793058574 40
1753214922958 2.3353798570829363 41
1753214948476 2.363535814572904 42
1753214977615 2.3379351566723785 43
1753214995670 2.3210733119130587 44
1753215024135 2.3229405171871687 45
1753215036704 2.326861821763302 46
1753215065176 2.3082837768653803 47
1753215095504 2.2934498124109592 48
1753215108539 2.270167158525899 49
1753215136028 2.282189093163756 50
1753215148985 2.2717250507887092 51
1753215178975 2.274846717195383 52
1753215205115 2.262594890555648 53
1753215217904 2.2607442642170223 54
1753215241401 2.248013469916324 55
1753215269095 2.2359224672312994 56
1753215297648 2.2345030385376075 57
1753215313628 2.236408342003271 58
1753215330293 2.24336962770168 59
1753215346871 2.2143591899939974 60
1753215359843 2.217904303951041 61
1753215372887 2.2122771447448484 62
1753215394308 2.2169456436083865 63
1753215423509 2.196071124307971 64
1753215454657 2.1879010841081303 65
1753215468333 2.184387054768817 66
1753215485149 2.1702738321406243 67
1753215517638 2.1771651266213974 68
1753215546172 2.1742768708198397 69
1753215573952 2.161108130765292 70
1753215603666 2.1550813205180024 71
1753215622093 2.1416044892784725 72
1753215650715 2.146013529768457 73
1753215667406 2.14431495527013 74
1753215679913 2.135001418766804 75
1753215707655 2.1377111196693326 76
1753215732958 2.1268848096337223 77
1753215752967 2.1169855018820067 78
1753215767946 2.106058969893291 79
1753215798844 2.117060097664933 80
1753215811630 2.1073551889025097 81
1753215824591 2.1100264326358054 82
1753215855047 2.1098280124313042 83
1753215882688 2.1038289153874046 84
1753215896437 2.0863497256606305 85
1753215910066 2.0863278522780586 86
1753215923715 2.075396466268968 87
1753215945740 2.0662254072090014 88
1753215971914 2.0805651786893344 89
1753215997447 2.060084923888866 90
1753216012518 2.0674139841069388 91
1753216031405 2.0524531518112665 92
1753216044793 2.0594568051626423 93
1753216073197 2.0400570116533157 94
1753216097220 2.028563710346899 95
1753216111223 2.041205766184483 96
1753216125329 2.0286853045801396 97
1753216144077 2.034940954415224 98
1753216156585 2.026635135749074 99
1753216178756 2.030821242280846 100
