1754052587915 4.581532173786335 0
1754052638540 4.4374264947139315 1
1754052689748 4.33066380764805 2
1754052724482 4.25204783367497 3
1754052780167 4.179585714498856 4
1754052818292 4.18200081525724 5
1754052856731 4.116400614733176 6
1754052891398 4.1455861237987515 7
1754052945891 4.083593484471846 8
1754052989466 4.14012769866773 9
1754053039875 4.07406548887248 10
1754053097908 4.134357213818096 11
1754053149769 4.100478833989883 12
1754053186685 4.143815047747422 13
1754053237997 4.081103613471905 14
1754053294298 4.172977722640266 15
1754053347636 4.110455343359857 16
1754053392082 4.197085675340887 17
1754053445364 4.141034685984194 18
1754053499534 4.223812661246541 19
1754053551475 4.1640700426254345 20
1754053607442 4.2549020045034105 21
1754053661094 4.197456314102778 22
1754053712928 4.282256708144643 23
1754053763349 4.194466993571275 24
1754053815456 4.310964362071034 25
1754053856413 4.236088329237434 26
1754053912470 4.341557300241703 27
1754053964859 4.257374507216236 28
1754054018369 4.371630107241461 29
1754054071265 4.325797232543357 30
1754054121179 4.403135002657169 31
1754054175789 4.346789949251833 32
1754054220884 4.430038585251758 33
1754054273000 4.4729847591974465 34
1754054318417 4.445471371559699 35
1754054373782 4.506452919019269 36
1754054426676 4.420275708351407 37
1754054478505 4.498435838579458 38
1754054522383 4.5203377660235295 39
1754054576069 4.522067020243245 40
1754054628163 4.574836792404444 41
1754054680411 4.530221183477373 42
1754054734703 4.575502328560626 43
1754054789394 4.518454430445165 44
1754054835905 4.5951464263046855 45
1754054885438 4.52574343887688 46
1754054940407 4.607785990688935 47
1754054992052 4.4994634603869095 48
1754055028203 4.616972996715123 49
1754055080976 4.496573713898259 50
1754055135641 4.638191087761916 51
1754055190159 4.503424799526167 52
1754055223938 4.650530340429454 53
1754055279965 4.558189394737068 54
1754055330841 4.661634903116615 55
1754055364950 4.617456106591808 56
1754055398884 4.665882957367674 57
1754055437576 4.672364174814548 58
1754055487664 4.624876867804375 59
1754055541755 4.702627940067164 60
1754055593097 4.604928207755413 61
1754055647707 4.612343522956816 62
1754055700781 4.683968415446026 63
1754055754890 4.627859942117703 64
1754055801770 4.666243053596996 65
1754055835908 4.723360608451709 66
1754055887882 4.589561138779929 67
1754055938691 4.669288545215534 68
1754055992207 4.743621314281598 69
1754056037340 4.6286461445128575 70
1754056087545 4.63656118087787 71
1754056137703 4.669463984688522 72
1754056191277 4.634596160950334 73
1754056244685 4.540124180598672 74
1754056299341 4.604145203048426 75
1754056350337 4.590800051167561 76
1754056401612 4.639176387599408 77
1754056447933 4.612567201827355 78
1754056502946 4.640546549224634 79
1754056555237 4.607377717736426 80
1754056595049 4.5800224949492145 81
1754056649450 4.6301624962530346 82
1754056691874 4.663951639919307 83
1754056743507 4.6266321090209255 84
1754056782543 4.676327759333362 85
1754056833837 4.609250747364269 86
1754056886400 4.613403244882192 87
1754056937142 4.596697222883418 88
1754056989931 4.569345501105166 89
1754057028069 4.5332471753643455 90
1754057081004 4.5273331091241324 91
1754057130903 4.493161388706602 92
1754057182246 4.416645710707509 93
1754057234181 4.417752767297034 94
1754057285559 4.453868526746336 95
1754057325444 4.468818627099882 96
1754057374369 4.5215858204372505 97
1754057414602 4.558401301355854 98
1754057448278 4.603049150637489 99
1754057503464 4.595570937347826 100
1754057557591 4.633650608095733 101
1754057599643 4.606495383108078 102
1754057651386 4.594872083451788 103
1754057705358 4.463418009383617 104
1754057757862 4.437733645242025 105
1754057810123 4.4194987719747205 106
