1749064659047 0.0379631167968101 0
1749064685928 0.06662236251869082 1
1749064712630 0.08896826715401229 2
1749064738892 0.11712909121116465 3
1749064765651 0.14238245555740156 4
1749064792440 0.1587473002159827 5
1749064819002 0.17502907459710915 6
1749064845845 0.18125934540621366 7
1749064872870 0.1959627845157003 8
1749064900337 0.20468516364844658 9
1749064927462 0.21855789998338596 10
1749064954380 0.22520352217976408 11
1749064981543 0.23384283103505565 12
1749065008725 0.2517029406878219 13
1749065035741 0.25992689815583986 14
1749065062595 0.2636650606413025 15
1749065088982 0.26715401229440106 16
1749065115578 0.272636650606413 17
1749065142942 0.2826050839009802 18
1749065170189 0.28949991692972254 19
1749065197064 0.2895829872071773 20
1749065223860 0.2973915932879216 21
1749065251119 0.29921913939192557 22
1749065278107 0.3081076590795813 23
1749065305428 0.3184914437614222 24
1749065332140 0.3229772387439774 25
1749065358823 0.3301212826050839 26
1749065385155 0.32239574680179434 27
1749065411276 0.3331948828709088 28
1749065437902 0.33934208340255856 29
1749065465181 0.34648612726366507 30
1749065492393 0.34955972752948994 31
1749065519610 0.35794982555241733 32
1749065546700 0.3599435122113308 33
1749065573799 0.36268483136733676 34
1749065600875 0.3658415019106164 35
1749065627893 0.37506230270809104 36
1749065654760 0.3739823891011796 37
1749065681669 0.378717394916099 38
1749065709062 0.38245555740156173 39
1749065736102 0.3857783684997508 40
1749065763240 0.3879381957135737 41
1749065790948 0.39059644459212495 42
1749065817687 0.39541452068449906 43
1749065844454 0.4032231267652434 44
1749065871557 0.40795813258016284 45
1749065898171 0.40372154842997177 46
1749065924685 0.4121947167303539 47
1749065952327 0.4174281442100017 48
1749065979385 0.4249875394583818 49
1749066006503 0.42606745306529326 50
