1749064659048 4.625286341561611 0
1749064685929 4.43952019852209 1
1749064712630 4.2598410322966 2
1749064738893 4.069790505719349 3
1749064765652 3.8824455310770047 4
1749064792440 3.73898319309789 5
1749064819002 3.63062460675951 6
1749064845846 3.515397307276102 7
1749064872870 3.4097475324572066 8
1749064900338 3.3347081234700062 9
1749064927463 3.2464159721359347 10
1749064954380 3.178718108229369 11
1749064981543 3.1080157919567633 12
1749065008725 3.0381829692594526 13
1749065035742 2.967732056859997 14
1749065062596 2.9016560987339632 15
1749065088983 2.84734035532927 16
1749065115579 2.8106408642722265 17
1749065142943 2.7398672635322288 18
1749065170190 2.690997735860084 19
1749065197065 2.6569067784921225 20
1749065223861 2.5845508911877055 21
1749065251120 2.577508970724037 22
1749065278107 2.5244389800602334 23
1749065305428 2.478963390582025 24
1749065332141 2.458072318919011 25
1749065358824 2.3960354508565893 26
1749065385156 2.382324549562638 27
1749065411277 2.332461803135051 28
1749065437903 2.306001486105883 29
1749065465182 2.2750944374657296 30
1749065492394 2.23342418565576 31
1749065519611 2.2093193656569072 32
1749065546700 2.1663141810923947 33
1749065573800 2.1317628204548154 34
1749065600875 2.097028368307996 35
1749065627894 2.065064675848737 36
1749065654761 2.048704152365164 37
1749065681670 2.02073096301384 38
1749065709062 1.981453208575116 39
1749065736103 1.9412033252728287 40
1749065763241 1.9140595993372804 41
1749065790948 1.8953199524102686 42
1749065817688 1.875815526823365 43
1749065844455 1.8472338385582219 44
1749065871558 1.8248926107854517 45
1749065898172 1.7905011743113795 46
1749065924686 1.7764550420290184 47
1749065952328 1.7683672529336771 48
1749065979386 1.7342877841832673 49
1749066006503 1.6852858858637092 50
