1752879767720 0.06371490280777538 0
1752879830257 0.10084731683003821 1
1752879894117 0.13656753613557068 2
1752879957469 0.1677188901810932 3
1752880020293 0.19646120618042864 4
1752880082701 0.2149858780528327 5
1752880144640 0.239823891011796 6
1752880207185 0.25477654095364677 7
1752880271254 0.26532646619039707 8
1752880336459 0.2763748130918757 9
1752880400835 0.2909951819239076 10
1752880463719 0.299385279946835 11
1752880528265 0.312759594617046 12
1752880592383 0.32405715235088883 13
1752880656108 0.3326133909287257 14
1752880720405 0.34050506728692476 15
1752880781602 0.3428310350556571 16
1752880842943 0.3498089383618541 17
1752880907680 0.356537630835687 18
1752880970287 0.35911280943678353 19
1752881031367 0.3661737830204353 20
1752881093605 0.37938195713573686 21
1752881158688 0.37863432463864427 22
1752881220523 0.3845323143379299 23
1752881285030 0.38935039043030406 24
1752881347309 0.4000664562219638 25
1752881411847 0.398488120950324 26
1752881477341 0.4090380461870743 27
1752881540531 0.4067120784183419 28
1752881602334 0.4158498089383619 29
1752881668306 0.41518524671872403 30
1752881733200 0.4241568366838345 31
1752881797648 0.4147698953314504 32
1752881861021 0.4237414852965609 33
1752881925507 0.42648280445256687 34
1752881989347 0.43545439441767736 35
1752882052509 0.44110317328459875 36
1752882115280 0.44666888187406545 37
1752882177931 0.45539126100681177 38
1752882241803 0.44791493603588634 39
1752882305347 0.4585479315500914 40
1752882368981 0.46718724040538295 41
1752882434251 0.46652267818574517 42
1752882497639 0.46776873234756605 43
1752882559702 0.47242066788503073 44
1752882623268 0.4797308523010467 45
1752882687617 0.4769895331450407 46
1752882748468 0.4813922578501412 47
1752882812922 0.4841335770061472 48
1752882874010 0.4832198039541452 49
1752882937422 0.483884366173783 50
