1752879767721 4.452005753050135 0
1752879830258 4.172937514352017 1
1752879894118 3.893370402265166 2
1752879957470 3.6300588598918795 3
1752880020294 3.427021099820564 4
1752880082702 3.244750436074396 5
1752880144641 3.081610706284448 6
1752880207186 2.9493258539845635 7
1752880271255 2.8282919641100293 8
1752880336460 2.7309804225779724 9
1752880400836 2.6402475918075927 10
1752880463720 2.540363769776283 11
1752880528266 2.457869679399677 12
1752880592384 2.3768332251459174 13
1752880656109 2.286220634106379 14
1752880720406 2.2135089912200083 15
1752880781603 2.1466685691492153 16
1752880842944 2.100944777455035 17
1752880907681 2.034392152365239 18
1752880970288 1.9913419360132867 19
1752881031368 1.9552455697116256 20
1752881093606 1.8771653066742766 21
1752881158689 1.7948718668063832 22
1752881220523 1.7599531510964619 23
1752881285031 1.7248639449784113 24
1752881347310 1.6472389977260917 25
1752881411848 1.6364214178730632 26
1752881477342 1.5885600214679234 27
1752881540532 1.5591828143423774 28
1752881602335 1.511858166241255 29
1752881668307 1.499347017004541 30
1752881733201 1.452382513267521 31
1752881797649 1.4578110329265002 32
1752881861022 1.412403265710336 33
1752881925508 1.3605031457272785 34
1752881989348 1.301384844314957 35
1752882052510 1.265560722732529 36
1752882115281 1.2385370880114828 37
1752882177932 1.1903225757861247 38
1752882241804 1.1918183883143953 39
1752882305348 1.1449479290345679 40
1752882368982 1.0854526575076926 41
1752882434252 1.0700780275697064 42
1752882497640 1.0596331871447817 43
1752882559703 1.0241526918968842 44
1752882623269 0.9702344707465062 45
1752882687618 0.9666809321370582 46
1752882748469 0.9288768037486572 47
1752882812923 0.9138830334164231 48
1752882874011 0.8797841588393035 49
1752882937423 0.8751207340544715 50
