1752477172737 0.014072847682119206 0
1752477183207 0.016059602649006622 1
1752477193861 0.022516556291390728 2
1752477204607 0.022516556291390728 3
1752477215232 0.027649006622516556 4
1752477226055 0.0326158940397351 5
1752477236791 0.03741721854304636 6
1752477247545 0.03642384105960265 7
1752477258289 0.04105960264900662 8
1752477268738 0.04652317880794702 9
1752477279241 0.05140728476821192 10
1752477289806 0.055463576158940396 11
1752477300603 0.05869205298013245 12
1752477311292 0.06076158940397351 13
1752477321813 0.0646523178807947 14
1752477332380 0.06887417218543046 15
1752477342922 0.07152317880794702 16
1752477353558 0.076158940397351 17
1752477364187 0.07607615894039735 18
1752477374701 0.08129139072847683 19
1752477385260 0.08038079470198675 20
1752477395798 0.07649006622516556 21
1752477406376 0.08104304635761589 22
1752477417157 0.08675496688741721 23
1752477427788 0.09197019867549669 24
1752477438403 0.09660596026490066 25
1752477448876 0.0972682119205298 26
1752477459440 0.10016556291390728 27
1752477469969 0.09975165562913907 28
1752477480501 0.10240066225165563 29
1752477491028 0.10322847682119206 30
1752477501563 0.10554635761589404 31
1752477512036 0.1058774834437086 32
1752477522590 0.10811258278145695 33
1752477533129 0.1093543046357616 34
1752477543863 0.10951986754966887 35
1752477554420 0.11291390728476822 36
1752477565267 0.11233443708609271 37
1752477576056 0.11473509933774835 38
1752477586793 0.11713576158940397 39
1752477597345 0.1206953642384106 40
1752477608136 0.12582781456953643 41
1752477618773 0.12690397350993377 42
1752477629321 0.12682119205298012 43
1752477639868 0.1271523178807947 44
1752477650355 0.1298841059602649 45
1752477660886 0.12955298013245034 46
1752477671490 0.1337748344370861 47
1752477682106 0.13741721854304637 48
1752477692614 0.1400662251655629 49
1752477703193 0.1384933774834437 50
1752477713926 0.1412251655629139 51
1752477724483 0.14130794701986754 52
1752477735001 0.140976821192053 53
1752477745629 0.1429635761589404 54
1752477756516 0.14362582781456953 55
1752477767025 0.148841059602649 56
1752477777563 0.15091059602649007 57
1752477788130 0.1492549668874172 58
1752477798916 0.15240066225165563 59
1752477809730 0.1514072847682119 60
1752477820362 0.1515728476821192 61
1752477831049 0.1543046357615894 62
1752477841827 0.15380794701986755 63
1752477852649 0.1548841059602649 64
1752477863480 0.15736754966887417 65
1752477874181 0.15745033112582782 66
1752477884948 0.15769867549668873 67
1752477895590 0.161341059602649 68
1752477906088 0.16332781456953643 69
1752477916717 0.1656456953642384 70
1752477927297 0.16548013245033114 71
1752477938098 0.16821192052980133 72
1752477948640 0.16870860927152317 73
1752477959295 0.1693708609271523 74
1752477969878 0.1673841059602649 75
1752477980566 0.17392384105960265 76
1752477991307 0.17665562913907285 77
1752478002082 0.17483443708609273 78
1752478012882 0.1745860927152318 79
1752478023715 0.17607615894039735 80
1752478034531 0.17756622516556292 81
1752478045301 0.1793046357615894 82
1752478056261 0.17971854304635762 83
1752478067021 0.17980132450331127 84
1752478077643 0.1820364238410596 85
1752478088127 0.18220198675496688 86
1752478098712 0.1814569536423841 87
1752478109241 0.18418874172185432 88
1752478119809 0.18435430463576158 89
1752478130436 0.18170529801324503 90
1752478141023 0.18617549668874173 91
1752478151596 0.18956953642384106 92
1752478162278 0.18832781456953643 93
1752478173088 0.18899006622516556 94
1752478183863 0.19147350993377482 95
1752478194645 0.19362582781456952 96
1752478205458 0.19528145695364238 97
1752478216246 0.19478476821192053 98
1752478226766 0.19660596026490065 99
1752478237342 0.1968543046357616 100
