1752477172738 4.625364556305488 0
1752477183207 4.614129317668212 1
1752477193862 4.595339500239704 2
1752477204608 4.579549597440875 3
1752477215232 4.562264328362654 4
1752477226056 4.541639009909399 5
1752477236792 4.51953209636322 6
1752477247546 4.498828802757481 7
1752477258289 4.4749213116834365 8
1752477268739 4.450588904237515 9
1752477279242 4.426718953606132 10
1752477289807 4.400115634001117 11
1752477300604 4.371788727173641 12
1752477311293 4.3497816310845385 13
1752477321814 4.3230011068579755 14
1752477332381 4.298385212799835 15
1752477342923 4.27749914970406 16
1752477353559 4.251873858021993 17
1752477364188 4.232298391303361 18
1752477374701 4.208665486588572 19
1752477385261 4.189108517796944 20
1752477395798 4.170146637029581 21
1752477406376 4.151653729901776 22
1752477417158 4.133905770137518 23
1752477427788 4.112580483180533 24
1752477438404 4.093191469491198 25
1752477448877 4.075716339751152 26
1752477459441 4.058330979481621 27
1752477469969 4.040719695251911 28
1752477480501 4.023940090052934 29
1752477491029 4.005853478295694 30
1752477501564 3.992381181017679 31
1752477512037 3.976922228064015 32
1752477522590 3.9656417266270143 33
1752477533130 3.94946738662647 34
1752477543864 3.934455234081368 35
1752477554421 3.9199672679472686 36
1752477565268 3.904504685615124 37
1752477576056 3.892888897681393 38
1752477586793 3.8834321451884355 39
1752477597345 3.8717829740560266 40
1752477608137 3.8576989606872254 41
1752477618774 3.84152722348599 42
1752477629322 3.8311523207417735 43
1752477639869 3.8170158101684284 44
1752477650356 3.803372407368771 45
1752477660887 3.7974630183248 46
1752477671491 3.782644674317719 47
1752477682106 3.7703040246868516 48
1752477692615 3.757626170802859 49
1752477703194 3.7469711438607654 50
1752477713927 3.7351273320746334 51
1752477724484 3.727493945156323 52
1752477735002 3.716201686636829 53
1752477745630 3.7030246928223716 54
1752477756517 3.6959629550427797 55
1752477767026 3.684779710702963 56
1752477777564 3.675635109161972 57
1752477788131 3.6656714445151724 58
1752477798917 3.6550900631472327 59
1752477809731 3.64781998360301 60
1752477820363 3.636943826131786 61
1752477831050 3.6281166686726767 62
1752477841828 3.6218916243682298 63
1752477852650 3.610720305352879 64
1752477863481 3.6007191662971283 65
1752477874182 3.5959560364882655 66
1752477884949 3.58465144964668 67
1752477895590 3.5776217216706727 68
1752477906088 3.569825881364664 69
1752477916717 3.5562990550445184 70
1752477927298 3.5483791778137634 71
1752477938099 3.540193547053619 72
1752477948641 3.533330444512566 73
1752477959296 3.5253815296267677 74
1752477969878 3.5210230799139643 75
1752477980567 3.512145662413838 76
1752477991308 3.5020789779023263 77
1752478002082 3.493990645971458 78
1752478012883 3.4858077440910558 79
1752478023716 3.481395331750762 80
1752478034532 3.4755452552521775 81
1752478045302 3.4675953374320256 82
1752478056261 3.460786387258022 83
1752478067022 3.4508872813000266 84
1752478077643 3.445143615954456 85
1752478088128 3.4377137562510676 86
1752478098713 3.427311139658463 87
1752478109242 3.4199911455502825 88
1752478119810 3.417284265290026 89
1752478130437 3.4154783525970127 90
1752478141023 3.404182585701899 91
1752478151597 3.3943220291836935 92
1752478162279 3.3905212200908093 93
1752478173089 3.384175076578653 94
1752478183864 3.3761868357127893 95
1752478194646 3.368223470230935 96
1752478205459 3.360802407132339 97
1752478216247 3.3560606647179423 98
1752478226767 3.349581500412322 99
1752478237342 3.3422550861045806 100
