1753731196475 0.030819072935703604 0
1753731226343 0.06994517361687988 1
1753731246950 0.09096195381292574 2
1753731275509 0.11795979398571191 3
1753731290400 0.13615218474829707 4
1753731303142 0.15235088885196876 5
1753731317908 0.17536135570692807 6
1753731349140 0.18773882704768233 7
1753731368715 0.19828875228443263 8
1753731382514 0.21232762917428144 9
1753731411622 0.21697956471174615 10
1753731441019 0.2292739657750457 11
1753731473764 0.23417511214487458 12
1753731504500 0.24804784847981393 13
1753731537641 0.24879548097690646 14
1753731559464 0.2644126931383951 15
1753731574390 0.26333277953148365 16
1753731602882 0.2676524339591294 17
1753731615813 0.2724705100515036 18
1753731632742 0.27836849975078914 19
1753731646197 0.2775377969762419 20
1753731659049 0.2826050839009802 21
1753731683938 0.28310350556570857 22
1753731709767 0.290579830536634 23
1753731722959 0.2880046519355375 24
1753731751625 0.29232430636318324 25
1753731769211 0.29174281442100014 26
1753731785892 0.29190895497590963 27
1753731803318 0.2959793985711912 28
1753731820124 0.29988370161156336 29
1753731838439 0.2995514205017445 30
1753731858896 0.30262502076756936 31
1753731874164 0.30013291244392754 32
1753731891817 0.3013789666057485 33
1753731911678 0.302126599102841 34
1753731927323 0.3052832696461206 35
1753731945462 0.3027080910450241 36
1753731962884 0.30478484798139227 37
1753731979379 0.3075261671373982 38
1753731995351 0.3083568699119455 39
1753732013804 0.31500249210832365 40
1753732031365 0.31201196211995347 41
1753732051447 0.30877222129921916 42
1753732069179 0.3101013457384948 43
1753732087810 0.3133410865592291 44
1753732102420 0.3115135404552251 45
1753732120846 0.30885529157667385 46
1753732139052 0.3135902973915933 47
1753732152832 0.3151686326632331 48
1753732166614 0.31683003821232764 49
1753732184351 0.31467021099850473 50
1753732198709 0.3150855623857784 51
1753732212764 0.31624854627014454 52
1753732225362 0.31874065459378637 53
1753732239246 0.3176607409868749 54
1753732251874 0.32222960624688485 55
1753732264046 0.320069779033062 56
1753732276467 0.32281109818906795 57
1753732287347 0.31965442764578833 58
1753732300467 0.31998670875560725 59
1753732312348 0.3197374979232431 60
1753732324745 0.31624854627014454 61
1753732337413 0.31699617876723707 62
1753732350971 0.31824223292905796 63
1753732364515 0.3201528493105167 64
1753732376726 0.32214653596943016 65
1753732389526 0.3251370659578003 66
1753732401170 0.3258846984548928 67
1753732414792 0.3226449576341585 68
1753732427296 0.32397408207343414 69
1753732439942 0.32538627679016446 70
1753732451989 0.32812759594617047 71
1753732465116 0.3260508390098023 72
1753732477814 0.32372487124106997 73
1753732490940 0.3254693470676192 74
1753732504974 0.32679847150689484 75
1753732512715 0.326133909287257 76
1753732520200 0.32812759594617047 77
1753732526868 0.32654926067453066 78
1753732532654 0.32870908788835357 79
1753732540243 0.3280445256687157 80
1753732547871 0.32812759594617047 81
1753732555076 0.32937365010799136 82
1753732562784 0.33211496926399736 83
1753732569732 0.333444093703273 84
1753732577099 0.330702774547267 85
1753732584787 0.3313673367669048 86
1753732592174 0.3302874231599934 87
1753732599231 0.3331948828709088 88
1753732606810 0.33178268815417844 89
1753732612525 0.3298720717727197 90
1753732618666 0.3320318989865426 91
1753732625694 0.3324472503738162 92
1753732632879 0.3331948828709088 93
1753732638818 0.33277953148363515 94
1753732644542 0.3368499750789168 95
1753732650937 0.3310350556570859 96
1753732657183 0.3338594450905466 97
1753732663913 0.3341086559229108 98
1753732670988 0.3364346236916431 99
1753732678008 0.3319488287090879 100
