1753901371347 0.02467187240405383 0
1753901422933 0.051669712576840006 1
1753901470480 0.08871905632164812 2
1753901520931 0.10134573849476657 3
1753901569818 0.10907127429805616 4
1753901601126 0.11754444259843828 5
1753901650858 0.13731516863266324 6
1753901702315 0.1620701113141718 7
1753901755131 0.16447914936035887 8
1753901802073 0.16938029573018773 9
1753901850924 0.1791825884698455 10
1753901901568 0.19587971423824554 11
1753901951187 0.20543279614553914 12
1753902003018 0.21947167303538795 13
1753902052956 0.21963781359029738 14
