1753390305849 0.020767569363681675 0
1753390332993 0.035554078750623025 1
1753390359606 0.05715235088885197 2
1753390387085 0.08232264495763415 3
1753390417013 0.09735836517693969 4
1753390443121 0.10583153347732181 5
1753390470536 0.1334939358697458 6
1753390484876 0.14911114803123443 7
1753390503625 0.15841501910616382 8
1753390519942 0.16697125768400067 9
1753390532799 0.17162319322146535 10
1753390548310 0.19056321648114305 11
1753390574183 0.1966273467353381 12
1753390587584 0.20576507725535803 13
1753390600742 0.22146535969430137 14
1753390615208 0.22761256022595117 15
1753390644643 0.2168134241568367 16
1753390659938 0.21805947831865757 17
1753390692264 0.22661571689649443 18
1753390705168 0.23907625851470343 19
1753390733909 0.24106994517361688 20
1753390747413 0.2502907459710915 21
1753390774087 0.24912776208672538 22
1753390798533 0.2526167137398239 23
1753390823927 0.25477654095364677 24
1753390843511 0.249543113473999 25
1753390866623 0.25186908124273133 26
1753390891989 0.2588469845489284 27
1753390917634 0.2558564545605582 28
1753390931910 0.2585977737165642 29
1753390945571 0.26557567702276125 30
1753390962264 0.265658747300216 31
1753390975477 0.2669048014620369 32
1753391003780 0.2706429639474996 33
1753391031237 0.2736334939358697 34
1753391061397 0.27496261837514535 35
1753391075210 0.2724705100515036 36
1753391100753 0.28077753779697623 37
1753391113314 0.277205515866423 38
1753391126500 0.27953148363515534 39
1753391153456 0.27737165642133244 40
1753391180746 0.2850141219471673 41
1753391206439 0.290579830536634 42
1753391237810 0.2845987705598937 43
1753391264815 0.2812759594617046 44
1753391277500 0.28825386276790166 45
1753391300885 0.28983219803954147 46
1753391313418 0.28451570028243894 47
1753391342307 0.28551254361189565 48
1753391359975 0.28833693304535635 49
1753391374529 0.28493105166971255 50
1753391407045 0.2820235919587971 51
1753391433272 0.2846818408373484 52
1753391459715 0.2912443927562718 53
1753391487880 0.28808772221299217 54
1753391517005 0.29722545273301215 55
1753391530159 0.2914105333111813 56
1753391546240 0.2914105333111813 57
1753391572706 0.2993022096693803 58
1753391604060 0.2891676358199036 59
1753391634628 0.28110981890679515 60
1753391658514 0.2893337763748131 61
1753391679571 0.29290579830536634 62
1753391706380 0.29107825220136235 63
1753391718873 0.29722545273301215 64
1753391734800 0.29631167968101013 65
1753391749108 0.29548097690646286 66
1753391777975 0.2877554411031733 67
1753391807678 0.28675859777371654 68
1753391835281 0.3002159827213823 69
1753391850203 0.29481641468682507 70
1753391879947 0.3013789666057485 71
1753391892875 0.290579830536634 72
1753391905783 0.296976241900648 73
1753391923368 0.3005482638312012 74
1753391951146 0.3031234424322977 75
1753391975387 0.3002159827213823 76
1753391999750 0.2915766738660907 77
1753392012270 0.3002159827213823 78
1753392026213 0.2980561555075594 79
1753392058622 0.30187738827047683 80
1753392087474 0.2973915932879216 81
1753392101776 0.3041202857617544 82
1753392121065 0.30345572354211664 83
1753392136734 0.2996344907791992 84
1753392165355 0.2980561555075594 85
1753392190806 0.300299052998837 86
1753392218017 0.30204352882538626 87
1753392245687 0.3009636152184748 88
1753392270966 0.30046519355374646 89
1753392283776 0.29390264163482305 90
1753392301097 0.30129589632829373 91
1753392327414 0.29980063133410867 92
1753392341367 0.30204352882538626 93
1753392357637 0.302126599102841 94
1753392372378 0.30445256687157335 95
1753392386143 0.3007974746635654 96
1753392415250 0.2958963282937365 97
1753392439992 0.3052001993686659 98
1753392454087 0.30544941020103006 99
1753392479440 0.30204352882538626 100
