1753390305850 4.535221331407163 0
1753390332994 4.440934706355605 1
1753390359607 4.334409934976312 2
1753390387086 4.239869057756354 3
1753390417014 4.182079297597291 4
1753390443122 4.097547884847297 5
1753390470537 4.040642230838425 6
1753390484877 3.9727402526623763 7
1753390503627 3.953036023995214 8
1753390519943 3.882339775963158 9
1753390532800 3.852820858177692 10
1753390548311 3.822526955815011 11
1753390574184 3.7990011940888366 12
1753390587585 3.7725874442120166 13
1753390600743 3.747246889994895 14
1753390615209 3.7724894362996233 15
1753390644644 3.7767402736666624 16
1753390659939 3.779882344141283 17
1753390692265 3.7802979668031575 18
1753390705169 3.757188418298371 19
1753390733910 3.8073823026946334 20
1753390747414 3.7684898930670285 21
1753390774088 3.770626977618475 22
1753390798534 3.7736725101905892 23
1753390823928 3.7748602710134995 24
1753390843512 3.7497361513710463 25
1753390866624 3.8117525046640406 26
1753390891990 3.833730030793911 27
1753390917635 3.8056076221002053 28
1753390931911 3.7863102861691442 29
1753390945572 3.771400825122466 30
1753390962265 3.777362824688944 31
1753390975478 3.796346751793737 32
1753391003781 3.8158845090851057 33
1753391031238 3.8158316762194806 34
1753391061398 3.7934141250631797 35
1753391075211 3.83046467344818 36
1753391100754 3.7937652900620837 37
1753391113315 3.810765959200312 38
1753391126501 3.8484132227250236 39
1753391153457 3.832894591848707 40
1753391180747 3.8523528551970174 41
1753391206440 3.8737511324025644 42
1753391237811 3.873823231586442 43
1753391264816 3.8965727867775475 44
1753391277501 3.862513440942604 45
1753391300886 3.9013499006998544 46
1753391313419 3.8536679914464664 47
1753391342308 3.807657534946359 48
1753391359976 3.818933586912177 49
1753391374530 3.8641339696069985 50
1753391407047 3.857457445681521 51
1753391433273 3.876395450827453 52
1753391459716 3.8761944846978653 53
1753391487881 3.896059684502372 54
1753391517006 3.8797312795539622 55
1753391530160 3.8599023499650182 56
1753391546241 3.873245682334038 57
1753391572707 3.8973332537528393 58
1753391604061 3.90921313298405 59
1753391634629 3.8585992048472204 60
1753391658515 3.862729107020732 61
1753391679572 3.857715585681259 62
1753391706381 3.8906914863755793 63
1753391718874 3.919431326399585 64
1753391734801 3.8936255555686055 65
1753391749109 3.9006696735148974 66
1753391777976 3.897100819026587 67
1753391807679 3.892283404985863 68
1753391835282 3.93679631508013 69
1753391850204 3.930051004601006 70
1753391879948 3.899658946128591 71
1753391892876 3.840762201366228 72
1753391905784 3.8753532458749724 73
1753391923369 3.8741933201831547 74
1753391951147 3.9089183034191315 75
1753391975388 3.8777790578687426 76
1753391999751 3.871542091120838 77
1753392012271 3.8699664607950996 78
1753392026214 3.854547941425409 79
1753392058623 3.94112541680328 80
1753392087475 3.8886949808946323 81
1753392101777 3.920864386536485 82
1753392121066 3.91113801142056 83
1753392136735 3.9197847019503627 84
1753392165356 3.8923241768992214 85
1753392190807 3.9256864199998147 86
1753392218018 3.90765739220714 87
1753392245688 3.8721559001410792 88
1753392270967 3.89823625873447 89
1753392283777 3.887943140557956 90
1753392301098 3.914728543340233 91
1753392327415 3.9093728807855426 92
1753392341368 3.9277354533517497 93
1753392357638 3.8995352006787862 94
1753392372379 3.8978299101882743 95
1753392386144 3.9123329294547156 96
1753392415251 3.8931583449363507 97
1753392439993 3.9150349734560086 98
1753392454088 3.9357075017445124 99
1753392479441 3.9112812554124727 100
