1754361764773 0.20225363579173297 0
1754361800361 0.27915109351293343 1
1754361834818 0.30529548902786513 2
1754361872004 0.3528105687747474 3
1754361909040 0.37960256078155646 4
1754361944808 0.3953299041557192 5
1754361982137 0.38946453021500205 6
1754362023553 0.40632054176072235 7
1754362059646 0.4159604781112386 8
1754362095752 0.42837582799837176 9
1754362130755 0.4341856936683566 10
1754362169486 0.4604596084816638 11
1754362206887 0.4569625874255264 12
1754362242432 0.46797172778744034 13
1754362279248 0.47698257040299 14
1754362315922 0.4818672982274359 15
1754362355333 0.47268993079968913 16
1754362389867 0.48854679347222735 17
1754362427144 0.4911186766828257 18
1754362462841 0.5028124190504385 19
1754362504716 0.4979276912259927 20
1754362545012 0.49520778596010806 21
1754362582689 0.5006290937349666 22
1754362622507 0.4939125929763535 23
1754362660577 0.4916922621470599 24
1754362702272 0.5082152240683862 25
1754362740496 0.4888798430966214 26
1754362776601 0.5035895348406912 27
1754362813481 0.5059208822114495 28
1754362856942 0.5003700551382156 29
1754362891611 0.5068645228138993 30
1754362926331 0.5151722606668394 31
1754362966551 0.5138770676830848 32
1754363009624 0.5176146245790623 33
1754363045768 0.510324538356215 34
1754363082235 0.5132109684342967 35
1754363125728 0.5184657513969582 36
1754363163850 0.514783702771713 37
1754363199942 0.5225363579173297 38
1754363247815 0.515708840617252 39
1754363285474 0.527217555415757 40
1754363324766 0.529308366946675 41
1754363361760 0.5176331273359731 42
1754363410125 0.5171705584132036 43
1754363447690 0.5222033082929356 44
1754363488468 0.5158198571587167 45
1754363529850 0.5230729378677423 46
1754363566516 0.5231654516522962 47
1754363607587 0.5268660030344521 48
1754363644267 0.5265884616807904 49
1754363687456 0.5227213854864374 50
1754363724331 0.5279391629352773 51
1754363765109 0.5265144506531473 52
1754363803371 0.5285682566702439 53
1754363839612 0.5245531584206047 54
1754363876701 0.522758391000259 55
1754363914366 0.5321392887540244 56
1754363958338 0.5207785960108056 57
1754363992723 0.5192058616733893 58
1754364033265 0.5262554120563964 59
1754364070820 0.5271435443881138 60
1754364111634 0.5304740406320542 61
1754364148424 0.5282907153165821 62
1754364185863 0.5299559634385523 63
1754364223524 0.5265329534100581 64
1754364265024 0.519649927839248 65
1754364306675 0.5263109203271288 66
1754364343584 0.5222773193205787 67
1754364383109 0.5296969248418014 68
1754364422051 0.5316582170743441 69
1754364457148 0.521666728342523 70
1754364501385 0.5284017318580468 71
1754364540366 0.5203345298449469 72
1754364581962 0.5296229138141583 73
1754364618753 0.523942567442549 74
1754364652979 0.518558265181512 75
1754364689335 0.5324538356215076 76
1754364728866 0.5200939940051068 77
1754364772811 0.5303445213336787 78
1754364813166 0.5320467749694705 79
1754364860141 0.5346186581800688 80
1754364894450 0.5228694075417237 81
1754364933200 0.5361543870036636 82
1754364972327 0.5274025829848648 83
1754365009388 0.5319357584280058 84
1754365046490 0.5251452466417497 85
1754365080185 0.525533804536876 86
1754365121955 0.5347666802353551 87
1754365158136 0.5322688080523998 88
1754365192153 0.5333604707101358 89
1754365235369 0.5333789734670465 90
1754365279160 0.5345076416386042 91
1754365314898 0.5290493283499241 92
1754365350056 0.5249232135588202 93
1754365386475 0.5348961995337306 94
1754365424592 0.5298819524109092 95
1754365462697 0.5245346556636938 96
1754365500996 0.5294933945157828 97
1754365535236 0.5312881619361285 98
1754365575790 0.5375790992857936 99
1754365612103 0.5308440957702698 100
