1754361764775 2.221042698073855 0
1754361800362 2.0983110042654065 1
1754361834819 2.0208817154458103 2
1754361872006 1.9780742574551782 3
1754361909041 1.983326953404199 4
1754361944809 1.9402863909601253 5
1754361982138 2.0074198090567132 6
1754362023554 1.9717992181584574 7
1754362059648 2.002627382705308 8
1754362095754 2.0017898615526937 9
1754362130756 2.0316038286775555 10
1754362169488 1.9516505634976642 11
1754362206889 2.00610705227466 12
1754362242433 2.002539387741922 13
1754362279250 1.9841081973245307 14
1754362315923 1.9842283158663292 15
1754362355335 2.032831409509528 16
1754362389868 1.9875268897229317 17
1754362427145 2.0133100772442205 18
1754362462842 1.9730577994322789 19
1754362504717 2.0016981954516724 20
1754362545013 2.0471228736206735 21
1754362582691 2.054612486188962 22
1754362622508 2.1155181816974364 23
1754362660578 2.1224684193927414 24
1754362702274 2.077793207382399 25
1754362740497 2.1563828334854995 26
1754362776603 2.1036999708612933 27
1754362813483 2.114870493580853 28
1754362856944 2.1561613159987894 29
1754362891612 2.151032490188455 30
1754362926333 2.109646641185049 31
1754362966552 2.143020037462952 32
1754363009625 2.158518389761752 33
1754363045769 2.1899693160946656 34
1754363082236 2.182752925218255 35
1754363125730 2.1565317737513268 36
1754363163851 2.2241457321977407 37
1754363199943 2.1521418176179647 38
1754363247816 2.208662136229297 39
1754363285475 2.1807452328587833 40
1754363324767 2.1735914027042043 41
1754363361761 2.2142204378232546 42
1754363410127 2.2477808526403518 43
1754363447692 2.2503587592357377 44
1754363488469 2.2961415204063385 45
1754363529852 2.268175614030856 46
1754363566517 2.2828907639781817 47
1754363607588 2.2535201668444422 48
1754363644268 2.2834799255568847 49
1754363687458 2.3018285479731238 50
1754363724332 2.2933014127217164 51
1754363765111 2.307720743591968 52
1754363803373 2.2922072399288873 53
1754363839614 2.3210174292168673 54
1754363876703 2.3880846625081853 55
1754363914367 2.3190202997908984 56
1754363958340 2.4025075478768545 57
1754363992724 2.431490743256375 58
1754364033266 2.394709034117745 59
1754364070821 2.354550261188577 60
1754364111636 2.3296661678039414 61
1754364148425 2.3416300070402096 62
1754364185865 2.4059986437762806 63
1754364223526 2.405442501124648 64
1754364265025 2.496892379858625 65
1754364306677 2.464036784865611 66
1754364343586 2.478830775135308 67
1754364383111 2.3888343805827943 68
1754364422052 2.4531263839020445 69
1754364457149 2.5077888684047447 70
1754364501386 2.434089106145589 71
1754364540367 2.496948237979241 72
1754364581963 2.4438812395970118 73
1754364618754 2.460435378424812 74
1754364652981 2.5542232046171476 75
1754364689336 2.479508116115307 76
1754364728868 2.538276549675199 77
1754364772813 2.466485662281328 78
1754364813168 2.4691205947864705 79
1754364860142 2.467840926147281 80
1754364894452 2.594492617482624 81
1754364933202 2.4790724712081675 82
1754364972328 2.5796236079884554 83
1754365009390 2.5377909854799645 84
1754365046491 2.571350443056226 85
1754365080187 2.575743166490009 86
1754365121956 2.490394111656157 87
1754365158137 2.4852227269413043 88
1754365192154 2.5041419423493108 89
1754365235370 2.4982431600720187 90
1754365279161 2.5074516365968456 91
1754365314899 2.5169225566189497 92
1754365350058 2.584447839963381 93
1754365386477 2.5165516555455882 94
1754365424594 2.5772183713200723 95
1754365462699 2.6048689121420208 96
1754365500997 2.613245162760851 97
1754365535237 2.5689763163363906 98
1754365575791 2.5180271665289222 99
1754365612104 2.5681417105438293 100
