1754369659577 0.1937608703696851 0
1754369695248 0.27056581430633164 1
1754369731414 0.3271287421825852 2
1754369768139 0.3565666284276357 3
1754369805182 0.3743107723050735 4
1754369854652 0.393331606409355 5
1754369887834 0.3979202901232284 6
1754369925110 0.43511083151389557 7
1754369964692 0.42783924804795914 8
1754370003461 0.4196610294933945 9
1754370040115 0.423065536764978 10
1754370076372 0.45637049920438144 11
1754370113482 0.46155127113939975 12
1754370148572 0.4684342967102098 13
1754370185523 0.48116419346482625 14
1754370223038 0.492524886208045 15
1754370260368 0.483032971912815 16
1754370296250 0.4982792436072975 17
1754370330572 0.49050808570477 18
1754370369834 0.5028494245642601 19
1754370407170 0.5041631203049254 20
1754370446018 0.48876882655515674 21
1754370484178 0.49641046515930876 22
1754370527622 0.49639196240239797 23
1754370564081 0.503441512785405 24
1754370606688 0.5107871072789846 25
1754370642534 0.4910631684120934 26
1754370680234 0.5073826000074011 27
1754370717781 0.5029604411057248 28
1754370753995 0.4997039558894275 29
1754370786357 0.5140991007660142 30
1754370820785 0.5154683047774118 31
1754370856734 0.5200014802205528 32
1754370895972 0.5268660030344521 33
1754370932913 0.5207600932538948 34
1754370972770 0.5166154757058802 35
1754371018225 0.5225363579173297 36
1754371055366 0.516541464678237 37
1754371092022 0.5254227879954113 38
1754371127222 0.5170965473855604 39
1754371170090 0.5313806757206824 40
1754371207936 0.5392073418939421 41
1754371245561 0.5260888872441993 42
1754371283028 0.5374125744735966 43
1754371323111 0.5270140250897384 44
1754371361362 0.5189283203197277 45
1754371399364 0.5277911408799911 46
1754371438785 0.5237945453872627 47
1754371475723 0.5369685083077379 48
1754371511933 0.5293638752174074 49
1754371548373 0.5319912666987381 50
1754371583889 0.5395958997890685 51
1754371619651 0.5362654035451282 52
1754371656254 0.5399659549272842 53
1754371692334 0.5369870110646486 54
1754371729828 0.535691818080894 55
1754371774423 0.5449246937793731 56
1754371812639 0.535525293268697 57
1754371852743 0.5213706842319505 58
1754371888231 0.5328053880028124 59
1754371925725 0.5332679569255819 60
1754371963440 0.5378196351256337 61
1754372013038 0.5427228657069904 62
1754372052894 0.5381156792362062 63
1754372094474 0.5330644265995633 64
1754372134052 0.5243681308514969 65
1754372172039 0.5295304000296044 66
1754372216428 0.5263849313547718 67
1754372255461 0.5395033860045146 68
1754372293357 0.5408355845020908 69
1754372336798 0.5304740406320542 70
1754372373853 0.539059319838656 71
1754372406963 0.5354327794841431 72
1754372445936 0.535192243644303 73
1754372490120 0.5309551123117344 74
1754372532246 0.5334529844946897 75
1754372568975 0.5414091699663249 76
1754372606461 0.529141842134478 77
1754372643200 0.5385412426451541 78
1754372685656 0.54745957147615 79
1754372721521 0.547293046663953 80
1754372758554 0.5427783739777227 81
1754372799347 0.5425193353809717 82
1754372840374 0.5405580431484291 83
1754372880529 0.5440920697183881 84
1754372919591 0.5402064907671243 85
1754372955664 0.5405950486622507 86
1754372992224 0.5479961514265625 87
1754373026998 0.5435369870110647 88
1754373062926 0.5448691855086408 89
1754373101549 0.53939236946305 90
1754373136074 0.5420937719720238 91
1754373170342 0.5486807534322614 92
1754373211977 0.530825593013359 93
1754373248462 0.5392998556784961 94
1754373286499 0.5457573178403582 95
1754373322764 0.5356363098101617 96
1754373361695 0.5312511564223069 97
1754373396560 0.546867483255005 98
1754373437911 0.5455352847574289 99
1754373475106 0.5424268215964179 100
