1752164249141 0.15918329637841833 0
1752164343188 0.21557649667405765 1
1752164441258 0.26337767923133776 2
1752164530782 0.2792128603104213 3
1752164629677 0.2951589061345159 4
1752164717492 0.30177383592017737 5
1752164811541 0.31337767923133775 6
1752164903932 0.32684774575018477 7
1752164990183 0.3409830007390983 8
1752165082693 0.365779748706578 9
1752165167565 0.38484848484848483 10
1752165254935 0.3846452328159645 11
1752165346100 0.37993348115299336 12
1752165438670 0.39356984478935697 13
1752165529276 0.39839246119733923 14
1752165630261 0.4101071692535107 15
1752165722211 0.4087213599408721 16
1752165823987 0.41415373244641535 17
1752165918989 0.40934959349593497 18
1752166010014 0.4190133037694013 19
1752166099163 0.4313377679231338 20
1752166189270 0.4340539541759054 21
1752166275348 0.4276792313377679 22
1752166370518 0.4356984478935698 23
1752166461783 0.4382483370288248 24
1752166556930 0.4371581670362158 25
1752166652379 0.4418329637841833 26
1752166740974 0.4412232076866223 27
1752166828198 0.44270140428677013 28
1752166921660 0.4426829268292683 29
1752167012956 0.44528824833702885 30
1752167103536 0.44297856614929787 31
1752167191812 0.4427937915742794 32
1752167278894 0.4592572062084257 33
1752167366231 0.4517923133776792 34
1752167460380 0.4445676274944568 35
1752167551932 0.4548780487804878 36
1752167646815 0.4555062823355506 37
1752167740534 0.4588507021433851 38
1752167828128 0.4511271249076127 39
1752167919863 0.4706208425720621 40
1752168005749 0.44525129342202513 41
1752168098883 0.46452328159645234 42
1752168185530 0.4672209903917221 43
1752168279195 0.4575757575757576 44
1752168376487 0.4652993348115299 45
1752168470812 0.458980044345898 46
1752168560283 0.46664818920916484 47
1752168652290 0.4617147080561715 48
1752168746662 0.4635809312638581 49
1752168847050 0.46219512195121953 50
1752168902277 0.4776607538802661 51
1752168956250 0.4687730968218773 52
1752169017787 0.47888026607538803 53
1752169080498 0.47775314116777534 54
1752169139791 0.4768477457501848 55
1752169193069 0.4641537324464154 56
1752169253022 0.4806356245380636 57
1752169309473 0.47289356984478936 58
1752169365617 0.47126755358462674 59
1752169420693 0.4697524020694752 60
1752169477335 0.4726164079822616 61
1752169533344 0.4770879526977088 62
1752169590949 0.4764227642276423 63
1752169644057 0.46991869918699186 64
1752169698471 0.4674981522542498 65
1752169755476 0.472209903917221 66
1752169813611 0.4830746489283075 67
1752169868275 0.484220251293422 68
1752169922498 0.4709164818920916 69
1752169979426 0.4833887657058389 70
1752170037247 0.47660753880266077 71
1752170101574 0.4798780487804878 72
1752170160290 0.4804138950480414 73
1752170214539 0.47827050997782705 74
1752170271000 0.4845528455284553 75
1752170323302 0.4798780487804878 76
1752170379954 0.477790096082779 77
1752170439680 0.471359940872136 78
1752170493291 0.4788248337028825 79
1752170545931 0.48798965262379895 80
1752170601860 0.48183665927568364 81
1752170657113 0.474390243902439 82
1752170713084 0.48917220990391724 83
1752170767440 0.48702882483370286 84
1752170825762 0.48957871396895786 85
1752170877297 0.48122690317812267 86
1752170931513 0.48863636363636365 87
1752170984993 0.4824464153732446 88
1752171039753 0.48756467110125645 89
1752171095722 0.4813932002956393 90
1752171158626 0.4863451589061345 91
1752171214025 0.49031781226903176 92
1752171269649 0.48717664449371767 93
1752171326943 0.4832039911308204 94
1752171385382 0.48673318551367334 95
1752171440730 0.48303769401330376 96
1752171494446 0.4827790096082779 97
1752171550982 0.48429416112342943 98
1752171608671 0.48604951958610493 99
1752171670171 0.48830376940133036 100
1752171713712 0.48612342941611236 101
1752171757442 0.48972653362897267 102
1752171798963 0.49405025868440505 103
1752171839729 0.486770140428677 104
1752171882348 0.4823170731707317 105
1752171924107 0.4920731707317073 106
1752171963956 0.4918329637841833 107
1752172006598 0.4721359940872136 108
1752172048637 0.4818181818181818 109
1752172092335 0.49307095343680707 110
1752172135069 0.4993717664449372 111
1752172176780 0.4963045084996304 112
1752172220697 0.49526977087952695 113
1752172261969 0.4882852919438285 114
1752172306079 0.4906873614190687 115
1752172348654 0.49148189209164816 116
1752172388722 0.4828529194382853 117
1752172428017 0.4874353288987435 118
1752172467708 0.49857723577235774 119
1752172510052 0.4990391722099039 120
1752172550846 0.4856245380635624 121
1752172593815 0.4932557280118256 122
1752172633576 0.49637841832963786 123
1752172676561 0.4880820399113082 124
1752172718844 0.5002956393200295 125
1752172762149 0.49743163340724317 126
1752172809101 0.4943828529194383 127
1752172850706 0.5000369549150037 128
1752172890287 0.4944752402069475 129
1752172931786 0.48398004434589803 130
1752172974052 0.4855321507760532 131
1752173019334 0.49761640798226164 132
1752173061857 0.4922209903917221 133
1752173104318 0.49318181818181817 134
1752173146143 0.49421655580192164 135
1752173189390 0.49595343680709536 136
1752173232292 0.49868810051736884 137
1752173274258 0.5021618625277162 138
1752173317004 0.49647080561714707 139
1752173355744 0.49192535107169255 140
1752173396785 0.48957871396895786 141
1752173439520 0.5019770879526977 142
1752173480726 0.49347745750184774 143
1752173523867 0.49486326681448634 144
1752173567075 0.4932372505543237 145
1752173608505 0.5004434589800444 146
1752173651893 0.49698817442719884 147
1752173694076 0.4958795269770879 148
1752173735616 0.49161123429416115 149
1752173777777 0.4890059127864006 150
1752173806002 0.49033628972653365 151
1752173834304 0.5040280857354028 152
1752173861999 0.5069475240206948 153
1752173889953 0.495750184774575 154
1752173916712 0.4988359201773836 155
1752173942581 0.49913155949741317 156
1752173969850 0.5018662232076866 157
1752173997483 0.5058019216555802 158
1752174025253 0.5054878048780488 159
1752174052622 0.5079083518107909 160
1752174081376 0.49974131559497414 161
1752174109661 0.5056541019955654 162
1752174138744 0.510070214338507 163
1752174167593 0.5043791574279379 164
1752174196454 0.5072246858832224 165
1752174225060 0.5047856614929785 166
1752174253190 0.5094974131559498 167
1752174281410 0.5105321507760532 168
1752174310190 0.5042128603104213 169
1752174338203 0.5012379896526238 170
1752174366773 0.5026053215077605 171
1752174394920 0.506189948263119 172
1752174422167 0.5130450849963045 173
1752174450063 0.5098854397634885 174
1752174478094 0.5129711751662971 175
1752174506352 0.5104951958610495 176
1752174534934 0.5086659275683666 177
1752174563646 0.5003325942350333 178
1752174591460 0.5072431633407243 179
1752174619526 0.4962121212121212 180
1752174647608 0.512010347376201 181
1752174674796 0.5047671840354767 182
1752174702329 0.5075018477457501 183
1752174731162 0.505580192165558 184
1752174759261 0.5044530672579453 185
1752174786967 0.5148558758314856 186
1752174815349 0.5118625277161862 187
1752174843131 0.5094050258684405 188
1752174870810 0.5022172949002217 189
1752174899299 0.5134515890613451 190
1752174927503 0.5121396895787139 191
1752174954457 0.5118994826311899 192
1752174981472 0.5112342941611234 193
1752175009144 0.5029748706577974 194
1752175037096 0.513950480413895 195
1752175064991 0.5080376940133038 196
1752175093837 0.5136548410938655 197
1752175122133 0.5162786400591278 198
1752175150458 0.5021988174427199 199
1752175179399 0.5069660014781966 200
