1752164249142 2.259463755146409 0
1752164343189 2.1759529323977134 1
1752164441258 2.098936633110135 2
1752164530783 2.040791131523402 3
1752164629678 1.9751802965639 4
1752164717493 1.968861419256586 5
1752164811542 1.9731031328872959 6
1752164903932 1.9915958618756142 7
1752164990184 1.9700804561204384 8
1752165082693 1.9565447883385556 9
1752165167566 1.9343213160182855 10
1752165254936 1.9565524721366974 11
1752165346101 1.9739765642389104 12
1752165438671 1.9753829897409572 13
1752165529277 1.9799524683891676 14
1752165630262 1.979777127153725 15
1752165722211 2.002135066477131 16
1752165823987 1.998101671738806 17
1752165918990 2.0161363629549784 18
1752166010015 2.027339024578783 19
1752166099164 2.015700544371497 20
1752166189271 2.044715040476977 21
1752166275349 2.0529577970236064 22
1752166370518 2.053740205375321 23
1752166461784 2.045815519726784 24
1752166556931 2.061860360204132 25
1752166652380 2.076611021189754 26
1752166740975 2.080422448117764 27
1752166828198 2.1020736154271256 28
1752166921661 2.1035424936939435 29
1752167012957 2.09355705948228 30
1752167103537 2.1112344850143887 31
1752167191813 2.1517931157862797 32
1752167278895 2.091584339685819 33
1752167366232 2.12442964092508 34
1752167460381 2.135237168996114 35
1752167551933 2.130266884455528 36
1752167646815 2.1308792936936327 37
1752167740535 2.1417417451878173 38
1752167828129 2.1585357714430167 39
1752167919864 2.118800497583558 40
1752168005750 2.205000159340126 41
1752168098884 2.1501875540349045 42
1752168185531 2.161930835553714 43
1752168279196 2.1847718234481444 44
1752168376488 2.172855798692808 45
1752168470812 2.1829094176634825 46
1752168560284 2.16975424837211 47
1752168652291 2.170879532441854 48
1752168746663 2.1937629868359823 49
1752168847051 2.168072054028447 50
1752168902278 2.133527241334112 51
1752168956251 2.1224260987178796 52
1752169017788 2.0946001114547474 53
1752169080499 2.068682169593616 54
1752169139792 2.087267575082708 55
1752169193070 2.1183902356020643 56
1752169253023 2.0944436392048655 57
1752169309473 2.1067227293802238 58
1752169365618 2.0885535945372773 59
1752169420694 2.0977767388557758 60
1752169477336 2.094818332313855 61
1752169533344 2.1007014154938664 62
1752169590950 2.1123919730439993 63
1752169644058 2.137724961242253 64
1752169698472 2.130996764382807 65
1752169755476 2.11162826304733 66
1752169813611 2.070930734748204 67
1752169868276 2.067905957183537 68
1752169922499 2.1066744914537883 69
1752169979427 2.08495899858204 70
1752170037247 2.120293073747045 71
1752170101575 2.1064224731827657 72
1752170160291 2.11663027149235 73
1752170214539 2.118603038009249 74
1752170271001 2.1175171559920054 75
1752170323303 2.143892858135939 76
1752170379955 2.122577868610122 77
1752170439681 2.137524985194598 78
1752170493292 2.1063791579131133 79
1752170545932 2.0868001890616714 80
1752170601861 2.120871355691332 81
1752170657114 2.140378080121322 82
1752170713085 2.0855481415180233 83
1752170767441 2.119594724602909 84
1752170825763 2.1008085176621547 85
1752170877298 2.1066887550935665 86
1752170931514 2.088379805543618 87
1752170984993 2.0982281415562793 88
1752171039754 2.0981443091257037 89
1752171095723 2.1592713879396532 90
1752171158627 2.1161431972558473 91
1752171214026 2.105994675261253 92
1752171269650 2.114345561559539 93
1752171326944 2.122223696407157 94
1752171385382 2.1149139082826993 95
1752171440730 2.149842477267758 96
1752171494447 2.128069552665054 97
1752171550983 2.1241386498142925 98
1752171608671 2.144678764556594 99
1752171670172 2.1362036239963667 100
1752171713713 2.0627001768967284 101
1752171757443 2.0470321415836312 102
1752171798964 2.026130979836776 103
1752171839730 2.0226435272206897 104
1752171882349 2.0331200701513064 105
1752171924108 2.007686851977505 106
1752171963956 2.004851672962251 107
1752172006599 2.044505280922387 108
1752172048638 2.0070881979235713 109
1752172092336 1.9827377437832177 110
1752172135070 1.9929985620293882 111
1752172176781 1.9963999050236734 112
1752172220698 1.9992553087736114 113
1752172261970 1.9971502100415794 114
1752172306080 1.9973963147154081 115
1752172348655 1.984367731797549 116
1752172388723 2.006981827073232 117
1752172428018 2.031125005533881 118
1752172467709 1.9997348466758063 119
1752172510053 1.9960967348108292 120
1752172550847 2.0297237051977723 121
1752172593816 1.994938906335648 122
1752172633577 2.0138912407983196 123
1752172676562 2.0371738432912383 124
1752172718844 2.0197928912448853 125
1752172762149 2.0027450207558717 126
1752172809102 2.0137072126538618 127
1752172850707 2.0022701135146663 128
1752172890288 2.006951425900101 129
1752172931787 2.0470485521042856 130
1752172974053 2.0278134197019253 131
1752173019335 2.0061869891579978 132
1752173061858 2.0190121769202456 133
1752173104319 2.006827278218399 134
1752173146144 2.0171731885638207 135
1752173189391 2.0296639840303183 136
1752173232293 2.004577346778618 137
1752173274258 1.9930976970247454 138
1752173317005 2.0097979648578046 139
1752173355745 2.024537534250325 140
1752173396786 2.0258876171576468 141
1752173439521 2.005564598513637 142
1752173480727 2.023782165551822 143
1752173523868 2.017375394549905 144
1752173567075 2.010313269680927 145
1752173608506 2.0036188283684027 146
1752173651894 2.0115585908302056 147
1752173694076 2.005397036323792 148
1752173735617 2.03117013573591 149
1752173777778 2.017312010311895 150
1752173806003 1.890389600499469 151
1752173834305 1.818996053696923 152
1752173862000 1.7932644170143877 153
1752173889954 1.814802263205271 154
1752173916713 1.802058887139675 155
1752173942582 1.8027806786837477 156
1752173969851 1.7955960518948775 157
1752173997483 1.7682327692157491 158
1752174025253 1.7724981190028022 159
1752174052623 1.7762805288930927 160
1752174081377 1.7895679566580478 161
1752174109662 1.7753223759216705 162
1752174138745 1.7699417901354615 163
1752174167594 1.782396563902732 164
1752174196454 1.7693608600728532 165
1752174225060 1.7677345585392867 166
1752174253191 1.7591982652836695 167
1752174281410 1.7643029683498421 168
1752174310191 1.7763665890116835 169
1752174338204 1.7888303087794617 170
1752174366773 1.777749378496248 171
1752174394921 1.7711576041715609 172
1752174422168 1.7692926461416014 173
1752174450063 1.7745681726960854 174
1752174478095 1.7627962344106418 175
1752174506352 1.7595454140478373 176
1752174534934 1.7665628321790292 177
1752174563647 1.7903355163827646 178
1752174591461 1.7673006210708404 179
1752174619527 1.7823594237710993 180
1752174647609 1.7727238891128836 181
1752174674797 1.7715661092841406 182
1752174702330 1.759107903023072 183
1752174731162 1.7793589583434481 184
1752174759262 1.7612321083838793 185
1752174786967 1.7661435871472086 186
1752174815350 1.7690048666432945 187
1752174843132 1.7644400498985566 188
1752174870811 1.776332318027403 189
1752174899300 1.7702879959328757 190
1752174927504 1.7621359029072616 191
1752174954457 1.757833521726019 192
1752174981473 1.7734122197662292 193
1752175009145 1.7786145563326847 194
1752175037096 1.77452046704094 195
1752175064992 1.7747503069322548 196
1752175093838 1.7669180805845492 197
1752175122134 1.7579213344237643 198
1752175150459 1.7715899287500394 199
1752175179400 1.7739757452850606 200
