1753964104461 0.027330121282605084 0
1753964156353 0.05640471839175943 1
1753964209616 0.08539624522345905 2
1753964260302 0.10666223625186907 3
1753964308960 0.11521847482970593 4
1753964363047 0.14254859611231102 5
1753964413433 0.15484299717561056 6
1753964461429 0.1555906296727031 7
1753964511529 0.1820069779033062 8
1753964559868 0.1870742648280445 9
1753964611079 0.19388602757933213 10
1753964660775 0.19637813590297393 11
1753964701662 0.2050174447582655 12
1753964750813 0.21988702442266156 13
1753964801077 0.22080079747466355 14
1753964852657 0.22296062468848646 15
1753964905650 0.22005316497757102 16
1753964937987 0.21224455889682672 17
1753964989772 0.2143213158331949 18
1753965039843 0.2137398238910118 19
1753965085263 0.22536966273467354 20
1753965127540 0.22462203023758098 21
1753965159139 0.21166306695464362 22
1753965210469 0.21166306695464362 23
1753965259580 0.21565044027247052 24
1753965312959 0.21805947831865757 25
1753965362705 0.2184748297059312 26
1753965411579 0.22752948994849642 27
1753965452221 0.21822561887356703 28
1753965502780 0.2252865924572188 29
1753965534691 0.2190563216481143 30
1753965583662 0.22644957634158497 31
1753965628999 0.23342747964778202 32
1753965678100 0.22885861438777205 33
1753965729088 0.2274464196710417 34
1753965778922 0.22603422495431136 35
1753965828340 0.22628343578667554 36
1753965876183 0.22794484133577006 37
1753965924776 0.21922246220302377 38
1753965971617 0.22312676524339592 39
