1753964104462 4.5600347856917525 0
1753964156354 4.456840436437136 1
1753964209617 4.379892140508422 2
1753964260303 4.290558095381434 3
1753964308961 4.289564507155768 4
1753964363048 4.228239380382898 5
1753964413434 4.192135306912801 6
1753964461430 4.181663872944209 7
1753964511530 4.184436667349629 8
1753964559869 4.190417064224035 9
1753964611080 4.161077284343973 10
1753964660776 4.157417974903085 11
1753964701663 4.138356337751348 12
1753964750815 4.101493202784392 13
1753964801078 4.113521522634023 14
1753964852658 4.084300618599239 15
1753964905651 4.043748277167592 16
1753964937989 4.028910497911657 17
1753964989773 4.009576081874156 18
1753965039845 3.9950173451052873 19
1753965085264 3.979331446943684 20
1753965127542 3.964381257343751 21
1753965159141 3.97729408869461 22
1753965210470 3.9804357599079623 23
1753965259582 3.9662183541512235 24
1753965312960 3.964880698656133 25
1753965362706 3.969087479166417 26
1753965411580 3.9654195340988303 27
1753965452223 3.983247475622588 28
1753965502782 4.00517186072861 29
1753965534692 3.9954338722097797 30
1753965583664 3.9740205290527566 31
1753965629001 3.9792788253154283 32
1753965678101 3.9749312522110016 33
1753965729089 3.989079469397468 34
1753965778924 3.9938832087780196 35
1753965828341 3.9971959416987035 36
1753965876185 3.994495500416206 37
1753965924778 3.971351244629714 38
1753965971619 3.9550181410818523 39
