1753125781789 0.04602093370991859 0
1753125821123 0.1076590795813258 1
1753125849267 0.14213324472503738 2
1753125876469 0.1692141551752783 3
1753125936998 0.19587971423824554 4
1753125993823 0.22163150024921083 5
1753126021136 0.24040538295397906 6
1753126082587 0.2541950490114637 7
1753126113349 0.2690646286758598 8
1753126182776 0.2757933211496926 9
1753126210044 0.2830204352882539 10
1753126279410 0.29174281442100014 11
1753126349591 0.30204352882538626 12
1753126384403 0.3086891510217644 13
1753126442623 0.3176607409868749 14
1753126470013 0.32538627679016446 15
1753126534642 0.3260508390098023 16
1753126598432 0.3300382123276292 17
1753126660262 0.3342747964778202 18
1753126718726 0.339508223957468 19
1753126745741 0.3442432297723874 20
1753126777616 0.34357866755274963 21
1753126804994 0.34374480810765906 22
1753126851641 0.3465691975411198 23
1753126913149 0.34773218142548595 24
1753126964583 0.3527994683502243 25
1753126992018 0.35329789001495265 26
1753127020557 0.351054992523675 27
1753127077107 0.3563714902807775 28
1753127104403 0.36426316663897657 29
1753127132055 0.3616049177604253 30
1753127165671 0.36293404219970093 31
1753127193541 0.3637647449742482 32
1753127220892 0.36442930719388605 33
1753127250985 0.36368167469679347 34
1753127306299 0.37007808606080744 35
1753127333109 0.3715733510549925 36
1753127388881 0.37597607576009306 37
1753127419024 0.37348396743645124 38
1753127485675 0.373567037713906 39
1753127528023 0.37904967602591794 40
1753127557437 0.3775544110317329 41
1753127585109 0.3765575677022761 42
1753127622575 0.3780528326964612 43
1753127671582 0.3797142382455557 44
1753127706174 0.3799634490779199 45
1753127733388 0.37946502741319155 46
1753127760202 0.3795480976906463 47
1753127792079 0.38461538461538464 48
1753127860138 0.38660907127429806 49
1753127887804 0.3839508223957468 50
1753127918422 0.3882704768233926 51
1753127945812 0.38536301711247717 52
1753127972421 0.38660907127429806 53
1753128007995 0.38901810932048514 54
1753128071602 0.3896826715401229 55
1753128134772 0.3886858282106662 56
1753128201863 0.3896826715401229 57
1753128251869 0.39117793653430805 58
1753128283657 0.39317162319322146 59
1753128314264 0.3926732015284931 60
1753128340616 0.3895165309852135 61
1753128367884 0.3929224123608573 62
1753128426892 0.39200863930885527 63
1753128453961 0.39225785014121944 64
1753128498484 0.3941684665226782 65
1753128530278 0.3960790829041369 66
1753128559175 0.3973251370659578 67
1753128594594 0.3952483801295896 68
1753128650861 0.3932546934706762 69
1753128678286 0.39757434789832197 70
1753128740493 0.3958298720717727 71
1753128767801 0.3974912776208673 72
1753128796527 0.3969097856786842 73
1753128837909 0.39815583984050507 74
1753128893485 0.40122944010632994 75
1753128959409 0.4013125103837847 76
1753128986038 0.3992357534474165 77
1753129013320 0.40098022927396576 78
1753129081431 0.40314005648778867 79
1753129132198 0.40056487788669215 80
1753129199826 0.40122944010632994 81
1753129252777 0.40272470510051506 82
1753129280172 0.40314005648778867 83
1753129311096 0.40397075926233594 84
1753129377271 0.40314005648778867 85
1753129442242 0.4047183917594285 86
1753129507824 0.39965110483469013 87
1753129544050 0.4060475161987041 88
1753129611326 0.4050506728692474 89
1753129662311 0.4060475161987041 90
1753129690048 0.40521681342415683 91
1753129716720 0.40770892174779866 92
1753129745636 0.4064628675859777 93
1753129804983 0.40961953812925733 94
1753129850707 0.40928725701943847 95
1753129877764 0.40737664063797974 96
1753129939626 0.4106994517361688 97
1753129973948 0.40895497590961954 98
1753130014147 0.40754278119288917 99
1753130048385 0.4076258514703439 100
1753130081611 0.4144376142216315 101
1753130108796 0.4116132247881708 102
1753130172650 0.410034889516531 103
1753130200574 0.4098687489616215 104
1753130228642 0.4080412028576175 105
1753130296391 0.40795813258016284 106
1753130342242 0.40928725701943847 107
1753130369211 0.4088719056321648 108
1753130434970 0.4080412028576175 109
1753130463704 0.41393919255690315 110
1753130494006 0.4136069114470842 111
1753130538816 0.41368998172453897 112
1753130574931 0.41236085728526334 113
1753130602194 0.4130254195049011 114
1753130631500 0.4141053331118126 115
1753130659223 0.4135238411696295 116
1753130687957 0.4153513872736335 117
1753130757545 0.4128592789499917 118
1753130784698 0.4151021764412693 119
1753130814972 0.4165974414354544 120
1753130844162 0.4147698953314504 121
1753130905873 0.4162651603256355 122
1753130933753 0.4146868250539957 123
1753130960901 0.41393919255690315 124
1753131005614 0.4138561222794484 125
1753131038471 0.41211164645289916 126
1753131072723 0.4151021764412693 127
1753131099503 0.4151021764412693 128
1753131151875 0.41551752782854295 129
1753131187988 0.41493603588635986 130
1753131230061 0.4153513872736335 131
1753131262276 0.4156836683834524 132
1753131296287 0.4168466522678186 133
1753131344071 0.41776042531982055 134
1753131380379 0.4148529656089051 135
1753131411636 0.41651437115799966 136
1753131439414 0.4169297225452733 137
1753131480540 0.4171789333776375 138
1753131517754 0.4162651603256355 139
1753131557807 0.41518524671872403 140
1753131608534 0.4182588469845489 141
1753131635464 0.4182588469845489 142
1753131687825 0.4185080578169131 143
1753131755070 0.4202525336434624 144
1753131789784 0.41925569031400567 145
1753131853136 0.42050174447582656 146
1753131880360 0.41958797142382454 147
1753131935951 0.4198371822561887 148
1753132000213 0.41925569031400567 149
1753132027173 0.4204186741983718 150
1753132071575 0.4171789333776375 151
1753132099565 0.4181757767070942 152
1753132126517 0.4203356039209171 153
1753132198451 0.418840338926732 154
1753132232735 0.42016946336600763 155
1753132302825 0.41925569031400567 156
1753132330085 0.4182588469845489 157
1753132367800 0.4190064794816415 158
1753132395177 0.42299385279946833 159
1753132424106 0.41925569031400567 160
1753132451697 0.4203356039209171 161
1753132479071 0.42457218807110814 162
1753132512529 0.42390762585147035 163
1753132574781 0.423409204186742 164
1753132604728 0.42108323641800965 165
1753132676910 0.4218308689151022 166
1753132713709 0.42291078252201364 167
1753132757290 0.4212493769729191 168
1753132783941 0.42149858780528326 169
1753132811208 0.4221631500249211 170
1753132839897 0.42448911779365345 171
1753132905776 0.4212493769729191 172
1753132937645 0.42116630669546434 173
1753132967672 0.423409204186742 174
1753132994990 0.4210001661405549 175
1753133022746 0.4205848147532813 176
1753133050474 0.42573517195547433 177
1753133103383 0.4238245555740156 178
1753133131921 0.42448911779365345 179
1753133166749 0.4265658747300216 180
1753133233198 0.42423990696128927 181
1753133298482 0.4237414852965609 182
1753133329519 0.42432297723874396 183
1753133357005 0.4237414852965609 184
1753133422708 0.4221631500249211 185
1753133450106 0.42266157168964946 186
1753133478661 0.4230769230769231 187
1753133506765 0.42764578833693306 188
1753133534889 0.4203356039209171 189
1753133563987 0.42249543113474 190
1753133602669 0.4258182422329291 191
1753133666088 0.4237414852965609 192
1753133734632 0.4265658747300216 193
1753133764055 0.4265658747300216 194
1753133791215 0.42448911779365345 195
1753133819846 0.42390762585147035 196
1753133856933 0.425236750290746 197
1753133884564 0.4230769230769231 198
1753133911824 0.4228277122445589 199
1753133939020 0.4255690314005649 200
