1753065142970 4.617180415991727 0
1753065149936 4.590927293391827 1
1753065157211 4.556480287553484 2
1753065164550 4.512662310518102 3
1753065172032 4.4694546113348945 4
1753065178631 4.423460077567981 5
1753065185709 4.379913548753762 6
1753065193011 4.334800361033596 7
1753065200080 4.292871469557411 8
1753065207372 4.249048304487648 9
1753065214035 4.208313985199625 10
1753065220107 4.169905262616764 11
1753065226927 4.136623384322174 12
1753065233903 4.099007017024178 13
1753065241205 4.0665943789953145 14
1753065248564 4.028893558555112 15
1753065255971 4.002547661513528 16
1753065262636 3.9858580468431546 17
1753065269693 3.9543585141399618 18
1753065276907 3.9265818173467437 19
1753065283442 3.9092768635154522 20
1753065290834 3.882274275269013 21
1753065297724 3.8654406194979525 22
1753065303484 3.8382855776529845 23
1753065309446 3.8131561145004778 24
1753065316445 3.7862038301188887 25
1753065323239 3.767108039326806 26
1753065330054 3.7571505134774137 27
1753065336328 3.7348461709838294 28
1753065343576 3.7074774609437857 29
1753065350822 3.692997097868837 30
1753065358326 3.679802421763846 31
1753065365356 3.6601217436960836 32
1753065371699 3.6432925605533404 33
1753065378628 3.6304660168652174 34
1753065385689 3.606382771167699 35
1753065392628 3.5988445992527915 36
1753065399272 3.577846672465792 37
1753065406184 3.5654736454119047 38
1753065413515 3.5454821572828914 39
1753065420882 3.520341136566778 40
1753065427880 3.5100353708684118 41
1753065434264 3.5030708246593867 42
1753065441212 3.4863678491531473 43
1753065448465 3.4714201057393193 44
1753065455610 3.460342992449468 45
1753065462777 3.4547201776113665 46
1753065469736 3.440175662149948 47
1753065477390 3.4211736379325166 48
1753065484583 3.404898810582083 49
1753065491495 3.398275084433409 50
1753065497298 3.3801146352326183 51
1753065504392 3.3762330802211546 52
1753065511786 3.3604419605728957 53
1753065518234 3.353611732992418 54
1753065524156 3.3387499627519825 55
1753065531004 3.32455854635872 56
1753065537824 3.313782483852927 57
1753065544747 3.2998962337953697 58
1753065551666 3.2955178081262706 59
1753065558093 3.277180239025812 60
1753065564317 3.273543620670779 61
1753065571034 3.263790170802645 62
1753065577181 3.261025184415478 63
1753065584671 3.242844035390948 64
1753065591608 3.2296606361640507 65
1753065598105 3.21772698859499 66
1753065604661 3.2089740109323404 67
1753065611502 3.2067166931892754 68
1753065618467 3.202057567300191 69
1753065625424 3.179924108817729 70
1753065633156 3.1719757443268093 71
1753065640311 3.1618928243102724 72
1753065647448 3.1570518504125125 73
1753065654879 3.1496584205479117 74
1753065661947 3.138569953412557 75
1753065667982 3.1385019671120227 76
1753065674503 3.1241372116927892 77
1753065681868 3.1158717969176446 78
1753065688871 3.104014897281355 79
1753065695375 3.099525523766994 80
1753065702122 3.0904154738692386 81
1753065709299 3.0839994221286844 82
1753065715573 3.08204633611348 83
1753065722903 3.0724878259544965 84
1753065729184 3.068712025041488 85
1753065735652 3.0547334467628113 86
1753065743028 3.044094747933784 87
1753065750655 3.0313098489762154 88
1753065756737 3.0332159742731766 89
1753065762666 3.019793091726283 90
1753065768824 3.013668227316001 91
1753065776221 3.0056775042668966 92
1753065783374 2.998796879293138 93
1753065790161 2.9916155063690084 94
1753065797131 2.979834339757986 95
1753065804477 2.980705492483462 96
1753065811834 2.965555811213966 97
1753065819147 2.9637641570256408 98
1753065826085 2.9559561989546923 99
1753065833248 2.9516922642624444 100
1753065839995 2.945950468794645 101
1753065847587 2.9391483352584165 102
1753065855121 2.931980073051124 103
1753065861840 2.9337538047816984 104
1753065869226 2.9287872643168105 105
1753065876501 2.9220891182239237 106
1753065883059 2.9178909113698768 107
1753065889055 2.9123775351443375 108
1753065896112 2.907385827388619 109
1753065903623 2.8933025195148625 110
1753065909640 2.884409448162454 111
1753065916262 2.877604393359742 112
1753065922982 2.8720562612624567 113
1753065930507 2.8615304550086313 114
1753065938030 2.854712768881799 115
1753065945642 2.854986474938932 116
1753065951882 2.844832064675503 117
1753065958635 2.843901865369084 118
1753065965037 2.839809156581603 119
1753065970976 2.8311327418493293 120
1753065976973 2.8289631870475422 121
1753065982945 2.8223224007416894 122
1753065988926 2.8115039977921112 123
1753065995126 2.8146368427254562 124
1753066002190 2.8069967719976416 125
1753066009182 2.8061826281960442 126
1753066016224 2.7942227415298904 127
1753066022668 2.8021900952864516 128
1753066030045 2.799071689020841 129
1753066036202 2.781634028467024 130
1753066043005 2.777305712139672 131
1753066050293 2.775493043568416 132
1753066057763 2.7718293295281433 133
1753066064102 2.7648118848357695 134
1753066071887 2.760711438092628 135
1753066079126 2.755671711504685 136
1753066085691 2.7510467371729153 137
1753066093045 2.73927202629111 138
1753066100175 2.74250504192859 139
1753066106119 2.740153195453121 140
1753066112745 2.7327949013114727 141
1753066119790 2.7182371180665847 142
1753066126809 2.722375313816776 143
1753066134058 2.723382079736582 144
1753066140892 2.7148990725183144 145
1753066147903 2.703659778159423 146
1753066155120 2.702110570811985 147
1753066162063 2.6993485282027656 148
1753066168634 2.70236862452404 149
1753066176071 2.6912859674886076 150
1753066182688 2.693536101368707 151
1753066189742 2.6888789083462594 152
1753066197032 2.6777374089114954 153
1753066204105 2.676278280091917 154
1753066211339 2.6770591114989446 155
1753066218043 2.6724547557767675 156
1753066225329 2.6758780067911063 157
1753066232767 2.6702620603297627 158
1753066239603 2.6585707799408205 159
1753066247054 2.6563760835666423 160
1753066253310 2.644505452400699 161
1753066259249 2.6412595637258534 162
1753066266148 2.6423962143550854 163
1753066272782 2.6356644859179674 164
1753066280126 2.6424414765163347 165
1753066287458 2.62603708081959 166
1753066294616 2.6253871940774745 167
1753066301622 2.6216894479647763 168
1753066309017 2.614881465456575 169
1753066316451 2.6118612606117533 170
1753066324002 2.6075718450841907 171
1753066331341 2.6097805486876906 172
1753066338317 2.604367371615666 173
1753066345516 2.595224456082577 174
1753066352797 2.60216732128371 175
1753066359746 2.5977014571039954 176
1753066366814 2.587827691239136 177
1753066374051 2.585801636160497 178
1753066380889 2.5725706208148087 179
1753066387352 2.578324756335691 180
1753066393772 2.5779449435631334 181
1753066399597 2.571387342128397 182
1753066406755 2.561613624476244 183
1753066413576 2.5593440357553403 184
1753066420235 2.565005186414358 185
1753066427082 2.558283439901207 186
1753066433850 2.559363332878095 187
1753066440762 2.5520283480610555 188
1753066448140 2.5553340043100605 189
1753066455132 2.549371139499108 190
1753066462461 2.538455636850071 191
1753066468921 2.534420313668281 192
1753066476445 2.5289247479068977 193
1753066483572 2.5262494458652136 194
1753066490664 2.5333785522680614 195
1753066497704 2.5313728413395444 196
1753066504455 2.5191094889491485 197
1753066511625 2.517538074061068 198
1753066518677 2.5115444452735547 199
1753066525556 2.5060710788725205 200
