1754154275831 0.04809769064628676 0
1754154318279 0.07459710915434457 1
1754154343837 0.10574846319986708 2
1754154388214 0.12917428144210003 3
1754154428845 0.15384615384615385 4
1754154458575 0.1732845987705599 5
1754154501255 0.18491443761422163 6
1754154531689 0.19870410367170627 7
1754154559408 0.21166306695464362 8
1754154586834 0.22794484133577006 9
1754154622125 0.23974082073434125 10
1754154664562 0.2473002159827214 11
1754154691862 0.2542781192889184 12
1754154720273 0.2644126931383951 13
1754154750264 0.2672370825718558 14
1754154781770 0.2743811264329623 15
1754154815464 0.28044525668715736 16
1754154846385 0.2813590297391593 17
1754154887275 0.28418341917262 18
1754154926757 0.2949825552417345 19
1754154970752 0.28949991692972254 20
1754155016252 0.29921913939192557 21
1754155042958 0.29730852301046684 22
1754155085886 0.3017943179930221 23
1754155126461 0.3051171290912112 24
1754155169541 0.3079415185246719 25
1754155195331 0.3117627512875893 26
1754155226427 0.31001827546104005 27
1754155257695 0.31284266489450074 28
1754155286524 0.3110981890679515 29
1754155317190 0.31242731350722713 30
1754155343985 0.32040206014288086 31
1754155384272 0.32222960624688485 32
1754155428494 0.31898986542615054 33
1754155454604 0.3147532812759595 34
1754155488626 0.31599933543778036 35
1754155519179 0.320069779033062 36
1754155545299 0.32372487124106997 37
1754155580830 0.32538627679016446 38
1754155621047 0.32380794151852466 39
1754155651027 0.3258846984548928 40
1754155695251 0.32621697956471174 41
1754155730548 0.32879215816580826 42
1754155773120 0.3284598770559894 43
1754155800129 0.3276291742814421 44
1754155826248 0.33120119621199534 45
1754155869678 0.329789001495265 46
1754155897416 0.33211496926399736 47
1754155925462 0.33635155341418843 48
1754155952100 0.3335271639807277 49
1754155996295 0.3322811098189068 50
1754156039250 0.32812759594617047 51
1754156065406 0.33120119621199534 52
1754156099263 0.3344409370327297 53
1754156135403 0.3351054992523675 54
1754156162388 0.33277953148363515 55
1754156200555 0.3346901478650939 56
1754156244368 0.3390928725701944 57
1754156270526 0.3375145372985546 58
1754156300208 0.337680677853464 59
1754156340194 0.33577006147200533 60
1754156366360 0.33709918591128096 61
1754156392410 0.3410034889516531 62
1754156432558 0.3410865592291078 63
1754156458780 0.3384283103505566 64
1754156499249 0.33809602924073767 65
1754156532532 0.339508223957468 66
1754156574618 0.33734839674364514 67
1754156619126 0.3410034889516531 68
1754156645294 0.34058813756437945 69
1754156671204 0.3400897158996511 70
1754156702924 0.338594450905466 71
1754156745168 0.34133577006147203 72
1754156772202 0.3398405050672869 73
1754156812254 0.3410865592291078 74
1754156839724 0.34017278617710583 75
1754156866023 0.3441601594949327 76
1754156908455 0.34391094866256855 77
1754156948480 0.3424987539458382 78
1754156989056 0.34499086226948 79
1754157019750 0.342249543113474 80
1754157046452 0.34274796477820235 81
1754157090266 0.3458215650440272 82
1754157130089 0.34399401894002324 83
1754157175678 0.34490779199202526 84
1754157210456 0.3434955972752949 85
1754157242642 0.34432630004984216 86
1754157271665 0.34299717561056653 87
1754157311288 0.3442432297723874 88
1754157349619 0.3464030569862103 89
1754157394177 0.34274796477820235 90
1754157423851 0.3452400731018442 91
1754157463110 0.34573849476657253 92
1754157508058 0.34773218142548595 93
1754157536443 0.3436617378302044 94
1754157576039 0.3475660408705765 95
1754157620958 0.3478152517029407 96
1754157659774 0.34731683003821234 97
1754157699340 0.3452400731018442 98
1754157729021 0.34557235421166305 99
1754157763826 0.34548928393420836 100
