1754556742646 0.21719684406251571 0
1754556772465 0.3231820694507262 1
1754556794576 0.35438966782250364 2
1754556821934 0.6412382531785517 3
1754556848836 0.6840544750992512 4
1754556868988 0.7457158651188502 5
1754556889301 0.7497864214282125 6
1754556913513 0.7639579878385848 7
1754556935072 0.7882808181315644 8
1754556955181 0.7866726971204583 9
1754556979130 0.8087341072415699 10
1754557001032 0.8047640584954018 11
1754557024683 0.8194381627217449 12
1754557049350 0.8109452736318408 13
1754557074276 0.8252173476054073 14
1754557098699 0.8161716669179355 15
1754557123889 0.8304939946730991 16
1754557145736 0.8205939996984773 17
1754557170710 0.8331071913161465 18
1754557194560 0.8290366350067843 19
1754557212435 0.835016835016835 20
1754557236958 0.8221016131463893 21
1754557257922 0.8380320619126589 22
1754557281383 0.8284335896276195 23
1754557308625 0.8431076938539626 24
1754557330361 0.8305945022362933 25
1754557352889 0.8466757123473542 26
1754557379849 0.8338107442585054 27
1754557406973 0.848886878737625 28
1754557435001 0.8356701341775968 29
1754557455722 0.8501934770591487 30
1754557485380 0.8382833308206442 31
1754557507907 0.8522036283230313 32
1754557534609 0.8411477963716769 33
1754557558941 0.8538117493341374 34
1754557580403 0.8413488114980652 35
1754557604747 0.8546158098396904 36
1754557643094 0.8440625157043068 37
1754557665661 0.8565254535403789 38
1754557697006 0.8443137846122921 39
1754557720612 0.8585356048042615 40
1754557742755 0.8470274888185336 41
1754557764802 0.8596411879993969 42
1754557794040 0.8495401778983869 43
1754557815921 0.860495502286547 44
1754557844768 0.8491381476456104 45
1754557864027 0.8610482938841147 46
1754557885895 0.8500427157143575 47
1754557908005 0.8625559073320267 48
1754557932660 0.8502437308407458 49
1754557952676 0.8625559073320267 50
1754557986524 0.851952359415046 51
1754558008230 0.8631589527111915 52
1754558044841 0.8524548972310166 53
1754558067310 0.8641640283431328 54
1754558088602 0.8512488064726871 55
1754558106416 0.864314789687924 56
1754558133063 0.8559224081612141 57
1754558154020 0.8648675812854917 58
1754558186287 0.8537614955525403 59
1754558207455 0.8654706266646565 60
1754558231883 0.8569274837931554 61
1754558254429 0.8664757022965979 62
1754558278571 0.8589878888386351 63
1754558301152 0.8666767174229861 64
1754558335830 0.8579828132066938 65
1754558361072 0.8669279863309715 66
1754558390243 0.858937635057038 67
1754558408777 0.8682848384340922 68
1754558441094 0.8596411879993969 69
1754558463417 0.8684858535604805 70
1754558497437 0.8576310367355143 71
1754558524182 0.868134077089301 72
1754558559608 0.8591386501834263 73
1754558582470 0.8690386451580482 74
1754558616474 0.8602442333785617 75
1754558635111 0.8694909291924218 76
1754558675869 0.8627066686768179 77
1754558699557 0.8698929594451983 78
1754558732938 0.861249309010503 79
1754558753059 0.8705965123875572 80
1754558775859 0.8593899190914116 81
1754558800144 0.8706970199507513 82
1754558837547 0.862807176240012 83
1754558860445 0.8714005728931102 84
1754558882672 0.8617015930448766 85
1754558904579 0.8719031107090809 86
1754558926191 0.8649680888486858 87
1754558950236 0.8714508266747073 88
1754558973527 0.862756922458415 89
1754558995171 0.8714508266747073 90
1754559020511 0.8638122518719533 91
1754559043572 0.871953364490678 92
1754559074152 0.8645158048143122 93
1754559098442 0.8725564098698427 94
1754559134204 0.8659229106990302 95
1754559158229 0.8728579325594251 96
1754559184244 0.8648675812854917 97
1754559207610 0.8726569174330369 98
1754559232112 0.8641640283431328 99
1754559253554 0.8733604703753958 100
