1752773202634 4.578089894324139 0
1752773216223 4.472573384843968 1
1752773230122 4.3586507061043305 2
1752773243876 4.237685041451776 3
1752773258151 4.118357405821617 4
1752773271942 4.018269621439882 5
1752773286172 3.9219887530481494 6
1752773299677 3.8357302578719885 7
1752773313330 3.7648662451553987 8
1752773327173 3.688726540956948 9
1752773341647 3.60576128994895 10
1752773356153 3.55227112211287 11
1752773370793 3.499517365988042 12
1752773385139 3.4422310923503057 13
1752773399627 3.396216361984812 14
1752773413861 3.3463503750594885 15
1752773427929 3.3096835052946934 16
1752773441359 3.253576310376662 17
1752773454781 3.207536860897734 18
1752773469213 3.167915624213984 19
1752773483002 3.146273782451612 20
1752773497736 3.1013701986018063 21
1752773512529 3.07578687956305 22
1752773526770 3.046267885110668 23
1752773540566 3.0177147488890066 24
1752773553979 3.002620528552782 25
1752773567535 2.964498598581633 26
1752773581039 2.944364739078525 27
1752773594482 2.920956761853115 28
1752773608311 2.894335755172211 29
1752773622417 2.862238151172327 30
1752773635852 2.852887540476749 31
1752773649349 2.8287706388966054 32
1752773662713 2.808615549945751 33
1752773676232 2.7977796055477215 34
1752773689714 2.7696571817520903 35
1752773703493 2.7523889197036624 36
1752773717742 2.7436884823381096 37
1752773732354 2.71624631291205 38
1752773747015 2.6933800713662563 39
1752773760350 2.682427971447642 40
1752773773724 2.673271666092144 41
1752773787812 2.654669692412623 42
1752773801089 2.6419345044556097 43
1752773814367 2.6326642005981222 44
1752773827950 2.610889249997264 45
1752773841157 2.610983654881853 46
1752773855604 2.595299788750708 47
1752773869381 2.577148038919109 48
1752773883159 2.567858590983559 49
1752773896743 2.551636051361424 50
1752773910058 2.54898865546125 51
1752773923637 2.5340455351397395 52
1752773937039 2.5192278229279093 53
1752773950401 2.510573860887136 54
1752773963840 2.5052808342828743 55
1752773977637 2.4893105272707103 56
1752773991363 2.482776467411502 57
1752774005058 2.471910864303543 58
1752774018611 2.468401041649584 59
1752774032482 2.470475588170056 60
1752774045792 2.462395135728592 61
1752774059244 2.4500227562604926 62
1752774072635 2.431839806896106 63
1752774086235 2.4276553389389774 64
1752774099719 2.4239282566877836 65
1752774113009 2.4218847496132994 66
1752774126965 2.407679283739747 67
1752774140820 2.3966648788694798 68
1752774154211 2.3985353380416496 69
1752774167605 2.379702475840679 70
1752774182417 2.370786443088405 71
1752774197052 2.3690100024529808 72
1752774210764 2.366060390854506 73
1752774224549 2.3546490216803915 74
1752774238097 2.351057424990309 75
1752774251724 2.3377571121814684 76
1752774266061 2.3350382211895004 77
1752774280692 2.3311072545553984 78
1752774295000 2.325111631115244 79
1752774308389 2.311250772818017 80
1752774321864 2.3120244762709214 81
1752774335667 2.3026566479002706 82
1752774349095 2.295928020395238 83
1752774362870 2.2925506773329265 84
1752774376808 2.2846406610883974 85
1752774391318 2.2856455476879067 86
1752774405783 2.274440463386929 87
1752774420145 2.270575243740569 88
1752774434193 2.2663758328134143 89
1752774447696 2.2639111310520486 90
1752774461633 2.256301327646282 91
1752774475019 2.2594141061040194 92
1752774489482 2.2445274261203974 93
1752774503836 2.245501307594414 94
1752774518081 2.2377715475882427 95
1752774531947 2.2326846474756463 96
1752774546014 2.228853087438069 97
1752774559558 2.2358069632932343 98
1752774573697 2.219878617485331 99
1752774587496 2.213581169288404 100
