1749020779191 0.07783684997507892 0
1749020844422 0.1406379797308523 1
1749020909652 0.18250539956803455 2
1749020973100 0.21581658082737995 3
1749021036011 0.24057152350888852 4
1749021099096 0.2662402392423991 5
1749021164744 0.28567868416680514 6
1749021230199 0.3015451071606579 7
1749021296948 0.31641468682505397 8
1749021364857 0.3204851304203356 9
1749021431423 0.3345240073101844 10
1749021497227 0.34332945672038545 11
1749021563938 0.3527994683502243 12
1749021628732 0.36949659411862434 13
1749021692471 0.3771390596444592 14
1749021758257 0.3976574181757767 15
1749021821307 0.4017278617710583 16
1749021884055 0.40463532148197373 17
1749021948434 0.41393919255690315 18
1749022008791 0.41776042531982055 19
1749022069817 0.4108655922910783 20
1749022130451 0.41427147366672207 21
1749022187943 0.4191726200365509 22
1749022242834 0.4312178102674863 23
1749022301103 0.4305532480478485 24
1749022354977 0.4396079082904137 25
1749022406991 0.4411862435620535 26
1749022452967 0.4477487954809769 27
1749022498400 0.4491609901977073 28
1749022541297 0.4539790662900814 29
1749022586587 0.4629506562551919 30
1749022630885 0.46535969430137897 31
1749022672471 0.4666888187406546 32
1749022712244 0.47017777039375314 33
1749022754461 0.4719222462203024 34
1749022793931 0.4764080412028576 35
1749022832634 0.480229273965775 36
1749022871993 0.48953314504070444 37
1749022909723 0.48812095032397407 38
1749022946280 0.4890347233759761 39
1749022981652 0.49808938361854127 40
1749023018118 0.5049842166472837 41
1749023056297 0.5019936866589134 42
1749023090528 0.500913773052002 43
1749023125433 0.499086226947998 44
1749023159385 0.5041535138727363 45
1749023192696 0.5026582488785513 46
1749023224413 0.5080578169131085 47
1749023255148 0.5083070277454727 48
1749023283633 0.5075593952483801 49
1749023312450 0.5071440438611065 50
