1749020779196 4.330907323271249 0
1749020844422 3.958702494663168 1
1749020909653 3.616908028978618 2
1749020973101 3.3289684849458867 3
1749021036012 3.098472101716446 4
1749021099097 2.9084730291627143 5
1749021164744 2.7797675343209227 6
1749021230199 2.6342923972425263 7
1749021296949 2.520933881283007 8
1749021364858 2.444345181268421 9
1749021431423 2.3360879741931675 10
1749021497228 2.2553525391234825 11
1749021563939 2.155276104024901 12
1749021628732 2.0518788472225107 13
1749021692472 1.973433082960092 14
1749021758258 1.852398007807485 15
1749021821308 1.810253036080438 16
1749021884056 1.7558346592475507 17
1749021948435 1.6951969290115394 18
1749022008792 1.64911430848652 19
1749022069817 1.597794611941821 20
1749022130452 1.5554351643786404 21
1749022187943 1.5067609234009536 22
1749022242835 1.4522117950419962 23
1749022301103 1.425584562683416 24
1749022354978 1.371614779539472 25
1749022406992 1.3158141333529958 26
1749022452968 1.2981033159240598 27
1749022498401 1.2473194085189954 28
1749022541297 1.2129850848951778 29
1749022586588 1.183664030074046 30
1749022630886 1.1499845607565602 31
1749022672471 1.1163945701748397 32
1749022712245 1.0722817158018807 33
1749022754461 1.0382835623119597 34
1749022793932 0.9912856205712226 35
1749022832635 0.9862081282680126 36
1749022871994 0.9395974032133003 37
1749022909724 0.9087347613115955 38
1749022946281 0.8817517582292678 39
1749022981652 0.8563359531614273 40
1749023018119 0.8184776234574782 41
1749023056298 0.8060625053788745 42
1749023090529 0.7905075939927295 43
1749023125433 0.7789052737897912 44
1749023159386 0.7582301257460834 45
1749023192697 0.7415753023588529 46
1749023224414 0.7016131699260617 47
1749023255149 0.6853941764076525 48
1749023283634 0.6556709822315837 49
1749023312451 0.6419121877193614 50
