1753591561068 0.022595115467685663 0
1753591586567 0.05299883701611564 1
1753591609453 0.0768400066456222 2
1753591643036 0.10558232264495764 3
1753591666136 0.12460541618209005 4
1753591689304 0.13681674696793486 5
1753591711838 0.1658082737996345 6
1753591741128 0.17934872902475493 7
1753591775002 0.19230769230769232 8
1753591800548 0.20360525004153515 9
1753591823065 0.20892174779863765 10
1753591845295 0.21639807276956305 11
1753591868757 0.22021930553248048 12
1753591892688 0.23301212826050838 13
1753591915570 0.246801794317993 14
1753591941229 0.2492939026416348 15
1753591963086 0.25161987041036715 16
1753591995655 0.25502575178601095 17
1753592018334 0.2586808439940189 18
1753592043325 0.2646619039707593 19
1753592064904 0.2644957634158498 20
1753592087405 0.2654926067453065 21
1753592115194 0.26457883369330454 22
1753592137876 0.2784515700282439 23
1753592162819 0.2696461206180429 24
1753592185008 0.2760425319820568 25
1753592204058 0.28169131084897825 26
1753592225999 0.28484798139225787 27
1753592240312 0.2844326300049842 28
1753592253780 0.2874231599933544 29
1753592274838 0.2855956138893504 30
1753592292243 0.28634324638644293 31
1753592323023 0.28833693304535635 32
1753592343742 0.28734008971589964 33
1753592358691 0.28883535471008476 34
1753592372471 0.2925735171955474 35
1753592387951 0.29307193886027577 36
1753592415940 0.2931550091377305 37
1753592429941 0.29647782023591956 38
1753592444479 0.29381957135736836 39
1753592460114 0.3008805449410201 40
1753592480405 0.3052001993686659 41
1753592494491 0.2989699285595614 42
1753592520591 0.30004984216647285 43
1753592535051 0.30104668549592956 44
1753592558403 0.30445256687157335 45
1753592582689 0.3036218640970261 46
1753592596756 0.30162817743811265 47
1753592618938 0.30171124771556734 48
1753592633484 0.30129589632829373 49
1753592655357 0.303954145206845 50
1753592676885 0.3052832696461206 51
1753592689546 0.3061970426981226 52
1753592708490 0.2999667718890181 53
1753592728400 0.3036218640970261 54
1753592751318 0.3052001993686659 55
1753592762517 0.31184582156504403 56
1753592783899 0.3099352051835853 57
1753592806953 0.3107659079581326 58
1753592818807 0.3058647615883037 59
1753592830092 0.3067785346403057 60
1753592846696 0.30486791825884696 61
1753592863249 0.30644625353048677 62
1753592884627 0.30719388602757935 63
1753592904346 0.30702774547266987 64
1753592926969 0.3086891510217644 65
1753592948055 0.31342415683668384 66
1753592968136 0.31201196211995347 67
1753592987946 0.30827379963449075 68
1753593007302 0.30819072935703606 69
1753593025169 0.3116796810101346 70
1753593045689 0.3123442432297724 71
1753593066729 0.3075261671373982 72
1753593090395 0.3108489782355873 73
1753593112732 0.3108489782355873 74
1753593132608 0.31442100016614055 75
1753593143684 0.31101511879049676 76
1753593154065 0.31035055657085897 77
1753593165232 0.30985213490613056 78
1753593175977 0.31458714072105 79
1753593187888 0.31242731350722713 80
1753593197982 0.3133410865592291 81
1753593210193 0.3147532812759595 82
1753593221073 0.3151686326632331 83
1753593231988 0.31383950822395745 84
1753593243219 0.3179930220966938 85
1753593253735 0.3130088054494102 86
1753593265063 0.3150855623857784 87
1753593275508 0.3169131084897824 88
1753593287270 0.3145040704435953 89
1753593299247 0.31599933543778036 90
1753593311128 0.3159162651603256 91
1753593322756 0.31907293570360523 92
1753593333069 0.3150855623857784 93
1753593344227 0.31824223292905796 94
1753593355016 0.31940521681342415 95
1753593365645 0.3158331948828709 96
1753593375051 0.3157501246054162 97
1753593385399 0.3158331948828709 98
1753593395614 0.31882372487124105 99
1753593406431 0.31898986542615054 100
