1753591561069 4.537922162245347 0
1753591586568 4.413664672883092 1
1753591609454 4.283904734030007 2
1753591643037 4.160312294012135 3
1753591666137 4.107848112067809 4
1753591689305 4.018707831214227 5
1753591711839 3.985265522577893 6
1753591741129 3.9562945481273615 7
1753591775004 3.928621741250659 8
1753591800550 3.8985155108559204 9
1753591823066 3.929627215221203 10
1753591845296 3.936972740879366 11
1753591868758 3.950400498228159 12
1753591892689 3.9198584103277474 13
1753591915571 3.924388345888305 14
1753591941231 3.976079423555048 15
1753591963087 4.012953248968631 16
1753591995656 4.034276045161976 17
1753592018335 4.013870645377596 18
1753592043326 4.025595611759149 19
1753592064905 4.088757738374372 20
1753592087406 4.07541137307003 21
1753592115195 4.099364446749321 22
1753592137877 4.094016256492541 23
1753592162820 4.143945648128155 24
1753592185009 4.105266666070615 25
1753592204059 4.099091688511287 26
1753592226000 4.117596675621762 27
1753592240313 4.091064401078508 28
1753592253781 4.076007109508776 29
1753592274839 4.076321851012347 30
1753592292244 4.062236982238519 31
1753592323024 4.086198395080311 32
1753592343743 4.0964773956902185 33
1753592358692 4.100042477415355 34
1753592372472 4.071935741802618 35
1753592387952 4.0881317208241805 36
1753592415941 4.0490794850427205 37
1753592429942 4.047748461587081 38
1753592444480 4.082470615106189 39
1753592460115 4.078276850546621 40
1753592480406 4.105546177088354 41
1753592494492 4.109837141002564 42
1753592520592 4.104951414210848 43
1753592535052 4.089369039701153 44
1753592558404 4.081149686496611 45
1753592582690 4.133005389164596 46
1753592596757 4.120848272423736 47
1753592618939 4.104336957539019 48
1753592633485 4.070114598111593 49
1753592655358 4.0942012863375945 50
1753592676886 4.046360209549937 51
1753592689547 4.025628325167897 52
1753592708491 4.032165664821695 53
1753592728401 4.02163737236543 54
1753592751319 4.018954410416283 55
1753592762518 4.0253194945330995 56
1753592783900 4.030162672859701 57
1753592806954 4.013995582980326 58
1753592818808 3.994022343112076 59
1753592830094 3.9723615908746215 60
1753592846697 3.9658457929961077 61
1753592863250 3.9795359699926656 62
1753592884628 4.018361734574398 63
1753592904347 4.014408542318408 64
1753592926970 3.992787470881673 65
1753592948056 3.993803395159101 66
1753592968137 3.970934845567947 67
1753592987947 3.9785213070444345 68
1753593007303 4.003201313246666 69
1753593025170 3.9976624718275398 70
1753593045690 3.984638944084262 71
1753593066730 3.956559117552151 72
1753593090396 3.9833054071778307 73
1753593112733 3.974392317430348 74
1753593132609 4.008542759310853 75
1753593143685 3.8854162650244035 76
1753593154067 3.834665769365423 77
1753593165233 3.7949557198618065 78
1753593175979 3.772528364371994 79
1753593187889 3.7668718871405047 80
1753593197983 3.750269662881152 81
1753593210194 3.7798361487282848 82
1753593221074 3.7695514267085612 83
1753593231990 3.774089191312395 84
1753593243220 3.7521285509047932 85
1753593253736 3.7498866764227947 86
1753593265064 3.742534983224214 87
1753593275509 3.7180091526985266 88
1753593287271 3.7457413717801913 89
1753593299249 3.7253884092412948 90
1753593311129 3.7198697992088556 91
1753593322757 3.703224129608471 92
1753593333070 3.7132006134727953 93
1753593344228 3.7210496708479455 94
1753593355017 3.7191595259315675 95
1753593365646 3.7303195501700883 96
1753593375052 3.7139889201214435 97
1753593385400 3.712317052833404 98
1753593395615 3.7243768196022145 99
1753593406432 3.7132299240475097 100
