1754152506380 0.03530486791825885 0
1754152523809 0.03131749460043196 1
1754152539925 0.04826383120119621 2
1754152557150 0.048014620368832035 3
1754152574302 0.048346901478650936 4
1754152591552 0.040953646785180264 5
1754152606419 0.0500913773052002 6
1754152621913 0.05690314005648779 7
1754152639090 0.05399568034557235 8
1754152658063 0.05457717228775544 9
1754152678188 0.06429639474995846 10
1754152696551 0.05058979896992856 11
1754152713283 0.05789998338594451 12
1754152729697 0.057484631998670876 13
1754152749761 0.06496095696959628 14
1754152766537 0.06537630835686992 15
1754152784516 0.07634158498089384 16
1754152793772 0.07036052500415352 17
1754152810268 0.07002824389433461 18
1754152827262 0.05407875062302708 19
1754152842900 0.060807443096859946 20
1754152858651 0.07426482804452567 21
1754152876107 0.07351719554743313 22
1754152893085 0.06653929224123609 23
1754152912353 0.06712078418341917 24
1754152930712 0.05067286924738328 25
1754152947540 0.07127429805615551 26
1754152966542 0.08456554244891178 27
1754152982152 0.07609237414852965 28
1754152996987 0.08398405050672869 29
1754153016475 0.05358032895829872 30
1754153035682 0.09345406213656754 31
1754153054333 0.06853297890014953 32
1754153070687 0.07833527163980727 33
1754153089216 0.09661073267984716 34
1754153106285 0.08539624522345905 35
1754153122132 0.07135736833361024 36
1754153140553 0.09112809436783519 37
1754153159211 0.0992689815583984 38
1754153175523 0.10574846319986708 39
1754153192050 0.09744143545439442 40
1754153208907 0.08614387772055158 41
1754153227045 0.12003655092208008 42
1754153244656 0.1014288087722213 43
1754153263322 0.10973583651769397 44
1754153281517 0.12111646452899152 45
1754153297657 0.12967270310682838 46
1754153314187 0.10790829041368998 47
1754153331123 0.07625851470343911 48
1754153347204 0.08506396411364014 49
1754153364131 0.0609735836517694 50
1754153374711 0.10358863598604419 51
1754153392038 0.11721216148861938 52
1754153403000 0.12236251869081242 53
1754153420708 0.10109652766240239 54
1754153440550 0.12053497258680844 55
1754153450084 0.092706429639475 56
1754153469057 0.10059810599767403 57
1754153489357 0.11712909121116465 58
1754153509893 0.10284100348895166 59
1754153528281 0.10583153347732181 60
1754153537497 0.11962119953480645 61
1754153554089 0.10001661405549095 62
1754153569334 0.11862435620534972 63
1754153588753 0.07642465525834856 64
1754153606202 0.14952649941850807 65
1754153620339 0.12751287589300547 66
1754153638225 0.14047183917594286 67
1754153656795 0.10500083070277455 68
1754153674644 0.12485462701445423 69
1754153690731 0.11795979398571191 70
1754153711563 0.13498920086393087 71
1754153730289 0.1306695464362851 72
1754153747400 0.12618375145372984 73
1754153763990 0.11928891842498754 74
1754153782709 0.12842664894500747 75
1754153799377 0.13166638976574183 76
1754153811159 0.1197873400897159 77
1754153829286 0.15002492108323642 78
1754153849121 0.11239408539624522 79
1754153867125 0.12302708091045024 80
1754153886101 0.1496926399734175 81
1754153902068 0.11521847482970593 82
1754153920859 0.10666223625186907 83
1754153940100 0.14994185080578168 84
1754153958020 0.13698288752284432 85
1754153973898 0.1213656753613557 86
1754153990537 0.13299551420501746 87
1754154007185 0.12311015118790497 88
1754154024503 0.10998504735005815 89
1754154042372 0.14852965608905133 90
1754154061586 0.13930885529157666 91
1754154079101 0.12734673533809604 92
1754154096585 0.1558398405050673 93
1754154113130 0.14229938527994684 94
1754154130828 0.1409702608406712 95
1754154148338 0.10848978235587307 96
1754154165689 0.13839508223957467 97
1754154184550 0.11754444259843828 98
1754154200663 0.15608905133743148 99
1754154219334 0.16755274962618374 100
