1754152506382 6.679927294722321 0
1754152523810 6.856074469737918 1
1754152539927 6.230205234476827 2
1754152557151 6.978671862203166 3
1754152574303 5.756956104798295 4
1754152591553 6.752744584110616 5
1754152606421 6.151623161889365 6
1754152621914 6.0596287083154765 7
1754152639092 6.7336436056349145 8
1754152658064 5.720185468782142 9
1754152678189 5.8847905345427085 10
1754152696552 6.059562023445657 11
1754152713285 5.80327191947638 12
1754152729698 5.71920812193237 13
1754152749762 6.079958024208864 14
1754152766538 5.964675144804857 15
1754152784517 4.757777495274477 16
1754152793773 5.344007299502841 17
1754152810269 5.61819509334452 18
1754152827264 6.027356342965688 19
1754152842902 6.156668214843823 20
1754152858652 5.66555664408678 21
1754152876108 5.6949267641818535 22
1754152893086 5.934246236550027 23
1754152912354 6.105360748049791 24
1754152930713 6.495985485303296 25
1754152947541 5.484137146443617 26
1754152966544 5.01839398571101 27
1754152982154 5.631764995345252 28
1754152996989 5.2478839523742655 29
1754153016476 6.724832415272266 30
1754153035683 4.918043284004804 31
1754153054334 5.815867259396931 32
1754153070688 5.812379846347009 33
1754153089217 5.403660494225047 34
1754153106286 5.622460855176565 35
1754153122133 5.975577431436927 36
1754153140554 5.548152984410036 37
1754153159212 5.779582407986319 38
1754153175524 5.417714063762466 39
1754153192051 5.350648428338097 40
1754153208908 5.531336985114287 41
1754153227047 5.412130063708939 42
1754153244657 5.558743303730151 43
1754153263323 5.2554069584867396 44
1754153281519 4.837486748800101 45
1754153297658 5.20665788178392 46
1754153314188 5.671529997769272 47
1754153331124 6.478862625204211 48
1754153347205 5.311281828638033 49
1754153364132 6.186714176544251 50
1754153374712 5.063785500714838 51
1754153392040 4.6609718250083345 52
1754153403001 4.856237852818302 53
1754153420709 5.217604106206787 54
1754153440551 5.035515593337432 55
1754153450085 5.158976689100065 56
1754153469058 5.335244719520017 57
1754153489358 5.58086194555162 58
1754153509894 5.627399267126916 59
1754153528282 5.4800449132750195 60
1754153537499 4.8213228058820015 61
1754153554090 5.153420055674224 62
1754153569335 5.179952071999216 63
1754153588754 6.234807255151343 64
1754153606203 4.6622817957254705 65
1754153620341 4.695648919175582 66
1754153638226 4.504872211448131 67
1754153656796 5.242537621419662 68
1754153674645 4.966248592406436 69
1754153690732 5.004994686130793 70
1754153711564 4.581660306318411 71
1754153730290 4.509104896081551 72
1754153747401 4.990460027581587 73
1754153763991 5.185756813150687 74
1754153782710 4.83712292128423 75
1754153799378 4.750474340794041 76
1754153811160 4.848030715804984 77
1754153829287 4.530098013224385 78
1754153849122 5.390938028152962 79
1754153867126 5.1046139280053 80
1754153886102 4.144490530447405 81
1754153902070 5.215515094428327 82
1754153920860 5.248491605342894 83
1754153940101 4.439476767276931 84
1754153958021 5.024838330468047 85
1754153973899 5.033502756766333 86
1754153990538 4.409323251481665 87
1754154007186 4.83061162149103 88
1754154024505 5.198356531209658 89
1754154042373 4.316711200721414 90
1754154061587 4.422308667257159 91
1754154079102 4.7158269375866455 92
1754154096586 4.467663282103376 93
1754154113131 4.83656164972067 94
1754154130829 4.810617971001878 95
1754154148339 5.229757294431486 96
1754154165691 4.539714468702965 97
1754154184551 5.285236392383937 98
1754154200664 4.734744941825129 99
1754154219335 4.522849110741609 100
