1751930383141 0.260962883469637 0
1751930448478 0.27724530955112314 1
1751930512160 0.3284239351663398 2
1751930573879 0.3612293231691522 3
1751930634015 0.38909447507678646 4
1751930694943 0.36792732117085447 5
1751930758551 0.39312807608333644 6
1751930819094 0.39074122044184584 7
1751930878175 0.3906117011434704 8
1751930940595 0.3892239943751619 9
1751931003283 0.4062465307330792 10
1751931063961 0.4016023387484735 11
1751931125655 0.4003441512785405 12
1751931181486 0.39246197683454837 13
1751931249030 0.3838766976279466 14
1751931312309 0.38152684750027754 15
1751931371087 0.39444177182400175 16
1751931429407 0.4112052695851682 17
1751931488088 0.40778225955667396 18
1751931548391 0.40543240942900494 19
1751931612251 0.404081708174518 20
1751931674727 0.40447026606964437 21
1751931737520 0.3978832846094068 22
1751931797161 0.40119527809643635 23
1751931859488 0.39538541242645153 24
1751931915553 0.38496836028568254 25
1751931975852 0.4193279798690005 26
1751932039676 0.4289864189764275 27
1751932102034 0.4141842134478037 28
1751932161838 0.4068386189542242 29
1751932223532 0.4205676645820227 30
1751932285176 0.41899493024460643 31
1751932348199 0.4098915738445028 32
1751932407862 0.4099100766014136 33
1751932467561 0.4230470340080672 34
1751932531095 0.37904747807423306 35
1751932593756 0.403748658550124 36
1751932657885 0.4092254745957148 37
1751932716951 0.4184768530511046 38
1751932774913 0.40448876882655516 39
1751932838811 0.4172371683380824 40
1751932896632 0.41951300743810827 41
1751932961765 0.41525737334862894 42
1751933024505 0.4138696665803205 43
1751933082810 0.42628501646745365 44
1751933143961 0.4160529918957925 45
1751933203619 0.42099322799097066 46
1751933263516 0.4300965843910743 47
1751933328370 0.4233800836324612 48
1751933388274 0.4160159863819709 49
1751933447165 0.4009177367427747 50
