1751930383142 2.0200628549127444 0
1751930448479 1.9785729057038999 1
1751930512161 1.8972703377345417 2
1751930573880 1.8037872487990012 3
1751930634016 1.6854228287704316 4
1751930694944 1.7358480382332653 5
1751930758552 1.6988477694214394 6
1751930819095 1.6971710278694052 7
1751930878176 1.7027842316982735 8
1751930940596 1.723507367077601 9
1751931003284 1.6751249624513638 10
1751931063962 1.6911329593495434 11
1751931125656 1.749841693307008 12
1751931181487 1.7405896450722502 13
1751931249031 1.7966780544352732 14
1751931312309 1.8027273924013263 15
1751931371088 1.7203324233527018 16
1751931429408 1.7081078521471378 17
1751931488089 1.7286879250477332 18
1751931548391 1.7432497151752264 19
1751931612252 1.7114885229636199 20
1751931674727 1.7299576959299225 21
1751931737521 1.8006283056424293 22
1751931797162 1.7500182031440124 23
1751931859489 1.8050437103672585 24
1751931915554 1.8693384730766727 25
1751931975853 1.6706369723152337 26
1751932039677 1.6548024915201272 27
1751932102035 1.7326126224387937 28
1751932161839 1.7263226267540683 29
1751932223532 1.6937414292723367 30
1751932285176 1.7052044535120492 31
1751932348200 1.7323812110590069 32
1751932407863 1.724908078145795 33
1751932467562 1.6959940652814987 34
1751932531095 1.875993070742198 35
1751932593757 1.7338447855237267 36
1751932657886 1.762760222666192 37
1751932716951 1.696983018838252 38
1751932774914 1.7705721194747788 39
1751932838812 1.7246005481034608 40
1751932896633 1.7161446035359111 41
1751932961766 1.7254818940115917 42
1751933024506 1.7435572401998016 43
1751933082811 1.6806398238892521 44
1751933143962 1.7175133017320339 45
1751933203620 1.7021854411952209 46
1751933263517 1.6798130314558444 47
1751933328371 1.7015391621517586 48
1751933388275 1.7451099274480106 49
1751933447166 1.808220711523957 50
