1752702977800 0.014761983745231381 0
1752702988598 0.029026372532758336 1
1752702999093 0.04279316636258086 2
1752703009608 0.06070658483994029 3
1752703019986 0.07057555150107812 4
1752703031079 0.07853707082434898 5
1752703041683 0.08848896997843755 6
1752703052400 0.10009951899154089 7
1752703063433 0.10565599601924033 8
1752703073795 0.12381821197545198 9
1752703084101 0.12066677724332393 10
1752703094733 0.13003814894675733 11
1752703105116 0.13393597611544203 12
1752703116319 0.1469563775087079 13
1752703127402 0.14985901476198374 14
1752703137831 0.15690827666279647 15
1752703149030 0.15442030187427433 16
1752703160219 0.15964504893017084 17
1752703171493 0.1689334881406535 18
1752703182462 0.17241665284458452 19
1752703193609 0.17531929009786035 20
1752703204774 0.17847072482998838 21
1752703215984 0.18104163211146126 22
1752703226342 0.18551998673080114 23
1752703236814 0.18883728644883066 24
1752703248084 0.18991540885719024 25
1752703258797 0.19621827832144634 26
1752703269490 0.19953557803947586 27
1752703280706 0.20301874274340687 28
1752703292085 0.2056725825178305 29
1752703303289 0.20675070492619008 30
1752703314414 0.2111461270525792 31
1752703325248 0.21404876430585504 32
1752703336075 0.21670260408027867 33
1752703346691 0.2137999668270028 34
1752703357507 0.21952230884060375 35
1752703368383 0.22383479847404214 36
1752703379665 0.22632277326256428 37
1752703390188 0.23071819538895338 38
1752703400638 0.23096699286780561 39
1752703410983 0.23229391275501743 40
1752703421974 0.23469895505058883 41
1752703432998 0.23876264720517498 42
1752703443395 0.23892851219107647 43
1752703453761 0.24025543207828828 44
1752703464745 0.24672416652844584 45
1752703475948 0.24042129706418974 46
1752703486944 0.24672416652844584 47
1752703498145 0.2509537236689335 48
1752703509336 0.2525294410349975 49
1752703520602 0.2589981754851551 50
1752703531857 0.2536904959363078 51
1752703542972 0.25617847072482997 52
1752703553648 0.26065682534416984 53
1752703564362 0.2581688505556477 54
1752703574967 0.2625642726820368 55
1752703585914 0.2655498424282634 56
1752703596536 0.26778901973793334 57
1752703607576 0.26936473710399733 58
1752703618830 0.26803781721678555 59
1752703630264 0.2679548847238348 60
1752703640673 0.27351136175153423 61
1752703651125 0.2731796317797313 62
1752703661957 0.2774921214131697 63
1752703673141 0.2779067838779234 64
1752703684319 0.2788190413003815 65
1752703694862 0.27724332393431744 66
1752703706076 0.27981423121579035 67
1752703716911 0.28072648863824845 68
1752703727439 0.2813070160889036 69
1752703737855 0.2866146956377509 70
1752703748933 0.2871122905954553 71
1752703759490 0.28843921048266713 72
1752703770195 0.28719522308840606 73
1752703780865 0.2908442527782385 74
1752703791525 0.2900149278487311 75
1752703802788 0.29482501243987397 76
1752703814074 0.2915077127218444 77
1752703825269 0.2947420799469232 78
1752703835946 0.29615193232708575 79
1752703846450 0.2997180295239675 80
1752703857673 0.2985569746226572 81
1752703868394 0.2985569746226572 82
1752703878971 0.30121081439708075 83
1752703889528 0.3026206667772433 84
1752703900134 0.30071321943937634 85
1752703910568 0.3017913418477359 86
1752703921493 0.3058550340023221 87
1752703932642 0.3023718692983911 88
1752703943883 0.303035329241997 89
1752703954649 0.3067672914247802 90
1752703965632 0.30809421131199205 91
1752703976160 0.30842594128379497 92
1752703987383 0.3105821861005142 93
1752703997819 0.31141151103002157 94
1752704009193 0.31290429590313484 95
1752704020480 0.3121579034665782 96
1752704031433 0.3145629457621496 97
1752704041979 0.31290429590313484 98
1752704052427 0.3156410681705092 99
1752704063041 0.3158069331564107 100
