1750151456638 0.11231173444843282 0
1750151773957 0.15222218110498464 1
1750152079572 0.12234022869407542 2
1750152372547 0.13340487732672168 3
1750152656234 0.18846908189320208 4
1750152947104 0.19085593753469268 5
1750153252516 0.18839507086555896 6
1750153538836 0.16654331495392813 7
1750153812767 0.1836398623394886 8
1750154109713 0.16404544277097288 9
1750154411755 0.18278873552159272 10
1750154695499 0.1809939681012471 11
1750154986482 0.2156311290382267 12
1750155235781 0.19204011397698256 13
1750155566553 0.22390186137734522 14
1750155871974 0.22488250749361655 15
1750156144053 0.2069718388039818 16
1750156417002 0.21302224031380676 17
1750156692520 0.21548310698294046 18
1750156976828 0.2021426192502683 19
1750157284408 0.19068941272249565 20
1750157582740 0.22205158568626726 21
1750157877618 0.22362432002368354 22
1750158153052 0.19581467638678163 23
1750158451251 0.24351478370277171 24
1750158705891 0.23790844835880545 25
1750158984066 0.26388631906154014 26
1750159289560 0.2566702438663361 27
1750159585003 0.23776042630351923 28
1750159862685 0.22521555711801058 29
1750160156260 0.25548606742404617 30
1750160448872 0.2587425526403434 31
1750160752758 0.24832550049957444 32
1750161031294 0.23737186840839286 33
1750161307433 0.23187654960589127 34
1750161609978 0.2293971801798468 35
1750161905204 0.23857454760759353 36
1750162216101 0.23581763682788737 37
1750162492326 0.23474447692706213 38
1750162762291 0.2538393220589868 39
1750163073232 0.26153646893387117 40
1750163339043 0.2528401731858047 41
1750163657641 0.25387632757280837 42
1750163957273 0.24604966139954854 43
1750164225985 0.262054546127373 44
1750164514847 0.26216556266883767 45
1750164794099 0.24854753358250378 46
1750165076845 0.2823520704584983 47
1750165391768 0.25951966843059615 48
1750165673487 0.24199755763608777 49
1750165950172 0.23000777115790252 50
