1750151456638 2.2959565338162027 0
1750151773958 2.2981220537324796 1
1750152079573 2.3082881855813095 2
1750152372548 2.2848719728114153 3
1750152656235 2.2640942471037664 4
1750152947104 2.2637619605103554 5
1750153252517 2.256449972414416 6
1750153538837 2.2445540798108135 7
1750153812768 2.240390144640827 8
1750154109714 2.2394855227870214 9
1750154411755 2.2207617003438336 10
1750154695500 2.2156667193372557 11
1750154986483 2.2152124087576315 12
1750155235782 2.2175210164232846 13
1750155566553 2.2065627069286524 14
1750155871975 2.2058401014858937 15
1750156144054 2.198245416572158 16
1750156417003 2.2109037370373326 17
1750156692521 2.19281805381936 18
1750156976829 2.1800403787024276 19
1750157284408 2.1742270973618085 20
1750157582741 2.1695674132495397 21
1750157877619 2.1714127070942166 22
1750158153053 2.172628435406639 23
1750158451251 2.1604302746918487 24
1750158705891 2.1762306807981635 25
1750158984067 2.1436640576726407 26
1750159289561 2.126173170701151 27
1750159585004 2.1316689181275823 28
1750159862686 2.137642936852353 29
1750160156261 2.1327113812165903 30
1750160448873 2.1238204225366073 31
1750160752759 2.1163483495795474 32
1750161031294 2.1187882367477444 33
1750161307434 2.1165635095196453 34
1750161609979 2.126797700767965 35
1750161905205 2.1131867524017776 36
1750162216101 2.115683959429958 37
1750162492327 2.1123302038803073 38
1750162762292 2.1047659582629525 39
1750163073233 2.0917783692941705 40
1750163339044 2.0865995487609896 41
1750163657642 2.090438887810885 42
1750163957274 2.0907525482279956 43
1750164225986 2.076006729444281 44
1750164514848 2.077613312325994 45
1750164794099 2.0787401472264877 46
1750165076846 2.0678211719684105 47
1750165391769 2.0669945471359017 48
1750165673487 2.084391594519444 49
1750165950173 2.0905225782138634 50
