1754390947740 0.22066387891795877 0
1754390988073 0.2954890278651519 1
1754391034099 0.3537912148910188 2
1754391072262 0.36317211264478405 3
1754391116214 0.3603041853236132 4
1754391152009 0.39658809162565223 5
1754391208249 0.3991784775931614 6
1754391248692 0.4285608555674796 7
1754391292556 0.4318728490545091 8
1754391328295 0.441457277134293 9
1754391375340 0.4509861969433446 10
1754391420465 0.4586833438182289 11
1754391466389 0.45901639344262296 12
1754391499376 0.4751693002257336 13
1754391554012 0.4752063057395552 14
1754391595139 0.4819228064981682 15
1754391645959 0.47409614032490843 16
1754391685045 0.4976316471154202 17
1754391729695 0.4884357769307627 18
1754391765561 0.49100766014136105 19
1754391820257 0.49304296340154685 20
1754391857157 0.49957443659105205 21
1754391901373 0.5026643969951523 22
1754391945504 0.4948192280649817 23
1754391992590 0.49929689523739035 24
1754392044716 0.5038485734374422 25
1754392092785 0.5061984235651112 26
1754392129679 0.5153387854790363 27
1754392176424 0.5047182030122488 28
1754392209881 0.522924915812456 29
1754392257241 0.5105095659253229 30
1754392295046 0.5239980757132813 31
1754392347237 0.5113606927432187 32
1754392384263 0.5226103689449728 33
1754392431415 0.5236095178181549 34
1754392469748 0.5279946712060097 35
1754392512741 0.5151722606668394 36
1754392551377 0.5349147022906413 37
1754392589585 0.5240350812271029 38
1754392628257 0.5393183584354069 39
1754392673517 0.5319542611849165 40
1754392719818 0.5328608962735447 41
1754392776204 0.5273470747141324 42
1754392815056 0.5397439218443548 43
1754392860085 0.5247381859897124 44
1754392891986 0.5392443474077637 45
1754392939608 0.5261628982718425 46
1754392975978 0.5403360100654998 47
1754393026264 0.5250712356141065 48
1754393059603 0.53796765718092 49
1754393106595 0.5276616215816157 50
1754393138872 0.5404285238500537 51
1754393186064 0.5360618732191097 52
1754393227252 0.533508492765422 53
1754393276047 0.5315657032897901 54
1754393321364 0.5414091699663249 55
1754393372835 0.5379861599378307 56
1754393415694 0.5312511564223069 57
1754393460839 0.5435554897679754 58
1754393504736 0.5341745920142101 59
1754393552375 0.5467934722273619 60
1754393592460 0.5263479258409502 61
1754393640739 0.5458128261110905 62
1754393683087 0.5329349073011879 63
1754393721815 0.5452392406468564 64
1754393767300 0.5333049624394035 65
1754393806219 0.5480516596972949 66
1754393864324 0.5327313769751693 67
1754393901573 0.5426858601931688 68
1754393948277 0.5372460496613995 69
1754393988273 0.5242571143100322 70
1754394028422 0.5477741183436332 71
1754394071331 0.5342115975280317 72
1754394113439 0.5449246937793731 73
1754394154458 0.5416682085630758 74
1754394199570 0.5325093438922399 75
1754394236949 0.5459053398956445 76
1754394280195 0.5322132997816674 77
1754394322691 0.5400029604411057 78
1754394362139 0.5417607223476298 79
1754394410012 0.5343596195833179 80
1754394456094 0.5353032601857677 81
1754394499195 0.5490323058135662 82
1754394541416 0.532250305295489 83
1754394588062 0.542500832624061 84
1754394627847 0.5440180586907449 85
1754394674621 0.5444806276135145 86
1754394715940 0.5341745920142101 87
1754394762609 0.5401879880102135 88
1754394804951 0.5396329053028901 89
1754394844365 0.5444991303704252 90
1754394890288 0.5381711875069385 91
1754394937247 0.5471265218517559 92
1754394982962 0.5379306516670984 93
1754395026721 0.542574843651704 94
1754395072461 0.548551234133886 95
1754395114755 0.5391148281093883 96
1754395158686 0.5412611479110387 97
1754395202466 0.5392998556784961 98
1754395247161 0.5395958997890685 99
1754395291153 0.5438700366354586 100
