1754245112140 0.10170965473855605 0
1754245152664 0.2164267475853902 1
1754245205142 0.15558968286274655 2
1754245243046 0.12778003922584466 3
1754245284885 0.21213410798208934 4
1754245333882 0.15923472597417015 5
1754245379542 0.20092143729415682 6
1754245435281 0.16461902823520705 7
1754245468168 0.10533619509306887 8
1754245522502 0.0990082522295822 9
1754245558059 0.10761203419309477 10
1754245613729 0.22708433556599933 11
1754245683949 0.27948414313732745 12
1754245744539 0.10072900862228472 13
1754245819880 0.21228213003737556 14
1754245881967 0.1809014543166932 15
1754245913710 0.15675535654812567 16
1754245970980 0.21056137364467306 17
1754246016218 0.1426932612959331 18
1754246052410 0.28892054916182514 19
1754246089057 0.19964474706731303 20
1754246152768 0.17313029641416572 21
1754246198372 0.2553565481256707 22
1754246237302 0.1764052843873737 23
1754246280571 0.3463531066128853 24
1754246326093 0.2728786589201791 25
1754246359135 0.10113606927432188 26
1754246396169 0.2771527957665692 27
1754246447520 0.22371683380823743 28
1754246482092 0.3023350479221404 29
1754246519077 0.2563741997557636 30
1754246576192 0.2940643155830219 31
1754246649646 0.25176701328497947 32
1754246701013 0.15579321318876513 33
1754246739211 0.2863116604374052 34
1754246781437 0.32792436072974873 35
1754246819829 0.2544499130370425 36
1754246898251 0.21074640121378085 37
1754246932372 0.2881434333715724 38
1754246966721 0.19400140620952522 39
1754247023162 0.2810938829885653 40
1754247077737 0.24693779373126595 41
1754247126043 0.2739888243348259 42
1754247179323 0.3183769381637864 43
1754247211604 0.25306220626873405 44
1754247258310 0.22580764533915554 45
1754247306113 0.20362283980313067 46
1754247341003 0.24022129297265293 47
1754247404321 0.3857639788328461 48
1754247442616 0.2620360433704622 49
1754247476911 0.15916071494652703 50
1754247534632 0.2014025089738371 51
1754247589494 0.23128446138474631 52
1754247634957 0.2800022203308293 53
1754247678821 0.30309366095548235 54
1754247746785 0.10563223920364134 55
1754247791018 0.2642008659290234 56
1754247844529 0.3476112940828183 57
1754247910135 0.2891240794878437 58
1754247945737 0.1869888613403397 59
1754247999539 0.20717536913000037 60
1754248049786 0.2491766273174703 61
1754248087306 0.3467231617511009 62
1754248122245 0.36681715575620766 63
1754248191438 0.2639603300891833 64
1754248225218 0.22399437516189913 65
1754248299345 0.21859157014395145 66
1754248368479 0.13025940865188912 67
1754248400098 0.2457166117751545 68
1754248432855 0.2588350664248973 69
1754248468224 0.33704621988676314 70
1754248506884 0.2492691411020242 71
1754248540793 0.36017466602523773 72
1754248599676 0.17744143877437737 73
1754248665332 0.35023868556414905 74
1754248710933 0.24320023683528846 75
1754248743892 0.3031306664693039 76
1754248783031 0.3553269437146135 77
1754248824778 0.2129112237723421 78
1754248870421 0.29162195167079896 79
1754248914304 0.3329201050956593 80
1754248945901 0.36008215224068385 81
1754249000830 0.32836842689560747 82
1754249047399 0.2983014469155904 83
1754249085531 0.36437479184398475 84
1754249117231 0.32355771009880474 85
1754249169704 0.3619879362024942 86
1754249203311 0.21457647189431225 87
1754249255161 0.19779447137623507 88
1754249314637 0.27913259075602265 89
1754249357862 0.20795248492025312 90
1754249394692 0.2464382192946749 91
1754249451919 0.26172149650297893 92
1754249486843 0.14928024275617066 93
1754249519422 0.26074085038670763 94
1754249561816 0.3059430855197424 95
1754249615288 0.4028975317322281 96
1754249648988 0.2505273285719572 97
1754249690774 0.43337157236428225 98
1754249736128 0.17701587536542945 99
1754249778431 0.11070199459719499 100
