1753634725746 0.020019936866589136 0
1753634743447 0.039209170958631 1
1753634761535 0.07110815750124605 2
1753634789766 0.08822063465691976 3
1753634803437 0.10441933876059147 4
1753634825445 0.1188735670377139 5
1753634839206 0.13831201196211995 6
1753634867420 0.1517693969097857 7
1753634895275 0.1627346735338096 8
1753634916965 0.1736168798803788 9
1753634931369 0.18142548596112312 10
1753634946872 0.1928891842498754 11
1753634970104 0.20302375809935205 12
1753634999447 0.21415517527828543 13
1753635017085 0.2265326466190397 14
1753635031507 0.23159993354377803 15
1753635064643 0.2323475660408706 16
1753635093138 0.23284598770559894 17
1753635107206 0.24032231267652435 18
1753635121740 0.24946004319654427 19
1753635144216 0.25120451902309354 20
1753635165384 0.2571025087223791 21
1753635193828 0.2573517195547433 22
1753635220901 0.26532646619039707 23
1753635238062 0.26291742814421 24
1753635266329 0.26291742814421 25
1753635280228 0.2659910284100349 26
1753635303696 0.2672370825718558 27
1753635334732 0.2734673533809603 28
1753635360380 0.2747964778202359 29
1753635377197 0.2769563050340588 30
1753635393209 0.27313507227114137 31
1753635420076 0.2737996344907792 32
1753635433712 0.28044525668715736 33
1753635466126 0.2811928891842499 34
1753635486466 0.28542947333444096 35
1753635515184 0.28700780860608077 36
1753635546567 0.29174281442100014 37
1753635574495 0.2928227280279116 38
1753635604226 0.29307193886027577 39
1753635623922 0.2989699285595614 40
1753635651674 0.29764080412028576 41
1753635665702 0.2965608905133743 42
1753635690023 0.2958132580162818 43
1753635715074 0.29880378800465196 44
1753635744551 0.2949825552417345 45
1753635775102 0.2929888685828211 46
1753635795969 0.29722545273301215 47
1753635822606 0.29448413357700615 48
1753635841591 0.299385279946835 49
1753635858724 0.2989699285595614 50
1753635887261 0.29830536633992355 51
1753635904422 0.3007974746635654 52
1753635933742 0.30420335603920917 53
1753635961923 0.30162817743811265 54
1753635992353 0.3027080910450241 55
1753636006599 0.301212826050839 56
1753636038491 0.30503405881375645 57
1753636053170 0.30669546436285094 58
1753636084090 0.3045356371490281 59
1753636100222 0.3011297557733843 60
1753636124604 0.30420335603920917 61
1753636155115 0.3083568699119455 62
1753636169414 0.3101844160159495 63
1753636199759 0.31226117295231764 64
1753636214892 0.31184582156504403 65
1753636247369 0.3116796810101346 66
1753636261675 0.3091875726864928 67
1753636277241 0.3059478318657584 68
1753636306661 0.3081076590795813 69
1753636322593 0.31059976740322315 70
1753636336859 0.31126432962286094 71
1753636366722 0.3083568699119455 72
1753636395247 0.30827379963449075 73
1753636425467 0.30877222129921916 74
1753636442956 0.3130088054494102 75
1753636457494 0.31558398405050675 76
1753636486361 0.30976906462867587 77
1753636509488 0.31035055657085897 78
1753636523652 0.31259345406213657 79
1753636552291 0.3102674862934042 80
1753636581380 0.3116796810101346 81
1753636611416 0.31716231932214656 82
1753636640040 0.3176607409868749 83
1753636655090 0.31624854627014454 84
1753636686648 0.315500913773052 85
1753636721283 0.317328459877056 86
1753636740905 0.3141717893337764 87
1753636757389 0.31442100016614055 88
1753636791384 0.31442100016614055 89
1753636806089 0.3135902973915933 90
1753636823941 0.31500249210832365 91
1753636850332 0.3145040704435953 92
1753636864793 0.31483635155341416 93
1753636893475 0.31840837348396744 94
1753636913037 0.31782688154178435 95
1753636927725 0.3160824057152351 96
1753636952361 0.31782688154178435 97
1753636976674 0.31458714072105 98
1753636996377 0.3174946004319654 99
1753637010729 0.3108489782355873 100
