1753634725747 4.537269750432655 0
1753634743448 4.432045307037695 1
1753634761537 4.326123143918696 2
1753634789767 4.235400247284497 3
1753634803438 4.168867754621918 4
1753634825446 4.092724231252812 5
1753634839207 4.021923576520811 6
1753634867421 3.982027109234521 7
1753634895276 3.9396655522372637 8
1753634916966 3.9069489303007363 9
1753634931371 3.893197063148508 10
1753634946873 3.860147643835132 11
1753634970105 3.8692503201584856 12
1753634999448 3.8396925339516197 13
1753635017086 3.82244195313752 14
1753635031508 3.8464608826031617 15
1753635064644 3.8456298796345836 16
1753635093139 3.8753628141587186 17
1753635107208 3.8586479060743164 18
1753635121741 3.8459117042891124 19
1753635144217 3.8673408418475996 20
1753635165385 3.8535550265263305 21
1753635193829 3.8507955483024303 22
1753635220902 3.8664696005428905 23
1753635238063 3.8883046441046756 24
1753635266330 3.8583958805991805 25
1753635280229 3.9096937982213875 26
1753635303697 3.935136734341747 27
1753635334733 3.90567894041426 28
1753635360381 3.92021577931094 29
1753635377198 3.9080572780404887 30
1753635393210 3.9046426254863844 31
1753635420077 3.9380416935222073 32
1753635433713 3.9638747124273825 33
1753635466127 3.9721702572054185 34
1753635486467 3.9626031155166177 35
1753635515185 3.971265834790689 36
1753635546568 3.942481693468924 37
1753635574496 3.9838065500849584 38
1753635604227 3.969391912621019 39
1753635623924 3.9720193004416084 40
1753635651675 4.012672370305543 41
1753635665703 4.029958139324717 42
1753635690025 4.024555296111142 43
1753635715076 4.023834406029333 44
1753635744552 4.02319732698144 45
1753635775103 4.066342182128492 46
1753635795971 4.043210987105333 47
1753635822607 4.003185278920604 48
1753635841592 4.004856282346641 49
1753635858725 4.044883205965988 50
1753635887262 4.047258596018434 51
1753635904423 4.067895561830846 52
1753635933743 4.045637232965694 53
1753635961924 4.058478992019994 54
1753635992354 4.075321422464604 55
1753636006601 4.056322034809299 56
1753636038492 4.074752198481166 57
1753636053171 4.085787112903934 58
1753636084091 4.064902588416403 59
1753636100223 4.0414842326388145 60
1753636124605 4.052778418822677 61
1753636155116 4.0574892235802515 62
1753636169415 4.104728436402682 63
1753636199760 4.121116800549814 64
1753636214893 4.097511387577264 65
1753636247370 4.098220838818073 66
1753636261676 4.097272824835119 67
1753636277242 4.109850278501107 68
1753636306662 4.154768435326199 69
1753636322594 4.15203190989189 70
1753636336860 4.113554138784554 71
1753636366723 4.058866452088189 72
1753636395248 4.111443883016609 73
1753636425468 4.105993157442481 74
1753636442958 4.113906247386575 75
1753636457495 4.08002407740015 76
1753636486362 4.106637181370022 77
1753636509489 4.086586551019327 78
1753636523653 4.1031351436298245 79
1753636552292 4.130583737130493 80
1753636581381 4.118794883328343 81
1753636611417 4.156695973713494 82
1753636640041 4.149761820474312 83
1753636655091 4.145757023919375 84
1753636686649 4.14519634765545 85
1753636721284 4.139454086634075 86
1753636740906 4.146731209826036 87
1753636757391 4.101195242853812 88
1753636791385 4.141804357662838 89
1753636806090 4.110549426588285 90
1753636823942 4.135711506352087 91
1753636850333 4.1158434059622895 92
1753636864794 4.123259817622875 93
1753636893476 4.119335297605038 94
1753636913038 4.129801454585724 95
1753636927726 4.152787914636445 96
1753636952362 4.118213637679547 97
1753636976676 4.144561287067904 98
1753636996378 4.163405560869057 99
1753637010730 4.122954437228945 100
