1754240650947 4.15910560447187 0
1754240702961 4.062634881412113 1
1754240745837 5.95053601565867 2
1754240800019 4.8551910550813115 3
1754240842711 4.529607416578848 4
1754240890482 6.410460291278843 5
1754240926454 4.72329444541295 6
1754240988499 5.868846714448298 7
1754241026587 5.801523299369112 8
1754241063443 9.203657236161552 9
1754241111713 4.207355214995656 10
1754241154022 5.585296542972371 11
1754241189100 3.7437553939439674 12
1754241220452 10.683539326045343 13
1754241259638 3.9851342594000996 14
1754241299245 6.772468186398797 15
1754241351297 10.820040795111748 16
1754241414733 5.856150909681473 17
1754241447020 5.108720008739521 18
1754241500681 4.22043309609621 19
1754241548198 4.391514297374955 20
1754241591883 5.002054444670696 21
1754241628214 4.723156606686952 22
1754241661582 7.3251310138828725 23
1754241698584 2.9535636174944178 24
1754241729767 4.35515426079535 25
1754241797535 11.436058209575974 26
1754241836988 2.9650588377212204 27
1754241872288 4.150101523596606 28
1754241929661 3.622015844200303 29
1754241989837 3.9455944101605898 30
1754242024886 3.814555215908466 31
1754242068310 5.15813962305864 32
1754242113705 5.139842516999472 33
1754242153624 3.7556292142915098 34
1754242190076 3.5565952731638766 35
1754242238625 11.624930799804044 36
1754242296706 5.672743196605749 37
1754242345929 4.067779196818576 38
1754242412372 5.708273561359389 39
1754242472840 4.361581199349224 40
1754242516911 3.411214689055657 41
1754242558239 4.147502582424482 42
1754242598681 3.852148829004264 43
1754242631649 6.006484382908282 44
1754242696150 4.441817754476481 45
1754242751213 5.451425030840785 46
1754242796607 4.8539036899308 47
1754242846939 3.0435026238418676 48
1754242898243 3.3802214686426795 49
1754242948357 5.387051910324116 50
1754242995726 4.6386230258770835 51
1754243056004 6.24607005436478 52
1754243102921 4.253415740778275 53
1754243141402 3.4421343042243158 54
1754243177298 10.660617811465109 55
1754243225820 3.5413580294157425 56
1754243300155 3.4073148285270385 57
1754243335751 4.258043199776296 58
1754243372263 6.212087640230625 59
1754243415667 5.721289362177105 60
1754243454190 11.604760785946988 61
1754243496695 3.4833871645980707 62
1754243535462 3.809918649964992 63
1754243570996 3.916886632555908 64
1754243606410 4.799545892215523 65
1754243645546 3.8699420127757254 66
1754243683545 6.227711340023246 67
1754243716698 5.485493371800373 68
1754243764553 5.599303428323117 69
1754243812059 3.816826079072464 70
1754243846561 4.354767150850636 71
1754243880650 12.38717661625134 72
1754243918305 5.966607742355726 73
1754243959545 3.990537426942966 74
1754244016713 4.8852372857423045 75
1754244057257 4.461495488529492 76
1754244091866 12.002245808367247 77
1754244127679 5.7860521358793395 78
1754244159456 4.5360312190733785 79
1754244194186 3.952682992601033 80
1754244239939 2.9264127079811093 81
1754244292181 3.5916219014653046 82
1754244333055 3.9092121778392483 83
1754244376328 3.3802686957935433 84
1754244408148 4.995143100832363 85
1754244449846 3.651398532525022 86
1754244482963 4.718204653432477 87
1754244519258 4.519142009729594 88
1754244570858 3.664490227851731 89
1754244611517 5.4085108351890385 90
1754244683417 5.241395497247884 91
1754244722583 5.569288415698454 92
1754244768906 13.23808712476651 93
1754244804364 6.5514655310961105 94
1754244845327 4.409335041386239 95
1754244880206 2.9891871389260336 96
1754244914890 6.006925179984292 97
1754244950701 3.7765793257728824 98
1754244985674 15.534174002404734 99
1754245021804 11.078277267675377 100
