1753566403130 0.03156670543279615 0
1753566432688 0.07210500083070277 1
1753566448403 0.08896826715401229 2
1753566463519 0.11397242066788503 3
1753566479632 0.13739823891011796 4
1753566496287 0.14994185080578168 5
1753566523655 0.1746137232098355 6
1753566541098 0.19031400564877887 7
1753566555907 0.20136235255025753 8
1753566588624 0.21490280777537796 9
1753566605838 0.2184748297059312 10
1753566635470 0.2265326466190397 11
1753566657818 0.23201528493105167 12
1753566674955 0.24597109154344576 13
1753566702578 0.25436118956637316 14
1753566736336 0.2636650606413025 15
1753566752125 0.26648945007476327 16
1753566781040 0.2697291908954976 17
1753566798231 0.2747964778202359 18
1753566813754 0.2791992025253364 19
1753566840973 0.2775377969762419 20
1753566856964 0.2840172786177106 21
1753566875573 0.28418341917262 22
1753566889282 0.2919920252533644 23
1753566921069 0.2877554411031733 24
1753566953587 0.29764080412028576 25
1753566978047 0.2953148363515534 26
1753566991970 0.2981392257850141 27
1753567022357 0.3002159827213823 28
1753567049007 0.3011297557733843 29
1753567078973 0.3011297557733843 30
1753567096568 0.3037049343744808 31
1753567123635 0.30146203688320317 32
1753567153590 0.3027911613224788 33
1753567169878 0.30345572354211664 34
1753567193469 0.30843994018940024 35
1753567224374 0.3083568699119455 36
1753567244184 0.31068283768067784 37
1753567259770 0.31101511879049676 38
1753567288805 0.3135902973915933 39
1753567312488 0.317328459877056 40
1753567328281 0.3186575843163316 41
1753567344803 0.3142548596112311 42
1753567363669 0.31699617876723707 43
1753567393713 0.31716231932214656 44
1753567426279 0.3158331948828709 45
1753567450411 0.31317494600431967 46
1753567467151 0.31724538959960125 47
1753567494697 0.31907293570360523 48
1753567508350 0.3227280279116132 49
1753567537595 0.31940521681342415 50
1753567552523 0.3195713573683336 51
1753567576277 0.31898986542615054 52
1753567603707 0.3223126765243396 53
1753567635331 0.32214653596943016 54
1753567650225 0.3248878551254361 55
1753567663833 0.32621697956471174 56
1753567678718 0.32895829872071775 57
1753567713476 0.32380794151852466 58
1753567729953 0.32555241734507395 59
1753567754402 0.32438943346070775 60
1753567783163 0.3250539956803456 61
1753567797819 0.328875228443263 62
1753567829643 0.32580162817743813 63
1753567854365 0.3304535637149028 64
1753567887518 0.33020435288253863 65
1753567903092 0.3297059312178103 66
1753567933634 0.327961455391261 67
1753567955196 0.32737996344907794 68
1753567976976 0.32596776873234756 69
1753568005571 0.3292075095530819 70
1753568035252 0.3320318989865426 71
1753568050745 0.3278783851138063 72
1753568072414 0.3302874231599934 73
1753568100489 0.3336102342581824 74
1753568115335 0.3322811098189068 75
1753568130167 0.33020435288253863 76
1753568145430 0.33219803954145205 77
1753568159301 0.3310350556570859 78
1753568178078 0.33377637481309186 79
1753568197171 0.3324472503738162 80
1753568230303 0.3347732181425486 81
1753568247672 0.33178268815417844 82
1753568277836 0.3335271639807277 83
1753568292988 0.33311181259345407 84
1753568306770 0.33552085063964115 85
1753568331367 0.33311181259345407 86
1753568354300 0.3326133909287257 87
1753568368559 0.3356869911945506 88
1753568399003 0.33676690480146204 89
1753568429827 0.33651769396909786 90
1753568455011 0.33676690480146204 91
1753568468424 0.33776374813091875 92
1753568490677 0.33834524007310185 93
1753568518179 0.3402558564545606 94
1753568539628 0.3441601594949327 95
1753568565760 0.33593620202691477 96
1753568581069 0.338594450905466 97
1753568608983 0.337680677853464 98
1753568624200 0.342249543113474 99
1753568647526 0.3400897158996511 100
