1753566403131 4.522318101373271 0
1753566432689 4.364585982877656 1
1753566448404 4.180884884001944 2
1753566463520 4.027586526789908 3
1753566479633 3.896411012246235 4
1753566496288 3.7783091034592884 5
1753566523656 3.668190358210917 6
1753566541099 3.585774793138961 7
1753566555908 3.5219558253650463 8
1753566588625 3.4506528283742015 9
1753566605839 3.3952864715683333 10
1753566635471 3.348632237419321 11
1753566657820 3.315380167152922 12
1753566674956 3.2619510298744108 13
1753566702579 3.234762062629064 14
1753566736337 3.2186677681898366 15
1753566752126 3.2004043915252303 16
1753566781041 3.194240730598048 17
1753566798232 3.1751251614575207 18
1753566813755 3.1309543675734273 19
1753566840974 3.1641448566631234 20
1753566856965 3.133162786725376 21
1753566875574 3.1421166161446674 22
1753566889283 3.12037895756128 23
1753566921071 3.118884511848553 24
1753566953588 3.0753832600884516 25
1753566978048 3.087259342441451 26
1753566991971 3.104257018371815 27
1753567022358 3.0897352667464997 28
1753567049008 3.060020142343409 29
1753567078974 3.068829178317468 30
1753567096570 3.0691179013958183 31
1753567123636 3.056816739576036 32
1753567153591 3.0615676080464667 33
1753567169879 3.069478596671153 34
1753567193470 3.033179390976733 35
1753567224376 3.0585824095771312 36
1753567244185 3.0383373951220967 37
1753567259771 3.032829789985396 38
1753567288806 3.0311985079103194 39
1753567312489 3.0026561490447734 40
1753567328282 3.0094190788433677 41
1753567344804 3.042853825615899 42
1753567363670 3.0229604830862113 43
1753567393714 3.011490912099692 44
1753567426280 3.0009815950483727 45
1753567450412 3.022565183254884 46
1753567467152 3.0197729750186184 47
1753567494698 2.9923995861974215 48
1753567508351 2.9690676673913154 49
1753567537596 2.9869586090165767 50
1753567552524 2.9805798671951003 51
1753567576279 3.0007242849959965 52
1753567603708 2.991779907387304 53
1753567635332 2.9781430656689434 54
1753567650226 2.9720504143156248 55
1753567663835 2.96159200622562 56
1753567678719 2.965164863382281 57
1753567713477 2.9738274345552105 58
1753567729954 2.9845174471406315 59
1753567754403 2.962270308601654 60
1753567783164 2.9573592250380565 61
1753567797820 2.9439858963958985 62
1753567829644 2.955795662011854 63
1753567854366 2.9411312857789706 64
1753567887519 2.9282016165805524 65
1753567903093 2.946043809548061 66
1753567933635 2.927880191832912 67
1753567955197 2.9472036041813583 68
1753567976978 2.9541584893509194 69
1753568005572 2.922911291907312 70
1753568035253 2.925081491850739 71
1753568050746 2.901051389117774 72
1753568072415 2.9249560106596353 73
1753568100490 2.914592425954544 74
1753568115336 2.9317918430033973 75
1753568130168 2.9069261606934678 76
1753568145431 2.9121605076315165 77
1753568159302 2.9012415686844033 78
1753568178079 2.8854893811622357 79
1753568197172 2.909716365679235 80
1753568230304 2.9027185239915845 81
1753568247673 2.9178281371240264 82
1753568277837 2.907548360231906 83
1753568292989 2.9133670863171806 84
1753568306771 2.893690095829724 85
1753568331368 2.9148631867447716 86
1753568354301 2.869339038766211 87
1753568368560 2.8695441852022623 88
1753568399004 2.8949953764926493 89
1753568429828 2.858787173885859 90
1753568455012 2.8771661370088424 91
1753568468425 2.865756541736881 92
1753568490678 2.8808222291116112 93
1753568518180 2.8554262174119955 94
1753568539629 2.8508194436863468 95
1753568565761 2.88304341101614 96
1753568581070 2.8463482497114594 97
1753568608984 2.861049178283842 98
1753568624201 2.8537613084579916 99
1753568647527 2.8518401483227005 100
