1755748900704 0.01761089882040206 0
1755748933641 0.031151354045522512 1
1755748967092 0.07102508722379133 2
1755748999915 0.06753613557069281 3
1755749030171 0.08979896992855955 4
1755749063914 0.08996511048346902 5
1755749097585 0.10325635487622528 6
1755749127878 0.10832364180096361 7
1755749160497 0.12111646452899152 8
1755749193018 0.12585147034391095 9
1755749223574 0.1388104336268483 10
1755749256160 0.1427978069446752 11
1755749288686 0.1545937863432464 12
1755749321983 0.15758431633161654 13
1755749353037 0.16813424156836684 14
1755749385991 0.17652433959129424 15
1755749418217 0.1810932048513042 16
1755749449516 0.1879049676025918 17
1755749482783 0.18989865426150523 18
1755749512522 0.19729190895497592 19
1755749544877 0.2010300714404386 20
1755749575800 0.20717727197208838 21
1755749599883 0.21290912111646454 22
1755749632220 0.21614886193719887 23
1755749662748 0.2240405382953979 24
1755749694295 0.22420667885030737 25
1755749725701 0.23309519853796312 26
1755749756031 0.23292905798305366 27
1755749787681 0.23874397740488454 28
1755749819403 0.24198371822561887 29
1755749852226 0.24597109154344576 30
1755749883238 0.24912776208672538 31
1755749914523 0.25178601096527664 32
1755749945798 0.25377969762419006 33
1755749978935 0.2604253198205682 34
1755750013252 0.2595115467685662 35
1755750047627 0.26532646619039707 36
1755750081497 0.2658248878551254 37
1755750114153 0.27155673699950156 38
1755750146672 0.26856620701113143 39
1755750178823 0.2719720883867752 40
1755750211939 0.27238743977404883 41
1755750244932 0.2793653430802459 42
1755750270733 0.2766240239242399 43
1755750306015 0.2830204352882539 44
1755750340072 0.2824389433460708 45
1755750370124 0.2884200033228111 46
1755750401778 0.2846818408373484 47
1755750433896 0.29207509553081906 48
1755750464449 0.2871739491609902 49
1755750498666 0.296976241900648 50
1755750529405 0.290579830536634 51
1755750561971 0.2989699285595614 52
1755750594766 0.29705931217810266 53
1755750626960 0.3027080910450241 54
1755750659786 0.29647782023591956 55
1755750688025 0.3051171290912112 56
1755750720654 0.301212826050839 57
1755750753765 0.3091875726864928 58
1755750786618 0.30387107492939025 59
1755750818788 0.31284266489450074 60
1755750851909 0.30760923741485297 61
1755750884020 0.3161654759926898 62
1755750916166 0.3073600265824888 63
1755750947249 0.3170792490446918 64
1755750981085 0.30976906462867587 65
1755751015564 0.3195713573683336 66
1755751048568 0.31226117295231764 67
1755751078869 0.32056820069779035 68
1755751110078 0.31716231932214656 69
1755751141315 0.3251370659578003 70
1755751171256 0.31815916265160327 71
1755751200549 0.3254693470676192 72
1755751231361 0.3192390762585147 73
1755751265226 0.3274630337265326 74
1755751297606 0.322478817079249 75
1755751327931 0.3285429473334441 76
1755751360232 0.32256188735670377 77
1755751392915 0.3312842664894501 78
1755751423454 0.32621697956471174 79
1755751455526 0.3335271639807277 80
1755751488214 0.3272968931716232 81
1755751520149 0.3338594450905466 82
1755751552457 0.32713075261671376 83
1755751584872 0.33518856952982223 84
1755751616404 0.3298720717727197 85
1755751647442 0.33593620202691477 86
1755751677720 0.3300382123276292 87
1755751710541 0.339508223957468 88
1755751745073 0.33095198537963116 89
1755751778042 0.3402558564545606 90
1755751811608 0.3319488287090879 91
1755751844496 0.3396743645123775 92
1755751875870 0.33078584482472173 93
1755751908064 0.34299717561056653 94
1755751940788 0.335271639807277 95
1755751973113 0.3424987539458382 96
1755752005371 0.33618541285927894 97
1755752038088 0.3444093703272969 98
1755752071287 0.33651769396909786 99
1755752102392 0.34706761920584817 100
