1755748900705 4.608370898450408 0
1755748933642 4.492215272607599 1
1755748967093 4.423466812817677 2
1755748999915 4.326020585834203 3
1755749030171 4.309172901800571 4
1755749063915 4.210299210370013 5
1755749097586 4.244911122342126 6
1755749127878 4.134840004280767 7
1755749160497 4.186933213344588 8
1755749193019 4.0745803431434355 9
1755749223575 4.136096193365511 10
1755749256160 4.032093514961172 11
1755749288686 4.094767834119007 12
1755749321983 3.993866256326625 13
1755749353038 4.07500418646088 14
1755749385991 3.966775678495942 15
1755749418218 4.050912244773904 16
1755749449516 3.9416792879790106 17
1755749482784 4.042351060151152 18
1755749512522 3.9271716281815503 19
1755749544878 4.028248481311533 20
1755749575800 3.9075040474014155 21
1755749599883 4.0100042782395064 22
1755749632221 3.9000474860959815 23
1755749662748 3.997912441822299 24
1755749694295 3.891315779299133 25
1755749725702 3.995082673629626 26
1755749756031 3.88270255969622 27
1755749787682 4.000877413969172 28
1755749819404 3.8763757016088545 29
1755749852227 3.9951480332920157 30
1755749883239 3.870588766245744 31
1755749914523 3.9967802690327194 32
1755749945799 3.8683698217675384 33
1755749978935 3.994629325186219 34
1755750013253 3.864215270392581 35
1755750047628 3.9942877220726656 36
1755750081497 3.8639954201009603 37
1755750114154 3.99717904976207 38
1755750146673 3.865502134623173 39
1755750178824 4.018962829716319 40
1755750211939 3.866374887529167 41
1755750244933 4.001888459372189 42
1755750270734 3.8685260182320946 43
1755750306015 4.010699716873057 44
1755750340072 3.8675996340238132 45
1755750370125 4.015451532707539 46
1755750401779 3.8680988912724708 47
1755750433896 4.020310010364848 48
1755750464450 3.871754796402752 49
1755750498667 4.020510803405454 50
1755750529406 3.876991334195496 51
1755750561971 4.035521888780513 52
1755750594766 3.878704300556628 53
1755750626960 4.043033818228499 54
1755750659786 3.884325472721787 55
1755750688026 4.057265893833734 56
1755750720655 3.888803695068985 57
1755750753765 4.050219943226261 58
1755750786619 3.886183999149977 59
1755750818789 4.056338244598921 60
1755750851910 3.8909056977896994 61
1755750884020 4.058457448884387 62
1755750916166 3.8934798552339545 63
1755750947250 4.055668973957806 64
1755750981086 3.8975355858660485 65
1755751015565 4.066354098265889 66
1755751048568 3.9004950685228508 67
1755751078870 4.076799917905057 68
1755751110078 3.9067135921617977 69
1755751141316 4.082657227424976 70
1755751171256 3.9127773576145564 71
1755751200550 4.087596544100989 72
1755751231362 3.911827949915878 73
1755751265227 4.093831598057172 74
1755751297606 3.9206092104835637 75
1755751327932 4.0981753033567445 76
1755751360233 3.9238917467698373 77
1755751392916 4.10535563598064 78
1755751423455 3.9219211944578176 79
1755751455527 4.109953833382988 80
1755751488215 3.926899528668778 81
1755751520150 4.109165585406842 82
1755751552458 3.9282346632662017 83
1755751584873 4.122283841085164 84
1755751616404 3.931034785476539 85
1755751647443 4.124849342132326 86
1755751677721 3.932584023904079 87
1755751710541 4.127021305692101 88
1755751745073 3.9362293771582024 89
1755751778043 4.135586928048521 90
1755751811609 3.9434740092134013 91
1755751844496 4.139902078814745 92
1755751875870 3.9573466767654444 93
1755751908065 4.145872759031067 94
1755751940788 3.941233721787612 95
1755751973114 4.15238074236755 96
1755752005371 3.9618374582297062 97
1755752038089 4.160464318498136 98
1755752071287 3.9602727932356747 99
1755752102393 4.158291544682241 100
