1753676964954 0.029489948496427977 0
1753676982045 0.039375311513540456 1
1753676998723 0.052001993686658914 2
1753677016734 0.06620701113141718 3
1753677033248 0.08539624522345905 4
1753677050907 0.08988204020601429 5
1753677068676 0.10159494932713076 6
1753677085649 0.1064130254195049 7
1753677102460 0.12053497258680844 8
1753677120788 0.12925735171955474 9
1753677139288 0.1297557733842831 10
1753677158384 0.15343080245888022 11
1753677176091 0.1646452899152683 12
1753677193434 0.1696295065625519 13
1753677214359 0.1851636484465858 14
1753677233353 0.184499086226948 15
1753677251635 0.1900647948164147 16
1753677268884 0.19396909785678684 17
1753677285367 0.19812261172952317 18
1753677305349 0.20244226615716895 19
1753677322276 0.20775876391427148 20
1753677340337 0.2143213158331949 21
1753677359820 0.21074929390264163 22
1753677379324 0.222794484133577 23
1753677399115 0.21722877554411033 24
1753677416203 0.22379132746303373 25
1753677432688 0.22013623525502576 26
1753677451168 0.22379132746303373 27
1753677468909 0.2267818574514039 28
1753677484564 0.23359362020269148 29
1753677502226 0.23641800963615217 30
1753677518788 0.234341252699784 31
1753677536999 0.2386609071274298 32
1753677553235 0.23915932879215818 33
1753677570273 0.23758099352051837 34
1753677590215 0.24123608572852634 35
1753677607011 0.2473832862601761 36
1753677619512 0.249543113473999 37
1753677637298 0.2529489948496428 38
1753677655006 0.25095530819072936 39
1753677672489 0.25992689815583986 40
1753677690133 0.2585977737165642 41
1753677706421 0.2571025087223791 42
1753677722299 0.2560225951154677 43
1753677739274 0.2570194384449244 44
1753677755498 0.2590961953812926 45
1753677771278 0.26374813091875726 46
1753677789977 0.26399734175112144 47
1753677806385 0.26831699617876725 48
1753677823412 0.26798471506894833 49
1753677841519 0.2630835686991195 50
1753677858236 0.2675693636816747 51
1753677877748 0.263831201196212 52
1753677895927 0.26856620701113143 53
1753677911701 0.26590795813258017 54
1753677930649 0.27454726698787174 55
1753677947973 0.26532646619039707 56
1753677965518 0.2713075261671374 57
1753677984665 0.2724705100515036 58
1753678002416 0.26748629340422 59
1753678018070 0.25834856288420005 60
1753678034216 0.27155673699950156 61
1753678051857 0.26989533145040706 62
1753678072670 0.2709752450573185 63
1753678085909 0.2740488453231434 64
1753678105797 0.2736334939358697 65
1753678123009 0.27571025087223794 66
1753678141374 0.27230436949659415 67
1753678155123 0.2734673533809603 68
1753678170691 0.26873234756604086 69
1753678188762 0.2747134075427812 70
1753678199703 0.2756271805947832 71
1753678217298 0.26300049842166473 72
1753678231825 0.2730520019936867 73
1753678248036 0.2688154178434956 74
1753678265840 0.27330121282605085 75
1753678284493 0.27496261837514535 76
1753678301115 0.26956305034058814 77
1753678319441 0.2718890181093205 78
1753678336581 0.26740322312676523 79
1753678353120 0.2750456886526001 80
1753678366791 0.2724705100515036 81
1753678381639 0.2692307692307692 82
1753678400725 0.27712244558896826 83
1753678416442 0.27487954809769066 84
1753678434074 0.2821897325137066 85
1753678450237 0.2782023591958797 86
1753678466642 0.27496261837514535 87
1753678485779 0.272636650606413 88
1753678503523 0.2756271805947832 89
1753678521341 0.26873234756604086 90
1753678538499 0.2698122611729523 91
1753678554590 0.2747134075427812 92
1753678570481 0.27031068283768067 93
1753678589796 0.2791992025253364 94
1753678602794 0.2769563050340588 95
1753678618207 0.2692307692307692 96
1753678633338 0.2760425319820568 97
1753678647141 0.2700614720053165 98
1753678666381 0.2776208672536966 99
1753678682706 0.2634989200863931 100
