1753676964955 4.620417649979449 0
1753676982046 4.573487585509911 1
1753676998724 4.503948218835507 2
1753677016735 4.37245032625972 3
1753677033249 4.362064302092893 4
1753677050908 4.269877320981517 5
1753677068678 4.235447568069641 6
1753677085650 4.20115548580221 7
1753677102462 4.185749910468061 8
1753677120789 4.174018411513084 9
1753677139289 4.160784586581326 10
1753677158385 4.1317619175006985 11
1753677176092 4.048462046801217 12
1753677193435 4.0095753159378695 13
1753677214360 4.0123324598169665 14
1753677233354 4.0014174426238345 15
1753677251636 4.0117378287728265 16
1753677268885 4.005772445220916 17
1753677285368 3.96169394402506 18
1753677305350 3.9446384779993053 19
1753677322278 3.9764110437958817 20
1753677340338 3.9746947922642466 21
1753677359821 4.020447879165299 22
1753677379325 3.9876333461332942 23
1753677399116 4.041028972231275 24
1753677416204 3.9635694447612 25
1753677432689 4.012407056282628 26
1753677451169 4.039097930714582 27
1753677468910 4.054425240790659 28
1753677484565 4.041972565771202 29
1753677502227 4.038707999308203 30
1753677518789 4.023995946176717 31
1753677537000 4.005518570899362 32
1753677553236 4.025445644020683 33
1753677570274 4.053103573322797 34
1753677590216 4.049722741911921 35
1753677607012 4.073035173378055 36
1753677619513 4.019530735305499 37
1753677637299 4.0428702071616005 38
1753677655008 4.068826099524933 39
1753677672490 4.037063626618684 40
1753677690134 4.04960855361843 41
1753677706422 4.080519145829881 42
1753677722300 4.109661280350958 43
1753677739275 4.096553644145823 44
1753677755499 4.110001522648379 45
1753677771279 4.13556342565397 46
1753677789978 4.116756459453017 47
1753677806386 4.090794102666558 48
1753677823414 4.116269029692574 49
1753677841520 4.178248843659669 50
1753677858237 4.18103595205143 51
1753677877749 4.2346612640467445 52
1753677895928 4.233388448322756 53
1753677911702 4.26265281707537 54
1753677930650 4.1809374048159675 55
1753677947974 4.2275188667727095 56
1753677965519 4.205001110161689 57
1753677984666 4.21152298294631 58
1753678002417 4.2541192804078385 59
1753678018071 4.292509827545182 60
1753678034217 4.236680401121934 61
1753678051858 4.262894669022316 62
1753678072671 4.262089288619297 63
1753678085910 4.263185373001261 64
1753678105799 4.282150395242744 65
1753678123010 4.306949607711622 66
1753678141376 4.289641243168014 67
1753678155124 4.2674760754216665 68
1753678170692 4.336041542199942 69
1753678188763 4.284458351453446 70
1753678199704 4.332111431432151 71
1753678217299 4.342625136947171 72
1753678231826 4.327137017736118 73
1753678248037 4.3561647664465895 74
1753678265841 4.386432087712049 75
1753678284494 4.327364400599172 76
1753678301116 4.382414869040239 77
1753678319442 4.356876554428754 78
1753678336582 4.351488983276613 79
1753678353121 4.3860798231371065 80
1753678366792 4.32960979773899 81
1753678381640 4.374337886294531 82
1753678400726 4.413975129957056 83
1753678416443 4.425369387422855 84
1753678434075 4.338242699633681 85
1753678450238 4.405495203997018 86
1753678466643 4.391294332055947 87
1753678485781 4.371275123063132 88
1753678503524 4.40248181224621 89
1753678521342 4.362518099393851 90
1753678538500 4.416854475077184 91
1753678554591 4.387845739565662 92
1753678570482 4.4525147168926456 93
1753678589797 4.398208241469723 94
1753678602795 4.408975261350848 95
1753678618208 4.449912687881798 96
1753678633339 4.473941238206342 97
1753678647142 4.423299330774853 98
1753678666382 4.495968068457792 99
1753678682707 4.544159272373249 100
