1750254732329 0.09312178102674863 0
1750254857587 0.1673866090712743 1
1750254984557 0.2178102674862934 2
1750255111542 0.2658248878551254 3
1750255237238 0.28866921415517527 4
1750255362858 0.30785844824721714 5
1750255488980 0.32438943346070775 6
1750255614488 0.3379298886858282 7
1750255742032 0.3587805283269646 8
1750255872189 0.36783518856952985 9
1750255996994 0.37564379465027414 10
1750256120843 0.3846984548928393 11
1750256243373 0.38802126599102843 12
1750256315470 0.3990696128925071 13
1750256386863 0.4000664562219638 14
1750256459745 0.41368998172453897 15
1750256530425 0.4154344575510882 16
1750256600638 0.41792656587473004 17
1750256673095 0.4247383286260176 18
1750256744370 0.43354377803621863 19
1750256814898 0.43296228609403553 20
1750256886278 0.4487456388104336 21
1750256959010 0.4489948496427978 22
1750257029712 0.458049509885363 23
1750257102881 0.4663565376308357 24
1750257173564 0.46992855956138896 25
1750257223268 0.47117461372320985 26
1750257272171 0.4661073267984715 27
1750257321717 0.4758265492606745 28
1750257370469 0.4822229606246885 29
1750257421388 0.4878717394916099 30
1750257471749 0.4896162153181592 31
1750257521690 0.49609569695962785 32
1750257571254 0.4959295564047184 33
1750257619472 0.49177604253198204 34
1750257666956 0.4962618375145373 35
1750257715705 0.4962618375145373 36
1750257764949 0.5071440438611065 37
1750257814354 0.5070609735836518 38
1750257841941 0.503655092208008 39
1750257869455 0.5103007144043861 40
1750257897190 0.5074763249709254 41
1750257925457 0.506064130254195 42
1750257952973 0.5026582488785513 43
1750257980341 0.5088885196876558 44
1750258007949 0.5163648446585811 45
1750258035529 0.5174447582654926 46
1750258062859 0.5233427479647782 47
1750258090757 0.5249210832364181 48
1750258117967 0.5244226615716896 49
1750258145485 0.5250872237913274 50
