1750254732330 4.240137861148661 0
1750254857588 3.8081569892388805 1
1750254984558 3.457994102284259 2
1750255111542 3.1585896335827504 3
1750255237239 2.941408297673357 4
1750255362858 2.761254723076043 5
1750255488981 2.617733518338697 6
1750255614489 2.512916356406219 7
1750255742033 2.406756690947125 8
1750255872190 2.30929533364908 9
1750255996995 2.220414746968186 10
1750256120844 2.1750493431832156 11
1750256243374 2.115598171199496 12
1750256315471 2.0259992232205954 13
1750256386864 1.955630854430072 14
1750256459746 1.8745808495100658 15
1750256530425 1.8295830792651364 16
1750256600639 1.799318223781642 17
1750256673096 1.7367706779522312 18
1750256744371 1.7000055045301032 19
1750256814899 1.707984188561049 20
1750256886279 1.6101418484106027 21
1750256959010 1.5587277168333593 22
1750257029712 1.5335882109443522 23
1750257102882 1.4922642765446272 24
1750257173565 1.4302334938974723 25
1750257223269 1.3876116397531617 26
1750257272172 1.3768661709817651 27
1750257321718 1.326464131444094 28
1750257370470 1.2995008939947699 29
1750257421388 1.2638903744167975 30
1750257471750 1.2205130367555999 31
1750257521690 1.188024523369243 32
1750257571254 1.1819475042226613 33
1750257619472 1.1935628798310292 34
1750257666957 1.1669870813484968 35
1750257715706 1.1418263433198284 36
1750257764950 1.1169220533281983 37
1750257814355 1.0878226401545084 38
1750257841942 1.0338247606422044 39
1750257869455 0.9961992928465556 40
1750257897191 0.9681095690023116 41
1750257925458 0.9622604775153448 42
1750257952974 0.9672734975435976 43
1750257980341 0.9460799425698506 44
1750258007950 0.9151143724093734 45
1750258035530 0.8877619686586184 46
1750258062860 0.8784960262383077 47
1750258090758 0.8680958780197948 48
1750258117968 0.8380598054037705 49
1750258145485 0.8296632696918287 50
