1749269869686 2.1230507844739335 0
1749269929580 1.9882489422317293 1
1749269991868 1.9163625458958342 2
1749270051986 1.7381524354541646 3
1749270104755 1.6086957617501008 4
1749270162420 1.6378982338372763 5
1749270218198 1.5585983626571787 6
1749270275629 1.5075583386535152 7
1749270332280 1.5039745304367227 8
1749270387182 1.511440510685043 9
1749270443760 1.4485256255494432 10
1749270502633 1.4276477293311944 11
1749270556353 1.4628909435869093 12
1749270605274 1.4504897734799809 13
1749270671887 1.4479420780492522 14
1749270734941 1.4709471527243827 15
1749270790962 1.4153689306261679 16
1749270841938 1.405345326854698 17
1749270896592 1.3884404733674023 18
1749270950536 1.3872084761934957 19
1749271007016 1.3887335289523617 20
1749271061729 1.3685558070919805 21
1749271122814 1.4105821879732128 22
1749271178496 1.3686987183243762 23
1749271239356 1.4261740366827804 24
1749271289719 1.452177512992166 25
1749271341636 1.317116021750438 26
1749271400295 1.3040842620351576 27
1749271455879 1.330446364910958 28
1749271507646 1.3561765738137554 29
1749271561831 1.3142425934621411 30
1749271615762 1.3267514906413267 31
1749271671637 1.3305115327975416 32
1749271723122 1.3501190106532208 33
1749271775050 1.3473741247742492 34
1749271831023 1.4092136218260212 35
1749271885491 1.3429938679049616 36
1749271945585 1.3381103774211416 37
1749272002488 1.3215576253401313 38
1749272057531 1.3471810355945688 39
1749272121473 1.3186850629639395 40
1749272176742 1.3291792795772517 41
1749272237367 1.3298722504679232 42
1749272292657 1.352212536729318 43
1749272347664 1.3123789950135254 44
1749272407034 1.3296150970899983 45
1749272458900 1.3488353234987365 46
1749272517415 1.294464473069353 47
1749272581279 1.320562723963211 48
1749272633432 1.356613234847972 49
1749272686217 1.402939243804888 50
