1753196930916 0.017444758265492608 0
1753196942792 0.031483635155341416 1
1753196954930 0.0513374314670211 2
1753196967654 0.06329955142050174 3
1753196978340 0.0709420169463366 4
1753196991093 0.07958132580162817 5
1753197003228 0.09170958631001827 6
1753197016366 0.10159494932713076 7
1753197027274 0.11073267984715068 8
1753197040491 0.12169795647117461 9
1753197052781 0.12751287589300547 10
1753197065422 0.13183253032065126 11
1753197077417 0.13498920086393087 12
1753197089534 0.1506064130254195 13
1753197101664 0.15243395912942348 14
1753197111956 0.16240239242399068 15
1753197122432 0.16315002492108324 16
1753197133259 0.1642299385279947 17
1753197145548 0.17062634989200864 18
1753197158281 0.18184083734839673 19
1753197170932 0.18491443761422163 20
1753197183630 0.18690812427313508 21
1753197195846 0.1851636484465858 22
1753197208430 0.19230769230769232 23
1753197220609 0.19313839508223957 24
1753197232061 0.19995015783352715 25
1753197244794 0.20460209337099186 26
1753197258062 0.20044857949825554 27
1753197270358 0.21141385612227945 28
1753197281747 0.22105000830702776 29
1753197294011 0.22271141385612228 30
1753197306467 0.2224622030237581 31
1753197317901 0.22229606246884864 32
1753197330499 0.23010466854959297 33
1753197342253 0.22719720883867753 34
1753197353674 0.23417511214487458 35
1753197366378 0.2358365176939691 36
1753197377607 0.23965775045688653 37
1753197390168 0.2451403887688985 38
1753197402062 0.24314670210998504 39
1753197414179 0.2512875893005483 40
1753197426676 0.2514537298554577 41
1753197439513 0.2501246054161821 42
1753197451508 0.2512875893005483 43
1753197463269 0.25677022761256024 44
1753197474902 0.2625020767569364 45
1753197486862 0.2566871573351055 46
1753197498945 0.2634989200863931 47
1753197511557 0.2639142714736667 48
1753197523679 0.2676524339591294 49
1753197535346 0.26989533145040706 50
1753197547421 0.2728027911613225 51
1753197559548 0.274464196710417 52
1753197570510 0.27679016447914934 53
1753197582205 0.27894999169297224 54
1753197593147 0.27986376474497426 55
1753197604800 0.28351885695298223 56
1753197616835 0.2821897325137066 57
1753197629153 0.28385113806280116 58
1753197641743 0.28410034889516533 59
1753197653768 0.29224123608572855 60
1753197665865 0.28949991692972254 61
1753197677520 0.29249044691809273 62
1753197688584 0.2902475494268151 63
1753197700329 0.29606246884864595 64
1753197712909 0.3011297557733843 65
1753197724735 0.299385279946835 66
1753197737477 0.3035387938195714 67
1753197750127 0.30013291244392754 68
1753197761815 0.2996344907791992 69
1753197773161 0.30287423159993354 70
1753197785781 0.3043694965941186 71
1753197797859 0.308523010466855 72
1753197810328 0.3096029240737664 73
1753197823089 0.3125103837846818 74
1753197834589 0.3101844160159495 75
1753197845618 0.3115135404552251 76
1753197857039 0.3123442432297724 77
1753197869351 0.31716231932214656 78
1753197881224 0.3186575843163316 79
1753197891387 0.3167469679348729 80
1753197903267 0.31658082737996346 81
1753197914519 0.3167469679348729 82
1753197925632 0.31757767070942017 83
1753197938704 0.3193221465359694 84
1753197950685 0.32023591958797143 85
1753197963229 0.32380794151852466 86
1753197975298 0.32314337929888687 87
1753197988195 0.326133909287257 88
1753197999926 0.3274630337265326 89
1753198011359 0.329789001495265 90
1753198022978 0.32962286094035553 91
1753198036185 0.3292075095530819 92
1753198048071 0.3310350556570859 93
1753198059879 0.3328626017610899 94
1753198072511 0.3348562884200033 95
1753198084791 0.333444093703273 96
1753198097320 0.33577006147200533 97
1753198108844 0.33585313174946 98
1753198120449 0.3362684831367337 99
1753198132908 0.3356869911945506 100
1753198145187 0.34050506728692476 101
1753198155517 0.338594450905466 102
1753198167744 0.34042199700947 103
1753198178975 0.3341917262003655 104
1753198191926 0.33776374813091875 105
1753198203748 0.33892673201528495 106
1753198215007 0.3381790995181924 107
1753198225924 0.34175112144874564 108
1753198236750 0.3446585811596611 109
1753198248557 0.3456554244891178 110
1753198259883 0.3497258680843994 111
1753198270952 0.35088885196876557 112
1753198282055 0.3496427978069447 113
1753198294347 0.35072271141385614 114
1753198305327 0.35429473334440936 115
1753198317937 0.351054992523675 116
1753198330190 0.353796311679681 117
1753198342456 0.3532148197374979 118
1753198355259 0.3563714902807775 119
1753198368260 0.35570692806113974 120
1753198380633 0.35670377139059645 121
1753198392574 0.35628842000332284 122
1753198404007 0.35969430137896663 123
1753198416215 0.35396245223459044 124
1753198427703 0.360192723043695 125
1753198440375 0.3576175444425984 126
1753198453301 0.36052500415351385 127
1753198464114 0.3602757933211497 128
1753198476272 0.3586143877720552 129
1753198488318 0.36351553414188403 130
1753198500866 0.3637647449742482 131
1753198512164 0.36600764246552586 132
1753198523192 0.3650107991360691 133
1753198535716 0.3667552749626184 134
1753198547566 0.36567536135570694 135
1753198560135 0.36484465858115966 136
1753198572507 0.36509386941352384 137
1753198584595 0.3675029074597109 138
1753198596522 0.3675029074597109 139
1753198607322 0.3687489616215318 140
1753198619212 0.368998172453896 141
1753198630207 0.3711579996677189 142
1753198642822 0.36941352384116966 143
1753198655140 0.36883203189898656 144
1753198666802 0.36966273467353383 145
1753198678776 0.3724871241069945 146
1753198690953 0.3697458049509885 147
1753198702711 0.37007808606080744 148
1753198712806 0.3675859777371656 149
1753198724919 0.3764744974248214 150
1753198738180 0.373567037713906 151
1753198749678 0.37539458381790997 152
1753198761690 0.374148529656089 153
1753198773967 0.37630835686991193 154
1753198786117 0.3747300215982721 155
1753198798893 0.3768067785346403 156
1753198810441 0.37539458381790997 157
1753198823131 0.3731516863266323 158
1753198835483 0.37979730852301047 159
1753198847944 0.380544941020103 160
1753198860598 0.38104336268483135 161
1753198871799 0.38478152517029407 162
1753198884465 0.380544941020103 163
1753198897520 0.3829539790662901 164
1753198908927 0.3801295896328294 165
1753198920490 0.3827047682339259 166
1753198932723 0.38544608738993186 167
1753198943517 0.3845323143379299 168
1753198954741 0.3867752118292075 169
1753198967697 0.3815417843495597 170
1753198979797 0.3856952982222961 171
1753198990947 0.38345240073101844 172
1753199003442 0.3821232762917428 173
1753199014631 0.3852799468350224 174
1753199024437 0.38320318989865426 175
1753199035141 0.38403389267320154 176
1753199046995 0.38876889848812096 177
1753199059355 0.3865260009968433 178
1753199071453 0.38901810932048514 179
1753199083331 0.38785512543611894 180
1753199095501 0.3899318823724871 181
1753199107842 0.3883535471008473 182
1753199120146 0.38876889848812096 183
1753199131687 0.3919255690314006 184
1753199144619 0.39200863930885527 185
1753199155854 0.3919255690314006 186
1753199168173 0.39225785014121944 187
1753199179133 0.3932546934706762 188
1753199191288 0.39375311513540456 189
1753199203348 0.3932546934706762 190
1753199216044 0.3947499584648613 191
1753199226392 0.3949160990197707 192
1753199238534 0.39283934208340254 193
1753199250899 0.3980727695630503 194
1753199262832 0.39383618541285925 195
1753199276080 0.3925070609735837 196
1753199288112 0.398488120950324 197
1753199299653 0.3967436451237747 198
1753199311070 0.39433460707758766 199
1753199323408 0.3960790829041369 200
