1753745284991 4.58593335924353 0
1753745302238 4.505916451796507 1
1753745319300 4.441346960240124 2
1753745335866 4.384266834541648 3
1753745354542 4.332355468650984 4
1753745374526 4.248875627150903 5
1753745392711 4.20540488998947 6
1753745410101 4.149638370036477 7
1753745426138 4.108687319140216 8
1753745443111 4.053445905735133 9
1753745462110 4.047723684856099 10
1753745480801 4.010580840156879 11
1753745500226 3.9813320082543826 12
1753745517446 3.9351142386820896 13
1753745531120 3.926740625391692 14
1753745549994 3.908145422667904 15
1753745567918 3.8985606401394577 16
1753745584913 3.8871472436071897 17
1753745603254 3.8485128028445907 18
1753745620581 3.8352954812839584 19
1753745638115 3.8621547197584047 20
1753745654416 3.8464507463350173 21
1753745671074 3.8519680409583787 22
1753745686337 3.809120594052118 23
1753745703970 3.8092591041474346 24
1753745723897 3.7934480455804644 25
1753745743401 3.812013164644935 26
1753745761546 3.836261135708038 27
1753745776886 3.8262558236699387 28
1753745795122 3.785831116738065 29
1753745811414 3.760722648676527 30
1753745827957 3.7846756863864646 31
1753745844762 3.7943619040943783 32
1753745863074 3.793285629136966 33
1753745882162 3.797748562391689 34
1753745898853 3.7669899457139397 35
1753745916364 3.7857560799521726 36
1753745932864 3.7663929209883547 37
1753745949731 3.771898729829239 38
1753745965432 3.7706327756546587 39
1753745984133 3.7559456828638704 40
1753745996315 3.7817146175546075 41
1753746012686 3.790287786068261 42
1753746030648 3.770342545305896 43
1753746047929 3.785254284056759 44
1753746066585 3.7753884334456975 45
1753746083695 3.799184043250098 46
1753746101119 3.7876515696784336 47
1753746118963 3.766533058911825 48
1753746131751 3.75136396488055 49
1753746148928 3.775425994982485 50
1753746166570 3.7656776123735374 51
1753746184942 3.785698959460625 52
1753746204218 3.7747107748225637 53
1753746222657 3.782204107245561 54
1753746239974 3.789335622713314 55
1753746258095 3.789073928157138 56
1753746272745 3.800917887647596 57
1753746287529 3.8076576193048455 58
1753746304222 3.7908530065295776 59
1753746319693 3.7753365795594296 60
1753746337202 3.7849577310306777 61
1753746357572 3.7728612148220573 62
1753746375990 3.8158022249481567 63
1753746391245 3.8083026077302375 64
1753746405950 3.8027918006051933 65
1753746418129 3.7904267589326364 66
1753746434601 3.755679380698282 67
1753746452000 3.765149468231121 68
1753746466491 3.8062188024779435 69
1753746481161 3.8001578360507846 70
1753746499765 3.7867970526619286 71
1753746514888 3.7547652921465176 72
1753746531249 3.809816658972892 73
1753746549444 3.7887012933472115 74
1753746565906 3.8238486144511628 75
1753746582476 3.8107275268193703 76
1753746598678 3.83113873516025 77
1753746614517 3.829156564546263 78
1753746632218 3.8045965816830325 79
1753746647375 3.8284146497296203 80
1753746663698 3.8048698425029897 81
1753746683662 3.8404497025630815 82
1753746701798 3.8451586554610664 83
1753746720863 3.8416374560763424 84
1753746739295 3.8144965396928607 85
1753746759005 3.8194795800838817 86
1753746773309 3.8088098188040886 87
1753746792451 3.8028449153338926 88
1753746808959 3.84466745468587 89
1753746827161 3.8101384199407233 90
1753746843909 3.834744025962901 91
1753746862046 3.818735967768797 92
1753746877349 3.8454992711143166 93
1753746895400 3.819690143876639 94
1753746914473 3.8281815067942073 95
1753746931363 3.8299556989512458 96
1753746950769 3.8224664020558374 97
1753746970275 3.8518442343004415 98
1753746989718 3.869788742669243 99
1753747008512 3.867005080047301 100
