1752691400738 4.506940678870693 0
1752691420087 4.294591900178894 1
1752691439571 4.066423261601567 2
1752691459638 3.8717784845012235 3
1752691481322 3.70054252601662 4
1752691502676 3.5323300881263537 5
1752691522483 3.400450286092554 6
1752691541932 3.280504374731584 7
1752691561775 3.1830047540376043 8
1752691582266 3.0918977253323794 9
1752691603902 3.016949150431001 10
1752691623340 2.944940623527016 11
1752691644254 2.9003169093126004 12
1752691665261 2.8283607397023345 13
1752691685437 2.795805198986423 14
1752691707557 2.74278676542428 15
1752691727272 2.7210533846922913 16
1752691748522 2.7016115081114846 17
1752691769689 2.667986224057445 18
1752691789672 2.6220908590779177 19
1752691809014 2.6348897468873362 20
1752691828626 2.5884199826443783 21
1752691848740 2.5915906830538518 22
1752691868150 2.5636670748041976 23
1752691890813 2.550594212215655 24
1752691912817 2.5121013014544054 25
1752691934365 2.505433006014028 26
1752691955418 2.5161226356340185 27
1752691975724 2.4833522500887595 28
1752691995070 2.4567800929637555 29
1752692017409 2.457867230573288 30
1752692040160 2.454097734135507 31
1752692062705 2.4386166312981175 32
1752692083189 2.439715915965954 33
1752692103034 2.431189256563263 34
1752692122578 2.3987617894299342 35
1752692142189 2.405594719576204 36
1752692161937 2.377299965893636 37
1752692181634 2.3720821987472696 38
1752692201452 2.3698387090563022 39
1752692221836 2.3420140599568082 40
1752692241691 2.337869635508711 41
1752692263806 2.3620361004896955 42
1752692284058 2.3386769945278747 43
1752692303582 2.322528642558811 44
1752692323293 2.325141300908053 45
1752692343296 2.327291808511941 46
1752692362734 2.306924050848441 47
1752692382721 2.2944012225901895 48
1752692402993 2.271683795912369 49
1752692422671 2.2837683353017186 50
1752692445043 2.271625689958614 51
1752692464378 2.2749033118744966 52
1752692484054 2.261654911464931 53
1752692504222 2.260149755539038 54
1752692524389 2.2497853699753696 55
1752692545970 2.2347853268367897 56
1752692566799 2.2338308181806292 57
1752692588310 2.237356206144591 58
1752692609506 2.2422178799944947 59
1752692629590 2.2148413992744875 60
1752692649167 2.216797808386439 61
1752692671721 2.211876081983148 62
1752692692977 2.2155729875738954 63
1752692712527 2.195689948761899 64
1752692732321 2.1897673828730118 65
1752692752998 2.1849436029610185 66
1752692772484 2.171382654935886 67
1752692793028 2.1800023754976436 68
1752692812998 2.1769350532562908 69
1752692832636 2.161022009237968 70
1752692853672 2.155462158307552 71
1752692873635 2.1435791594722082 72
1752692895369 2.1456464156351855 73
1752692918104 2.144859020454561 74
1752692939111 2.1351214235209275 75
1752692959200 2.1389074859410186 76
1752692981042 2.127203946938631 77
1752693003378 2.119114149958459 78
1752693024130 2.107042212191125 79
1752693044588 2.118705179590846 80
1752693064465 2.1081503250234115 81
1752693084274 2.1104894386664714 82
1752693105896 2.1096733249990116 83
1752693127165 2.103050997561394 84
1752693146940 2.0875573461924644 85
1752693168300 2.0885194864604792 86
1752693190216 2.078310406094667 87
1752693210314 2.0674433248127744 88
1752693230764 2.081207024128485 89
1752693251413 2.06152069115774 90
1752693271330 2.068313900426738 91
1752693292828 2.0544099448395157 92
1752693314694 2.05933422917526 93
1752693334163 2.039976443135473 94
1752693353832 2.0302076418831247 95
1752693374572 2.0424365104403552 96
1752693394393 2.0277101677373057 97
1752693415900 2.0352389958599826 98
1752693438126 2.0259625837238158 99
1752693458422 2.030661857014772 100
