1750117905616 0.10772305073455946 0
1750118239102 0.13310883321614922 1
1750118561435 0.10072900862228472 2
1750118869943 0.10072900862228472 3
1750119168833 0.1613810457758206 4
1750119473861 0.15055693298301448 5
1750119791740 0.1264478407282685 6
1750120091681 0.12850164674536507 7
1750120379822 0.1388631906154017 8
1750120693526 0.12328386929652518 9
1750121008454 0.1402323946267994 10
1750121303984 0.12977833697220886 11
1750121607570 0.1350331199348703 12
1750121871369 0.1341264848462421 13
1750122217537 0.14147207933982164 14
1750122535622 0.15101950190578395 15
1750122819633 0.16497058061651185 16
1750123103790 0.15014987233097732 17
1750123388685 0.1592717314879917 18
1750123680860 0.15529363875217408 19
1750123997713 0.1529992968952374 20
1750124306747 0.15468304777411834 21
1750124617765 0.16900418162306183 22
1750124905974 0.1447100617992081 23
1750125215742 0.1549975946416016 24
1750125482816 0.14972430892202937 25
1750125776683 0.15534914702290642 26
1750126099668 0.1733153239832735 27
1750126406755 0.18136402323946268 28
1750126695357 0.17218665581171594 29
1750127002392 0.1330348221885061 30
1750127304523 0.1611035044221589 31
1750127621624 0.1489656958886874 32
1750127911260 0.16633978462790955 33
1750128199534 0.1647485475335825 34
1750128517752 0.15669984827739333 35
1750128823902 0.154794064315583 36
1750129149240 0.16410095104170522 37
1750129438038 0.15988232246604744 38
1750129720256 0.1570884061725197 39
1750130044271 0.16978129741331457 40
1750130321939 0.20162454205676647 41
1750130655928 0.1586241349961144 42
1750130972940 0.15742145579691375 43
1750131254920 0.1759797209784258 44
1750131557180 0.1768678533101432 45
1750131850324 0.1649520778596011 46
1750132145188 0.18597120971024683 47
1750132473930 0.1921881360322688 48
1750132770297 0.15810605780261258 49
1750133060909 0.16191762572623322 50
