1750117905617 2.3020971660619325 0
1750118239103 2.3099889506386977 1
1750118561436 2.32510871032812 2
1750118869944 2.31025690877749 3
1750119168834 2.2946813178114436 4
1750119473862 2.299699036174847 5
1750119791741 2.2978167105902596 6
1750120091682 2.289196473407909 7
1750120379822 2.289932259854615 8
1750120693527 2.2937539443024506 9
1750121008455 2.280335450779783 10
1750121303985 2.278272109675322 11
1750121607571 2.2826571550332093 12
1750121871369 2.2885538783406862 13
1750122217538 2.2800807413006763 14
1750122535623 2.2821326080118 15
1750122819634 2.2783352205368446 16
1750123103791 2.2939607795056687 17
1750123388685 2.27944287341751 18
1750123680861 2.2703836764997685 19
1750123997714 2.2665045120993668 20
1750124306747 2.264655588010719 21
1750124617765 2.2689126382144686 22
1750124905975 2.272389725578738 23
1750125215743 2.2625257741779325 24
1750125482817 2.2803108937546392 25
1750125776684 2.250854574164284 26
1750126099668 2.23609852112671 27
1750126406756 2.2430418303359008 28
1750126695358 2.2508518388114127 29
1750127002392 2.247968546442906 30
1750127304524 2.2417743720619328 31
1750127621625 2.2356993228253796 32
1750127911261 2.23985538014812 33
1750128199535 2.2394085983229726 34
1750128517753 2.250845754922645 35
1750128823902 2.239218986502911 36
1750129149240 2.2430564154826773 37
1750129438039 2.2413958331381525 38
1750129720256 2.2356559236908913 39
1750130044272 2.224234156844002 40
1750130321940 2.2216390336086995 41
1750130655929 2.2262468264001267 42
1750130972941 2.2280770891985315 43
1750131254920 2.2152577354473104 44
1750131557180 2.217919962101152 45
1750131850325 2.221802199939515 46
1750132145189 2.210784736976652 47
1750132473931 2.211733511172283 48
1750132770298 2.230311379958834 49
1750133060910 2.236880757654799 50
