1753710537534 4.53698216375557 0
1753710568678 4.42099668479557 1
1753710596278 4.288230269483379 2
1753710626300 4.147615056871716 3
1753710656424 4.0395157213920605 4
1753710680267 3.936754649554345 5
1753710710341 3.8501079016846234 6
1753710737783 3.7782771754234767 7
1753710765129 3.7185759498773376 8
1753710794104 3.6494020237648073 9
1753710823873 3.6084029057437808 10
1753710851776 3.536785005195244 11
1753710881135 3.48034987761825 12
1753710911668 3.435228626785182 13
1753710943704 3.404941439929255 14
1753710972489 3.3617762765146795 15
1753711001962 3.3199465379037494 16
1753711031609 3.305042601824308 17
1753711059561 3.2646035001076483 18
1753711089035 3.2505992937358603 19
1753711117723 3.2243591608395845 20
1753711146091 3.1983156555237113 21
1753711176355 3.183180426238414 22
1753711205824 3.157724873490472 23
1753711235343 3.133729755853394 24
1753711265866 3.126059868810256 25
1753711295994 3.118753059740175 26
1753711325017 3.0975193007245894 27
1753711353087 3.1004381236182184 28
1753711380903 3.0692808790310133 29
1753711409000 3.038006672905793 30
1753711437141 3.037315937915536 31
1753711466418 3.0057469845043605 32
1753711494107 3.000879091680827 33
1753711524397 3.0112493910700295 34
1753711553557 3.0100845800647718 35
1753711579579 2.9767906755371825 36
1753711606443 2.9828496306896612 37
1753711636569 2.9690179348480505 38
1753711662781 2.965834431547535 39
1753711691124 2.941908035359998 40
1753711719284 2.942572799286155 41
1753711749287 2.940899915407565 42
1753711779157 2.937689918938581 43
1753711810012 2.9345394269966087 44
1753711839031 2.917822267714545 45
1753711869644 2.9076950043477447 46
1753711897044 2.9148782151694457 47
1753711927590 2.924811748533301 48
1753711959377 2.9106577044402213 49
1753711990175 2.909954186709 50
1753712017354 2.8792898202453556 51
1753712045845 2.8865086922767333 52
1753712074194 2.8928494215036653 53
1753712102251 2.8854869133211474 54
1753712130895 2.904765558391872 55
1753712159905 2.8670185814889955 56
1753712190622 2.8744135023340953 57
1753712219396 2.8851032735620943 58
1753712247100 2.879753251344329 59
1753712276812 2.8565768194629544 60
1753712307047 2.8662193194063033 61
1753712334753 2.8618652967155955 62
1753712366456 2.8585280558864024 63
1753712396797 2.851689538305775 64
1753712422996 2.8470106924241607 65
1753712451705 2.833615418190012 66
1753712481527 2.825168672906796 67
1753712511019 2.8252702222220183 68
1753712540816 2.8316209302348416 69
1753712570831 2.831940034737152 70
1753712602092 2.8079067536666145 71
1753712630440 2.8214777874164896 72
1753712659569 2.828791472667804 73
1753712689147 2.82524695839011 74
1753712720660 2.8101270876859306 75
1753712747134 2.7835994554372734 76
1753712777329 2.798183471177395 77
1753712806005 2.8040011350399006 78
1753712834701 2.7911539824320117 79
1753712865366 2.7965610873153 80
1753712892421 2.782432764361465 81
1753712922813 2.8076935108217085 82
1753712952747 2.8031854464094295 83
1753712982500 2.802649310816231 84
1753713010305 2.7775888299242997 85
1753713040845 2.7721195962810876 86
1753713070459 2.7775248550082163 87
1753713096908 2.778052811583284 88
1753713123199 2.79019642493814 89
1753713152223 2.7699773354677406 90
1753713181589 2.7614178502757594 91
1753713202891 2.7653714448226103 92
1753713234262 2.768758137814134 93
1753713261751 2.7838017392892604 94
1753713290953 2.776311865557939 95
1753713320138 2.7566938277877346 96
1753713351444 2.7550755819950146 97
1753713375049 2.7505758584121938 98
1753713399887 2.7436854321636437 99
1753713426889 2.7682531171921876 100
