1753303283151 4.520234200672824 0
1753303298177 4.361084852162506 1
1753303331207 4.207691773340049 2
1753303362689 4.069348962129591 3
1753303395746 3.9673315673978853 4
1753303423373 3.86112188035172 5
1753303457589 3.7930813842132443 6
1753303483981 3.7242555726271007 7
1753303521602 3.6592226373943877 8
1753303542017 3.595349106056042 9
1753303579319 3.555492774234594 10
1753303614589 3.533951428042785 11
1753303649702 3.48662095648143 12
1753303686996 3.4461328012445183 13
1753303716968 3.4103538338353325 14
1753303754453 3.404930350333515 15
1753303788022 3.4075090171610323 16
1753303820221 3.4135162804296106 17
1753303835628 3.3756864560457176 18
1753303867737 3.3518199785986384 19
1753303882668 3.3884263673390898 20
1753303916701 3.338047803575725 21
1753303946807 3.338829128694113 22
1753303982794 3.334836680669151 23
1753304014331 3.339631061798988 24
1753304051283 3.2936106727573238 25
1753304082078 3.3457222717957817 26
1753304118555 3.3628328471135673 27
1753304153489 3.328933884023668 28
1753304187853 3.315299207019726 29
1753304223648 3.3042186974051018 30
1753304261100 3.2731733157911336 31
1753304296767 3.2925785957589375 32
1753304316810 3.3282314388628715 33
1753304350957 3.3374399840205395 34
1753304374351 3.2733749928670854 35
1753304407618 3.3107527290424312 36
1753304438305 3.2727197984428456 37
1753304471647 3.2936700172612725 38
1753304502803 3.289999099264329 39
1753304536425 3.280722720889095 40
1753304563236 3.2907718778996973 41
1753304602215 3.302856691748518 42
1753304617389 3.2950047739742683 43
1753304653757 3.2972064162970542 44
1753304686239 3.2869561257583846 45
1753304719547 3.3142578204848676 46
1753304748569 3.283363495299224 47
1753304781300 3.267961681515492 48
1753304813359 3.2449203117798735 49
1753304844049 3.2515302053134 50
1753304879464 3.2780388632664765 51
1753304906713 3.27507991404807 52
1753304939094 3.2850628067285585 53
1753304974189 3.2459489105190236 54
1753305008590 3.28789919366126 55
1753305038664 3.2685100357038426 56
1753305070042 3.300474245378379 57
1753305106105 3.26776706113215 58
1753305139147 3.263011748535686 59
1753305169270 3.2214770636084 60
1753305192517 3.2323809708865965 61
1753305223685 3.229980663937047 62
1753305259451 3.248452577653829 63
1753305294216 3.2847508196634823 64
1753305313656 3.24114882286768 65
1753305349174 3.256314621741103 66
1753305378308 3.2487970820842245 67
1753305414619 3.263283622166523 68
1753305447489 3.2674865995812885 69
1753305483440 3.249436778962587 70
1753305498897 3.244584843478768 71
1753305532185 3.1932322378542404 72
1753305568672 3.2490141744709358 73
1753305602601 3.236347026806661 74
1753305636769 3.2532580796286257 75
1753305669230 3.2351973499255604 76
1753305703998 3.2348155095240005 77
1753305736304 3.2202314407529076 78
1753305769840 3.201048090114419 79
1753305805154 3.2334683899708585 80
1753305839205 3.227306918524904 81
1753305874445 3.2425227029739982 82
1753305907853 3.2495981406838568 83
1753305942460 3.2436118455883234 84
1753305975401 3.245219495377655 85
1753306012524 3.276768246184081 86
1753306048241 3.2143459154082326 87
1753306082261 3.2157124427936816 88
1753306101002 3.2585419378407416 89
1753306134934 3.1821976993428702 90
1753306168791 3.233103636741488 91
1753306204410 3.211331943514318 92
1753306238028 3.208570569058385 93
1753306268806 3.2182583088957997 94
1753306303894 3.1995469879119423 95
1753306339001 3.239863351995878 96
1753306371592 3.201238085641461 97
1753306403712 3.2212664343169277 98
1753306424539 3.2430032947926324 99
1753306458927 3.2046760937880947 100
