1754063264605 0.028493105166971257 0
1754063317401 0.07492939026416348 1
1754063371723 0.105166971257684 2
1754063407954 0.12036883203189899 3
1754063459967 0.1418840338926732 4
1754063516474 0.16572520352217976 5
1754063551780 0.1698787173949161 6
1754063607645 0.19421830868915102 7
1754063654078 0.20127928227280278 8
1754063707772 0.21972088386775213 9
1754063756250 0.22611729523176607 10
1754063812028 0.24098687489616216 11
1754063864442 0.23974082073434125 12
1754063920491 0.25477654095364677 13
1754063972066 0.25494268150855626 14
1754064026016 0.26740322312676523 15
1754064079550 0.27172287755441105 16
1754064136111 0.28019604585479313 17
1754064189752 0.2796145539126101 18
1754064242144 0.28850307360026584 19
1754064284258 0.2864263166638977 20
1754064319294 0.29946835022428975 21
1754064354534 0.2955640471839176 22
1754064391187 0.3081076590795813 23
1754064445126 0.30146203688320317 24
1754064499043 0.31525170294068783 25
1754064554477 0.3101013457384948 26
1754064609959 0.3203189898654262 27
1754064661353 0.3169131084897824 28
1754064715067 0.3263000498421665 29
1754064768999 0.32463864429307193 30
1754064817740 0.33178268815417844 31
1754064863188 0.32721382289416845 32
1754064917233 0.32937365010799136 33
1754064972139 0.32870908788835357 34
1754065027216 0.32995514205017445 35
1754065062034 0.33435786675527496 36
1754065100259 0.3372653264661904 37
1754065152884 0.3454062136567536 38
1754065210812 0.34274796477820235 39
1754065263982 0.3483967436451238 40
1754065319068 0.3472337597607576 41
1754065353679 0.34548928393420836 42
1754065410304 0.35412859278949993 43
1754065464438 0.34357866755274963 44
1754065517365 0.3547931550091377 45
1754065569032 0.34731683003821234 46
1754065623198 0.356537630835687 47
1754065678948 0.3508057816913108 48
1754065729516 0.35828210666223625 49
1754065780179 0.3536301711247716 50
1754065836772 0.35911280943678353 51
1754065890456 0.3552085063964114 52
1754065945665 0.35986044193387606 53
1754066003191 0.3553746469513208 54
1754066051967 0.3591958797142382 55
1754066105744 0.3575344741651437 56
1754066159238 0.3613557069280611 57
1754066214360 0.3631832530320651 58
1754066268424 0.36202026914769897 59
1754066320543 0.3625186908124273 60
1754066375018 0.3641800963615218 61
1754066429937 0.36451237747134074 62
1754066482184 0.3650107991360691 63
1754066535889 0.36409702608406713 64
1754066584167 0.36733676690480144 65
1754066635310 0.3641800963615218 66
1754066686603 0.3659245721880711 67
1754066739472 0.36849975078916763 68
1754066774272 0.36633992357534473 69
1754066826441 0.3684166805117129 70
1754066869864 0.3645954477487955 71
1754066921802 0.3640139558066124 72
1754066972207 0.36891510217644125 73
1754067028392 0.37007808606080744 74
1754067079482 0.3651769396909786 75
1754067113870 0.3693304535637149 76
1754067169166 0.3683336102342582 77
1754067225795 0.37041036717062636 78
1754067280534 0.3691643130088054 79
1754067332445 0.371739491609902 80
1754067385642 0.37124106994517364 81
1754067437757 0.37007808606080744 82
1754067489549 0.37165642133244725 83
1754067544995 0.37481309187572687 84
1754067594585 0.3711579996677189 85
1754067642831 0.37448081076590795 86
1754067686974 0.37232098355208504 87
1754067740111 0.3709087888353547 88
1754067780284 0.37007808606080744 89
1754067835777 0.37564379465027414 90
1754067889555 0.37539458381790997 91
1754067938752 0.3730686160491776 92
1754067973220 0.3755607243728194 93
1754068028200 0.3767237082571856 94
1754068084510 0.3771390596444592 95
1754068138142 0.37389931882372485 96
1754068186248 0.3751453729855458 97
1754068235237 0.37705598936700446 98
1754068276156 0.3731516863266323 99
1754068331203 0.37780362186409705 100
