1754063264607 4.55463803734932 0
1754063317402 4.398350288264795 1
1754063371724 4.25747236124914 2
1754063407956 4.168562811197758 3
1754063459968 4.100147207777579 4
1754063516475 4.0370634904240035 5
1754063551781 3.9957487714617392 6
1754063607646 3.9608267407383373 7
1754063654079 3.9168845399275662 8
1754063707773 3.915986389239779 9
1754063756252 3.896221129371422 10
1754063812030 3.8936861610657054 11
1754063864443 3.8909989221621366 12
1754063920493 3.8806519524450955 13
1754063972068 3.8821133578090543 14
1754064026018 3.88487570182652 15
1754064079551 3.8664212431349396 16
1754064136112 3.8927363512979487 17
1754064189753 3.8761318943120866 18
1754064242145 3.9022473088802965 19
1754064284260 3.891603457401377 20
1754064319295 3.923757206186337 21
1754064354536 3.926142891347845 22
1754064391188 3.9347323045730094 23
1754064445127 3.962670441351318 24
1754064499044 3.951043304999919 25
1754064554478 3.959353240876049 26
1754064609960 3.9763723545916085 27
1754064661354 3.982472158165551 28
1754064715068 3.9917173683768064 29
1754064769000 4.007425021703684 30
1754064817741 4.008053722809887 31
1754064863189 4.0126953622952595 32
1754064917234 4.049365474373807 33
1754064972140 4.087625528914731 34
1754065027217 4.033444669717374 35
1754065062035 4.098894311041482 36
1754065100261 4.025973161675861 37
1754065152885 4.073505546787739 38
1754065210813 4.0621985046465445 39
1754065263983 4.081093581099095 40
1754065319070 4.098920226405794 41
1754065353680 4.102938474761839 42
1754065410305 4.100851320798214 43
1754065464439 4.133005838990087 44
1754065517366 4.114863380131848 45
1754065569034 4.135994796287467 46
1754065623199 4.136279773128459 47
1754065678950 4.146420400043266 48
1754065729518 4.146709399493101 49
1754065780180 4.176154906585341 50
1754065836773 4.159367732274954 51
1754065890457 4.162100609107406 52
1754065945667 4.159014729004595 53
1754066003192 4.134679760122105 54
1754066051968 4.177939965550833 55
1754066105746 4.17191335242721 56
1754066159239 4.166051618014327 57
1754066214362 4.185399504081054 58
1754066268426 4.1884442749638815 59
1754066320545 4.204780869583476 60
1754066375019 4.180065714862711 61
1754066429939 4.196437957992637 62
1754066482185 4.179632995297131 63
1754066535890 4.17397785640132 64
1754066584168 4.178865091961332 65
1754066635312 4.189578174303755 66
1754066686605 4.176332964392531 67
1754066739474 4.17802335258295 68
1754066774274 4.210629031080835 69
1754066826442 4.2088588584361775 70
1754066869866 4.16125178075025 71
1754066921804 4.2049572666080755 72
1754066972208 4.198774261909515 73
1754067028393 4.19861441815896 74
1754067079484 4.189848677624117 75
1754067113871 4.195180316457416 76
1754067169168 4.197921024297515 77
1754067225797 4.156186227638568 78
1754067280536 4.187580805202487 79
1754067332447 4.206511135267448 80
1754067385643 4.1787309063219285 81
1754067437758 4.191740970691456 82
1754067489550 4.1885842872472905 83
1754067544997 4.189407295142664 84
1754067594586 4.214682111245715 85
1754067642832 4.179941026187948 86
1754067686975 4.170777369267984 87
1754067740113 4.181435626482684 88
1754067780285 4.204804079783688 89
1754067835778 4.184383064957437 90
1754067889556 4.188581154380266 91
1754067938754 4.202042794266264 92
1754067973221 4.1964391949963655 93
1754068028201 4.171617026259757 94
1754068084512 4.189202116071542 95
1754068138143 4.225848875956995 96
1754068186249 4.214420815997978 97
1754068235238 4.1742267957731665 98
1754068276158 4.14390084282309 99
1754068331204 4.178651373249563 100
