1753630281538 0.03322811098189068 0
1753630303342 0.06695464362850972 1
1753630325654 0.09287257019438445 2
1753630353334 0.11937198870244227 3
1753630375603 0.13980727695630504 4
1753630405409 0.15916265160325635 5
1753630430618 0.18532978900149527 6
1753630452517 0.19795647117461374 7
1753630477711 0.21299219139391926 8
1753630503835 0.21947167303538795 9
1753630537248 0.22603422495431136 10
1753630578659 0.2392423990696129 11
1753630603024 0.2418175776707094 12
1753630626935 0.24962618375145373 13
1753630650134 0.26216979564711745 14
1753630673253 0.2690646286758598 15
1753630695843 0.270809104502409 16
1753630717624 0.27230436949659415 17
1753630739973 0.2775377969762419 18
1753630764199 0.2850141219471673 19
1753630786496 0.2816082405715235 20
1753630809386 0.2818574514038877 21
1753630834940 0.2840172786177106 22
1753630857129 0.28700780860608077 23
1753630879539 0.28650938694135236 24
1753630903039 0.29149360358863596 25
1753630919027 0.2912443927562718 26
1753630939924 0.29332114969263995 27
1753630953570 0.29747466356537633 28
1753630967306 0.29764080412028576 29
1753630982222 0.2991360691144708 30
1753631015176 0.2995514205017445 31
1753631031555 0.3002159827213823 32
1753631045957 0.3013789666057485 33
1753631059506 0.29980063133410867 34
1753631083996 0.302126599102841 35
1753631099129 0.30146203688320317 36
1753631126713 0.30486791825884696 37
1753631141399 0.3049509885363017 38
1753631158564 0.30885529157667385 39
1753631176100 0.3130918757268649 40
1753631204666 0.3107659079581326 41
1753631222831 0.31059976740322315 42
1753631236947 0.3075261671373982 43
1753631262229 0.3096029240737664 44
1753631276595 0.3107659079581326 45
1753631306677 0.3096859943512211 46
1753631338416 0.3102674862934042 47
1753631368886 0.30544941020103006 48
1753631392201 0.31226117295231764 49
1753631406479 0.3083568699119455 50
1753631420846 0.3130918757268649 51
1753631441136 0.3161654759926898 52
1753631462378 0.3167469679348729 53
1753631482927 0.31741153015451073 54
1753631503586 0.31824223292905796 55
1753631523312 0.3141717893337764 56
1753631539106 0.31840837348396744 57
1753631557866 0.3151686326632331 58
1753631578632 0.3177438112643296 59
1753631591112 0.31658082737996346 60
1753631604419 0.31658082737996346 61
1753631626410 0.31683003821232764 62
1753631647860 0.3180760923741485 63
1753631667872 0.31824223292905796 64
1753631685516 0.31898986542615054 65
1753631706772 0.32023591958797143 66
1753631727689 0.3199036384781525 67
1753631752046 0.31658082737996346 68
1753631773225 0.3220634656919754 69
1753631783894 0.3201528493105167 70
1753631802555 0.3229772387439774 71
1753631823826 0.3201528493105167 72
1753631843940 0.320069779033062 73
1753631864496 0.3226449576341585 74
1753631886143 0.3238910117959794 75
1753631897946 0.3241402226283436 76
1753631908826 0.32222960624688485 77
1753631920207 0.3235587306861605 78
1753631931307 0.32870908788835357 79
1753631942791 0.3260508390098023 80
1753631953798 0.3263000498421665 81
1753631964323 0.32222960624688485 82
1753631973280 0.3248878551254361 83
1753631983381 0.32555241734507395 84
1753631994143 0.32372487124106997 85
1753632005066 0.3274630337265326 86
1753632016213 0.3254693470676192 87
1753632027418 0.3282937365010799 88
1753632038147 0.327961455391261 89
1753632048551 0.3267154012294401 90
1753632059838 0.3291244392756272 91
1753632070549 0.3282937365010799 92
1753632081641 0.3267154012294401 93
1753632092302 0.3277122445588968 94
1753632103267 0.3300382123276292 95
1753632113747 0.32555241734507395 96
1753632123890 0.3304535637149028 97
1753632134079 0.32696461206180427 98
1753632145176 0.3311181259345406 99
1753632156760 0.32596776873234756 100
