1753630281539 4.521812210923136 0
1753630303343 4.353385810249394 1
1753630325655 4.184458566475274 2
1753630353335 4.016369119476738 3
1753630375604 3.92788318113244 4
1753630405410 3.835045089031219 5
1753630430619 3.786441224206065 6
1753630452519 3.7445714435684154 7
1753630477712 3.6967878764731834 8
1753630503836 3.65606383198249 9
1753630537249 3.6780483039147835 10
1753630578660 3.669183239212942 11
1753630603025 3.660280240438902 12
1753630626936 3.621709010352348 13
1753630650135 3.577480988501006 14
1753630673254 3.613739738375304 15
1753630695844 3.636101814456554 16
1753630717625 3.6719899500518896 17
1753630739974 3.672116440406128 18
1753630764200 3.648760558197403 19
1753630786497 3.6744729239001734 20
1753630809387 3.678273621588777 21
1753630834941 3.69763661801603 22
1753630857130 3.7124016452319553 23
1753630879540 3.7319044000959267 24
1753630903040 3.6755892989849492 25
1753630919028 3.686941699874179 26
1753630939925 3.6812540738589843 27
1753630953571 3.6445220370538616 28
1753630967307 3.616309359067902 29
1753630982223 3.606827699588068 30
1753631015177 3.606514771093407 31
1753631031556 3.6045002223408154 32
1753631045958 3.628093989237404 33
1753631059507 3.649220104177868 34
1753631083997 3.6039521406075523 35
1753631099130 3.613398470784311 36
1753631126714 3.5867936808610468 37
1753631141400 3.6052644409427934 38
1753631158565 3.6161546476230533 39
1753631176101 3.58187938795401 40
1753631204667 3.624183068180164 41
1753631222832 3.630704415688881 42
1753631236948 3.6306883456736188 43
1753631262230 3.6305066002920645 44
1753631276596 3.5910225215816776 45
1753631306678 3.6076429681838817 46
1753631338417 3.6220822233607715 47
1753631368887 3.5808616235094557 48
1753631392202 3.5631209480841055 49
1753631406480 3.5916166546130732 50
1753631420847 3.537031142709519 51
1753631441137 3.525434139951499 52
1753631462379 3.5368490844940035 53
1753631482928 3.4980021307884486 54
1753631503587 3.5234452714840723 55
1753631523314 3.488994994805083 56
1753631539107 3.5113166695323095 57
1753631557867 3.4883231931487044 58
1753631578633 3.486384818589595 59
1753631591113 3.4582971261931554 60
1753631604420 3.470602793676331 61
1753631626411 3.4769610249957523 62
1753631647861 3.4787937376159435 63
1753631667873 3.5179384135194693 64
1753631685517 3.4791180635875527 65
1753631706773 3.4844569386666877 66
1753631727690 3.479936025271258 67
1753631752047 3.4964696755716558 68
1753631773226 3.496636235943447 69
1753631783895 3.4657860681879193 70
1753631802556 3.4757030030085367 71
1753631823827 3.4315011548675436 72
1753631843941 3.4498481739543925 73
1753631864497 3.4366147225497783 74
1753631886144 3.4627278845450897 75
1753631897947 3.3750570683168504 76
1753631908827 3.3222269162638565 77
1753631920208 3.3031370170752754 78
1753631931308 3.279396811410158 79
1753631942793 3.2837178640645974 80
1753631953800 3.270876745513903 81
1753631964324 3.304887643248797 82
1753631973281 3.272315722765671 83
1753631983383 3.2735637704350506 84
1753631994144 3.261460425502512 85
1753632005067 3.2850058357160967 86
1753632016214 3.242641731469944 87
1753632027419 3.2222012207831865 88
1753632038148 3.2347590508390405 89
1753632048552 3.2140635144176732 90
1753632059839 3.219054216849901 91
1753632070550 3.196946548240707 92
1753632081642 3.217378238263203 93
1753632092303 3.213922366063374 94
1753632103268 3.2236245082939585 95
1753632113748 3.223630951441938 96
1753632123891 3.1989648551478447 97
1753632134080 3.209430377330958 98
1753632145177 3.211255112273545 99
1753632156761 3.1834556296308762 100
