1752885084918 0.03281275959461705 0
1752885103462 0.05349725868084399 1
1752885122206 0.0734341252699784 2
1752885141377 0.09503239740820735 3
1752885160675 0.11355706928061139 4
1752885180032 0.12909121116464528 5
1752885198924 0.14238245555740156 6
1752885218109 0.158664229938528 7
1752885236950 0.1651437115799967 8
1752885256570 0.18300382123276293 9
1752885275283 0.18582821066622363 10
1752885294291 0.19180927064296394 11
1752885313049 0.19862103339425155 12
1752885332459 0.20966938029573018 13
1752885351757 0.2183917594284765 14
1752885370708 0.22287755441103174 15
1752885389592 0.2311845821565044 16
1752885408435 0.23359362020269148 17
1752885427203 0.2427313507227114 18
1752885446218 0.2508722379132746 19
1752885464926 0.2555241734507393 20
1752885484024 0.2590961953812926 21
1752885503363 0.2585977737165642 22
1752885522193 0.272636650606413 23
1752885541706 0.2827712244558897 24
1752885560060 0.2818574514038877 25
1752885579330 0.2903306197042698 26
1752885598792 0.2861771058315335 27
1752885617945 0.29573018773882703 28
1752885636451 0.303040372154843 29
1752885655698 0.3061139724206679 30
1752885674782 0.31101511879049676 31
1752885694021 0.3150855623857784 32
1752885713012 0.3241402226283436 33
1752885731591 0.33037049343744807 34
1752885750326 0.3280445256687157 35
1752885769393 0.327961455391261 36
1752885789083 0.3331948828709088 37
1752885808312 0.33435786675527496 38
1752885827457 0.3416680511712909 39
1752885846914 0.3460707758763914 40
1752885865450 0.34872902475494266 41
1752885885305 0.3532148197374979 42
1752885904655 0.36168798803788005 43
1752885923757 0.35969430137896663 44
1752885943121 0.3649277288586144 45
1752885962165 0.37281940521681345 46
1752885980978 0.3739823891011796 47
1752886000402 0.37763748130918756 48
1752886018929 0.38444924406047515 49
1752886037792 0.38777205515866425 50
