1752885084919 4.661688760580661 0
1752885103463 4.547565065596774 1
1752885122207 4.402956916134414 2
1752885141378 4.257846097978237 3
1752885160676 4.103738942382816 4
1752885180033 3.974361549409912 5
1752885198925 3.8535454618975913 6
1752885218110 3.743275968504333 7
1752885236951 3.6374228723463062 8
1752885256571 3.537504147160399 9
1752885275284 3.47816476111855 10
1752885294292 3.4092748922277467 11
1752885313050 3.3326499407007795 12
1752885332460 3.25611304437578 13
1752885351758 3.178685203376263 14
1752885370709 3.1276909397048276 15
1752885389593 3.073692549698089 16
1752885408436 3.017801409486263 17
1752885427204 2.958378232667906 18
1752885446219 2.902523167772722 19
1752885464927 2.8602363314133523 20
1752885484025 2.829253583770682 21
1752885503364 2.784024744499326 22
1752885522194 2.7279381839329075 23
1752885541707 2.6790089882712946 24
1752885560061 2.648646312408359 25
1752885579331 2.6061358905204357 26
1752885598793 2.593258123191879 27
1752885617946 2.553724780359304 28
1752885636452 2.5048387830950922 29
1752885655699 2.4774696434205596 30
1752885674783 2.442074964155716 31
1752885694022 2.407872758990529 32
1752885713013 2.3657439230694997 33
1752885731592 2.3326499113870196 34
1752885750326 2.307134126504463 35
1752885769394 2.2812835586802604 36
1752885789084 2.2474224850278586 37
1752885808313 2.224565658525741 38
1752885827458 2.1914745985885387 39
1752885846915 2.162877368020029 40
1752885865451 2.127824169934773 41
1752885885305 2.0961077183973593 42
1752885904656 2.052159868891673 43
1752885923757 2.0441406492352137 44
1752885943122 2.0142709502105505 45
1752885962166 1.9811672086272736 46
1752885980979 1.9518566011455492 47
1752886000403 1.935052777524253 48
1752886018930 1.887677013773836 49
1752886037793 1.8728093252231113 50
