1753490453677 0.022096693802957302 0
1753490474529 0.03214819737497923 1
1753490495247 0.03904303040372155 2
1753490516381 0.056986210333942515 3
1753490534646 0.06836683834524007 4
1753490545372 0.08032895829872072 5
1753490564494 0.08531317494600432 6
1753490585055 0.1067453065293238 7
1753490604161 0.11712909121116465 8
1753490624494 0.12078418341917262 9
1753490646581 0.12934042199700946 10
1753490666059 0.14454228277122447 11
1753490681754 0.14354543944176773 12
1753490700751 0.1587473002159827 13
1753490719919 0.16040870576507726 14
1753490740807 0.1676358199036385 15
1753490759044 0.17428144210001661 16
1753490779847 0.17527828542947332 17
1753490799501 0.18898488120950324 18
1753490817935 0.19180927064296394 19
1753490829689 0.1957135736833361 20
1753490848262 0.20119621199534807 21
1753490864366 0.20460209337099186 22
1753490887194 0.21290912111646454 23
1753490910783 0.21556736999501577 24
1753490930873 0.2059312178102675 25
1753490948432 0.21889018109320485 26
1753490968546 0.22578501412194718 27
1753490988894 0.22919089549759097 28
1753491009128 0.22894168466522677 29
1753491030397 0.23392590131251037 30
1753491051286 0.23442432297723875 31
1753491075164 0.23691643130088055 32
1753491095183 0.23949160990197707 33
1753491111436 0.23849476657252036 34
1753491129099 0.24165143711579998 35
1753491150126 0.2463864429307194 36
1753491172422 0.24813091875726864 37
1753491189803 0.25618873567037714 38
1753491211523 0.25577338428310353 39
1753491233151 0.25976075760093037 40
1753491252189 0.2648280445256687 41
1753491275770 0.2669878717394916 42
1753491294278 0.2622528659245722 43
1753491316048 0.26333277953148365 44
1753491337631 0.2626682173118458 45
1753491359516 0.26648945007476327 46
1753491376140 0.2712244558896827 47
1753491396043 0.2672370825718558 48
1753491416552 0.26399734175112144 49
1753491439759 0.2710583153347732 50
1753491462480 0.26956305034058814 51
1753491477781 0.27014454228277124 52
1753491499082 0.27213822894168466 53
1753491521933 0.2732181425485961 54
1753491536309 0.27728858614387775 55
1753491557744 0.27737165642133244 56
1753491577221 0.2826050839009802 57
1753491595411 0.28576175444425983 58
1753491616046 0.2769563050340588 59
1753491631925 0.28385113806280116 60
1753491652374 0.2760425319820568 61
1753491671493 0.28351885695298223 62
1753491691834 0.2845987705598937 63
1753491710704 0.2875062302708091 64
1753491720991 0.28875228443263 65
1753491740698 0.2834357866755275 66
1753491762474 0.2834357866755275 67
1753491779803 0.28426648945007477 68
1753491793204 0.2845987705598937 69
1753491812331 0.28542947333444096 70
1753491832493 0.2875062302708091 71
1753491851840 0.28792158165808274 72
1753491872378 0.2874231599933544 73
1753491893806 0.2894168466522678 74
1753491915204 0.29323807941518526 75
1753491936263 0.28925070609735837 76
1753491949190 0.28634324638644293 77
1753491969673 0.29390264163482305 78
1753491989684 0.297557733842831 79
1753492010682 0.29905299883701614 80
1753492031569 0.30063133410865595 81
1753492050466 0.2983884366173783 82
1753492071497 0.2995514205017445 83
1753492091457 0.29921913939192557 84
1753492103672 0.29307193886027577 85
1753492124166 0.29830536633992355 86
1753492144938 0.30063133410865595 87
1753492166186 0.29830536633992355 88
1753492178479 0.2989699285595614 89
1753492198562 0.29323807941518526 90
1753492217514 0.2958132580162818 91
1753492235524 0.2944010632995514 92
1753492255943 0.30262502076756936 93
1753492271218 0.30719388602757935 94
1753492294881 0.3027080910450241 95
1753492315414 0.29880378800465196 96
1753492339283 0.30104668549592956 97
1753492358555 0.30104668549592956 98
1753492378491 0.3019604585479316 99
1753492396512 0.29888685828210665 100
