1753490453679 4.579175379416463 0
1753490474530 4.509404954114053 1
1753490495248 4.445135420574556 2
1753490516382 4.389718785598253 3
1753490534647 4.3624254037306684 4
1753490545373 4.318493391185855 5
1753490564495 4.2925782251318125 6
1753490585056 4.245552509792382 7
1753490604162 4.213113783542819 8
1753490624495 4.1794686232383444 9
1753490646582 4.178302474290313 10
1753490666060 4.170405681099845 11
1753490681755 4.169691999229483 12
1753490700752 4.114575080989819 13
1753490719920 4.101510049010152 14
1753490740808 4.099318221875578 15
1753490759045 4.107097574122458 16
1753490779848 4.127923017130359 17
1753490799502 4.112475875232678 18
1753490817936 4.094453590376204 19
1753490829690 4.096491440803243 20
1753490848264 4.096448296282325 21
1753490864367 4.089751701807472 22
1753490887195 4.101203198050276 23
1753490910784 4.113538432068894 24
1753490930874 4.0719682515153925 25
1753490948433 4.114494478024057 26
1753490968547 4.146977883972715 27
1753490988896 4.131413689777676 28
1753491009129 4.096249730161953 29
1753491030398 4.095368441577037 30
1753491051287 4.106875955921308 31
1753491075165 4.142116382209844 32
1753491095184 4.156528383973603 33
1753491111437 4.168777732276397 34
1753491129101 4.146352383825514 35
1753491150127 4.168379002396695 36
1753491172423 4.130667487056866 37
1753491189804 4.137370827395588 38
1753491211524 4.179843359273906 39
1753491233152 4.137508916428309 40
1753491252190 4.161318708673434 41
1753491275771 4.1919077243683205 42
1753491294279 4.187115706741922 43
1753491316049 4.19841803816428 44
1753491337632 4.193934487402252 45
1753491359517 4.209667582879457 46
1753491376141 4.242736105746518 47
1753491396044 4.1954229426112075 48
1753491416553 4.176274513420038 49
1753491439760 4.204371347627422 50
1753491462481 4.20192926047636 51
1753491477782 4.229592163447033 52
1753491499083 4.239703774545751 53
1753491521934 4.224244799124294 54
1753491536310 4.260365370802112 55
1753491557745 4.24902986635172 56
1753491577222 4.250904963995079 57
1753491595412 4.24693599970028 58
1753491616047 4.254578457857231 59
1753491631926 4.236211205095047 60
1753491652375 4.2480641712913405 61
1753491671494 4.236261754311336 62
1753491691835 4.255135462557978 63
1753491710705 4.306039425806162 64
1753491720992 4.276087937662606 65
1753491740700 4.289336062682476 66
1753491762475 4.273462574897039 67
1753491779804 4.292955598719676 68
1753491793205 4.329840897690628 69
1753491812332 4.31227974709319 70
1753491832494 4.330268044181388 71
1753491851841 4.283479749981792 72
1753491872379 4.326406110412507 73
1753491893807 4.307615049783593 74
1753491915205 4.344138105367362 75
1753491936264 4.339283641405149 76
1753491949191 4.34664025508003 77
1753491969674 4.35749783887477 78
1753491989685 4.353427311763726 79
1753492010683 4.375494755026585 80
1753492031570 4.374281319122131 81
1753492050467 4.37635488629179 82
1753492071498 4.3701388319994425 83
1753492091458 4.4079878996183846 84
1753492103673 4.376315236322349 85
1753492124167 4.402318699030877 86
1753492144939 4.385810035495834 87
1753492166187 4.35701799567311 88
1753492178480 4.393293177926857 89
1753492198563 4.37946140940131 90
1753492217515 4.393627995825083 91
1753492235525 4.388303456557897 92
1753492255944 4.401905956309967 93
1753492271219 4.41454216044651 94
1753492294882 4.396271813013085 95
1753492315415 4.407172059945467 96
1753492339284 4.407194524280046 97
1753492358556 4.422671796587577 98
1753492378492 4.446679393974252 99
1753492396513 4.4461059347995535 100
