1753427938975 0.025004153513872737 0
1753427953523 0.050506728692473836 1
1753427970890 0.06662236251869082 2
1753428000028 0.09154344575510882 3
1753428024246 0.10574846319986708 4
1753428038989 0.1235255025751786 5
1753428066704 0.15019106163814588 6
1753428080582 0.16838345240073102 7
1753428095520 0.17885030736002658 8
1753428117165 0.1900647948164147 9
1753428132870 0.20568200697790331 10
1753428157497 0.21041701279282274 11
1753428177575 0.2234590463532148 12
1753428196727 0.22611729523176607 13
1753428210722 0.23375976075760094 14
1753428241906 0.2467187240405383 15
1753428255617 0.2445588968267154 16
1753428270732 0.25502575178601095 17
1753428303134 0.26432962286094036 18
1753428317324 0.26648945007476327 19
1753428342156 0.26432962286094036 20
1753428356292 0.27055989367004485 21
1753428377203 0.2669878717394916 22
1753428391271 0.2766240239242399 23
1753428405945 0.2743811264329623 24
1753428425659 0.28235587306861604 25
1753428445162 0.2803621864097026 26
1753428471822 0.27894999169297224 27
1753428485858 0.2859278949991693 28
1753428499536 0.28983219803954147 29
1753428513757 0.2903306197042698 30
1753428527866 0.289666057484632 31
1753428560154 0.29323807941518526 32
1753428577154 0.2945672038544609 33
1753428591052 0.2965608905133743 34
1753428606663 0.29647782023591956 35
1753428620420 0.2978069446751952 36
1753428634937 0.30013291244392754 37
1753428661507 0.30004984216647285 38
1753428693385 0.2997175610566539 39
1753428719074 0.30569862103339424 40
1753428735426 0.3071108157501246 41
1753428759239 0.3031234424322977 42
1753428774255 0.30536633992357537 43
1753428796613 0.3102674862934042 44
1753428814885 0.3086891510217644 45
1753428836646 0.30544941020103006 46
1753428860010 0.30976906462867587 47
1753428888067 0.308523010466855 48
1753428915932 0.30719388602757935 49
1753428933031 0.3073600265824888 50
1753428948751 0.3101013457384948 51
1753428978144 0.31226117295231764 52
1753429008848 0.31317494600431967 53
1753429030806 0.3150855623857784 54
1753429047382 0.3164977571025087 55
1753429064051 0.3135902973915933 56
1753429080902 0.3186575843163316 57
1753429110266 0.3199036384781525 58
1753429136489 0.3185745140388769 59
1753429152332 0.3167469679348729 60
1753429182070 0.3150855623857784 61
1753429210759 0.3135072271141386 62
1753429224820 0.31558398405050675 63
1753429251944 0.32098355208506396 64
1753429277468 0.3253032065127098 65
1753429291261 0.322478817079249 66
1753429322400 0.3220634656919754 67
1753429336441 0.3223126765243396 68
1753429353676 0.3179930220966938 69
1753429368859 0.32372487124106997 70
1753429399854 0.3220634656919754 71
1753429415079 0.32281109818906795 72
1753429446325 0.32198039541452067 73
1753429466102 0.3235587306861605 74
1753429494096 0.3195713573683336 75
1753429523020 0.32538627679016446 76
1753429538812 0.3220634656919754 77
1753429569989 0.3263000498421665 78
1753429584293 0.329789001495265 79
1753429602050 0.32563548762252864 80
1753429618767 0.3285429473334441 81
1753429652270 0.3227280279116132 82
1753429666799 0.32754610400398737 83
1753429686450 0.32538627679016446 84
1753429717043 0.32555241734507395 85
1753429733804 0.3286260176108988 86
1753429748238 0.32480478484798136 87
1753429780300 0.32438943346070775 88
1753429799968 0.3251370659578003 89
1753429831046 0.328875228443263 90
1753429851286 0.33053663399235755 91
1753429865628 0.33061970426981224 92
1753429880956 0.3310350556570859 93
1753429910050 0.3324472503738162 94
1753429935701 0.3318657584316332 95
1753429962055 0.33178268815417844 96
1753429977224 0.3335271639807277 97
1753429992016 0.3302874231599934 98
1753430010270 0.3291244392756272 99
1753430027471 0.3326133909287257 100
