1754146049342 4.5085196688874145 0
1754146080794 4.294439201425822 1
1754146099480 4.069669642940329 2
1754146127321 3.8789912249209317 3
1754146155936 3.718344704454777 4
1754146187370 3.5588615704690296 5
1754146210165 3.4360023843591048 6
1754146227690 3.321570910901598 7
1754146251721 3.2322738756692466 8
1754146279027 3.1530330686370656 9
1754146309537 3.083310230490702 10
1754146324254 3.0161502726109464 11
1754146358726 2.9764414319160917 12
1754146375169 2.9138274860945823 13
1754146393637 2.8759246619582353 14
1754146427913 2.8262713453240362 15
1754146446603 2.8101431843712628 16
1754146467497 2.787726949456846 17
1754146494206 2.7605866220150066 18
1754146510230 2.710908655361741 19
1754146527077 2.725456646775122 20
1754146546657 2.6816136447062275 21
1754146574680 2.6868527614127444 22
1754146589166 2.6575160044073733 23
1754146623363 2.64513053144339 24
1754146639173 2.6090141332568573 25
1754146661257 2.600879360552387 26
1754146694440 2.6103367223465734 27
1754146711079 2.5786082192298183 28
1754146732383 2.552900600499452 29
1754146764613 2.5515322691165996 30
1754146793038 2.5497005899210907 31
1754146823585 2.534826755554862 32
1754146848649 2.5322949324075235 33
1754146873007 2.527974583272481 34
1754146900433 2.496512926761065 35
1754146931171 2.501034430319182 36
1754146960919 2.4726744988306866 37
1754146988686 2.468096635420344 38
1754147017638 2.4637120453900785 39
1754147051089 2.441024357481441 40
1754147079420 2.43225784062541 41
1754147105511 2.4600132402702215 42
1754147134979 2.4343793129298597 43
1754147167392 2.42120827212197 44
1754147182183 2.423180541431687 45
1754147205430 2.423421854141193 46
1754147220985 2.408155459743036 47
1754147251371 2.39059413299136 48
1754147266754 2.370271117199812 49
1754147296206 2.3781129587118186 50
1754147320090 2.3679437253621862 51
1754147350143 2.3743911909493325 52
1754147382050 2.3578215770191115 53
1754147399098 2.3569214163707826 54
1754147416248 2.3448455948339744 55
1754147444417 2.3306619873179577 56
1754147465610 2.3309074243346277 57
1754147500308 2.332762656697146 58
1754147515449 2.334949644781738 59
1754147533960 2.3093037606127518 60
1754147552023 2.3134469439430103 61
1754147573562 2.3057406385212693 62
1754147593778 2.3097698767331387 63
1754147613506 2.291536428534753 64
1754147638126 2.2771894496575786 65
1754147654832 2.2772608829323504 66
1754147686755 2.265211030909471 67
1754147718313 2.2728553027145333 68
1754147737269 2.2717070492878197 69
1754147752972 2.2525816865391652 70
1754147780276 2.2485141271507425 71
1754147795926 2.233619254031773 72
1754147824422 2.24153812719479 73
1754147850541 2.234802418409668 74
1754147878519 2.2269058023961574 75
1754147896398 2.2303850455878047 76
1754147919916 2.2194864470157 77
1754147938575 2.2082656735211743 78
1754147954021 2.1988972770628954 79
1754147980734 2.210037231039966 80
1754148008531 2.198407026662952 81
1754148024542 2.1970842883137385 82
1754148039057 2.199560936611301 83
1754148053462 2.1948318168673713 84
1754148079455 2.1814927352188174 85
1754148099315 2.182607074082833 86
1754148132884 2.169190251323987 87
1754148160839 2.1559397498666804 88
1754148191169 2.169126677805284 89
1754148220015 2.1524830378761948 90
1754148234284 2.1591502395985667 91
1754148260768 2.142915199303208 92
1754148286045 2.1511653185258677 93
1754148311250 2.1330539745207138 94
1754148328300 2.1205381313005636 95
1754148343745 2.1316328040630306 96
1754148371864 2.116260791313177 97
1754148388853 2.1217938252923676 98
1754148417359 2.1150093974803226 99
1754148448729 2.1166014289364554 100
