1751050491930 0.03347732181425486 0
1751050531128 0.035637149028077755 1
1751050574693 0.05964445921249377 2
1751050618264 0.07285263332779532 3
1751050657983 0.07767070942016946 4
1751050697898 0.10774214985878053 5
1751050740264 0.14229938527994684 6
1751050780399 0.1431300880544941 7
1751050821634 0.15334773218142547 8
1751050863906 0.16074098687489616 9
1751050907659 0.1723708257185579 10
1751050948423 0.1755274962618375 11
1751050991917 0.19587971423824554 12
1751051017208 0.17818574514038876 13
1751051042667 0.20451902309353714 14
1751051069079 0.220966938029573 15
1751051094738 0.195132081741153 16
1751051120544 0.2217976408041203 17
1751051147691 0.22503738162485462 18
1751051172366 0.21207841834191726 19
1751051197682 0.2190563216481143 20
1751051223177 0.2267818574514039 21
1751051248614 0.21307526167137397 22
1751051273364 0.23625186908124274 23
1751051298800 0.23600265824887856 24
1751051323875 0.2168134241568367 25
1751051343390 0.246801794317993 26
1751051362915 0.25843163316165474 27
1751051383226 0.24397740488453232 28
1751051403413 0.2445588968267154 29
1751051423471 0.24339591294234922 30
1751051442672 0.24397740488453232 31
1751051461689 0.2576840006645622 32
1751051481298 0.26491111480312346 33
1751051500777 0.254111978734009 34
1751051520013 0.2613390928725702 35
1751051539772 0.26150523342747967 36
1751051559776 0.25161987041036715 37
1751051578741 0.2642465525834856 38
1751051591986 0.27238743977404883 39
1751051605455 0.2625851470343911 40
1751051618626 0.279033061970427 41
1751051631935 0.2742149858780528 42
1751051645041 0.2713075261671374 43
1751051658053 0.27512875893005484 44
1751051671497 0.2746303372653265 45
1751051684643 0.27055989367004485 46
1751051697889 0.27645788336933047 47
1751051711200 0.2507891676358199 48
1751051724338 0.26150523342747967 49
1751051737571 0.27870078086060807 50
