1751321589121 4.577285386474757 0
1751321714038 4.251243520855352 1
1751321839521 4.116844049242676 2
1751321966221 4.036250902705455 3
1751322090971 3.9703229836627885 4
1751322215419 3.8719911063203494 5
1751322339070 3.8687161831056036 6
1751322465379 3.6994437803085636 7
1751322594308 3.6084524802973212 8
1751322724285 3.5181958685656864 9
1751322852342 3.5098217562398473 10
1751322978918 3.4247831465216834 11
1751323108106 3.409453198332504 12
1751323236249 3.26631089176837 13
1751323363285 3.2219348617991064 14
1751323492733 3.24148530196422 15
1751323618922 3.185793332614634 16
1751323744569 3.2068144948906436 17
1751323874586 3.0922752616284224 18
1751324001475 3.0426942544506597 19
1751324125653 2.9992400169021796 20
1751324253304 3.0265312523288657 21
1751324383134 2.9117378326161862 22
1751324507886 2.965168660054842 23
1751324636983 2.9473834548641924 24
1751324763248 2.885329253736691 25
1751324893767 2.904467492706889 26
1751325022036 2.8641908496630797 27
1751325148905 2.841179333711783 28
1751325272981 2.798949478002294 29
1751325403618 2.809671211049756 30
1751325532372 2.7445065748947113 31
1751325659079 2.6929497802931506 32
1751325783500 2.7526385311621384 33
1751325910757 2.6656525217532208 34
1751326037715 2.6151735171982597 35
1751326164840 2.5482164497020214 36
1751326290603 2.506057776382311 37
1751326416950 2.565198913918117 38
1751326544620 2.4994133920567334 39
1751326673342 2.377195005621816 40
1751326800923 2.4908538468059946 41
1751326933025 2.484523487036571 42
1751327056659 2.492091110113189 43
1751327178499 2.4085466882018993 44
1751327306248 2.29958000450938 45
1751327434455 2.3104902345150045 46
1751327561140 2.307011635050948 47
1751327688056 2.1808427311620977 48
1751327813252 2.13628406320652 49
1751327941747 2.2021208196602835 50
1751328017920 2.1412096155158307 51
1751328090023 2.058332127259403 52
1751328163522 2.056233622431254 53
1751328237199 2.077436975151388 54
1751328312177 2.0275148414560804 55
1751328386377 2.001767273912439 56
1751328460991 1.9644174032029158 57
1751328535930 1.953506857731441 58
1751328609706 1.9113560034570485 59
1751328684346 1.85817553254863 60
1751328757589 1.8216066474628179 61
1751328832306 1.8614479153862942 62
1751328906560 1.8149143477816474 63
1751328979881 1.8583404649160222 64
1751329054198 1.7755027766683589 65
1751329126818 1.7705762557287634 66
1751329200978 1.7382842234252456 67
1751329275102 1.7331068032210166 68
1751329347099 1.773604057599274 69
1751329420002 1.7486385286195707 70
1751329494795 1.7708545728528284 71
1751329567362 1.701743592451373 72
1751329639355 1.7155720233469387 73
1751329712426 1.7241332031717542 74
1751329784945 1.6985719609134973 75
1751329858102 1.7142907046893405 76
1751329930559 1.6747177383984184 77
1751330004291 1.5816252611854675 78
1751330078570 1.5776471980793003 79
1751330152079 1.5808184424336154 80
1751330227229 1.5806136084442544 81
1751330302046 1.5809531156067627 82
1751330375696 1.6160132318504934 83
1751330449266 1.6135655831053897 84
1751330524073 1.6475528458539692 85
1751330599477 1.626265490465978 86
1751330674196 1.5460637047089802 87
1751330750530 1.5404471167918732 88
1751330824477 1.518770590493829 89
1751330898849 1.4633515052737753 90
1751330973352 1.475631732262668 91
1751331047155 1.491698938189368 92
1751331122658 1.4412931684262114 93
1751331195395 1.4680429117029088 94
1751331268599 1.4738894481088194 95
1751331341788 1.4625154749457827 96
1751331416969 1.4534579656647064 97
1751331491801 1.4788750037777982 98
1751331564864 1.4382573087214672 99
1751331640616 1.4207971774009551 100
1751331693839 1.4005679890721685 101
1751331746518 1.4238123409340442 102
1751331798776 1.4157699021084462 103
1751331851067 1.3759826590828113 104
1751331905146 1.3530251103417714 105
1751331956343 1.4042711852773313 106
1751332007796 1.377219205651747 107
1751332059891 1.3683458382288052 108
1751332110960 1.3548394517962103 109
1751332164181 1.3262797612661654 110
1751332216289 1.3120873018832249 111
1751332269182 1.297470905720176 112
1751332323095 1.27966348379271 113
1751332375773 1.2599083727075726 114
1751332429114 1.2519872505638627 115
1751332482089 1.2654700429038235 116
1751332535236 1.2489525957442913 117
1751332589015 1.3144610169309983 118
1751332641936 1.2866641654887054 119
1751332694104 1.3150709482485734 120
1751332746232 1.2506143874386988 121
1751332798611 1.2534952892132256 122
1751332850924 1.2598756435706964 123
1751332903625 1.219431682232025 124
1751332956708 1.1900890748716888 125
1751333010290 1.2000899835481469 126
1751333063066 1.2180496685482098 127
1751333115661 1.2062326839261035 128
1751333169104 1.2074945573988611 129
1751333222578 1.208643802940985 130
1751333275594 1.1857112432421335 131
1751333328885 1.1866497134178338 132
1751333381482 1.164203910965092 133
1751333434806 1.123721380997958 134
1751333487642 1.1705623663446705 135
1751333540672 1.1747417158674067 136
1751333593862 1.1731405506294554 137
1751333647006 1.1636655551912642 138
1751333699619 1.1974025945521314 139
1751333751968 1.2463681778472 140
1751333804736 1.1924640143142575 141
1751333856919 1.1752637252994524 142
1751333909542 1.1687516001373774 143
1751333962682 1.1511379145052536 144
1751334016262 1.1526291627011538 145
1751334067991 1.1453661866475895 146
1751334120763 1.1243661748202394 147
1751334173384 1.1780105767228037 148
1751334225663 1.1261480649649986 149
1751334277956 1.1036512948266892 150
1751334309325 1.090280194353616 151
1751334341036 1.1096131359292574 152
1751334372480 1.0691632974341656 153
1751334404630 1.1002590391897846 154
1751334435941 1.0851127906489495 155
1751334467346 1.106208509144488 156
1751334498577 1.1124925721813927 157
1751334530136 1.0667760408260891 158
1751334561472 1.033848027076248 159
1751334592930 1.0552417235275728 160
1751334623990 1.075902389721047 161
1751334655015 1.0563933485465147 162
1751334686281 1.0420736766509562 163
1751334718047 1.042987302725116 164
1751334749693 1.0396849237234238 165
1751334781451 1.0227319144918072 166
1751334812718 1.005491874927084 167
1751334844283 1.0204444040074363 168
1751334875411 1.0381956763071105 169
1751334907064 1.023144449431785 170
1751334938582 1.0256416165394597 171
1751334969602 1.0029400199443843 172
1751335001092 0.9902268047194956 173
1751335032763 0.9754030302008586 174
1751335064319 0.9927176743003564 175
1751335095841 0.9792684707258205 176
1751335127279 0.9745732155750252 177
1751335159061 0.9913698719457589 178
1751335190505 0.9919795243067768 179
1751335221191 1.0117644848627518 180
1751335252719 0.9749776350444194 181
1751335284410 0.9713453151795155 182
1751335315526 0.9549210978147917 183
1751335347004 0.9271643014798726 184
1751335378679 0.9541933782675279 185
1751335410234 0.983906149168543 186
1751335441787 0.9664369731816178 187
1751335473114 0.983309577600682 188
1751335504143 0.9677385201716044 189
1751335535380 0.9591376953289507 190
1751335566992 0.9631984774197991 191
1751335598397 0.9827041178573739 192
1751335629497 0.988454602884337 193
1751335660785 0.9589960700727588 194
1751335692196 0.9787914847443057 195
1751335723858 0.9597472363338931 196
1751335755994 0.9680764022087126 197
1751335787754 0.9606101633020774 198
1751335819136 0.9583560627643524 199
1751335850592 0.9341926988194289 200
