1752945355175 4.617588817697455 0
1752945361229 4.591550925440425 1
1752945367564 4.555805272342479 2
1752945374760 4.511740247258222 3
1752945381893 4.469886736641315 4
1752945388985 4.423260515404629 5
1752945395172 4.379132986118835 6
1752945402158 4.33609004795376 7
1752945409304 4.294441717269291 8
1752945416045 4.249516324016817 9
1752945423488 4.208891609878588 10
1752945429967 4.171185739504384 11
1752945436818 4.136331067409972 12
1752945443852 4.098658922140515 13
1752945450587 4.067570681830523 14
1752945457400 4.029302301553178 15
1752945463787 4.0041592127638435 16
1752945470521 3.985182134430666 17
1752945478074 3.955659281561083 18
1752945485344 3.9286688347231595 19
1752945492803 3.911238249433597 20
1752945499764 3.8810714456202255 21
1752945507125 3.8659269604276036 22
1752945514047 3.838558760697524 23
1752945521317 3.816092370136689 24
1752945528476 3.788721276361835 25
1752945535945 3.7665405801085177 26
1752945543418 3.7560571198104657 27
1752945550412 3.732824244585394 28
1752945557196 3.710908050444909 29
1752945563900 3.690395986748223 30
1752945571039 3.6780088009479517 31
1752945578331 3.6612601383938013 32
1752945584310 3.6446213783361974 33
1752945591067 3.630548014165775 34
1752945598003 3.607038175172794 35
1752945604226 3.5970084429689195 36
1752945611509 3.5782860312054967 37
1752945617828 3.5660420476312944 38
1752945625242 3.5450538537391045 39
1752945632109 3.5217885986603124 40
1752945639400 3.510031430798451 41
1752945646442 3.5037787969295797 42
1752945652872 3.4885562782079145 43
1752945659751 3.473438115694183 44
1752945665858 3.462673888481079 45
1752945673239 3.4568735134105513 46
1752945680293 3.4409074768041954 47
1752945687487 3.421734702316539 48
1752945694033 3.405631465764545 49
1752945700837 3.399433160865442 50
