1754721168864 0.33445394294496206 0
1754721193607 0.3933339736816828 1
1754721216005 0.48006915762174623 2
1754721238345 0.5937950244933243 3
1754721262606 0.6570934588416099 4
1754721284064 0.7191432139083661 5
1754721307526 0.7470944193641341 6
1754721330621 0.7930073960234367 7
1754721353394 0.7987705311689559 8
1754721375606 0.8224954375180098 9
1754721398071 0.8626452790317933 10
1754721421716 0.850830851983479 11
1754721445489 0.8777254826625684 12
1754721467128 0.8825280952838344 13
1754721490445 0.8906925367399866 14
1754721511073 0.8991451349534146 15
1754721535963 0.9020267025261742 16
1754721559835 0.9142253385841898 17
1754721582318 0.9173950629142253 18
1754721606808 0.9208529440015368 19
1754721630256 0.9242147728364231 20
1754721653335 0.9177792719239266 21
1754721674878 0.9301700124867928 22
1754721698457 0.9386226107002209 23
1754721720087 0.9391028719623475 24
1754721743459 0.9401594467390261 25
1754721765019 0.9313226395158967 26
1754721787616 0.9385265584477956 27
1754721810814 0.9433291710690616 28
1754721833448 0.9481317836903276 29
1754721859112 0.9504370377485352 30
1754721882151 0.9496686197291326 31
1754721904717 0.9515896647776391 32
1754721927213 0.9514936125252137 33
1754721949632 0.9538949188358467 34
1754721974471 0.9567764864086062 35
1754721999339 0.958505426952262 36
1754722020090 0.9544712323503987 37
1754722042311 0.9538949188358467 38
1754722065504 0.9591777927192393 39
1754722088609 0.9599462107386418 40
1754722109857 0.961194890020171 41
1754722131280 0.9655172413793104 42
1754722154998 0.9647488233599077 43
1754722178471 0.9673422341753914 44
1754722199709 0.965709345884161 45
1754722223387 0.9671501296705408 46
1754722244252 0.9615790990298723 47
1754722264700 0.9659975026414369 48
1754722286716 0.9677264431850927 49
1754722308800 0.9671501296705408 50
1754722334076 0.9689751224666219 51
1754722357290 0.9686869657093459 52
1754722377012 0.9710882720199788 53
1754722399487 0.969935644990875 54
1754722422578 0.972336951301508 55
1754722443292 0.9720487945442321 56
1754722465786 0.9709922197675536 57
1754722490613 0.9718566900393815 58
1754722512131 0.9731053693209106 59
1754722537329 0.9724330035539334 60
1754722556593 0.974450100854865 61
1754722580666 0.9749303621169917 62
1754722602405 0.9765632504082221 63
1754722625848 0.9760829891460955 64
1754722646065 0.976851407165498 65
1754722668963 0.974161944097589 66
1754722692396 0.9755066756315436 67
1754722716210 0.9785803477091538 68
1754722739135 0.9778119296897512 69
1754722762050 0.9784842954567284 70
1754722786536 0.9784842954567284 71
1754722808931 0.9785803477091538 72
1754722831132 0.9783882432043032 73
1754722854683 0.9805013927576601 74
1754722879109 0.9789645567188551 75
1754722902957 0.9786763999615791 76
1754722925166 0.9789645567188551 77
1754722947379 0.9783882432043032 78
1754722969010 0.9810777062722121 79
1754722990566 0.9815579675343387 80
1754723013013 0.981654019786764 81
1754723037284 0.9812698107770628 82
1754723061840 0.981654019786764 83
1754723082465 0.9817500720391893 84
1754723105408 0.979829026990683 85
1754723128650 0.9805974450100855 86
1754723152405 0.9797329747382576 87
1754723173168 0.9814619152819134 88
1754723196497 0.9811737585246374 89
1754723218871 0.9803092882528095 90
1754723243114 0.9826145423110172 91
1754723266322 0.9819421765440399 92
1754723289118 0.9819421765440399 93
1754723311085 0.9820382287964653 94
1754723333093 0.9824224378061666 95
1754723357770 0.9822303333013159 96
1754723378851 0.9832869080779945 97
1754723402320 0.983767169340121 98
1754723426268 0.9835750648352704 99
1754723448980 0.9838632215925464 100
