1754721168866 3.215490159315194 0
1754721193608 2.717050596307299 1
1754721216006 2.3242991365015535 2
1754721238346 2.0142294590028835 3
1754721262607 1.812296775193784 4
1754721284065 1.6808268227225462 5
1754721307527 1.5659897910794094 6
1754721330623 1.4589675535481108 7
1754721353396 1.39568152681105 8
1754721375607 1.344661588635674 9
1754721398072 1.2935694352205902 10
1754721421717 1.2765750595947165 11
1754721445491 1.2248914125806534 12
1754721467129 1.2077346538589575 13
1754721490446 1.1802201070814813 14
1754721511075 1.1556915269948953 15
1754721535965 1.1442591929670631 16
1754721559836 1.142302154819117 17
1754721582319 1.1442349377277856 18
1754721606810 1.1343110731588362 19
1754721630257 1.1289836337004957 20
1754721653336 1.1358830608369175 21
1754721674879 1.1235437728627824 22
1754721698459 1.1204359292563504 23
1754721720089 1.1168301656817947 24
1754721743460 1.1142882668695957 25
1754721765021 1.1356656773001752 26
1754721787618 1.1423040550874577 27
1754721810815 1.139816667849442 28
1754721833449 1.1256233864557361 29
1754721859113 1.1251831584949623 30
1754721882153 1.1264625368387604 31
1754721904719 1.139493743554034 32
1754721927214 1.1425261643972289 33
1754721949634 1.14402718320326 34
1754721974473 1.1441494656666888 35
1754721999341 1.1495254717494796 36
1754722020091 1.158025316423559 37
1754722042313 1.1734901178599144 38
1754722065505 1.1495624733580918 39
1754722088610 1.1582115084607028 40
1754722109858 1.1611888012828606 41
1754722131281 1.1620878636428869 42
1754722155000 1.1686833261202314 43
1754722178472 1.176666628703609 44
1754722199710 1.1834765660641668 45
1754722223389 1.187832634319846 46
1754722244254 1.2062741806442505 47
1754722264702 1.1986731652021443 48
1754722286718 1.1974000715969793 49
1754722308801 1.2052860213736167 50
1754722334078 1.1991583043393121 51
1754722357291 1.2078817180938328 52
1754722377013 1.2205506174679726 53
1754722399489 1.2192049308292179 54
1754722422580 1.2312629683897651 55
1754722443293 1.2320579651881698 56
1754722465788 1.2417550488666322 57
1754722490615 1.239580632796495 58
1754722512132 1.2426614295956058 59
1754722537330 1.2394677664040503 60
1754722556594 1.2368308999883348 61
1754722580667 1.2297644227419644 62
1754722602406 1.2352766510089632 63
1754722625850 1.2517875670284497 64
1754722646066 1.2569202752503021 65
1754722668964 1.27133865392833 66
1754722692397 1.2656800925688145 67
1754722716211 1.273233423116987 68
1754722739136 1.268504883008606 69
1754722762052 1.2700048332837173 70
1754722786538 1.2730568738007246 71
1754722808932 1.2795669720457756 72
1754722831133 1.2902330871181693 73
1754722854685 1.2989387924087725 74
1754722879110 1.3001225783880752 75
1754722902958 1.3093435997541576 76
1754722925167 1.3109865284747053 77
1754722947381 1.3101919321096926 78
1754722969012 1.3026171798321107 79
1754722990567 1.3024731761638952 80
1754723013014 1.3036764328970971 81
1754723037286 1.3124146324435642 82
1754723061842 1.3236323797429375 83
1754723082467 1.333306594305667 84
1754723105409 1.3395780405301763 85
1754723128652 1.340820344562817 86
1754723152406 1.3424641755410534 87
1754723173169 1.3402908972849104 88
1754723196498 1.3482097990073312 89
1754723218872 1.355897187361281 90
1754723243116 1.3578592813247798 91
1754723266323 1.3559092904840535 92
1754723289120 1.352782625360773 93
1754723311086 1.350783490950121 94
1754723333094 1.359729236647372 95
1754723357771 1.3717539938666203 96
1754723378852 1.3690152199461 97
1754723402321 1.3630830079411633 98
1754723426269 1.3637712635268049 99
1754723448981 1.3636208407925694 100
