1753468264510 0.023508888519687656 0
1753468277994 0.054909453397574345 1
1753468294142 0.0768400066456222 2
1753468309433 0.09976740322312677 3
1753468323260 0.11555075593952484 4
1753468348876 0.13249709254028907 5
1753468379780 0.1530985213490613 6
1753468395253 0.16813424156836684 7
1753468426439 0.17627512875893006 8
1753468440754 0.1910616381458714 9
1753468455719 0.20235919587971424 10
1753468485068 0.21133078584482473 11
1753468509270 0.21739491609901976 12
1753468537147 0.23002159827213822 13
1753468568798 0.23625186908124274 14
1753468593115 0.24538959960126266 15
1753468606804 0.248629340421997 16
1753468626257 0.24871241069945174 17
1753468655518 0.25685329789001493 18
1753468675293 0.26358199036384783 19
1753468699668 0.26590795813258017 20
1753468716512 0.26798471506894833 21
1753468745167 0.2688984881209503 22
1753468775265 0.2774547266987872 23
1753468801561 0.2760425319820568 24
1753468825444 0.28152517029406876 25
1753468857090 0.2816082405715235 26
1753468883898 0.28110981890679515 27
1753468898112 0.2836019272304369 28
1753468912026 0.2881707924904469 29
1753468942223 0.2899983385944509 30
1753468956637 0.2880046519355375 31
1753468971298 0.2902475494268151 32
1753469003378 0.2909951819239076 33
1753469034025 0.2931550091377305 34
1753469049770 0.2946502741319156 35
1753469064479 0.2935703605250041 36
1753469078796 0.2952317660740987 37
1753469093293 0.2989699285595614 38
1753469119714 0.2993022096693803 39
1753469148208 0.30719388602757935 40
1753469164791 0.30603090214321316 41
1753469190791 0.30262502076756936 42
1753469205480 0.3042864263166639 43
1753469221535 0.30719388602757935 44
1753469235326 0.3071108157501246 45
1753469267476 0.30262502076756936 46
1753469284918 0.3067785346403057 47
1753469302246 0.3067785346403057 48
1753469335612 0.30943678351885695 49
1753469360377 0.3095198537963117 50
1753469387076 0.31284266489450074 51
1753469412605 0.31059976740322315 52
1753469442285 0.3125103837846818 53
1753469462506 0.3143379298886858 54
1753469477909 0.3149194218308689 55
1753469504454 0.3126765243395913 56
1753469534721 0.31724538959960125 57
1753469548622 0.317328459877056 58
1753469562478 0.3159162651603256 59
1753469592176 0.31641468682505397 60
1753469615638 0.31001827546104005 61
1753469647664 0.31624854627014454 62
1753469665754 0.31383950822395745 63
1753469696249 0.3189067951486958 64
1753469710159 0.31641468682505397 65
1753469726592 0.3207343412526998 66
1753469744015 0.321897325137066 67
1753469763840 0.317328459877056 68
1753469789486 0.32314337929888687 69
1753469819307 0.32040206014288086 70
1753469837176 0.32555241734507395 71
1753469865004 0.322478817079249 72
1753469893523 0.317328459877056 73
1753469923680 0.32281109818906795 74
1753469938607 0.3229772387439774 75
1753469953568 0.3227280279116132 76
1753469981262 0.31915600598106 77
1753469997865 0.3195713573683336 78
1753470019335 0.3217311845821565 79
1753470041313 0.32380794151852466 80
1753470073870 0.3220634656919754 81
1753470092872 0.3235587306861605 82
1753470107961 0.3228941684665227 83
1753470122579 0.321897325137066 84
1753470140576 0.32281109818906795 85
1753470154575 0.3258846984548928 86
1753470168794 0.3228941684665227 87
1753470201348 0.3257185578999834 88
1753470217489 0.32538627679016446 89
1753470248616 0.3242232929057983 90
1753470278417 0.3250539956803456 91
1753470302255 0.326133909287257 92
1753470329349 0.3267154012294401 93
1753470351196 0.32879215816580826 94
1753470375481 0.3335271639807277 95
1753470398641 0.3245555740156172 96
1753470412878 0.327047682339259 97
1753470442963 0.32563548762252864 98
1753470456930 0.32713075261671376 99
1753470480833 0.3263000498421665 100
