1753468264511 4.548275776901213 0
1753468277995 4.40570656969897 1
1753468294143 4.2790351344541815 2
1753468309434 4.14279926975643 3
1753468323261 4.05801719178912 4
1753468348877 3.9517772978233676 5
1753468379781 3.8756818223583274 6
1753468395254 3.8116450664587513 7
1753468426440 3.7564268029242487 8
1753468440755 3.6882146249058905 9
1753468455720 3.652201784994094 10
1753468485069 3.640719619947738 11
1753468509271 3.6114807355900296 12
1753468537148 3.5764355795431846 13
1753468568799 3.544114844361018 14
1753468593116 3.538700793921436 15
1753468606805 3.538855056416966 16
1753468626258 3.5460826242336747 17
1753468655519 3.5203334817728704 18
1753468675294 3.508187349164653 19
1753468699669 3.526855733010978 20
1753468716513 3.524885164055023 21
1753468745168 3.54410791191927 22
1753468775267 3.525304245634492 23
1753468801562 3.534513971064225 24
1753468825445 3.516685491789083 25
1753468857091 3.5484809214773474 26
1753468883899 3.5483663023066936 27
1753468898113 3.5378369270420693 28
1753468912027 3.5197936458601617 29
1753468942224 3.523397850226997 30
1753468956638 3.515283969680144 31
1753468971299 3.5434850651827734 32
1753469003379 3.5567092984247517 33
1753469034026 3.5580973778404084 34
1753469049771 3.5239661483117093 35
1753469064480 3.536426080379508 36
1753469078797 3.5060696788763597 37
1753469093294 3.5279722934388844 38
1753469119715 3.548156914769119 39
1753469148209 3.52963824993922 40
1753469164792 3.5615722450171834 41
1753469190792 3.562555113212163 42
1753469205481 3.5514200986753726 43
1753469221536 3.571230227888865 44
1753469235327 3.554945513459523 45
1753469267477 3.5711071870770508 46
1753469284919 3.571547593705498 47
1753469302247 3.540072976102338 48
1753469335613 3.540019303313931 49
1753469360378 3.5430038094732597 50
1753469387077 3.5620607269823017 51
1753469412606 3.5764685222907504 52
1753469442286 3.5629663871724775 53
1753469462507 3.538573521447995 54
1753469477910 3.5595917036516393 55
1753469504455 3.5498157892579636 56
1753469534722 3.571287108539637 57
1753469548623 3.553306208566832 58
1753469562479 3.5592743552711426 59
1753469592177 3.533915694041416 60
1753469615639 3.538903880366273 61
1753469647665 3.529671986682641 62
1753469665755 3.554040448224477 63
1753469696250 3.5524629008030386 64
1753469710160 3.5548860732045826 65
1753469726593 3.5590761952643164 66
1753469744016 3.5570800136318765 67
1753469763841 3.5565980548956175 68
1753469789487 3.552530112164767 69
1753469819308 3.56129597563341 70
1753469837178 3.554696691063663 71
1753469865005 3.5334653527816737 72
1753469893524 3.5403620925663555 73
1753469923681 3.5300410953643655 74
1753469938608 3.5632640259283113 75
1753469953569 3.531341964709856 76
1753469981263 3.53730279131461 77
1753469997866 3.5342462430921504 78
1753470019336 3.528364658658164 79
1753470041315 3.541112230425351 80
1753470073871 3.533962884615794 81
1753470092873 3.571155689748717 82
1753470107962 3.5708270335352106 83
1753470122580 3.561584383196276 84
1753470140577 3.526111394463161 85
1753470154576 3.568419483674448 86
1753470168795 3.542905244496882 87
1753470201349 3.5245760583957386 88
1753470217490 3.558118467866364 89
1753470248617 3.5048141825845187 90
1753470278418 3.519715522361565 91
1753470302256 3.5158891443722067 92
1753470329350 3.5405406298189512 93
1753470351197 3.5349045131596393 94
1753470375482 3.5112281611622267 95
1753470398642 3.5323388556988573 96
1753470412879 3.51401619537402 97
1753470442965 3.528575446443419 98
1753470456931 3.5403474942270647 99
1753470480834 3.4977769153771425 100
