1750377659964 4.575219093543462 0
1750377764689 4.268077032265241 1
1750377874711 3.856905779820602 2
1750377980882 3.565127320894763 3
1750378087817 3.3769759614489074 4
1750378197554 3.2497205414340993 5
1750378300963 3.1870260442630296 6
1750378407113 3.108289896493977 7
1750378518479 3.0807796510774037 8
1750378631586 3.031708387125983 9
1750378743133 3.0067123970580814 10
1750378853003 3.0219448453388744 11
1750378965325 2.9959928966648635 12
1750379077046 2.973546420038682 13
1750379187665 2.948473697265937 14
1750379294865 2.946666104779455 15
1750379403732 2.974478526422483 16
1750379511619 2.9646289536121824 17
1750379618915 2.942869310861453 18
1750379725451 2.930321541658678 19
1750379830923 2.946195765244684 20
1750379935289 2.8910900062037004 21
1750380047510 2.9021721606125865 22
1750380151465 2.9417007756884264 23
1750380258484 2.889762106444901 24
1750380365074 2.889071364726674 25
1750380472116 2.8943439391641395 26
1750380578197 2.9226049870489583 27
1750380684884 2.874713285299781 28
1750380789135 2.8697548803560973 29
1750380902698 2.8676755436046975 30
1750381013855 2.8644606779156234 31
1750381124906 2.864025841683592 32
1750381234753 2.8907247052628717 33
1750381344958 2.8936992953526572 34
1750381454492 2.8365525571677344 35
1750381564183 2.858261822360184 36
1750381668720 2.8490048166295057 37
1750381776075 2.8634958323866884 38
1750381881801 2.833622314857499 39
1750381987875 2.8248869147721534 40
1750382097076 2.8211430475773684 41
1750382209339 2.8641453075730716 42
1750382313454 2.8118092527129357 43
1750382419947 2.810870289083841 44
1750382530240 2.8162964237836348 45
1750382640923 2.853604193813483 46
1750382750361 2.825547303049528 47
1750382860613 2.7790195268426237 48
1750382967984 2.7758986904630976 49
1750383075660 2.7574339467914415 50
1750383190496 2.7829831661471363 51
1750383299536 2.7979999256027397 52
1750383404866 2.809664337826239 53
1750383508819 2.776638337843031 54
1750383616283 2.768586407461365 55
1750383720531 2.736843017591146 56
1750383828269 2.762971283425582 57
1750383937086 2.734827036105469 58
1750384043285 2.7406370890414298 59
1750384153869 2.742011169129509 60
1750384257088 2.763133776781262 61
1750384363513 2.736767047495866 62
1750384469368 2.7450061482701824 63
1750384577943 2.7220398796187157 64
1750384687816 2.744209349227141 65
1750384795289 2.721623162350587 66
1750384898846 2.725003108204496 67
1750385011657 2.71313452904607 68
1750385120730 2.7170620047835956 69
1750385231809 2.7021617326814527 70
1750385339325 2.707050980952126 71
1750385444712 2.6784434300083624 72
1750385555298 2.705884649828903 73
1750385667346 2.684338894951952 74
1750385775146 2.6296624226702585 75
1750385886783 2.6878505401074775 76
1750385990947 2.6772596314658577 77
1750386096840 2.646209378472854 78
1750386202223 2.6875128730376208 79
1750386309284 2.6794519300199773 80
1750386417403 2.6822362731340093 81
1750386524512 2.6841507861525176 82
1750386631114 2.6681956762311927 83
1750386739668 2.6513629579929456 84
1750386850308 2.6722063781729823 85
1750386960938 2.6458679684898696 86
1750387072114 2.6123082399349578 87
1750387184102 2.6220794621169827 88
1750387294561 2.6546910371538623 89
1750387404208 2.621389701831513 90
1750387509557 2.640063008806039 91
1750387618162 2.6209347689234703 92
1750387730299 2.6393354538848404 93
1750387838670 2.621625302192646 94
1750387943290 2.6132227043089418 95
1750388049963 2.603802970957247 96
1750388156701 2.6088158497269194 97
1750388262551 2.5869801263990424 98
1750388366394 2.60142503193786 99
1750388478464 2.599625575770691 100
1750388588974 2.6089239014118917 101
1750388697763 2.592954297124604 102
1750388808836 2.5832797109162455 103
1750388914435 2.635263001637856 104
1750389024253 2.5828810401005953 105
1750389129646 2.58937181011045 106
1750389236731 2.592794332581569 107
1750389346719 2.6118831032691054 108
1750389450625 2.60679011767156 109
1750389561118 2.567896870280016 110
1750389664337 2.6160953784087484 111
1750389773253 2.585507634720822 112
1750389880340 2.5501107822048987 113
1750389984341 2.5477028229176613 114
1750390094795 2.5360883279347126 115
1750390201462 2.5449238341199565 116
1750390308257 2.5616683982816246 117
1750390418643 2.5034839238758666 118
1750390526148 2.555048047487557 119
1750390636360 2.5662941967319757 120
1750390744958 2.5292720944410396 121
1750390848879 2.55520553834819 122
1750390952276 2.5345762006222863 123
1750391058751 2.5293745643366305 124
1750391165096 2.521119821552428 125
1750391228160 2.343437121651769 126
1750391289123 2.3188801483956807 127
1750391351710 2.354754204189685 128
1750391415187 2.3591504284785016 129
1750391478026 2.320836230591766 130
1750391541276 2.337622795729495 131
1750391604084 2.306650616400658 132
1750391666798 2.345402552661854 133
1750391730339 2.300965271945509 134
1750391791797 2.2883010964484414 135
1750391854033 2.2934614142025334 136
1750391917705 2.298143158142762 137
1750391979310 2.275535177257045 138
1750392038923 2.2753373897051956 139
1750392100338 2.2901543028594986 140
1750392160372 2.272794248361618 141
1750392221143 2.276197856566127 142
1750392283602 2.2562892000500967 143
1750392344446 2.279716618619446 144
1750392406605 2.294337425397315 145
1750392465967 2.2629211158718703 146
1750392528917 2.258395402600081 147
1750392591272 2.2536676435739733 148
1750392653531 2.2667803279829464 149
1750392715705 2.2530836015409643 150
1750392778830 2.2577738377352743 151
1750392843059 2.251340634261846 152
1750392904669 2.2413645626816896 153
1750392966314 2.2475375259456074 154
1750393026469 2.243891460172868 155
1750393086985 2.2378668068224328 156
1750393148181 2.232050076151607 157
1750393211744 2.266124459870236 158
1750393274478 2.232075077282987 159
1750393336526 2.2435537188252126 160
1750393399233 2.2224035240510225 161
1750393461917 2.227794419982663 162
1750393524123 2.2187069684055016 163
1750393586821 2.2161154942277164 164
1750393650023 2.255165241240869 165
1750393714465 2.2162786153341765 166
1750393776636 2.2073697070305656 167
1750393839555 2.217449739620598 168
1750393901719 2.2206976496257695 169
1750393965760 2.2000079556292484 170
1750394028905 2.177394826264499 171
1750394090186 2.193851324395795 172
1750394151786 2.212991967164315 173
1750394213899 2.184711696963962 174
1750394275449 2.2234031688262164 175
1750394336590 2.184652519749283 176
1750394396351 2.187259530960589 177
1750394459333 2.209286224476636 178
1750394521500 2.163333963432068 179
1750394582841 2.1765882037509856 180
1750394646587 2.1759971647006333 181
1750394710075 2.173662465542 182
1750394769790 2.180209039697795 183
1750394833036 2.1577427398805513 184
1750394893759 2.1837824907268435 185
1750394956808 2.1527057601336557 186
1750395019570 2.1689413726613544 187
1750395081662 2.1777228743904278 188
1750395144328 2.1649952351775696 189
1750395207267 2.1606927476920768 190
1750395267819 2.160952114870179 191
1750395327651 2.1385443753781717 192
1750395391196 2.1408517026634963 193
1750395455603 2.1316403824821206 194
1750395517815 2.175970867413386 195
1750395581871 2.1573287228854707 196
1750395644525 2.14011931455386 197
1750395705924 2.154564862755533 198
1750395768533 2.1303305374195345 199
1750395829385 2.139193199233521 200
1750395889322 2.1166230882559893 201
1750395950425 2.1577099251632386 202
1750396012797 2.114528282934289 203
1750396077051 2.138560326916886 204
1750396136853 2.133799053668558 205
1750396197609 2.1564234817057786 206
1750396258057 2.116373479608731 207
1750396319547 2.149929319823492 208
1750396378216 2.1163645466260705 209
1750396437893 2.114203705883258 210
1750396499445 2.12864359339758 211
1750396560983 2.096050974080617 212
1750396622176 2.1314146364348208 213
1750396684464 2.118548048359657 214
1750396746825 2.1489117354969958 215
1750396807900 2.1183837380522923 216
1750396871299 2.126424525289337 217
1750396933261 2.1326960607783194 218
1750396996222 2.1325121709983774 219
1750397055123 2.111590198194988 220
1750397117582 2.1063964386751435 221
1750397180938 2.102890528252083 222
1750397242488 2.086539059796716 223
1750397305616 2.079878192033668 224
1750397365055 2.120220038342966 225
1750397425230 2.093647478652296 226
1750397484930 2.091971488672243 227
1750397544734 2.115364291179215 228
1750397608156 2.097211548787676 229
1750397671736 2.107406453338424 230
1750397735334 2.0932145338777555 231
1750397796631 2.077987434367058 232
1750397858295 2.094910450680382 233
1750397919484 2.067822947114438 234
1750397978925 2.095977628064545 235
1750398041554 2.0533357947358564 236
1750398104195 2.088764230220057 237
1750398167159 2.0754313834173694 238
1750398228159 2.0740106418412347 239
1750398288606 2.063237240408992 240
1750398348130 2.065739724040655 241
1750398410780 2.0684831104432098 242
1750398470991 2.076428713667908 243
1750398532042 2.062562234710639 244
1750398591855 2.0546840875078054 245
1750398652521 2.066284597798524 246
1750398715000 2.0879511443730876 247
1750398777872 2.082555293675951 248
1750398841925 2.0728235486641506 249
1750398905481 2.0700225117128186 250
1750398948564 1.9785879398940696 251
1750398991675 1.9286876662826657 252
1750399034760 1.9525583514011813 253
1750399079640 1.9391829866021841 254
1750399121927 1.928257369925273 255
1750399166092 1.962222942855224 256
1750399210123 1.9380524454552226 257
1750399253993 1.9412813623086769 258
1750399297645 1.9325836900638023 259
1750399342322 1.925025495475064 260
1750399385028 1.9348240930054645 261
1750399428331 1.9525596412901576 262
1750399471391 1.9255146322829202 263
1750399514206 1.9174460739580956 264
1750399557598 1.9167688636935127 265
1750399601104 1.915666424597805 266
1750399645665 1.9324143980135726 267
1750399689648 1.9148082249061436 268
1750399732736 1.899028965149821 269
1750399776548 1.8930907432604944 270
1750399820123 1.915790232221535 271
1750399862761 1.8942988078419971 272
1750399904403 1.9206875383379969 273
1750399947778 1.9161453755024052 274
1750399992145 1.9060991377972938 275
1750400035887 1.905644348403741 276
1750400081098 1.9122467515649102 277
1750400125435 1.9009227493014338 278
1750400168221 1.9008018936331263 279
1750400212249 1.9114422232791903 280
1750400256247 1.898794201395425 281
1750400300555 1.9043896217713747 282
1750400345617 1.9019368489100035 283
1750400390235 1.8816114967425053 284
1750400433468 1.8734823712530708 285
1750400477893 1.8847431990369252 286
1750400521367 1.8866985671488803 287
1750400565401 1.891331318693384 288
1750400607360 1.8902553633638046 289
1750400648561 1.8812253509440988 290
1750400690139 1.864941603252144 291
1750400732987 1.8686257591734161 292
1750400777552 1.8808587944323323 293
1750400821542 1.8925210926942895 294
1750400866115 1.8886186720775708 295
1750400910144 1.8743611315881503 296
1750400953977 1.8651833029724634 297
1750400997482 1.8719737917523138 298
1750401040240 1.8804202659621128 299
1750401083988 1.8692720753642948 300
1750401126415 1.8650080080094025 301
1750401167421 1.8705010296339195 302
1750401208215 1.868825998953145 303
1750401250306 1.8543673713644178 304
1750401292565 1.860212658426145 305
1750401335456 1.8569442130902754 306
1750401377695 1.85090553726269 307
1750401420740 1.857776368035697 308
1750401465220 1.8539601163706736 309
1750401509061 1.8533659170199124 310
1750401551116 1.8507027797857745 311
1750401593028 1.865885534362143 312
1750401634917 1.8609157634045843 313
1750401676871 1.85401604312185 314
1750401719653 1.8435247467870142 315
1750401762001 1.8496033645095273 316
1750401803623 1.8503831937771933 317
1750401845631 1.8487123938623857 318
1750401887738 1.8584624931861675 319
1750401929492 1.8502632427908408 320
1750401971102 1.8481858383749576 321
1750402013288 1.8587547921783931 322
1750402055589 1.8429960551234963 323
1750402098478 1.8441303871380257 324
1750402141711 1.8239289253098891 325
1750402185208 1.8459683443059305 326
1750402228600 1.8489492011088335 327
1750402272561 1.8398625958951778 328
1750402316339 1.8359144015401776 329
1750402360203 1.8360367801307784 330
1750402403445 1.847947416083038 331
1750402447872 1.8290029039992701 332
1750402492076 1.84957218106246 333
1750402536246 1.8253440699183647 334
1750402578026 1.8461915061265997 335
1750402620454 1.830238747698701 336
1750402662154 1.8244114582584503 337
1750402704448 1.8273905633704561 338
1750402746309 1.8275057193360322 339
1750402788495 1.8448176725570142 340
1750402830047 1.8227345866513043 341
1750402871088 1.8200919916087437 342
1750402913564 1.8234809167452388 343
1750402958533 1.818161904420544 344
1750403000673 1.828560699698821 345
1750403043535 1.8285841918284422 346
1750403085875 1.8319020770516672 347
1750403129399 1.8285548975634685 348
1750403173768 1.8105940890158787 349
1750403215571 1.8054348050824616 350
1750403257757 1.8385663463532003 351
1750403301196 1.824590592184222 352
1750403345590 1.8262707775844162 353
1750403389493 1.803121139757845 354
1750403433755 1.8045006970941029 355
1750403477788 1.8267624232295194 356
1750403522858 1.8092624303900589 357
1750403565773 1.819025250395351 358
1750403610035 1.8164938785179399 359
1750403652897 1.8163583266230576 360
1750403696830 1.8120537006513897 361
1750403741483 1.80254227677557 362
1750403785945 1.8097541125346661 363
1750403828850 1.8043680585543527 364
1750403870661 1.7990379824542206 365
1750403914974 1.8017271449896588 366
1750403958700 1.8067230977520243 367
1750404002982 1.7956411536930308 368
1750404047479 1.7827605138602778 369
1750404091742 1.7885466233818794 370
1750404134866 1.8050844687309804 371
1750404178218 1.7892728725708997 372
1750404221098 1.8021241114623914 373
1750404265419 1.800812164837969 374
1750404309190 1.7871276109889975 375
1750404334098 1.704894828773625 376
1750404358634 1.6803189959033284 377
1750404382786 1.6824851061078538 378
1750404407092 1.6743664296133844 379
1750404431682 1.6731308722226632 380
1750404456892 1.6709722647075873 381
1750404481229 1.6770895073967116 382
1750404505616 1.6697951106876479 383
1750404530099 1.6731529817324997 384
1750404555249 1.6751839499526953 385
1750404579837 1.6556832301293014 386
1750404605190 1.6597976784519406 387
1750404629809 1.6492669180512654 388
1750404654977 1.6555523238242058 389
1750404679830 1.6559738286531764 390
1750404704415 1.6513669559193047 391
1750404729362 1.658526876257301 392
1750404754506 1.652667325693934 393
1750404778611 1.6510327249316397 394
1750404803588 1.650341104152475 395
1750404828666 1.6516843233167888 396
1750404853318 1.648658344319835 397
1750404878514 1.6484810898548565 398
1750404902530 1.644892846323202 399
1750404927675 1.657019850793469 400
1750404951523 1.646481894747087 401
1750404976576 1.6510142856255114 402
1750405000524 1.653226134986415 403
1750405025226 1.6393149203898942 404
1750405049375 1.6511637613311376 405
1750405073489 1.6267898165096446 406
1750405097500 1.6364676536507725 407
1750405122654 1.6455760493338245 408
1750405147181 1.6313834262317657 409
1750405172028 1.6386127876880578 410
1750405197044 1.6276712650255845 411
1750405221811 1.6328524766428671 412
1750405246598 1.6427734067052022 413
1750405271620 1.6305962821418432 414
1750405296350 1.6298497330742692 415
1750405320835 1.6242925610083818 416
1750405345281 1.6297853691984754 417
1750405370040 1.6219521212007841 418
1750405394992 1.631875882603791 419
1750405419945 1.6261686728014173 420
1750405445094 1.625148188691492 421
1750405470187 1.6229199214220096 422
1750405494857 1.6342240005503965 423
1750405520105 1.6204716796712175 424
1750405545197 1.6277636705809468 425
1750405570255 1.6256788644139102 426
1750405594949 1.6235700109312914 427
1750405619433 1.6268046385659087 428
1750405644518 1.622666134750601 429
1750405669080 1.6259540300703268 430
1750405694083 1.6189214193433068 431
1750405719070 1.5975435002780805 432
1750405743602 1.6131805317855625 433
1750405768495 1.6095607943254475 434
1750405793272 1.611246983133074 435
1750405817741 1.6083412586716608 436
1750405842555 1.6032480242958151 437
1750405867477 1.6149537303465684 438
1750405892419 1.610445050625191 439
1750405916831 1.6034650894392108 440
1750405941635 1.6052258319702202 441
1750405966545 1.6132135792855788 442
1750405991149 1.610688032214862 443
1750406015188 1.6196222147836323 444
1750406039430 1.614995648703657 445
1750406064067 1.6101670182662968 446
1750406088914 1.6103698057821167 447
1750406113428 1.6165292013150474 448
1750406138243 1.6112845113489649 449
1750406163372 1.6041285536035843 450
1750406188593 1.6099825005640818 451
1750406212767 1.6117458021161846 452
1750406237558 1.6095567522864758 453
1750406262094 1.6112126116957544 454
1750406286706 1.5999924519488467 455
1750406311052 1.6014780374534223 456
1750406335131 1.5975957703602242 457
1750406360009 1.595464476052345 458
1750406384128 1.59839260583768 459
1750406408143 1.600138518434672 460
1750406432288 1.595515385344952 461
1750406456635 1.6015878595297968 462
1750406481059 1.6053211083501222 463
1750406506326 1.5893553411601715 464
1750406530591 1.604837670705575 465
1750406554673 1.5960638122229702 466
1750406579314 1.5981750634564569 467
1750406604078 1.600057482262627 468
1750406628490 1.6023138498060747 469
1750406653075 1.6089392984264514 470
1750406678153 1.590790629955946 471
1750406703033 1.58971914810057 472
1750406728268 1.584328956947239 473
1750406752796 1.5889170543060913 474
1750406777846 1.5939886312020526 475
1750406802366 1.5935063395890063 476
1750406827645 1.594535043772967 477
1750406852731 1.5992892956410674 478
1750406876843 1.6018049552472322 479
1750406901244 1.5758455355803096 480
1750406926305 1.590225241744673 481
1750406950769 1.59623599556462 482
1750406975376 1.5866051871118299 483
1750406999663 1.586533420363164 484
1750407023809 1.5768820893180797 485
1750407048606 1.5785102065403944 486
1750407073516 1.5866661941697717 487
1750407098557 1.5859046144686526 488
1750407123592 1.5895197539024957 489
1750407147962 1.5832733484002606 490
1750407172879 1.577368920363001 491
1750407197616 1.5802204420820867 492
1750407222535 1.582347269389614 493
1750407247294 1.580563319293144 494
1750407272406 1.576900617711575 495
1750407297428 1.575241707142214 496
1750407322207 1.5696579330885516 497
1750407347231 1.5657285229182314 498
1750407371574 1.57450481299346 499
1750407395941 1.5748045293153967 500
