1753646999671 0.022761256022595114 0
1753647010957 0.02641634823060309 1
1753647031896 0.03954145206844991 2
1753647051964 0.047183917594284766 3
1753647063906 0.06861604917760425 4
1753647083083 0.06280112975577339 5
1753647098701 0.08714072105000831 6
1753647109085 0.10167801960458547 7
1753647128514 0.1064130254195049 8
1753647150643 0.11422163150024921 9
1753647173502 0.12668217311845822 10
1753647196770 0.13773052001993685 11
1753647209598 0.14894500747632497 12
1753647232673 0.14803123442432298 13
1753647253235 0.1593287921581658 14
1753647271421 0.17278617710583152 15
1753647292237 0.17851802625020768 16
1753647312650 0.17835188569529822 17
1753647335383 0.19222462203023757 18
1753647358358 0.1857451403887689 19
1753647374233 0.19272304369496593 20
1753647393058 0.19371988702442267 21
1753647411429 0.2009470011629839 22
1753647429549 0.21182920750955309 23
1753647451492 0.2134906130586476 24
1753647472387 0.20991859112809436 25
1753647492391 0.21947167303538795 26
1753647511819 0.22138228941684665 27
1753647531750 0.23151686326632331 28
1753647553316 0.23459046353214819 29
1753647576854 0.23691643130088055 30
1753647598712 0.2299385279946835 31
1753647619954 0.24073766406379798 32
1753647630855 0.24214985878052833 33
1753647651052 0.24322977238743979 34
1753647671944 0.24397740488453232 35
1753647692403 0.25153680013291246 36
1753647712748 0.25278285429473335 37
1753647733199 0.25477654095364677 38
1753647756089 0.26216979564711745 39
1753647776605 0.2644126931383951 40
1753647793357 0.26175444425984384 41
1753647814358 0.262003655092208 42
1753647832158 0.26175444425984384 43
1753647854328 0.26831699617876725 44
1753647872275 0.2654926067453065 45
1753647893168 0.26399734175112144 46
1753647914662 0.27413191560059813 47
1753647925543 0.26574181757767074 48
1753647948161 0.26748629340422 49
1753647970599 0.26989533145040706 50
1753647994375 0.2722212992191394 51
1753648017946 0.2736334939358697 52
1753648038028 0.27811928891842497 53
1753648060268 0.2774547266987872 54
1753648074623 0.2819405216813424 55
1753648098732 0.2766240239242399 56
1753648111984 0.27870078086060807 57
1753648125230 0.2850141219471673 58
1753648144450 0.28509719222462204 59
1753648164187 0.28326964612061806 60
1753648185853 0.2820235919587971 61
1753648208279 0.28069446751952154 62
1753648227150 0.2800299052998837 63
1753648248974 0.2903306197042698 64
1753648268209 0.2880046519355375 65
1753648288160 0.28808772221299217 66
1753648308899 0.2890014952649942 67
1753648328848 0.28542947333444096 68
1753648346926 0.2881707924904469 69
1753648368067 0.2912443927562718 70
1753648388793 0.2902475494268151 71
1753648409974 0.28210666223625186 72
1753648428085 0.2824389433460708 73
1753648444231 0.2894168466522678 74
1753648466274 0.2915766738660907 75
1753648488386 0.2980561555075594 76
1753648507883 0.29107825220136235 77
1753648528810 0.29107825220136235 78
1753648548878 0.2991360691144708 79
1753648563937 0.29730852301046684 80
1753648574692 0.2985545771722878 81
1753648594293 0.2934042199700947 82
1753648607296 0.29830536633992355 83
1753648620991 0.30013291244392754 84
1753648642532 0.30262502076756936 85
1753648662569 0.3027911613224788 86
1753648683315 0.29988370161156336 87
1753648706930 0.2991360691144708 88
1753648725279 0.30038212327629177 89
1753648745442 0.297557733842831 90
1753648765511 0.29863764744974247 91
1753648785717 0.30004984216647285 92
1753648805996 0.2993022096693803 93
1753648824199 0.3063631832530321 94
1753648843192 0.30104668549592956 95
1753648857894 0.29980063133410867 96
1753648868837 0.30146203688320317 97
1753648892182 0.2995514205017445 98
1753648913866 0.30536633992357537 99
1753648935316 0.3005482638312012 100
