1753646999672 4.601634104398036 0
1753647010958 4.513580276018707 1
1753647031897 4.450446246133786 2
1753647051965 4.3992762154030185 3
1753647063907 4.346303889556369 4
1753647083084 4.2950337780247825 5
1753647098702 4.252622227859337 6
1753647109086 4.208750162545695 7
1753647128515 4.171897439334053 8
1753647150644 4.141427236736806 9
1753647173503 4.107618677962846 10
1753647196771 4.091532332773961 11
1753647209599 4.09331321888425 12
1753647232674 4.050748935327492 13
1753647253236 4.035752112794606 14
1753647271422 4.064523447530243 15
1753647292239 4.051149520621586 16
1753647312651 4.074188349747862 17
1753647335384 4.0281610765525 18
1753647358359 4.011533386015349 19
1753647374234 4.05929006712535 20
1753647393059 4.03886772696257 21
1753647411430 4.023159558165894 22
1753647429550 4.024728623936181 23
1753647451493 4.030445153555079 24
1753647472388 4.000623530075874 25
1753647492392 4.039205570853537 26
1753647511820 4.073542197900827 27
1753647531751 4.052230366804431 28
1753647553317 4.0285186857752135 29
1753647576855 4.014122838416741 30
1753647598714 3.994618422779535 31
1753647619955 4.01766410688896 32
1753647630856 4.04766606417728 33
1753647651053 4.050157388774738 34
1753647671945 4.038301603131575 35
1753647692404 4.0686518323548695 36
1753647712749 4.021411502572078 37
1753647733200 4.041450846916114 38
1753647756090 4.07965437553123 39
1753647776606 4.047859394443063 40
1753647793358 4.07343280736336 41
1753647814359 4.096039119712676 42
1753647832159 4.081221621969201 43
1753647854329 4.093608035181177 44
1753647872276 4.095402884649218 45
1753647893169 4.117250314197123 46
1753647914664 4.13204295435294 47
1753647925544 4.08677251480144 48
1753647948162 4.0810341277576985 49
1753647970600 4.133790208339741 50
1753647994376 4.105332649060936 51
1753648017947 4.116242012074114 52
1753648038029 4.1316933306497265 53
1753648060269 4.127856605164949 54
1753648074624 4.122771175330741 55
1753648098733 4.127243320908001 56
1753648111985 4.134984079141152 57
1753648125231 4.124417150861226 58
1753648144451 4.137181672903503 59
1753648164188 4.118337544182101 60
1753648185854 4.109315045104663 61
1753648208280 4.121634533762508 62
1753648227151 4.14974219372742 63
1753648248975 4.201927139323035 64
1753648268210 4.136309481030056 65
1753648288161 4.156971345781706 66
1753648308900 4.145818987047854 67
1753648328849 4.13778105953743 68
1753648346927 4.173102253636797 69
1753648368068 4.165485593695899 70
1753648388794 4.1827101894479135 71
1753648409976 4.134130690200829 72
1753648428086 4.188628918669617 73
1753648444232 4.179208701363815 74
1753648466275 4.2060476546071515 75
1753648488387 4.179206098970646 76
1753648507884 4.2136300615771445 77
1753648528811 4.205493105614028 78
1753648548879 4.188068621657238 79
1753648563938 4.217180791778478 80
1753648574693 4.233704813449895 81
1753648594294 4.236008906793485 82
1753648607297 4.257006848312417 83
1753648620992 4.250005056828629 84
1753648642533 4.250930052274788 85
1753648662570 4.256320117370033 86
1753648683316 4.237016895995227 87
1753648706931 4.236859683144614 88
1753648725280 4.2912358047448835 89
1753648745443 4.222560686477309 90
1753648765512 4.245088113379493 91
1753648785718 4.234616950787268 92
1753648805997 4.233528158160327 93
1753648824200 4.25023411824554 94
1753648843193 4.254764544216128 95
1753648857895 4.277593893295403 96
1753648868838 4.294659048078773 97
1753648892183 4.276451297735764 98
1753648913867 4.298289967527397 99
1753648935317 4.296828378507173 100
