1752708053463 0.018162215956211644 0
1752708067277 0.03881240670094543 1
1752708080650 0.05481837784043788 2
1752708094284 0.07845413833139823 3
1752708107616 0.09769447669596948 4
1752708121449 0.10706584839940289 5
1752708135547 0.11652015259578703 6
1752708149108 0.1291258915242992 7
1752708162499 0.1370874108475701 8
1752708176929 0.15483496433902802 9
1752708191274 0.1593133189583679 10
1752708205684 0.16710897329573726 11
1752708219338 0.17042627301376678 12
1752708232928 0.18021230718195388 13
1752708246698 0.18709570409686516 14
1752708261197 0.18775916404047105 15
1752708276164 0.18950074639243655 16
1752708290074 0.1997843755183281 17
1752708303478 0.2094045447006137 18
1752708318129 0.21438049427765798 19
1752708331942 0.21438049427765798 20
1752708346891 0.21993697130535744 21
1752708361789 0.22516171836125393 22
1752708375840 0.22665450323436723 23
1752708389969 0.23080112788190413 24
1752708404838 0.23362083264222921 25
1752708419625 0.23644053740255433 26
1752708433520 0.24058716205009123 27
1752708446991 0.2462265715707414 28
1752708460760 0.2504561287112291 29
1752708474444 0.2541051584010615 30
1752708487992 0.25153425111958866 31
1752708502608 0.2580029855697462 32
1752708516875 0.2621496102172831 33
1752708530293 0.25891524299220436 34
1752708543678 0.2679548847238348 35
1752708557205 0.2686183446674407 36
1752708571945 0.26870127716039144 37
1752708585931 0.2740918892021894 38
1752708599930 0.2774921214131697 39
1752708613960 0.2783214463426771 40
1752708627467 0.2823851384972632 41
1752708640861 0.28545364073644053 42
1752708654736 0.28379499087742577 43
1752708668390 0.28545364073644053 44
1752708681755 0.290678387792337 45
1752708695014 0.28719522308840606 46
1752708709141 0.28984906286282963 47
1752708722681 0.29590313484823355 48
1752708735962 0.29507380991872617 49
1752708749404 0.2981423121579035 50
1752708762667 0.29664952728479016 51
1752708776759 0.30029855697462265 52
1752708791305 0.3025377342842926 53
1752708804932 0.30079615193232706 54
1752708818894 0.3038646541715044 55
1752708832507 0.3060208989882236 56
1752708846103 0.3058550340023221 57
1752708859747 0.30850887377674574 58
1752708873642 0.3070990213965832 59
1752708887930 0.3093381987062531 60
1752708901507 0.3110797810582186 61
1752708916296 0.31273843091723336 62
1752708930925 0.31199203848067675 63
1752708945806 0.31348482335379 64
1752708959981 0.31356775584674074 65
1752708973549 0.3121579034665782 66
1752708987805 0.31622159562116436 67
1752709002086 0.318543705423785 68
1752709016441 0.31771438049427764 69
1752709031150 0.32061701774755347 70
1752709045521 0.3202023552827998 71
1752709059563 0.31945596284624317 72
1752709073459 0.3182949079449328 73
1752709087094 0.32227566760656823 74
1752709100823 0.3217780726488638 75
1752709115092 0.3265052247470559 76
1752709129001 0.3235196550008293 77
1752709142609 0.3230220600431249 78
1752709156229 0.3270857521977111 79
1752709170123 0.3291590645214795 80
1752709184608 0.32750041466246477 81
1752709198932 0.3269198872118096 82
1752709213580 0.32816387460607066 83
1752709228180 0.3305689169016421 84
1752709243202 0.33181290429590315 85
1752709257859 0.32882733454967655 86
1752709272031 0.3317299718029524 87
1752709285381 0.3310665118593465 88
1752709298750 0.3321446342677061 89
1752709313113 0.33338862166196714 90
1752709327509 0.33380328412672083 91
1752709341915 0.33322275667606566 92
1752709356185 0.33529606899983416 93
1752709370477 0.33338862166196714 94
1752709384362 0.33604246143639077 95
1752709398411 0.3350472715209819 96
1752709412622 0.33571073146458785 97
1752709427301 0.334715541549179 98
1752709441983 0.33703765135179964 99
1752709456762 0.33745231381655333 100
