1752708053464 4.578089894324139 0
1752708067278 4.472573384843968 1
1752708080651 4.3586507061043305 2
1752708094285 4.237685041451776 3
1752708107617 4.118357405821617 4
1752708121450 4.018269621439882 5
1752708135548 3.9219887530481494 6
1752708149109 3.8357302578719885 7
1752708162500 3.7648662451553987 8
1752708176930 3.688726540956948 9
1752708191275 3.60576128994895 10
1752708205685 3.55227112211287 11
1752708219339 3.499517365988042 12
1752708232929 3.4422310923503057 13
1752708246699 3.396216361984812 14
1752708261198 3.3463503750594885 15
1752708276165 3.3096835052946934 16
1752708290075 3.253576310376662 17
1752708303479 3.207536860897734 18
1752708318130 3.167915624213984 19
1752708331943 3.146273782451612 20
1752708346892 3.1013701986018063 21
1752708361790 3.07578687956305 22
1752708375841 3.046267885110668 23
1752708389970 3.0177147488890066 24
1752708404839 3.002620528552782 25
1752708419626 2.964498598581633 26
1752708433521 2.944364739078525 27
1752708446992 2.920956761853115 28
1752708460761 2.894335755172211 29
1752708474445 2.862238151172327 30
1752708487993 2.852887540476749 31
1752708502609 2.8287706388966054 32
1752708516876 2.808615549945751 33
1752708530294 2.7977796055477215 34
1752708543679 2.7696571817520903 35
1752708557206 2.7523889197036624 36
1752708571946 2.7436884823381096 37
1752708585932 2.71624631291205 38
1752708599931 2.6933800713662563 39
1752708613961 2.682427971447642 40
1752708627468 2.673271666092144 41
1752708640862 2.654669692412623 42
1752708654737 2.6419345044556097 43
1752708668391 2.6326642005981222 44
1752708681755 2.610889249997264 45
1752708695015 2.610983654881853 46
1752708709142 2.595299788750708 47
1752708722682 2.577148038919109 48
1752708735963 2.567858590983559 49
1752708749405 2.551636051361424 50
1752708762668 2.54898865546125 51
1752708776760 2.5340455351397395 52
1752708791306 2.5192278229279093 53
1752708804933 2.510573860887136 54
1752708818895 2.5052808342828743 55
1752708832508 2.4893105272707103 56
1752708846104 2.482776467411502 57
1752708859748 2.471910864303543 58
1752708873643 2.468401041649584 59
1752708887931 2.470475588170056 60
1752708901507 2.462395135728592 61
1752708916297 2.4500227562604926 62
1752708930926 2.431839806896106 63
1752708945807 2.4276553389389774 64
1752708959982 2.4239282566877836 65
1752708973550 2.4218847496132994 66
1752708987806 2.407679283739747 67
1752709002087 2.3966648788694798 68
1752709016442 2.3985353380416496 69
1752709031151 2.379702475840679 70
1752709045522 2.370786443088405 71
1752709059564 2.3690100024529808 72
1752709073460 2.366060390854506 73
1752709087095 2.3546490216803915 74
1752709100824 2.351057424990309 75
1752709115093 2.3377571121814684 76
1752709129001 2.3350382211895004 77
1752709142610 2.3311072545553984 78
1752709156230 2.325111631115244 79
1752709170124 2.311250772818017 80
1752709184609 2.3120244762709214 81
1752709198933 2.3026566479002706 82
1752709213581 2.295928020395238 83
1752709228181 2.2925506773329265 84
1752709243203 2.2846406610883974 85
1752709257860 2.2856455476879067 86
1752709272032 2.274440463386929 87
1752709285382 2.270575243740569 88
1752709298751 2.2663758328134143 89
1752709313114 2.2639111310520486 90
1752709327510 2.256301327646282 91
1752709341916 2.2594141061040194 92
1752709356186 2.2445274261203974 93
1752709370478 2.245501307594414 94
1752709384363 2.2377715475882427 95
1752709398412 2.2326846474756463 96
1752709412622 2.228853087438069 97
1752709427302 2.2358069632932343 98
1752709441984 2.219878617485331 99
1752709456763 2.213581169288404 100
