1752701875515 0.01229677312866221 0
1752701886349 0.01386481802426343 1
1752701897047 0.01625814970702319 2
1752701907688 0.019229182140793926 3
1752701918375 0.022942972683007344 4
1752701929056 0.02607906247420979 5
1752701939737 0.028637451514401255 6
1752701950388 0.029297680944128084 7
1752701961092 0.032351242056614674 8
1752701971999 0.03400181563093175 9
1752701982907 0.037055376743418335 10
1752701993821 0.04126433935792688 11
1752702004540 0.040026409177189075 12
1752702015485 0.04778410497647933 13
1752702026267 0.05001237930180738 14
1752702037094 0.049352149872080545 15
1752702047892 0.05182801023355616 16
1752702058667 0.05389122720145251 17
1752702069397 0.0581827184946769 18
1752702080204 0.05983329206899397 19
1752702090920 0.06074110753486837 20
1752702101612 0.06709581579598911 21
1752702112295 0.06957167615746472 22
1752702122977 0.07113972105306594 23
1752702133767 0.07543121234629034 24
1752702144731 0.07790707270776595 25
1752702155613 0.0746059255591318 26
1752702166449 0.07609144177601716 27
1752702177082 0.07864983081620863 28
1752702187860 0.08401419493273912 29
1752702198633 0.08426178096888669 30
1752702209281 0.08665511265164645 31
1752702220079 0.0910291326235867 32
1752702231013 0.08946108772798547 33
1752702241923 0.0899562598002806 34
1752702252807 0.09540315259552695 35
1752702263664 0.09457786580836841 36
1752702274329 0.09754889824213914 37
1752702284970 0.09738384088470743 38
1752702295626 0.10101510274820501 39
1752702306475 0.1001072872823306 40
1752702317273 0.09944705785260378 41
1752702327898 0.10076751671205744 42
1752702338691 0.09919947181645622 43
1752702349663 0.10514153668399769 44
1752702360612 0.10778245440290501 45
1752702371556 0.10514153668399769 46
1752702382395 0.10670958157959891 47
1752702393324 0.11009325740694892 48
1752702404165 0.11149624494511842 49
1752702415054 0.11438474870017332 50
1752702426065 0.11628290831063795 51
1752702436979 0.11710819509779648 52
1752702447851 0.11875876867211356 53
1752702458588 0.12024428488899892 54
1752702469364 0.1197491128167038 55
1752702480458 0.12106957167615746 56
1752702491204 0.12329784600148552 57
1752702501913 0.12437071882479162 58
1752702512630 0.12503094825451844 59
1752702523420 0.12536106296938185 60
1752702534357 0.1280019806882892 61
1752702545292 0.1294049682264587 62
1752702556285 0.12783692333085747 63
1752702567220 0.13237600066022942 64
1752702578181 0.13237600066022942 65
1752702589125 0.13410910291326236 66
1752702599983 0.13377898819839895 67
1752702610714 0.1369150779896014 68
1752702621520 0.13608979120244286 69
1752702632454 0.1377403647767599 70
1752702643374 0.13980358174465626 71
1752702654333 0.1412065692828258 72
1752702665245 0.1452504745399026 73
1752702676137 0.14426013039531238 74
1752702687106 0.1443426590740282 75
1752702697922 0.14475530246760748 76
1752702708620 0.14343484360815384 77
1752702719327 0.14855162168853678 78
1752702730056 0.14739622018651483 79
1752702740813 0.1478088635800941 80
1752702751486 0.1502847239415697 81
1752702762163 0.15069736733514896 82
1752702772918 0.1536683997689197 83
1752702783739 0.1516877114797392 84
1752702794576 0.15358587109020386 85
1752702805570 0.1552364446645209 86
1752702816291 0.1559792027729636 87
1752702827186 0.1577948337047124 88
1752702838078 0.15895023520673435 89
1752702848954 0.15680448956012213 90
1752702859721 0.15985805067260872 91
1752702870637 0.16192126764050507 92
1752702881578 0.16588264421886606 93
1752702892491 0.16315919782124289 94
1752702903458 0.16505735743170752 95
1752702914364 0.16340678385739044 96
1752702925329 0.16447965668069653 97
1752702936165 0.16596517289758192 98
1752702946978 0.16728563175703556 99
1752702957788 0.16844103325905752 100
