1752701875516 4.623623575774532 0
1752701886350 4.6156273264633985 1
1752701897048 4.607290449640309 2
1752701907689 4.597839827408992 3
1752701918375 4.584969440585892 4
1752701929057 4.573399869407096 5
1752701939738 4.563694867202243 6
1752701950389 4.552132976835591 7
1752701961093 4.539073434098439 8
1752701972000 4.524927888816373 9
1752701982908 4.5109591855419255 10
1752701993822 4.497019901610257 11
1752702004541 4.480834074595774 12
1752702015486 4.46242793880572 13
1752702026268 4.4445400426772395 14
1752702037094 4.427567598602432 15
1752702047893 4.4107390600848415 16
1752702058668 4.39304152063493 17
1752702069398 4.37526169020139 18
1752702080205 4.358984695217473 19
1752702090921 4.341072751764665 20
1752702101613 4.322347816719068 21
1752702112296 4.3043103238482425 22
1752702122978 4.2873895794191474 23
1752702133768 4.272339430638853 24
1752702144732 4.255233760006569 25
1752702155613 4.242034093508314 26
1752702166450 4.2268589151992115 27
1752702177082 4.211603043372171 28
1752702187861 4.197012071534003 29
1752702198634 4.183511817205345 30
1752702209282 4.1680396961053825 31
1752702220080 4.154838647044618 32
1752702231014 4.141488367540998 33
1752702241924 4.130997937257136 34
1752702252808 4.116676248339031 35
1752702263665 4.106310812948502 36
1752702274330 4.091203989970363 37
1752702284971 4.077874090715407 38
1752702295627 4.066951036402237 39
1752702306476 4.053908026876437 40
1752702317274 4.042189015656595 41
1752702327898 4.0290243548616465 42
1752702338692 4.0195074683333445 43
1752702349664 4.005483416751964 44
1752702360613 3.9952015891562787 45
1752702371557 3.9857654187431386 46
1752702382396 3.975462452591001 47
1752702393325 3.9655265977457135 48
1752702404166 3.9552520552301793 49
1752702415054 3.9447936397563916 50
1752702426066 3.9343091976351854 51
1752702436980 3.923953110660607 52
1752702447852 3.9129971793741563 53
1752702458589 3.901646552965281 54
1752702469365 3.893520395420125 55
1752702480459 3.8850357082087004 56
1752702491205 3.876391383894601 57
1752702501914 3.8661146989784845 58
1752702512631 3.858080858392597 59
1752702523421 3.846609772093336 60
1752702534357 3.8379557762688736 61
1752702545293 3.8311345587951995 62
1752702556285 3.8252055252725667 63
1752702567221 3.8152779755961657 64
1752702578182 3.806758375416773 65
1752702589126 3.798165663471067 66
1752702599984 3.7924900959330743 67
1752702610715 3.784037557431761 68
1752702621520 3.774791701155235 69
1752702632455 3.766794560350411 70
1752702643375 3.7579740538370623 71
1752702654334 3.750684303761957 72
1752702665246 3.7405658869035334 73
1752702676138 3.7344439004188836 74
1752702687107 3.727873181296966 75
1752702697923 3.7224848886611475 76
1752702708621 3.7153761250165775 77
1752702719328 3.705750463556723 78
1752702730056 3.6980974457944416 79
1752702740814 3.6946966857240913 80
1752702751487 3.6876203087491257 81
1752702762164 3.6807906267527692 82
1752702772919 3.675538426186215 83
1752702783740 3.6675964980539626 84
1752702794577 3.659367749922593 85
1752702805571 3.655310346981272 86
1752702816292 3.6462758535700166 87
1752702827187 3.639359380834675 88
1752702838079 3.6323298608129435 89
1752702848955 3.6275685895035092 90
1752702859722 3.6209964485927477 91
1752702870638 3.614064125102659 92
1752702881579 3.6055622725186818 93
1752702892492 3.6029320058528818 94
1752702903459 3.597182499939017 95
1752702914365 3.5926236707938752 96
1752702925330 3.585544584166764 97
1752702936165 3.5811923515811963 98
1752702946979 3.573796181837922 99
1752702957789 3.5684152296020986 100
