1750854992821 0.026831699617876723 0
1750855017631 0.07335105499252367 1
1750855044729 0.10466854959295564 2
1750855070648 0.12551918923409205 3
1750855095099 0.14595447748795481 4
1750855121743 0.1630669546436285 5
1750855146977 0.18649277288586144 6
1750855171842 0.2003655092208008 7
1750855198571 0.21515201860774216 8
1750855223395 0.22561887356703772 9
1750855248116 0.23351054992523676 10
1750855272752 0.24447582654926067 11
1750855297567 0.24746635653763083 12
1750855323576 0.25652101678019607 13
1750855348247 0.2662402392423991 14
1750855373271 0.2776208672536966 15
1750855398119 0.27554411031732845 16
1750855424575 0.27928227280279116 17
1750855451183 0.2865924572188071 18
1750855476054 0.29224123608572855 19
1750855500516 0.2947333444093703 20
1750855525768 0.2945672038544609 21
1750855550570 0.2934042199700947 22
1750855575520 0.30220966938029575 23
1750855602037 0.30146203688320317 24
1750855626786 0.30561555075593955 25
1750855651529 0.305781691310849 26
1750855676401 0.3052832696461206 27
1750855701733 0.30719388602757935 28
1750855726863 0.3158331948828709 29
1750855752355 0.3143379298886858 30
1750855777252 0.3133410865592291 31
1750855802182 0.31599933543778036 32
1750855827276 0.31458714072105 33
1750855851601 0.31467021099850473 34
1750855877189 0.32256188735670377 35
1750855901673 0.322478817079249 36
1750855926765 0.3226449576341585 37
1750855951925 0.3245555740156172 38
1750855977065 0.3234756604087058 39
1750856003303 0.3312842664894501 40
1750856028088 0.3295397906629008 41
1750856054329 0.32405715235088883 42
1750856080185 0.32654926067453066 43
1750856104531 0.32870908788835357 44
1750856128818 0.33095198537963116 45
1750856154978 0.3285429473334441 46
1750856180643 0.3292075095530819 47
1750856205702 0.3322811098189068 48
1750856229970 0.3346901478650939 49
1750856254967 0.3344409370327297 50
1750856280499 0.3341917262003655 51
1750856305185 0.3332779531483635 52
1750856331193 0.337680677853464 53
1750856358143 0.3384283103505566 54
1750856383131 0.3388436617378302 55
1750856409243 0.33867752118292077 56
1750856434357 0.3414188403389267 57
1750856459145 0.34017278617710583 58
1750856484161 0.3418341917262004 59
1750856511208 0.3458215650440272 60
1750856536731 0.34075427811928893 61
1750856562568 0.3420003322811098 62
1750856587569 0.3436617378302044 63
1750856613177 0.3430802458880213 64
1750856638242 0.3444924406047516 65
1750856664080 0.3444924406047516 66
1750856688381 0.34648612726366507 67
1750856714048 0.34357866755274963 68
1750856739001 0.3447416514371158 69
1750856764718 0.34739990031566703 70
1750856790037 0.3472337597607576 71
1750856814348 0.35371324140222626 72
1750856840742 0.3490613058647616 73
1750856865967 0.3518856952982223 74
1750856890632 0.351054992523675 75
1750856916088 0.3502242897491278 76
1750856941329 0.3526333277953148 77
1750856968221 0.35238411696295063 78
1750856992896 0.35512543611895664 79
1750857017721 0.3516364844658581 80
1750857042999 0.35296560890513373 81
1750857068302 0.35171955474331285 82
1750857093775 0.3542116630669546 83
1750857118664 0.35487622528659246 84
1750857143427 0.3525502575178601 85
1750857169022 0.3540455225120452 86
1750857194071 0.35387938195713575 87
1750857219583 0.35446087389931885 88
1750857244469 0.35545771722877556 89
1750857268882 0.356537630835687 90
1750857293758 0.3566207011131417 91
1750857318028 0.3599435122113308 92
1750857343038 0.3540455225120452 93
1750857367415 0.35986044193387606 94
1750857391616 0.3625186908124273 95
1750857416193 0.3568699119455059 96
1750857440816 0.35952816082405714 97
1750857465421 0.357451403887689 98
1750857490768 0.35886359860441935 99
1750857517894 0.3591958797142382 100
