1750854992821 4.509790407486305 0
1750855017632 4.298769509550367 1
1750855044730 4.076348647584374 2
1750855070648 3.886378167837478 3
1750855095100 3.7244374991012035 4
1750855121744 3.565162107919045 5
1750855146978 3.4424239864132846 6
1750855171843 3.331297791061553 7
1750855198572 3.2422898132622953 8
1750855223396 3.163628913725637 9
1750855248117 3.0938667019283104 10
1750855272753 3.0305236274414318 11
1750855297568 2.987423303069168 12
1750855323577 2.9252778182321073 13
1750855348248 2.8897550188988714 14
1750855373271 2.842690244457367 15
1750855398120 2.823317767623878 16
1750855424576 2.803169531368466 17
1750855451183 2.7761068795110972 18
1750855476055 2.7276069943838523 19
1750855500517 2.740264991563742 20
1750855525769 2.700144892601718 21
1750855550571 2.7075461195362838 22
1750855575520 2.6797024846189217 23
1750855602038 2.665664827014193 24
1750855626787 2.6285308379524794 25
1750855651530 2.6235330285113534 26
1750855676402 2.6296729591351022 27
1750855701734 2.6032021299992976 28
1750855726863 2.574699575742884 29
1750855752356 2.5757457036045612 30
1750855777253 2.5748965082794184 31
1750855802183 2.5594182059053447 32
1750855827276 2.5621377327036075 33
1750855851601 2.5537195588148496 34
1750855877190 2.5235698968951588 35
1750855901674 2.5257340602780967 36
1750855926766 2.5011407018244127 37
1750855951925 2.49171906484236 38
1750855977066 2.492505184044821 39
1750856003304 2.4702526956335173 40
1750856028089 2.458044359426564 41
1750856054330 2.4835264899037726 42
1750856080186 2.463591523950233 43
1750856104531 2.450020976378644 44
1750856128818 2.452218258697684 45
1750856154979 2.4544602926305257 46
1750856180644 2.436363323266398 47
1750856205703 2.421375847341102 48
1750856229971 2.400414295103241 49
1750856254968 2.4137575112113296 50
1750856280500 2.3998761541906024 51
1750856305186 2.4047660744758947 52
1750856331194 2.3911168388390944 53
1750856358144 2.3844776461409536 54
1750856383132 2.3759459031441392 55
1750856409243 2.362618694752673 56
1750856434358 2.3645493818061527 57
1750856459146 2.365889334518382 58
1750856484162 2.3691105253341234 59
1750856511208 2.3393320488889837 60
1750856536732 2.350527256814524 61
1750856562569 2.3383181883459887 62
1750856587569 2.342406341016018 63
1750856613177 2.319313777982877 64
1750856638243 2.3145062146974573 65
1750856664080 2.312226417056435 66
1750856688382 2.2966662507522155 67
1750856714049 2.3100557090704052 68
1750856739001 2.3056328495842413 69
1750856764719 2.293423426322145 70
1750856790037 2.282703955971339 71
1750856814349 2.269047519269661 72
1750856840743 2.2743763983106233 73
1750856865968 2.268719936638204 74
1750856890633 2.2628679548342077 75
1750856916089 2.264491227276344 76
1750856941330 2.25675511482396 77
1750856968222 2.2415987281594525 78
1750856992897 2.231010269753278 79
1750857017722 2.2445591207602256 80
1750857043000 2.236858899815608 81
1750857068303 2.235363128186395 82
1750857093775 2.2352247664583706 83
1750857118665 2.2333355528817163 84
1750857143427 2.219430499902877 85
1750857169022 2.222857545309048 86
1750857194072 2.2046399421305507 87
1750857219584 2.192762908273398 88
1750857244469 2.2040101377678156 89
1750857268882 2.186445652369077 90
1750857293758 2.1973049520828853 91
1750857318029 2.1840931676339097 92
1750857343039 2.187027794789335 93
1750857367416 2.1703838152204082 94
1750857391617 2.1615340296357566 95
1750857416194 2.171367668243701 96
1750857440817 2.154503702889753 97
1750857465422 2.1586662791879836 98
1750857490768 2.1559005180526962 99
1750857517895 2.1585598755397912 100
