1753270755111 0.020103007144043863 0
1753270767066 0.036800132912443925 1
1753270781718 0.050008307027745474 2
1753270795017 0.06388104336268483 3
1753270808736 0.06986210333942515 4
1753270822082 0.0843163316165476 5
1753270834591 0.09445090546602426 6
1753270848723 0.10558232264495764 7
1753270860910 0.1113972420667885 8
1753270874159 0.12178102674862934 9
1753270887086 0.1359860441933876 10
1753270900463 0.13665060641302543 11
1753270914835 0.14288087722212992 12
1753270928071 0.15999335437780363 13
1753270942675 0.1639807276956305 14
1753270956704 0.17627512875893006 15
1753270968562 0.1776873234756604 16
1753270982613 0.17752118292075095 17
1753270995591 0.1900647948164147 18
1753271008939 0.19795647117461374 19
1753271022331 0.20053164977571025 20
1753271037171 0.20559893670044857 21
1753271050846 0.20493437448081075 22
1753271064877 0.21083236418009635 23
1753271079185 0.21365675361355707 24
1753271093873 0.2184748297059312 25
1753271106584 0.22196378135902975 26
1753271118889 0.222794484133577 27
1753271130926 0.23060309021432132 28
1753271144017 0.23666722046851638 29
1753271158649 0.23791327463033726 30
1753271172613 0.23691643130088055 31
1753271187535 0.23974082073434125 32
1753271201642 0.24298056155507558 33
1753271214472 0.2438943346070776 34
1753271223803 0.2442266157168965 35
1753271237711 0.25577338428310353 36
1753271250871 0.2551088220634657 37
1753271266095 0.25593952483801297 38
1753271280344 0.26216979564711745 39
1753271295650 0.2692307692307692 40
1753271308473 0.27072603422495434 41
1753271322574 0.2725535803289583 42
1753271336686 0.2719720883867752 43
1753271349979 0.2756271805947832 44
1753271363030 0.27894999169297224 45
1753271377333 0.27645788336933047 46
1753271392551 0.28451570028243894 47
1753271406030 0.2820235919587971 48
1753271419605 0.2868416680511713 49
1753271433831 0.2875893005482638 50
1753271448715 0.28883535471008476 51
1753271462256 0.29332114969263995 52
1753271477279 0.2911613224788171 53
1753271490002 0.29249044691809273 54
1753271505030 0.3019604585479316 55
1753271517336 0.2961455391261007 56
1753271531336 0.3042864263166639 57
1753271546382 0.30603090214321316 58
1753271558838 0.3092706429639475 59
1753271571938 0.3117627512875893 60
1753271585812 0.30187738827047683 61
1753271599748 0.3047017777039375 62
1753271613301 0.3089383618541286 63
1753271626624 0.31400564877886694 64
1753271639545 0.3110981890679515 65
1753271651564 0.3184914437614222 66
1753271666334 0.320069779033062 67
1753271680894 0.3176607409868749 68
1753271694546 0.31882372487124105 69
1753271707776 0.31699617876723707 70
1753271721826 0.32281109818906795 71
1753271736200 0.32538627679016446 72
1753271750999 0.31998670875560725 73
1753271765385 0.3251370659578003 74
1753271779340 0.3282937365010799 75
1753271792875 0.32837680677853465 76
1753271806164 0.32397408207343414 77
1753271819011 0.32713075261671376 78
1753271832584 0.3304535637149028 79
1753271845112 0.3302874231599934 80
1753271858449 0.3341917262003655 81
1753271871478 0.3330287423159993 82
1753271885784 0.3346901478650939 83
1753271899820 0.3335271639807277 84
1753271914054 0.33377637481309186 85
1753271928803 0.3385113806280113 86
1753271942406 0.3348562884200033 87
1753271955748 0.3436617378302044 88
1753271969653 0.34391094866256855 89
1753271984855 0.3446585811596611 90
1753271997260 0.34299717561056653 91
1753272009799 0.3438278783851138 92
1753272023401 0.3450739325469347 93
1753272035910 0.3493935869745805 94
1753272049680 0.35171955474331285 95
1753272062835 0.3475660408705765 96
1753272077782 0.3502242897491278 97
1753272090682 0.34914437614221633 98
1753272104291 0.3502242897491278 99
1753272117866 0.3483967436451238 100
