1754191711041 0.23729785738074974 0
1754191755426 0.3340487732672168 1
1754191806709 0.3792140028864301 2
1754191851766 0.39629204751507974 3
1754191914242 0.40028864300780814 4
1754191979060 0.4392924545757318 5
1754192038605 0.41979054879176997 6
1754192100594 0.46826777189801283 7
1754192192233 0.4463420049587388 8
1754192254368 0.48273692780224253 9
1754192310689 0.46245790622802796 10
1754192349275 0.4919883062576324 11
1754192407054 0.4877326721681531 12
1754192451670 0.49794619398290346 13
1754192515610 0.4991118676682826 14
1754192571175 0.505624838100877 15
1754192627652 0.5105465714391444 16
1754192687907 0.5161344040261999 17
1754192747273 0.5249232135588202 18
1754192801378 0.5229064130555453 19
1754192872187 0.52847574288569 20
1754192923233 0.5295304000296044 21
1754193006181 0.5328238907597233 22
1754193057486 0.5326573659475262 23
1754193115263 0.5352292491581245 24
1754193153039 0.5358953484069127 25
1754193212194 0.5390778225955667 26
1754193266038 0.5441290752322095 27
1754193325387 0.5338230396329053 28
1754193360897 0.5490508085704771 29
1754193446592 0.5382081930207601 30
1754193494772 0.5551382155941236 31
1754193552746 0.5346741664508011 32
1754193602451 0.5464234170891463 33
1754193656648 0.5526403434111683 34
1754193731726 0.5439625504200126 35
1754193793908 0.5532694371461347 36
1754193856662 0.5637605003145468 37
1754193905741 0.5686452281389928 38
1754193966357 0.5669059689893794 39
1754194038569 0.5693853384154239 40
1754194083777 0.5675535654812567 41
1754194141375 0.5512711393997706 42
1754194200064 0.5656662842763571 43
1754194286853 0.5501794767420346 44
1754194336721 0.5570069940421123 45
1754194391488 0.5660733449283943 46
1754194434750 0.5554712652185175 47
1754194490350 0.5680161344040262 48
1754194540741 0.5587462531917256 49
1754194596615 0.5746771268919069 50
1754194649990 0.5558783258705547 51
1754194701027 0.572567812604078 52
1754194767264 0.5525478296266144 53
1754194816086 0.5655552677348925 54
1754194865554 0.5706990341560892 55
1754194918287 0.5507715649631795 56
1754194970037 0.5781556451911335 57
1754195039434 0.5563408947933242 58
1754195084903 0.5676275765088998 59
1754195153740 0.5736224697479925 60
1754195206289 0.559967435147837 61
1754195267302 0.5709210672390186 62
1754195342579 0.5680716426747585 63
1754195395900 0.5691448025755838 64
1754195445839 0.569792399067461 65
1754195508671 0.5667394441771824 66
1754195566826 0.5650186877844798 67
1754195641824 0.5653147318950523 68
1754195705803 0.5751396958146764 69
1754195772034 0.5753617288976057 70
1754195841868 0.5573585464234171 71
1754195901108 0.5642415719942271 72
1754195987276 0.5664989083373423 73
1754196059507 0.5709950782666617 74
1754196135457 0.555101210080302 75
1754196230579 0.5648891684861044 76
1754196281988 0.5788587499537431 77
1754196334356 0.5688117529511897 78
1754196395378 0.5647226436739075 79
1754196492456 0.5631869148503127 80
1754196548958 0.5671650075861303 81
1754196648768 0.5632239203641343 82
1754196701968 0.5676830847796321 83
1754196754047 0.5725308070902565 84
1754196807831 0.5732524146097768 85
1754196862661 0.5613366391592347 86
1754196921859 0.5531399178477593 87
1754196974931 0.5569699885282907 88
1754197027349 0.5591348110868519 89
1754197080402 0.561984235651112 90
1754197173481 0.5541945749916738 91
1754197235392 0.5692188136032269 92
1754197295096 0.5675720682381675 93
1754197346805 0.5674425489397921 94
1754197417634 0.5684046922991526 95
1754197471689 0.5736409725049032 96
1754197525607 0.5658328090885542 97
1754197597721 0.5646486326462643 98
1754197650854 0.5657032897901787 99
1754197719581 0.5582466787551346 100
