1754191711042 2.072798216859015 0
1754191755427 1.8745388439717101 1
1754191806710 1.6759871153271473 2
1754191851768 1.6272739593772279 3
1754191914243 1.5844292021877477 4
1754191979061 1.4909358894106994 5
1754192038607 1.522559095568366 6
1754192100595 1.415780125151189 7
1754192192234 1.4625158933861715 8
1754192254369 1.3792087112413272 9
1754192310691 1.4156907982389604 10
1754192349276 1.3540689917362947 11
1754192407055 1.3584280193210185 12
1754192451671 1.3436761277785993 13
1754192515611 1.3341726356923087 14
1754192571176 1.3315580889404934 15
1754192627653 1.3141403489126324 16
1754192687908 1.3163730976890065 17
1754192747274 1.286249815434989 18
1754192801379 1.2996552453737327 19
1754192872188 1.2767065264402846 20
1754192923234 1.2897666000874877 21
1754193006182 1.2730058122731023 22
1754193057488 1.2903299897497413 23
1754193115265 1.278797397160883 24
1754193153040 1.2855924949596877 25
1754193212196 1.2713511247983178 26
1754193266039 1.2700663316677017 27
1754193325389 1.2975145539036441 28
1754193360899 1.264995313434099 29
1754193446594 1.2874412483435318 30
1754193494773 1.245218343341241 31
1754193552747 1.2998475385054964 32
1754193602452 1.272435771938548 33
1754193656649 1.2561599101787329 34
1754193731727 1.283396536189895 35
1754193793910 1.2663756575955534 36
1754193856663 1.2394282270196455 37
1754193905742 1.251596840468592 38
1754193966358 1.2352951395696448 39
1754194038570 1.2422862408297142 40
1754194083778 1.2461611551207268 41
1754194141376 1.298745588512736 42
1754194200066 1.2493084258240483 43
1754194286854 1.296213029921269 44
1754194336722 1.2815176798538508 45
1754194391489 1.255642527404608 46
1754194434751 1.292654194154717 47
1754194490352 1.2559924929801944 48
1754194540742 1.2901927437544254 49
1754194596616 1.2387914047392177 50
1754194649992 1.319380557076305 51
1754194701028 1.245754990501128 52
1754194767265 1.3248660609482268 53
1754194816088 1.2658914897734694 54
1754194865555 1.2672577767673654 55
1754194918288 1.3677041298134578 56
1754194970038 1.225435760759139 57
1754195039436 1.3360335249064634 58
1754195084904 1.261226278404113 59
1754195153741 1.2665246250239257 60
1754195206291 1.3246934900420622 61
1754195267303 1.2607868830068174 62
1754195342580 1.2935086686831292 63
1754195395901 1.2764831462898432 64
1754195445840 1.2834510439105824 65
1754195508672 1.3021640691009593 66
1754195566827 1.3102490804646694 67
1754195641825 1.304689132355537 68
1754195705804 1.2652296392432645 69
1754195772035 1.2748411095176833 70
1754195841869 1.356408888767492 71
1754195901109 1.3165976137113327 72
1754195987277 1.316497504134968 73
1754196059508 1.277920158141488 74
1754196135458 1.3813180274417027 75
1754196230580 1.3275208425868485 76
1754196281989 1.2478344395461478 77
1754196334357 1.308391481832443 78
1754196395380 1.322276055385009 79
1754196492457 1.3489107661927442 80
1754196548959 1.3221314062168334 81
1754196648769 1.340927216080251 82
1754196701969 1.3020980699814282 83
1754196754049 1.2999099173669109 84
1754196807833 1.293495786816678 85
1754196862662 1.3665416437774403 86
1754196921860 1.416672550230337 87
1754196974932 1.3778930308758723 88
1754197027350 1.34701896841445 89
1754197080403 1.3526760629059722 90
1754197173483 1.4005958186702472 91
1754197235394 1.326290925594762 92
1754197295097 1.3257422365974882 93
1754197346807 1.33582530908019 94
1754197417635 1.321463592111937 95
1754197471691 1.312613518163121 96
1754197525608 1.3288338698342084 97
1754197597723 1.3247206301829757 98
1754197650855 1.3476487813647269 99
1754197719582 1.381468932289913 100
