1753797783125 0.022927396577504568 0
1753797800659 0.048679182588469844 1
1753797825661 0.06454560558232264 2
1753797849329 0.08697458049509886 3
1753797874798 0.1001827546104004 4
1753797900381 0.11737830204352882 5
1753797923135 0.13498920086393087 6
1753797947430 0.14994185080578168 7
1753797965569 0.1608240571523509 8
1753797991150 0.16871573351054991 9
1753798013299 0.18134241568366838 10
1753798038835 0.18732347566040872 11
1753798059680 0.19687655756770228 12
1753798085535 0.21805947831865757 13
1753798110146 0.223708257185579 14
1753798134863 0.23259677687323477 15
1753798159090 0.23691643130088055 16
1753798182074 0.23999003156670543 17
1753798204620 0.24754942681508557 18
1753798229856 0.26075760093038713 19
1753798252878 0.25652101678019607 20
1753798274275 0.2602591792656587 21
1753798295949 0.25901312510383784 22
1753798321334 0.27238743977404883 23
1753798347353 0.26956305034058814 24
1753798370957 0.2796976241900648 25
1753798396620 0.2786177105831533 26
1753798417264 0.27795314836351553 27
1753798439681 0.2855956138893504 28
1753798464032 0.29066290081408874 29
1753798489540 0.29132746303372653 30
1753798514944 0.28850307360026584 31
1753798540739 0.2958132580162818 32
1753798566207 0.30046519355374646 33
1753798590252 0.2997175610566539 34
1753798616576 0.3067785346403057 35
1753798641534 0.3036218640970261 36
1753798662878 0.30976906462867587 37
1753798687997 0.31126432962286094 38
1753798712133 0.3135072271141386 39
1753798735162 0.3180760923741485 40
1753798759697 0.32463864429307193 41
1753798785429 0.3209004818076092 42
1753798808589 0.3201528493105167 43
1753798833471 0.32737996344907794 44
1753798859951 0.32737996344907794 45
1753798885397 0.3232264495763416 46
1753798911371 0.3285429473334441 47
1753798936417 0.3326964612061804 48
1753798962666 0.3360192723043695 49
1753798986465 0.33178268815417844 50
1753799011464 0.33518856952982223 51
1753799034766 0.33635155341418843 52
1753799060450 0.33809602924073767 53
1753799084008 0.3382621697956471 54
1753799109078 0.3441601594949327 55
1753799130585 0.3410034889516531 56
1753799154713 0.34673533809602924 57
1753799177639 0.34897823558730684 58
1753799203164 0.34706761920584817 59
1753799225749 0.35047350058149196 60
1753799248815 0.3419172620036551 61
1753799266148 0.34573849476657253 62
1753799289936 0.34856288420003323 63
1753799313616 0.3522179764080412 64
1753799338092 0.35238411696295063 65
1753799360996 0.35296560890513373 66
1753799384541 0.3518856952982223 67
1753799407976 0.35487622528659246 68
1753799432612 0.3568699119455059 69
1753799456849 0.3575344741651437 70
1753799481565 0.360192723043695 71
1753799504961 0.35794982555241733 72
1753799531515 0.36085728526333277 73
1753799555458 0.3624356205349726 74
1753799579878 0.36393088552915764 75
1753799605991 0.3649277288586144 76
1753799629247 0.3599435122113308 77
1753799646382 0.3635986044193388 78
1753799670076 0.3675029074597109 79
1753799694465 0.36285097192224625 80
1753799718096 0.36384781525170296 81
1753799744620 0.3664229938527995 82
1753799769942 0.3651769396909786 83
1753799792194 0.3651769396909786 84
1753799815661 0.3658415019106164 85
1753799841850 0.3680013291244393 86
1753799863824 0.36700448579498257 87
1753799888422 0.36725369662734675 88
1753799912483 0.368084399401894 89
1753799936409 0.3711579996677189 90
1753799962133 0.37124106994517364 91
1753799987791 0.37107492939026415 92
1753800012843 0.36941352384116966 93
1753800036326 0.37464695132081743 94
1753800058717 0.3795480976906463 95
1753800080306 0.37323475660408706 96
1753800103774 0.3758099352051836 97
1753800126530 0.37630835686991193 98
1753800150184 0.37605914603754775 99
1753800173930 0.3761422163150025 100
