1753147745736 0.04577172287755441 0
1753147772216 0.10732679847150689 1
1753147807885 0.14288087722212992 2
1753147862122 0.16904801462036884 3
1753147925825 0.19380295730187738 4
1753147976914 0.2215484299717561 5
1753148003936 0.23882704768233926 6
1753148072414 0.25494268150855626 7
1753148110823 0.26673866090712745 8
1753148139011 0.27487954809769066 9
1753148166195 0.2820235919587971 10
1753148228611 0.2912443927562718 11
1753148257151 0.30104668549592956 12
1753148321102 0.30877222129921916 13
1753148382397 0.31408871905632163 14
1753148410240 0.3263831201196212 15
1753148478459 0.3235587306861605 16
1753148519765 0.3301212826050839 17
1753148580543 0.3329456720385446 18
1753148606989 0.3415849808938362 19
1753148633287 0.3425818242232929 20
1753148660276 0.3436617378302044 21
1753148726716 0.3418341917262004 22
1753148755172 0.3496427978069447 23
1753148786381 0.3493935869745805 24
1753148828949 0.35512543611895664 25
1753148856936 0.35329789001495265 26
1753148884021 0.3509719222462203 27
1753148920105 0.35354710084731683 28
1753148947162 0.36127263665060644 29
1753148977702 0.35986044193387606 30
1753149016115 0.3611895663731517 31
1753149082087 0.3631832530320651 32
1753149114989 0.3649277288586144 33
1753149141772 0.36442930719388605 34
1753149192345 0.36733676690480144 35
1753149262017 0.3681674696793487 36
1753149289782 0.369911945505898 37
1753149355725 0.3691643130088054 38
1753149384207 0.36941352384116966 39
1753149418397 0.3763914271473667 40
1753149456283 0.37389931882372485 41
1753149495078 0.3702442266157169 42
1753149522855 0.37281940521681345 43
1753149559491 0.3743146702109985 44
1753149590850 0.3745638810433627 45
1753149618815 0.37348396743645124 46
1753149646747 0.37763748130918756 47
1753149674327 0.37979730852301047 48
1753149718869 0.3819571357368334 49
1753149785546 0.3827047682339259 50
1753149822944 0.38361854128592787 51
1753149852793 0.3817079249044692 52
1753149869793 0.38444924406047515 53
1753149906197 0.3875228443263001 54
1753149944259 0.38619371988702444 55
1753149979513 0.3819571357368334 56
1753150013281 0.3841169629506563 57
1753150052810 0.38660907127429806 58
1753150088514 0.38660907127429806 59
1753150126618 0.38976574181757767 60
1753150154748 0.38503073600265825 61
1753150183177 0.3873567037713906 62
1753150214315 0.38843661737830204 63
1753150237950 0.3895165309852135 64
1753150273706 0.3926732015284931 65
1753150309431 0.39200863930885527 66
1753150343053 0.39283934208340254 67
1753150379656 0.39259013125103837 68
1753150413813 0.3901810932048513 69
1753150431453 0.39375311513540456 70
1753150467958 0.39209170958631 71
1753150506229 0.39466688818740653 72
1753150544183 0.39283934208340254 73
1753150563709 0.39541452068449906 74
1753150598008 0.39558066123940855 75
1753150638095 0.3969097856786842 76
1753150671675 0.39624522345904634 77
1753150705664 0.39815583984050507 78
1753150741897 0.39998338594450905 79
1753150768329 0.3964944342914105 80
1753150804545 0.39940189400232595 81
1753150840842 0.39898654261505234 82
1753150878613 0.3972420667885031 83
1753150911886 0.3998172453895996 84
1753150939513 0.4014786509386941 85
1753150977790 0.3998172453895996 86
1753151010501 0.39940189400232595 87
1753151049084 0.4032231267652434 88
1753151083511 0.4028908456554245 89
1753151122186 0.40496760259179265 90
1753151157579 0.403638478152517 91
1753151195431 0.40297391593287923 92
1753151233173 0.40214321315833196 93
1753151264401 0.40496760259179265 94
1753151300241 0.4052998837016116 95
1753151337456 0.4051337431467021 96
1753151376774 0.4082904136899817 97
1753151411671 0.4048845323143379 98
1753151449204 0.4080412028576175 99
1753151486664 0.40455225120451904 100
1753151511791 0.40712742980561556 101
1753151536003 0.40779199202525335 102
1753151558833 0.40596444592124936 103
1753151584429 0.40338926732015284 104
1753151607337 0.4038876889848812 105
1753151628668 0.40837348396743645 106
1753151652858 0.40737664063797974 107
1753151678606 0.4052998837016116 108
1753151701021 0.40654593786343246 109
1753151723600 0.4104502409038046 110
1753151744579 0.4088719056321648 111
1753151768665 0.4103671706263499 112
1753151794361 0.41094866256853296 113
1753151814141 0.41119787340089714 114
1753151837816 0.4104502409038046 115
1753151862513 0.41119787340089714 116
1753151886473 0.4108655922910783 117
1753151909746 0.4098687489616215 118
1753151935500 0.41153015451071606 119
1753151958751 0.41177936534308024 120
1753151981506 0.4126100681176275 121
1753152006078 0.41368998172453897 122
1753152031008 0.4152683169961788 123
1753152056647 0.4112809436783519 124
1753152081293 0.41452068449908624 125
1753152103857 0.41053331118125935 126
1753152126006 0.4140222628343579 127
1753152148270 0.4116962950656255 128
1753152171752 0.4103671706263499 129
1753152196090 0.4150191061638146 130
1753152220607 0.4135238411696295 131
1753152242413 0.4135238411696295 132
1753152264783 0.41277620867253695 133
1753152288362 0.4140222628343579 134
1753152311805 0.4138561222794484 135
1753152335792 0.4116962950656255 136
1753152360196 0.41194550589798967 137
1753152384747 0.41834191726200365 138
1753152404846 0.4136069114470842 139
1753152427062 0.4137730520019937 140
1753152446070 0.41551752782854295 141
1753152466519 0.41460375477654093 142
1753152489882 0.41435454394417676 143
1753152513822 0.41551752782854295 144
1753152530295 0.4180096361521847 145
1753152553108 0.4184249875394584 146
1753152577821 0.42050174447582656 147
1753152601043 0.4182588469845489 148
1753152624839 0.4168466522678186 149
1753152650129 0.41809270642963947 150
1753152662212 0.4138561222794484 151
1753152673487 0.4158498089383619 152
1753152685888 0.41551752782854295 153
1753152697621 0.4147698953314504 154
1753152710089 0.4171789333776375 155
1753152722789 0.41618209004818074 156
1753152734989 0.41593287921581656 157
1753152747008 0.4174281442100017 158
1753152759007 0.41767735504236586 159
1753152771716 0.41493603588635986 160
1753152783292 0.41767735504236586 161
1753152795840 0.4208340255856455 162
1753152807857 0.4187572686492773 163
1753152819844 0.41933876059146036 164
1753152832198 0.4181757767070942 165
1753152845428 0.4208340255856455 166
1753152857511 0.4175112144874564 167
1753152868508 0.418840338926732 168
1753152879707 0.41892340920418675 169
1753152890998 0.42133244725037383 170
1753152903244 0.42108323641800965 171
1753152915974 0.417012792822728 172
1753152928363 0.418840338926732 173
1753152940323 0.4203356039209171 174
1753152953059 0.41551752782854295 175
1753152965556 0.4185911280943678 176
1753152977682 0.4202525336434624 177
1753152989296 0.42108323641800965 178
1753153000819 0.4237414852965609 179
1753153011172 0.42332613390928725 180
1753153023048 0.4200033228110982 181
1753153035679 0.418840338926732 182
1753153047191 0.4219970094700116 183
1753153059154 0.4185911280943678 184
1753153071157 0.41651437115799966 185
1753153083205 0.4212493769729191 186
1753153094401 0.4196710417012793 187
1753153105967 0.42075095530819073 188
1753153117682 0.418840338926732 189
1753153129599 0.420667885030736 190
1753153142672 0.42299385279946833 191
1753153155138 0.4231599933543778 192
1753153167924 0.4246552583485629 193
1753153180428 0.42365841501910617 194
1753153192366 0.4203356039209171 195
1753153204957 0.4196710417012793 196
1753153217275 0.42423990696128927 197
1753153229003 0.42266157168964946 198
1753153240499 0.4240737664063798 199
1753153251116 0.4225785014121947 200
