1753147745738 4.3944829917148605 0
1753147772217 4.041918139074556 1
1753147807886 3.737295398517093 2
1753147862123 3.5198709777669195 3
1753147925826 3.3372389239031643 4
1753147976915 3.172773753581473 5
1753148003937 3.0594811469634524 6
1753148072415 2.9456184866301656 7
1753148110824 2.869669348119966 8
1753148139012 2.8031353683595404 9
1753148166196 2.7417378388992235 10
1753148228612 2.685720529471962 11
1753148257152 2.6520148322506913 12
1753148321103 2.5969053176088446 13
1753148382398 2.5706080114661862 14
1753148410241 2.5254491057561066 15
1753148478460 2.5148779531014367 16
1753148519766 2.4945560583829582 17
1753148580544 2.474056638161441 18
1753148606990 2.429445680526291 19
1753148633288 2.4506978436503157 20
1753148660277 2.4067946362723664 21
1753148726717 2.4135086583833014 22
1753148755173 2.390926139718021 23
1753148786382 2.381754578114005 24
1753148828950 2.3399577309556974 25
1753148856937 2.3408069781901375 26
1753148884022 2.3497115053138264 27
1753148920106 2.3245982776397343 28
1753148947163 2.294288307129807 29
1753148977703 2.297157597257443 30
1753149016116 2.288987016074202 31
1753149082088 2.2746964577140356 32
1753149114991 2.275355882972298 33
1753149141773 2.271070309059718 34
1753149192346 2.233918861935991 35
1753149262018 2.246835777954243 36
1753149289783 2.2158648946010113 37
1753149355726 2.209228143334501 38
1753149384208 2.204429908241468 39
1753149418398 2.1889057404814367 40
1753149456284 2.1739957713823883 41
1753149495079 2.198866544176399 42
1753149522856 2.1822941533739435 43
1753149559492 2.1643970649479747 44
1753149590851 2.1593551070876242 45
1753149618816 2.1649423641645527 46
1753149646748 2.148881133476619 47
1753149674328 2.1313827575690505 48
1753149718870 2.1080881944805117 49
1753149785547 2.1184097359662 50
1753149822945 2.0884941109031483 51
1753149852794 2.09240009888093 52
1753149869794 2.078638798838431 53
1753149906198 2.0671016784779668 54
1753149944260 2.0564033236712387 55
1753149979514 2.039311686281655 56
1753150013282 2.0377161851623216 57
1753150052811 2.0419686412363527 58
1753150088515 2.0431947679100837 59
1753150126619 2.0125883198646255 60
1753150154749 2.018576892921056 61
1753150183178 2.01525409152522 62
1753150214316 2.0092721003902634 63
1753150237951 1.9910293470294087 64
1753150273707 1.9822712982890744 65
1753150309432 1.9826160870035665 66
1753150343054 1.9649897060694368 67
1753150379657 1.9651509088158707 68
1753150413814 1.9683552209952806 69
1753150431454 1.9488107114126054 70
1753150467959 1.953476547878403 71
1753150506230 1.9314825782611995 72
1753150544184 1.9362915961637386 73
1753150563710 1.9292253343024797 74
1753150598009 1.9232863877814392 75
1753150638096 1.927074306788904 76
1753150671676 1.91317997200344 77
1753150705665 1.9025499630375657 78
1753150741898 1.89185307657907 79
1753150768330 1.9092183147303154 80
1753150804546 1.8916799354585807 81
1753150840843 1.8914869462556358 82
1753150878614 1.8947304326430552 83
1753150911887 1.8908863849322102 84
1753150939514 1.8694219378312902 85
1753150977791 1.873548593545938 86
1753151010502 1.861142860175576 87
1753151049085 1.8542495830478367 88
1753151083512 1.8617509913637214 89
1753151122187 1.838126765178615 90
1753151157580 1.8487105441844272 91
1753151195432 1.837695327048198 92
1753151233174 1.8373871726264737 93
1753151264402 1.8214006755227423 94
1753151300242 1.8145162102663634 95
1753151337457 1.8180972412088272 96
1753151376775 1.806103368626713 97
1753151411672 1.8097749910476966 98
1753151449205 1.8029811167039116 99
1753151486665 1.8029951474700083 100
1753151511792 1.7803513992715765 101
1753151536004 1.7672285373071468 102
1753151558834 1.7712587186504256 103
1753151584430 1.7818917252667457 104
1753151607338 1.7755626282625665 105
1753151628669 1.763845446036061 106
1753151652859 1.7627095879698853 107
1753151678607 1.7668163465418982 108
1753151701022 1.7445873786843604 109
1753151723601 1.7356342346779496 110
1753151744580 1.7271481094954777 111
1753151768666 1.7277393704847352 112
1753151794362 1.727808133620464 113
1753151814142 1.7167435018265813 114
1753151837817 1.716529150910677 115
1753151862514 1.7123114556825592 116
1753151886474 1.6969781692071013 117
1753151909747 1.6993086166098343 118
1753151935501 1.6911391422922677 119
1753151958752 1.6878242760750135 120
1753151981507 1.6936156606185908 121
1753152006079 1.6850364420794497 122
1753152031009 1.678082765643817 123
1753152056648 1.6833400140312034 124
1753152081294 1.6716560447040176 125
1753152103858 1.6763900781876997 126
1753152126007 1.6624499443005658 127
1753152148271 1.6775195529303633 128
1753152171753 1.6704130106751554 129
1753152196091 1.6543959629006542 130
1753152220608 1.6511624948088284 131
1753152242414 1.6560824710137552 132
1753152264784 1.6458923565693468 133
1753152288363 1.6398024713964698 134
1753152311806 1.6374184051148561 135
1753152335793 1.633987132133263 136
1753152360197 1.6368538743135608 137
1753152384748 1.616550725356421 138
1753152404847 1.6199363078824593 139
1753152427063 1.624688946201752 140
1753152446071 1.6171915103541268 141
1753152466520 1.6017981418292502 142
1753152489883 1.6078002346244211 143
1753152513823 1.6164310972402536 144
1753152530296 1.6069592565772024 145
1753152553109 1.5964432146028387 146
1753152577822 1.5997907956070196 147
1753152601044 1.5980743861851345 148
1753152624840 1.5959157911251094 149
1753152650130 1.5818604707381145 150
1753152662213 1.5528048715704428 151
1753152673488 1.5584634077314503 152
1753152685889 1.5455261435711276 153
1753152697622 1.538022369827641 154
1753152710090 1.537891909699138 155
1753152722790 1.5303189744134158 156
1753152734990 1.5406671076744864 157
1753152747009 1.5328008748792061 158
1753152759008 1.519173240892045 159
1753152771717 1.5218001007550455 160
1753152783293 1.506245617112634 161
1753152795841 1.5095236951442013 162
1753152807858 1.5049529769279564 163
1753152819845 1.5086921637550037 164
1753152832199 1.5136632726460129 165
1753152845429 1.5001555184507673 166
1753152857512 1.4950681575076068 167
1753152868509 1.4971092940312245 168
1753152879708 1.4889124800334368 169
1753152890999 1.4855002693007195 170
1753152903245 1.487611638539149 171
1753152915975 1.4868489731037702 172
1753152928364 1.4903437230228556 173
1753152940324 1.469614551636677 174
1753152953060 1.484412865930333 175
1753152965557 1.4814072988925806 176
1753152977683 1.4687596520735993 177
1753152989297 1.4777086389725191 178
1753153000820 1.4624992018184744 179
1753153011173 1.464200343616302 180
1753153023049 1.473735399117066 181
1753153035680 1.464931349279205 182
1753153047192 1.4541335463629879 183
1753153059155 1.4592375042258783 184
1753153071158 1.457519227950256 185
1753153083206 1.4560213130599635 186
1753153094402 1.4483736133306975 187
1753153105968 1.4479068283753231 188
1753153117683 1.4468817724806353 189
1753153129600 1.444985206692407 190
1753153142673 1.4371587739554652 191
1753153155139 1.4331196601525789 192
1753153167925 1.428748183017883 193
1753153180429 1.4244814100631438 194
1753153192367 1.434352824461712 195
1753153204958 1.4359227487901984 196
1753153217276 1.4224170571679124 197
1753153229004 1.423858092501089 198
1753153240500 1.4128449932567044 199
1753153251117 1.413457850019636 200
