1749998897549 0.13980683121785145 0
1749999496087 0.14593124375531955 1
1750000073378 0.15897568737741924 2
1750000626301 0.19764644932094882 3
1750001152972 0.18739592199237687 4
1750001693511 0.20628723679828295 5
1750002260887 0.23035932353920735 6
1750002792359 0.21892461976834549 7
1750003299623 0.24542056766458203 8
1750003857019 0.2550420012581875 9
1750004417256 0.2725086037819635 10
1750004944787 0.2804832920105096 11
1750005481674 0.2878103837471783 12
1750005928719 0.29164045442770975 13
1750006559319 0.2996151426562558 14
1750007135562 0.30264959478962367 15
1750007633343 0.3159900825222958 16
1750008119385 0.32723975872404987 17
1750008615944 0.3331791436924102 18
1750009097364 0.3414498760315287 19
1750009639275 0.3380823742737668 20
1750010147055 0.35240350812271026 21
1750010597558 0.344613847463272 22
1750011013420 0.3470377086185842 23
1750011480797 0.3504052103763461 24
1750011832214 0.35947156126262814 25
1750012236486 0.36776079635865744 26
1750012646602 0.37384820338230396 27
1750013015096 0.37969507456611035 28
1750013357040 0.37410724197905487 29
1750013709820 0.39264700440365613 30
1750014068319 0.3825630018872812 31
1750014411766 0.3813788254449913 32
1750014713645 0.3709247677904008 33
1750015018750 0.3801391407319691 34
1750015342817 0.37978758835066423 35
1750015652736 0.3860415201865078 36
1750015979376 0.3927580209451208 37
1750016260618 0.3993635051622692 38
1750016531408 0.3970321577915109 39
1750016845336 0.4082633312363542 40
1750017109072 0.4145542685860193 41
1750017431192 0.40693113273877807 42
1750017723940 0.42410169115198165 43
1750017985211 0.4187358916478555 44
1750018259243 0.42106723901861376 45
1750018530218 0.440532139288754 46
1750018789764 0.42447174629019724 47
1750019076183 0.44587943603596936 48
1750019320622 0.4368870961773304 49
1750019552658 0.4417718240017763 50
