1749998897550 2.346749762316977 0
1749999496088 2.4309621991292434 1
1750000073379 2.533763068736576 2
1750000626302 2.6313989204152555 3
1750001152973 2.711320082500558 4
1750001693512 2.7397362387659907 5
1750002260888 2.722068638199969 6
1750002792360 2.8134063693712186 7
1750003299624 2.7574768569938413 8
1750003857021 2.761946932502614 9
1750004417257 2.640383966994155 10
1750004944789 2.6199126264763115 11
1750005481675 2.5914562998609108 12
1750005928720 2.6524114191185033 13
1750006559320 2.567344462794871 14
1750007135563 2.5973563122572876 15
1750007633344 2.4985225116949428 16
1750008119386 2.525402422262489 17
1750008615945 2.4092519321650423 18
1750009097365 2.3482371080158746 19
1750009639276 2.3701457942095585 20
1750010147056 2.310996934840509 21
1750010597559 2.2976350793160796 22
1750011013421 2.2508228476533128 23
1750011480798 2.197305638163063 24
1750011832215 2.2224981871480316 25
1750012236487 2.1056697254752073 26
1750012646603 2.0420088634008318 27
1750013015098 2.035244270713584 28
1750013357041 2.017044744006143 29
1750013709821 1.8648796453794776 30
1750014068320 1.8724364437671126 31
1750014411767 1.8516788850232688 32
1750014713646 1.9487351751247592 33
1750015018751 1.8742534032191411 34
1750015342819 1.9151803711375652 35
1750015652737 1.8518415984938477 36
1750015979376 1.7930805210578047 37
1750016260619 1.7631298930226786 38
1750016531409 1.7851109468360689 39
1750016845337 1.6944411905175867 40
1750017109073 1.6799087755719602 41
1750017431193 1.73357355498616 42
1750017723941 1.6490213569453076 43
1750017985212 1.5911204615712935 44
1750018259244 1.5825614064201776 45
1750018530219 1.5136760326652847 46
1750018789765 1.6163771182941555 47
1750019076184 1.4766082315501678 48
1750019320623 1.5238101935816963 49
1750019552659 1.5341739498697087 50
