1751745289263 0.238704066905969 0
1751745388858 0.244162380194649 1
1751745485134 0.3224845501979795 2
1751745577274 0.36028568256670246 3
1751745669433 0.4029160344891389 4
1751745762723 0.4015283277208304 5
1751745859474 0.4178477593161381 6
1751745947286 0.45044961699293196 7
1751746029751 0.44243792325056436 8
1751746123225 0.44106871923916663 9
1751746219861 0.471191207489916 10
1751746305476 0.46332753580283464 11
1751746394368 0.454982792436073 12
1751746474729 0.46155127113939975 13
1751746577345 0.45683306812715097 14
1751746670311 0.4407541723716834 15
1751746755187 0.456407504718203 16
1751746839637 0.47359656588831733 17
1751746927147 0.47561336639159235 18
1751747017144 0.4642526736483736 19
1751747113794 0.4795174480997669 20
1751747207470 0.47566887466232466 21
1751747297812 0.4647152425711431 22
1751747382348 0.47618695185582655 23
1751747477405 0.4720793398216334 24
1751747554003 0.4646227287865892 25
1751747638749 0.49618843207637936 26
1751747733824 0.49548532731376976 27
1751747829491 0.48381008770306777 28
1751747913210 0.48541982755430557 29
1751748003710 0.4982792436072975 30
1751748092705 0.4898974947267143 31
1751748188998 0.4889908596380861 32
1751748279912 0.48628945712911226 33
1751748366224 0.4983717573918514 34
1751748460176 0.48084964659734303 35
1751748554820 0.48571587166487806 36
1751748652575 0.48566036339414576 37
1751748739725 0.4960219072641824 38
1751748822954 0.49596639899345 39
1751748921127 0.5008881323317175 40
1751749001619 0.4960034045072716 41
1751749099923 0.49740961403249084 42
1751749199810 0.48134922103393407 43
1751749286585 0.5066609924878807 44
1751749378972 0.4887873293120675 45
1751749469440 0.4929504496169929 46
1751749554919 0.5081227102838323 47
1751749658779 0.5043296451171224 48
1751749749570 0.49955593383414126 49
1751749832822 0.4764089849387559 50
1751749886058 0.5077896606594382 51
1751749945214 0.5053287939903045 52
1751750000502 0.5098989749472671 53
1751750057201 0.481941309255079 54
1751750113405 0.5137475483847094 55
1751750165275 0.5124153498871332 56
1751750224972 0.5104910631684121 57
1751750277072 0.49759464160159866 58
1751750331659 0.4975021278170447 59
1751750386508 0.47905487917699735 60
1751750445183 0.5001295192983755 61
1751750500195 0.5129704325944566 62
1751750560103 0.5006290937349666 63
1751750618406 0.5006290937349666 64
1751750676145 0.5004070606520371 65
1751750739795 0.5043481478740333 66
1751750797505 0.4980757132812789 67
1751750849202 0.5144876586611405 68
1751750900808 0.5035710320837805 69
1751750952395 0.5066054842171483 70
1751751007503 0.500592088221145 71
1751751063752 0.4939866040039966 72
1751751115982 0.5017762646634348 73
1751751172832 0.4871405839470081 74
1751751235607 0.5104355548976798 75
1751751289861 0.49559634385523443 76
1751751347505 0.500166524812197 77
1751751404043 0.49731710024793696 78
1751751454581 0.5124523554009548 79
1751751512465 0.5116567368537912 80
1751751562376 0.5181512045294749 81
1751751616460 0.5107871072789846 82
1751751678878 0.5092328756984791 83
1751751738253 0.5144691559042297 84
1751751789141 0.5079561854716352 85
1751751849985 0.5182992265847611 86
1751751905789 0.4915072345779521 87
1751751961355 0.5061614180512897 88
1751752015679 0.5159308737001813 89
1751752071446 0.49524479147392964 90
1751752127770 0.5183732376124043 91
1751752180593 0.5029974466195463 92
1751752235094 0.5154498020205011 93
1751752287247 0.5167634977611664 94
1751752340842 0.5027014025089739 95
1751752389274 0.515708840617252 96
1751752445277 0.5030714576471894 97
1751752503188 0.5192983754579432 98
1751752562459 0.5140065869814603 99
1751752622486 0.5064574621618622 100
1751752664771 0.5203530326018577 101
1751752703696 0.514191614550568 102
1751752746772 0.5137845538985308 103
1751752790368 0.5198719609221774 104
1751752837301 0.5019612922325426 105
1751752879842 0.5138955704399956 106
1751752924724 0.5141731117936572 107
1751752967613 0.5186692817229768 108
1751753009542 0.512766902268438 109
1751753050812 0.5163564371091293 110
1751753092188 0.5187247899937091 111
1751753134567 0.5180956962587425 112
1751753177627 0.5243126225807645 113
1751753221069 0.5137105428708878 114
1751753261055 0.5099544832179995 115
1751753301434 0.510250527328572 116
1751753346636 0.5257743403767161 117
1751753389825 0.5246826777189801 118
1751753432693 0.5156163268326981 119
1751753474977 0.49850127669022687 120
1751753516314 0.520242016060393 121
1751753557680 0.5233689819783147 122
1751753596013 0.5202235133034823 123
1751753636952 0.5110831513895571 124
1751753676201 0.5201865077896607 125
1751753715309 0.5216112200717907 126
1751753754972 0.5118972726936314 127
1751753795680 0.514191614550568 128
1751753838125 0.5234985012766902 129
1751753878686 0.5247566887466233 130
1751753921396 0.5257743403767161 131
1751753962002 0.5149872330977315 132
1751754003502 0.5259778707027347 133
1751754045920 0.5234614957628687 134
1751754090463 0.5228879102986345 135
1751754134379 0.5087518040187988 136
1751754178005 0.5158198571587167 137
1751754219713 0.521500203530326 138
1751754263234 0.5189468230766384 139
1751754307923 0.5124893609147763 140
1751754351970 0.5098064611627132 141
1751754395100 0.5174666025237761 142
1751754436342 0.5177071383636161 143
1751754482383 0.5205565629278762 144
1751754525365 0.5085297709358695 145
1751754569632 0.505199274691929 146
1751754610004 0.52040854087259 147
1751754654697 0.5204455463864116 148
1751754703364 0.5115457203123266 149
1751754745642 0.5058098656699849 150
1751754773819 0.5305110461458757 151
1751754803791 0.521500203530326 152
1751754832059 0.5258483514043593 153
1751754861270 0.5106205824667875 154
1751754889774 0.5245161529067831 155
1751754917901 0.5249602190726418 156
1751754945812 0.5203530326018577 157
1751754974611 0.5223513303482219 158
1751755004148 0.5210376346075565 159
1751755034115 0.5234429930059579 160
1751755061977 0.531750730858898 161
1751755090819 0.5314731895052363 162
1751755120531 0.5284572401287791 163
1751755151158 0.5109351293342708 164
1751755178315 0.5255153017799652 165
1751755206831 0.5258853569181808 166
1751755235177 0.5165784701920586 167
1751755264035 0.533508492765422 168
1751755291972 0.5218702586685416 169
1751755320933 0.5280871849905636 170
1751755350488 0.529067831106835 171
1751755379042 0.5326943714613478 172
1751755406227 0.5318617474003626 173
1751755434687 0.5301779965214817 174
1751755463574 0.5277911408799911 175
1751755492184 0.5240535839840136 176
1751755520313 0.5253487769677682 177
1751755549088 0.5166339784627909 178
1751755577322 0.5220182807238278 179
1751755605935 0.5291233393775673 180
1751755633481 0.5264774451393257 181
1751755661541 0.518058690744921 182
1751755690001 0.5256078155645191 183
1751755718779 0.5322873108093106 184
1751755746525 0.5224438441327758 185
1751755776663 0.5085112681789586 186
1751755807156 0.5234059874921363 187
1751755834878 0.5221478000222033 188
1751755862500 0.525441290752322 189
1751755890665 0.5116197313399696 190
1751755920560 0.5232579654368501 191
1751755947524 0.5282907153165821 192
1751755975407 0.5263849313547718 193
1751756002504 0.5331569403841172 194
1751756030811 0.5342486030418533 195
1751756058966 0.5263664285978611 196
1751756087373 0.5226473744587944 197
1751756116614 0.5360618732191097 198
1751756145367 0.5368574917662732 199
1751756173619 0.5333604707101358 200
