1753403664951 0.01686326632330952 0
1753403671529 0.015368001329124439 1
1753403677499 0.014952649941850806 2
1753403684466 0.020435288253862767 3
1753403691364 0.020767569363681675 4
1753403698344 0.01993686658913441 5
1753403705058 0.030403721548429973 6
1753403711854 0.03530486791825885 7
1753403718767 0.04278119288918425 8
1753403725741 0.03779697624190065 9
1753403731917 0.04643628509719223 10
1753403738733 0.05981059976740322 11
1753403745282 0.05083900980229274 12
1753403751187 0.05025751786010965 13
1753403758216 0.05931217810267486 14
1753403764908 0.06238577836849975 15
1753403771357 0.05557401561721216 16
1753403777442 0.06545937863432463 17
1753403783239 0.06163814587140721 18
1753403789977 0.07418175776707094 19
1753403796760 0.07235421166306695 20
1753403803098 0.07650772553580329 21
1753403810391 0.07791992025253365 22
1753403817186 0.0834025585645456 23
1753403824066 0.08415019106163815 24
1753403830918 0.08664229938527995 25
1753403837981 0.08846984548928394 26
1753403844571 0.08855291576673865 27
1753403851569 0.08896826715401229 28
1753403858262 0.09087888353547101 29
1753403865128 0.0967768732347566 30
1753403871594 0.09569695962784516 31
1753403878171 0.09578002990529988 32
1753403884604 0.10093038710749294 33
1753403891189 0.10375477654095365 34
1753403896976 0.10807443096859944 35
1753403903422 0.10848978235587307 36
1753403910275 0.11023425818242233 37
1753403916803 0.1129755773384283 38
1753403924338 0.11862435620534972 39
1753403931184 0.12576840006645623 40
1753403936711 0.11879049676025918 41
1753403943693 0.1228609403555408 42
1753403950323 0.1231932214653597 43
1753403956524 0.1241069945173617 44
1753403963425 0.12560225951154677 45
1753403970297 0.12776208672536965 46
1753403977132 0.13307858448247217 47
1753403984295 0.12917428144210003 48
1753403990321 0.12992191393919256 49
1753403995979 0.1331616547599269 50
1753404002477 0.13498920086393087 51
1753404009280 0.13839508223957467 52
1753404015936 0.14171789333776375 53
1753404023087 0.14346236916431301 54
1753404029976 0.14570526665559064 55
1753404035883 0.1472005316497757 56
1753404042493 0.14304701777703938 57
1753404049254 0.15002492108323642 58
1753404056326 0.1521847482970593 59
1753404063191 0.1493603588635986 60
1753404070159 0.14886193719887025 61
1753404077334 0.15293238079415186 62
1753404084634 0.15260009968433294 63
1753404091881 0.1567536135570693 64
1753404099311 0.16032563548762252 65
1753404105798 0.1527662402392424 66
1753404112884 0.1521847482970593 67
1753404119809 0.15284931051669712 68
1753404126430 0.1552583485628842 69
1753404133143 0.15691975411197873 70
1753404139778 0.15766738660907129 71
1753404146632 0.15816580827379964 72
1753404153413 0.16755274962618374 73
1753404159292 0.1664728360192723 74
1753404165492 0.1701279282272803 75
1753404172382 0.17278617710583152 76
1753404179355 0.16697125768400067 77
1753404185493 0.1723708257185579 78
1753404192316 0.17677355042365842 79
1753404198566 0.17494600431965443 80
1753404205839 0.17785346403056987 81
1753404212601 0.17735504236584151 82
1753404219185 0.18566207011131416 83
1753404225658 0.18275461040039873 84
1753404232537 0.18549592955640473 85
1753404239126 0.18217311845821565 86
1753404246168 0.1825884698454893 87
1753404253552 0.18283768067785347 88
1753404260699 0.1879049676025918 89
1753404267788 0.183585313174946 90
1753404274418 0.18898488120950324 91
1753404281569 0.1900647948164147 92
1753404288711 0.19081242731350723 93
1753404295774 0.19529822229606247 94
1753404302809 0.19280611397242067 95
1753404309621 0.195132081741153 96
1753404316188 0.19554743312842665 97
1753404322929 0.19554743312842665 98
1753404330000 0.19189234092041868 99
1753404336662 0.19812261172952317 100
