1753403664952 4.630418163530463 0
1753403671530 4.599523215145561 1
1753403677500 4.565832733155901 2
1753403684467 4.538035299057418 3
1753403691365 4.516877547438879 4
1753403698345 4.506016806876675 5
1753403705059 4.49643099057469 6
1753403711855 4.46911470125382 7
1753403718768 4.448803496942043 8
1753403725742 4.426193762547131 9
1753403731918 4.4117833620462665 10
1753403738734 4.400327266089402 11
1753403745283 4.3947904009235765 12
1753403751188 4.382276284288789 13
1753403758217 4.354575305488141 14
1753403764909 4.3442967529304894 15
1753403771358 4.342126740733833 16
1753403777443 4.347645614466882 17
1753403783240 4.33180050897017 18
1753403789978 4.317811689942061 19
1753403796761 4.3176999812669346 20
1753403803099 4.300413533688193 21
1753403810392 4.278835994097905 22
1753403817187 4.284255554165946 23
1753403824067 4.276987147762175 24
1753403830919 4.268341931138233 25
1753403837982 4.270479154266094 26
1753403844572 4.272513529692141 27
1753403851570 4.263305040355889 28
1753403858263 4.248063273467953 29
1753403865129 4.2366939900351355 30
1753403871595 4.229621541454994 31
1753403878172 4.227005628038224 32
1753403884605 4.225461656378818 33
1753403891190 4.222699149209143 34
1753403896977 4.214270411443691 35
1753403903423 4.220348688873638 36
1753403910276 4.1923813040189355 37
1753403916804 4.205035662390495 38
1753403924339 4.202368120728244 39
1753403931185 4.1891919844488275 40
1753403936712 4.190750382286303 41
1753403943694 4.192498665389117 42
1753403950324 4.18140807974584 43
1753403956525 4.18248357693655 44
1753403963426 4.176847837010368 45
1753403970298 4.191236625252876 46
1753403977133 4.199040681637351 47
1753403984296 4.164526203591667 48
1753403990322 4.15096177644918 49
1753403995980 4.166320071895867 50
1753404002478 4.153872486471679 51
1753404009281 4.144043028530026 52
1753404015937 4.144190992713726 53
1753404023088 4.137495099120202 54
1753404029977 4.136201121567577 55
1753404035884 4.131673339286137 56
1753404042494 4.121678355287333 57
1753404049255 4.125639944579633 58
1753404056327 4.109762824198036 59
1753404063192 4.102360899481467 60
1753404070161 4.106577950898917 61
1753404077335 4.104905135895135 62
1753404084635 4.104267477437998 63
1753404091882 4.115276003795895 64
1753404099312 4.094934230995259 65
1753404105799 4.09800965824063 66
1753404112885 4.103915814092652 67
1753404119810 4.082162258804421 68
1753404126431 4.101061772829146 69
1753404133144 4.0925459250926775 70
1753404139779 4.102773999205754 71
1753404146633 4.0780865006859734 72
1753404153414 4.083305270694894 73
1753404159293 4.092778459097368 74
1753404165493 4.090863769121559 75
1753404172383 4.073137463567236 76
1753404179356 4.073810445555823 77
1753404185494 4.0608738420038675 78
1753404192317 4.054932418617194 79
1753404198567 4.056337109730493 80
1753404205840 4.059668709395963 81
1753404212602 4.057003077612849 82
1753404219186 4.054098099557829 83
1753404225659 4.050307570008883 84
1753404232538 4.06408373301848 85
1753404239127 4.058537005626539 86
1753404246169 4.059310236489287 87
1753404253553 4.043231985783467 88
1753404260700 4.058268351182059 89
1753404267789 4.048208033552487 90
1753404274419 4.031584048732182 91
1753404281570 4.034771948714575 92
1753404288712 4.024054543192319 93
1753404295775 4.031979274854985 94
1753404302810 4.036705699073211 95
1753404309622 4.039598301309856 96
1753404316189 4.023239080998115 97
1753404322930 4.024094605130175 98
1753404330001 4.027163683641553 99
1753404336663 4.022945215141839 100
