1753620403658 0.03954145206844991 0
1753620432341 0.0846486127263665 1
1753620459670 0.11621531815916265 2
1753620481886 0.14645289915268317 3
1753620503897 0.16447914936035887 4
1753620545634 0.18308689151021765 5
1753620567680 0.20302375809935205 6
1753620592535 0.21664728360192723 7
1753620621083 0.2299385279946835 8
1753620652522 0.24131915600598106 9
1753620675059 0.2457218807110816 10
1753620698675 0.2492108323641801 11
1753620722038 0.25677022761256024 12
1753620744406 0.26457883369330454 13
1753620766759 0.274464196710417 14
1753620790958 0.28227280279116135 15
1753620815704 0.28227280279116135 16
1753620837162 0.28351885695298223 17
1753620860027 0.2861771058315335 18
1753620882399 0.2921581658082738 19
1753620920324 0.2915766738660907 20
1753620952490 0.29448413357700615 21
1753620975065 0.2985545771722878 22
1753620998627 0.30004984216647285 23
1753621021435 0.2980561555075594 24
1753621050867 0.30187738827047683 25
1753621082950 0.3046187074264828 26
1753621103433 0.3052001993686659 27
1753621118950 0.308523010466855 28
1753621150170 0.3092706429639475 29
1753621175160 0.3073600265824888 30
1753621189437 0.3069446751952152 31
1753621210528 0.30877222129921916 32
1753621240056 0.30885529157667385 33
1753621269794 0.31043362684831366 34
1753621284102 0.31375643794650276 35
1753621315654 0.3111812593454062 36
1753621348572 0.3135902973915933 37
1753621377938 0.3126765243395913 38
1753621392047 0.31458714072105 39
1753621410890 0.3204851304203356 40
1753621436152 0.31840837348396744 41
1753621467312 0.3194882870908789 42
1753621496483 0.3180760923741485 43
1753621523255 0.32198039541452067 44
1753621555034 0.3193221465359694 45
1753621569291 0.3174946004319654 46
1753621589979 0.3201528493105167 47
1753621604774 0.3228941684665227 48
1753621620618 0.32139890347233757 49
1753621638119 0.32139890347233757 50
1753621658461 0.32156504402724706 51
1753621681318 0.3227280279116132 52
1753621699832 0.3236418009636152 53
1753621711626 0.32463864429307193 54
1753621731770 0.32522013623525503 55
1753621754068 0.3263831201196212 56
1753621773338 0.3258846984548928 57
1753621793511 0.3263000498421665 58
1753621816034 0.327047682339259 59
1753621836358 0.3251370659578003 60
1753621857280 0.32621697956471174 61
1753621878839 0.3264661903970759 62
1753621898204 0.3278783851138063 63
1753621917615 0.32713075261671376 64
1753621935893 0.3285429473334441 65
1753621957556 0.3274630337265326 66
1753621968204 0.3298720717727197 67
1753621989148 0.3276291742814421 68
1753622009826 0.329789001495265 69
1753622031042 0.3294567203854461 70
1753622049477 0.33236418009636154 71
1753622060256 0.3320318989865426 72
1753622080836 0.33078584482472173 73
1753622099808 0.3326133909287257 74
1753622120230 0.3346901478650939 75
1753622131166 0.33518856952982223 76
1753622142448 0.33178268815417844 77
1753622152310 0.3313673367669048 78
1753622162670 0.3341086559229108 79
1753622171368 0.33535471008473167 80
1753622182675 0.33277953148363515 81
1753622194022 0.3345240073101844 82
1753622205544 0.33518856952982223 83
1753622216378 0.3330287423159993 84
1753622226847 0.3346901478650939 85
1753622238411 0.33734839674364514 86
1753622250676 0.33369330453563717 87
1753622262556 0.33676690480146204 88
1753622271655 0.33635155341418843 89
1753622281147 0.33593620202691477 90
1753622292899 0.3362684831367337 91
1753622304188 0.3384283103505566 92
1753622314865 0.33809602924073767 93
1753622326293 0.3351054992523675 94
1753622335699 0.3392590131251038 95
1753622345559 0.33593620202691477 96
1753622357202 0.3382621697956471 97
1753622367811 0.3384283103505566 98
1753622378094 0.3400066456221964 99
1753622388773 0.34042199700947 100
