1753620403659 4.488196482491758 0
1753620432342 4.259254583381514 1
1753620459671 4.017505092510096 2
1753620481887 3.8265187460449757 3
1753620503898 3.682390706076186 4
1753620545635 3.546653331124301 5
1753620567681 3.465806886326147 6
1753620592536 3.398319073889789 7
1753620621084 3.3667042767073623 8
1753620652524 3.311709336117986 9
1753620675060 3.2813898844745375 10
1753620698676 3.2554339449147247 11
1753620722039 3.234917710455523 12
1753620744407 3.2004935137333543 13
1753620766761 3.1855636667409537 14
1753620790959 3.183268558669724 15
1753620815705 3.1886917261255165 16
1753620837163 3.1982025185135723 17
1753620860028 3.1882492151687423 18
1753620882400 3.141293095535852 19
1753620920325 3.1998204897951195 20
1753620952491 3.1582629914300218 21
1753620975066 3.1832660974493883 22
1753620998628 3.1537212827672616 23
1753621021436 3.1631581472206824 24
1753621050868 3.128521252714283 25
1753621082951 3.1301321970584577 26
1753621103434 3.121841238882158 27
1753621118951 3.091246075228209 28
1753621150171 3.0716851665325606 29
1753621175161 3.0775559224838442 30
1753621189438 3.0691077973546284 31
1753621210529 3.057173614304643 32
1753621240057 3.0633884749388343 33
1753621269795 3.0673116389042314 34
1753621284103 3.024794336841006 35
1753621315655 3.052437939833313 36
1753621348573 3.0269422658282013 37
1753621377940 3.0289657628949054 38
1753621392048 3.046477226451192 39
1753621410891 3.022849025746149 40
1753621436153 3.0093118376744594 41
1753621467313 3.035205048633859 42
1753621496484 3.010800351733492 43
1753621523256 3.019209720270732 44
1753621555036 2.9956400047868432 45
1753621569292 3.0095495778095227 46
1753621589980 2.9968603789949797 47
1753621604775 2.9790275568280116 48
1753621620619 2.9690896717074975 49
1753621638120 2.9881270565412166 50
1753621658462 2.9545988821975855 51
1753621681319 2.951155215274168 52
1753621699833 2.9391033449889377 53
1753621711627 2.9113863715194563 54
1753621731771 2.9040584366337527 55
1753621754069 2.908286541918627 56
1753621773339 2.89630468741923 57
1753621793512 2.88642569709913 58
1753621816036 2.8928661920842726 59
1753621836359 2.8731466429949206 60
1753621857281 2.8792650900386723 61
1753621878841 2.867298593376316 62
1753621898205 2.8641278948225617 63
1753621917616 2.8641001935202497 64
1753621935894 2.841586431993129 65
1753621957558 2.8592509954955743 66
1753621968205 2.8407012712359303 67
1753621989149 2.8407035569505825 68
1753622009827 2.839416062904841 69
1753622031043 2.8280004091181996 70
1753622049478 2.823196950346562 71
1753622060257 2.80764352960376 72
1753622080837 2.8292102039446516 73
1753622099809 2.8088367691902367 74
1753622120231 2.8313398677656956 75
1753622131167 2.7370681711341027 76
1753622142449 2.716917460247622 77
1753622152311 2.703840704405999 78
1753622162671 2.692255746619201 79
1753622171369 2.6967023659492044 80
1753622182676 2.67422177061847 81
1753622194023 2.710517752710609 82
1753622205546 2.7044496770046274 83
1753622216379 2.6900674451355355 84
1753622226848 2.673887314576189 85
1753622238413 2.6790024212655674 86
1753622250677 2.653203116641381 87
1753622262557 2.6555323612087567 88
1753622271656 2.665976912219745 89
1753622281148 2.6407541108071544 90
1753622292900 2.652510079511366 91
1753622304189 2.642168703248721 92
1753622314867 2.6466583915025175 93
1753622326294 2.6292059393414493 94
1753622335700 2.635409739095313 95
1753622345560 2.64898608901818 96
1753622357204 2.6204716975742812 97
1753622367812 2.620353717376408 98
1753622378095 2.6288057894955172 99
1753622388774 2.6179685186494166 100
