1753259873710 0.02666555906296727 0
1753259893156 0.04701777703937531 1
1753259913208 0.0709420169463366 2
1753259934088 0.08938361854128593 3
1753259950584 0.11397242066788503 4
1753259970327 0.12510383784681842 5
1753259989935 0.14462535304867918 6
1753260008753 0.16339923575344742 7
1753260028261 0.17602591792656588 8
1753260048565 0.18366838345240072 9
1753260068839 0.18956637315168634 10
1753260089678 0.19471673035387937 11
1753260110969 0.20526665559062968 12
1753260130994 0.2208838677521183 13
1753260150060 0.2290247549426815 14
1753260167584 0.2374148529656089 15
1753260185203 0.23949160990197707 16
1753260204383 0.24547266987871738 17
1753260224768 0.2532812759594617 18
1753260244712 0.2610068117627513 19
1753260263958 0.2605083900980229 20
1753260285252 0.2670709420169463 21
1753260303946 0.2682339259013125 22
1753260322388 0.27712244558896826 23
1753260342095 0.27512875893005484 24
1753260361225 0.28368499750789167 25
1753260379242 0.28410034889516533 26
1753260400813 0.2850141219471673 27
1753260421917 0.2953148363515534 28
1753260440169 0.2979730852301047 29
1753260458615 0.30038212327629177 30
1753260479032 0.30038212327629177 31
1753260498517 0.30536633992357537 32
1753260517916 0.3101844160159495 33
1753260537142 0.31126432962286094 34
1753260556250 0.3179930220966938 35
1753260576817 0.3130088054494102 36
1753260597277 0.31724538959960125 37
1753260617352 0.3223126765243396 38
1753260636017 0.3236418009636152 39
1753260655360 0.33020435288253863 40
1753260675764 0.3344409370327297 41
1753260698971 0.3322811098189068 42
1753260718784 0.3277122445588968 43
1753260737531 0.33219803954145205 44
1753260756842 0.3348562884200033 45
1753260777349 0.3360192723043695 46
1753260796760 0.34033892673201527 47
1753260816882 0.3414188403389267 48
1753260836400 0.34706761920584817 49
1753260855822 0.34457551088220634 50
1753260875659 0.34931051669712576 51
1753260895854 0.3465691975411198 52
1753260915003 0.35113806280112975 53
1753260934751 0.3499750789167636 54
1753260956058 0.3550423658415019 55
1753260973995 0.35587306861604917 56
1753260995082 0.35952816082405714 57
1753261016210 0.3580328958298721 58
1753261034929 0.3576175444425984 59
1753261054894 0.35986044193387606 60
1753261073815 0.35770061472005316 61
1753261091210 0.360192723043695 62
1753261111553 0.3600265824887855 63
1753261131789 0.3631832530320651 64
1753261152227 0.3641800963615218 65
1753261171754 0.3681674696793487 66
1753261190984 0.3640139558066124 67
1753261212621 0.36783518856952985 68
1753261231923 0.3684166805117129 69
1753261243241 0.37065957800299054 70
1753261263059 0.3697458049509885 71
1753261281646 0.3693304535637149 72
1753261300520 0.3729855457717229 73
1753261320003 0.3721548429971756 74
1753261339795 0.3727363349393587 75
1753261360457 0.37406545937863434 76
1753261377645 0.3739823891011796 77
1753261397001 0.37780362186409705 78
1753261415068 0.3777205515866423 79
1753261435141 0.3771390596444592 80
1753261454793 0.37290247549426814 81
1753261473925 0.37763748130918756 82
1753261495422 0.37780362186409705 83
1753261515909 0.380544941020103 84
1753261535059 0.37979730852301047 85
1753261554335 0.3781359029739159 86
1753261572311 0.37904967602591794 87
1753261593307 0.38278783851138065 88
1753261612364 0.3846984548928393 89
1753261632974 0.3815417843495597 90
1753261651796 0.38187406545937863 91
1753261671092 0.3829539790662901 92
1753261690619 0.3833693304535637 93
1753261712598 0.38727363349393584 94
1753261731926 0.3891011795979399 95
1753261749635 0.3855291576673866 96
1753261769251 0.3871074929390264 97
1753261788548 0.38685828210666223 98
1753261808117 0.3886858282106662 99
1753261821867 0.38602757933211496 100
