1753259873711 4.537963735450963 0
1753259893157 4.399362883180968 1
1753259913209 4.2546638688804626 2
1753259934089 4.1315156814179135 3
1753259950585 4.021272357144542 4
1753259970328 3.9117188756332624 5
1753259989936 3.8208936590665328 6
1753260008754 3.7421398998158675 7
1753260028262 3.676103198012167 8
1753260048566 3.597315961696261 9
1753260068840 3.544346564153805 10
1753260089679 3.4954653981103774 11
1753260110970 3.442434382468725 12
1753260130995 3.385297036261156 13
1753260150061 3.3476171166068016 14
1753260167585 3.3119203707359075 15
1753260185204 3.2752983157952427 16
1753260204384 3.244973367505236 17
1753260224769 3.2075017298054624 18
1753260244713 3.1623792204600316 19
1753260263959 3.165485047226746 20
1753260285253 3.1349906266211662 21
1753260303947 3.115207575959987 22
1753260322389 3.079705676470248 23
1753260342096 3.0675221455352752 24
1753260361226 3.0231052082143144 25
1753260379243 3.026013849111303 26
1753260400814 3.018296163840773 27
1753260421918 2.9930848904069904 28
1753260440170 2.9609383954226143 29
1753260458616 2.9561929969589165 30
1753260479033 2.9329015193816343 31
1753260498518 2.9296051908962464 32
1753260517917 2.9090571272969497 33
1753260537143 2.9071796589811694 34
1753260556251 2.8702837815927125 35
1753260576818 2.8835591710931667 36
1753260597278 2.857742498769335 37
1753260617353 2.842779511511451 38
1753260636018 2.8336277837986805 39
1753260655361 2.8078339132329604 40
1753260675765 2.8032989526757075 41
1753260698972 2.8107208081306956 42
1753260718785 2.7936751849388766 43
1753260737532 2.788564335252618 44
1753260756843 2.7840890356375922 45
1753260777350 2.786120121871889 46
1753260796761 2.7710673520799545 47
1753260816883 2.7502536275347724 48
1753260836401 2.727623991690147 49
1753260855823 2.7347150686635047 50
1753260875660 2.7211843583202002 51
1753260895855 2.731338019642122 52
1753260915004 2.710263863594254 53
1753260934752 2.7016731959999785 54
1753260956059 2.686006814930408 55
1753260973996 2.692591571504702 56
1753260995083 2.691225212842489 57
1753261016212 2.673960067597995 58
1753261034930 2.68624010172247 59
1753261054895 2.662648814542046 60
1753261073816 2.6546586782128534 61
1753261091211 2.6472452241189846 62
1753261111554 2.647913493175324 63
1753261131790 2.638624262752128 64
1753261152228 2.621472536227241 65
1753261171755 2.632988516324305 66
1753261190985 2.6200851932976015 67
1753261212622 2.6158431701396583 68
1753261231924 2.6166854668322506 69
1753261243242 2.6141297004337116 70
1753261263060 2.5953575567619898 71
1753261281647 2.577396842894959 72
1753261300521 2.5912944599516305 73
1753261320004 2.579726840998506 74
1753261339796 2.608011223028166 75
1753261360458 2.578654870328256 76
1753261377646 2.583055041313873 77
1753261397002 2.561917620347347 78
1753261415069 2.561066422312387 79
1753261435142 2.5672365330870583 80
1753261454794 2.55721318946009 81
1753261473926 2.560898092788726 82
1753261495423 2.56543436384642 83
1753261515910 2.5656609911097354 84
1753261535060 2.5500905743262607 85
1753261554336 2.5492990795630974 86
1753261572312 2.5306392937535347 87
1753261593308 2.5278241321500885 88
1753261612365 2.5390839085214627 89
1753261632975 2.5167154314426274 90
1753261651797 2.534718031327531 91
1753261671093 2.518407311085369 92
1753261690620 2.5121176017024727 93
1753261712599 2.4926022796094194 94
1753261731927 2.4879425099951824 95
1753261749636 2.5225863581121644 96
1753261769252 2.491788636891468 97
1753261788549 2.490738488260865 98
1753261808118 2.492982582078355 99
1753261821868 2.4921391788414415 100
