1749883503824 2.3743300021792733 0
1749883637332 2.4544676611093927 1
1749883767857 2.4763352716003935 2
1749883892493 2.446210859034942 3
1749884012723 2.474330304556892 4
1749884135741 2.485769787576933 5
1749884264784 2.471065918108542 6
1749884385187 2.4316984544214773 7
1749884502081 2.467182144715578 8
1749884628438 2.520735588775014 9
1749884755965 2.473848479701872 10
1749884876092 2.528074032553365 11
1749884998488 2.4951804828231148 12
1749885103858 2.549612067387799 13
1749885243265 2.50040836790176 14
1749885372120 2.4804630300740476 15
1749885487840 2.403091572073669 16
1749885603567 2.4377759837305915 17
1749885719802 2.3342121806614364 18
1749885839705 2.3238964239996656 19
1749885969916 2.286446307229418 20
1749886092984 2.290580322498136 21
1749886217363 2.30186349954998 22
1749886335240 2.3756365177080414 23
1749886458811 2.2903015566628073 24
1749886566682 2.3178298254497567 25
1749886684386 2.235637364361521 26
1749886814702 2.2371037508766007 27
1749886938087 2.2627732856082896 28
1749887053157 2.269952069720278 29
1749887176392 2.244796325921809 30
1749887297923 2.2194355127066863 31
1749887423692 2.124713888974129 32
1749887539030 2.1642855622217803 33
1749887653330 2.1345810789267814 34
1749887779585 2.1789525697754266 35
1749887904442 2.1839998653068227 36
1749888034249 2.1976274452196205 37
1749888151378 2.184764897041042 38
1749888264837 2.2161061268255393 39
1749888395906 2.1033066809721905 40
1749888508713 2.084385936242543 41
1749888642376 2.094747738283537 42
1749888769270 2.002281513033769 43
1749888882602 2.0213407390373206 44
1749889004700 2.066652204486063 45
1749889123574 2.002526899366951 46
1749889241447 1.9155253053945183 47
1749889371173 1.9583833367883963 48
1749889488459 1.967750570632937 49
1749889604947 1.9929529609754826 50
