1753458445068 0.030154510716065792 0
1753458477044 0.07285263332779532 1
1753458512769 0.08788835354710085 2
1753458528696 0.11663066954643629 3
1753458558123 0.13989034723375976 4
1753458579914 0.15168632663233095 5
1753458611191 0.1730353879381957 6
1753458638700 0.18724040538295397 7
1753458653478 0.1976241900647948 8
1753458688037 0.21332447250373815 9
1753458708612 0.21764412693138396 10
1753458741657 0.22860940355540788 11
1753458772227 0.2342581824223293 12
1753458805040 0.2473832862601761 13
1753458832264 0.2541950490114637 14
1753458848478 0.26491111480312346 15
1753458863060 0.2658248878551254 16
1753458883422 0.27213822894168466 17
1753458901542 0.2776208672536966 18
1753458930379 0.2819405216813424 19
1753458949539 0.279033061970427 20
1753458978870 0.2855956138893504 21
1753458993518 0.28335271639807275 22
1753459007646 0.2937365010799136 23
1753459022576 0.287838511380628 24
1753459050655 0.29290579830536634 25
1753459073401 0.29506562551918925 26
1753459087989 0.2944010632995514 27
1753459118297 0.29730852301046684 28
1753459139558 0.30445256687157335 29
1753459154045 0.30536633992357537 30
1753459179123 0.3046187074264828 31
1753459193229 0.30536633992357537 32
1753459211642 0.303040372154843 33
1753459225540 0.3027080910450241 34
1753459240078 0.3079415185246719 35
1753459255872 0.30985213490613056 36
1753459277310 0.3096859943512211 37
1753459307996 0.3147532812759595 38
1753459330611 0.31317494600431967 39
1753459346369 0.3192390762585147 40
1753459375361 0.320069779033062 41
1753459393382 0.31467021099850473 42
1753459421961 0.3169131084897824 43
1753459452507 0.32139890347233757 44
1753459477475 0.3170792490446918 45
1753459511496 0.31599933543778036 46
1753459538529 0.32181425485961124 47
1753459558059 0.32156504402724706 48
1753459571943 0.3234756604087058 49
1753459586287 0.3230603090214321 50
1753459620480 0.32281109818906795 51
1753459651975 0.3228941684665227 52
1753459678864 0.3258846984548928 53
1753459693448 0.3260508390098023 54
1753459718254 0.32895829872071775 55
1753459733617 0.3233095198537963 56
1753459747769 0.32904136899817243 57
1753459780233 0.32895829872071775 58
1753459795818 0.3257185578999834 59
1753459830399 0.32837680677853465 60
1753459860595 0.3264661903970759 61
1753459892299 0.32679847150689484 62
1753459908012 0.32522013623525503 63
1753459938965 0.3314504070443595 64
1753459963860 0.33219803954145205 65
1753459997478 0.3316996178767237 66
1753460020110 0.3310350556570859 67
1753460050196 0.32962286094035553 68
1753460064442 0.3310350556570859 69
1753460079080 0.33078584482472173 70
1753460093636 0.3324472503738162 71
1753460108707 0.3328626017610899 72
1753460135697 0.330702774547267 73
1753460151364 0.3348562884200033 74
1753460178566 0.3335271639807277 75
1753460192858 0.3326964612061804 76
1753460220562 0.333444093703273 77
1753460239658 0.3356869911945506 78
1753460272899 0.33336102342581825 79
1753460290017 0.33593620202691477 80
1753460322385 0.33078584482472173 81
1753460336867 0.33219803954145205 82
1753460357870 0.3335271639807277 83
1753460387513 0.33709918591128096 84
1753460414673 0.33618541285927894 85
1753460443579 0.337680677853464 86
1753460457598 0.33493935869745806 87
1753460472174 0.33934208340255856 88
1753460486194 0.33743146702109983 89
1753460500425 0.3378468184083735 90
1753460514789 0.3382621697956471 91
1753460542472 0.34092041867419837 92
1753460569488 0.3384283103505566 93
1753460583145 0.34133577006147203 94
1753460608169 0.3446585811596611 95
1753460630409 0.3384283103505566 96
1753460644413 0.34241568366838343 97
1753460668989 0.3414188403389267 98
1753460698733 0.3412526997840173 99
1753460713620 0.343163316165476 100
