1753458445069 4.514770199699266 0
1753458477045 4.344925626498132 1
1753458512770 4.171888967517231 2
1753458528697 4.028014022252829 3
1753458558124 3.882097774455926 4
1753458579915 3.7526828412307207 5
1753458611192 3.6528842816868696 6
1753458638701 3.5521436699216498 7
1753458653480 3.4931739465066345 8
1753458688038 3.4138258291877297 9
1753458708613 3.3631822390520414 10
1753458741658 3.315556307259552 11
1753458772228 3.274216602264675 12
1753458805041 3.2302000391218897 13
1753458832265 3.2007596842487827 14
1753458848480 3.165728196623336 15
1753458863061 3.157155931981245 16
1753458883423 3.1401039539994393 17
1753458901543 3.1144127557781056 18
1753458930380 3.07413575523417 19
1753458949540 3.1187039786526087 20
1753458978871 3.0746148562463764 21
1753458993519 3.0949387719227595 22
1753459007647 3.066867154670774 23
1753459022577 3.0617518001369515 24
1753459050656 3.027844133824079 25
1753459073402 3.041596175156819 26
1753459087990 3.0557995579511608 27
1753459118298 3.0322616219233707 28
1753459139559 3.001179561464825 29
1753459154046 3.0156167162764294 30
1753459179124 3.0145913111063494 31
1753459193230 3.013214782001983 32
1753459211643 3.0048356650825525 33
1753459225541 3.0031344564446445 34
1753459240080 2.9708874140244244 35
1753459255873 2.990704443532569 36
1753459277311 2.96557806197458 37
1753459307997 2.963504765928727 38
1753459330612 2.986655963348978 39
1753459346370 2.9693681541241768 40
1753459375362 2.9595128874894487 41
1753459393383 2.995901650023226 42
1753459421962 2.9613687535738142 43
1753459452508 2.966090512253246 44
1753459477476 2.9540397328334165 45
1753459511497 2.9585829149743805 46
1753459538530 2.9494537876867852 47
1753459558060 2.9430391583346154 48
1753459571944 2.916468854041797 49
1753459586288 2.9263857997132288 50
1753459620481 2.9345069379113315 51
1753459651976 2.924489626982492 52
1753459678865 2.912025150182133 53
1753459693449 2.902545121498601 54
1753459718255 2.9059514101578316 55
1753459733618 2.9160173798728675 56
1753459747770 2.913805809002163 57
1753459780234 2.9094645415646534 58
1753459795819 2.9156638097784264 59
1753459830400 2.886858634505718 60
1753459860596 2.882911519095423 61
1753459892300 2.8836919806054206 62
1753459908013 2.8909995892221745 63
1753459938966 2.8820579006447904 64
1753459963861 2.8579394942604366 65
1753459997479 2.8881176670872533 66
1753460020111 2.8584296768848856 67
1753460050197 2.872594455385288 68
1753460064443 2.8698794672362697 69
1753460079081 2.868789653798718 70
1753460093637 2.8496105978618136 71
1753460108708 2.824727925727447 72
1753460135698 2.849306423850802 73
1753460151365 2.838191430846576 74
1753460178567 2.8716525122707273 75
1753460192859 2.8369428190315187 76
1753460220563 2.831407400638919 77
1753460239659 2.820535647888442 78
1753460272900 2.828069172788674 79
1753460290018 2.8321491641014482 80
1753460322386 2.8225695492302583 81
1753460336868 2.8445188374443515 82
1753460357871 2.861449787583803 83
1753460387514 2.8460629450418033 84
1753460414674 2.820966698598802 85
1753460443580 2.830667275744431 86
1753460457599 2.7945829582129544 87
1753460472175 2.8123278480072256 88
1753460486195 2.8466091697642333 89
1753460500426 2.786377437383117 90
1753460514790 2.806904477132966 91
1753460542473 2.785376620338811 92
1753460569489 2.81555625283087 93
1753460583146 2.785710161411131 94
1753460608171 2.7866436581583947 95
1753460630410 2.8057273691214135 96
1753460644415 2.7731222427725095 97
1753460668990 2.796044507222361 98
1753460698734 2.795795322739821 99
1753460713621 2.7791396269777824 100
