1753442612308 4.529676142185895 0
1753442655194 4.3755166962396705 1
1753442681624 4.242532543967423 2
1753442706690 4.125297712117315 3
1753442733073 4.069884273379286 4
1753442756944 3.9859864663992948 5
1753442779937 3.9469522446063454 6
1753442806598 3.911258343249391 7
1753442837888 3.902544019037172 8
1753442864593 3.876241629899209 9
1753442888993 3.8979541685796226 10
1753442912232 3.9116239922893272 11
1753442935722 3.8940221610104695 12
1753442965127 3.8819265738644093 13
1753442989749 3.88098135472691 14
1753443016237 3.929097068474417 15
1753443040684 3.933631121401359 16
1753443062976 3.948495834392343 17
1753443086386 3.9716193912592512 18
1753443123789 3.9880609743563693 19
1753443147856 4.038538445474014 20
1753443171179 3.990753963736217 21
1753443193885 3.9993082111563787 22
1753443225608 4.020134888375796 23
1753443248523 4.083567828756916 24
1753443273843 4.02486720528406 25
1753443288535 4.046051454035202 26
1753443317843 4.046500202114798 27
1753443335117 3.997624563781705 28
1753443354602 3.9932907000636177 29
1753443389397 3.982062560627964 30
1753443407079 3.9720116355013064 31
1753443420986 4.0127214632926815 32
1753443444150 4.057027465929469 33
1753443472624 4.050163844142356 34
1753443491046 4.0090885867095185 35
1753443516187 4.039375780304248 36
1753443542647 3.9760388797123727 37
1753443556705 3.997262805647295 38
1753443571907 4.02564061037864 39
1753443585542 4.018480719860116 40
1753443612476 4.019860505053727 41
1753443645536 4.047611148237908 42
1753443677230 4.031223094470832 43
1753443708831 4.043240178760736 44
1753443725897 4.009336059167436 45
1753443739634 4.056886486467469 46
1753443759880 4.024465592237017 47
1753443792843 3.9776370191947015 48
1753443821852 3.9973444730155663 49
1753443847379 4.037706092707805 50
1753443867236 3.9908784517348375 51
1753443886390 3.9868023894426337 52
1753443899858 3.976152063236124 53
1753443922328 3.966368522628328 54
1753443943441 3.963788080973764 55
1753443962481 3.9509309746089603 56
1753443982294 3.9426455543670578 57
1753444004281 3.961895371903982 58
1753444023808 3.9442744578158266 59
1753444046494 3.8822988722053227 60
1753444064320 3.8860554094686495 61
1753444083849 3.9053508339815743 62
1753444102698 3.9307132875303217 63
1753444119642 3.937716326433686 64
1753444139606 3.925970913127118 65
1753444158936 3.9117505957414775 66
1753444177036 3.8840906881474133 67
1753444196618 3.8899330792535074 68
1753444218602 3.950067794280562 69
1753444240187 3.951021398259995 70
1753444258125 3.9372103626532495 71
1753444274544 3.900980564322674 72
1753444295165 3.925368306595153 73
1753444315855 3.902486249386678 74
1753444334754 3.9426965039347377 75
1753444346281 3.829935553050061 76
1753444357481 3.7780300679504184 77
1753444368149 3.7593274914674564 78
1753444379505 3.708835553551698 79
1753444389668 3.7420354743000352 80
1753444400390 3.700987456305228 81
1753444410504 3.735368068590152 82
1753444420621 3.7303094121670965 83
1753444430817 3.7247561386256915 84
1753444440662 3.6964644585338737 85
1753444450637 3.7080365419263095 86
1753444461694 3.6884131651713923 87
1753444472400 3.6602799137046733 88
1753444483886 3.6847930197331364 89
1753444495242 3.647940022223513 90
1753444505968 3.686980542122108 91
1753444515476 3.6737211661486975 92
1753444525229 3.665759883227022 93
1753444535607 3.671574206915603 94
1753444544710 3.6679457405741482 95
1753444555046 3.6691791725928224 96
1753444566882 3.6584785528750716 97
1753444577972 3.6676336489173504 98
1753444588421 3.6730218607403042 99
1753444598691 3.655919981572787 100
