1753595905309 0.026748629340421996 0
1753595918953 0.040538295397906626 1
1753595934076 0.06064130254195049 2
1753595957100 0.07767070942016946 3
1753595981151 0.08730686160491775 4
1753595995993 0.09910284100348896 5
1753596010429 0.11812593454062137 6
1753596024182 0.13764744974248214 7
1753596040942 0.14736667220468516 8
1753596060421 0.1515201860774215 9
1753596090881 0.1567536135570693 10
1753596106033 0.17120784183419172 11
1753596130178 0.1748629340421997 12
1753596144668 0.18566207011131416 13
1753596172728 0.196045854793155 14
1753596204874 0.20892174779863765 15
1753596223012 0.21041701279282274 16
1753596251125 0.21673035387938197 17
1753596267193 0.22163150024921083 18
1753596281973 0.22329290579830538 19
1753596295560 0.23259677687323477 20
1753596321440 0.23575344741651438 21
1753596336340 0.22761256022595117 22
1753596355653 0.23841169629506562 23
1753596376324 0.24298056155507558 24
1753596405150 0.24439275627180596 25
1753596421930 0.24788170792490447 26
1753596450442 0.2548596112311015 27
1753596473617 0.2578501412194717 28
1753596488186 0.2562718059478319 29
1753596503233 0.25801628177438113 30
1753596517760 0.2578501412194717 31
1753596531549 0.2640804120285762 32
1753596552881 0.26341584980893834 33
1753596569641 0.2632497092540289 34
1753596600788 0.26914769895331453 35
1753596617202 0.2658248878551254 36
1753596631061 0.26516032563548764 37
1753596665222 0.27338428310350554 38
1753596680739 0.274464196710417 39
1753596698266 0.2786177105831533 40
1753596725849 0.28069446751952154 41
1753596741275 0.2831865758431633 42
1753596769845 0.2787838511380628 43
1753596798463 0.27853464030569863 44
1753596829292 0.2794484133577006 45
1753596848449 0.28019604585479313 46
1753596863115 0.27986376474497426 47
1753596893936 0.26997840172786175 48
1753596919737 0.27994683502242895 49
1753596938143 0.28351885695298223 50
1753596960200 0.28210666223625186 51
1753596975411 0.28493105166971255 52
1753597006398 0.28675859777371654 53
1753597021199 0.28833693304535635 54
1753597036351 0.28792158165808274 55
1753597063249 0.28850307360026584 56
1753597086977 0.2858448247217146 57
1753597106275 0.29224123608572855 58
1753597130785 0.28850307360026584 59
1753597158759 0.28725701943844495 60
1753597186888 0.2796976241900648 61
1753597208321 0.28451570028243894 62
1753597222126 0.2868416680511713 63
1753597239895 0.2909951819239076 64
1753597260037 0.2903306197042698 65
1753597291474 0.2875062302708091 66
1753597312031 0.28484798139225787 67
1753597326355 0.2855956138893504 68
1753597340671 0.2963947499584649 69
1753597354439 0.29016447914936033 70
1753597368650 0.2945672038544609 71
1753597395958 0.28875228443263 72
1753597412158 0.29506562551918925 73
1753597426299 0.29847150689483304 74
1753597440697 0.29980063133410867 75
1753597455516 0.29722545273301215 76
1753597477746 0.29423492274464197 77
1753597507864 0.29165974414354545 78
1753597523989 0.2977238743977405 79
1753597544872 0.2991360691144708 80
1753597566582 0.2971423824555574 81
1753597581041 0.29406878218973254 82
1753597596315 0.2927396577504569 83
1753597616271 0.2899983385944509 84
1753597631016 0.2983884366173783 85
1753597659222 0.2987207177271972 86
1753597673371 0.29822229606246886 87
1753597707030 0.3007974746635654 88
1753597738344 0.3007974746635654 89
1753597766022 0.299385279946835 90
1753597792705 0.2973915932879216 91
1753597818643 0.3002159827213823 92
1753597834202 0.29381957135736836 93
1753597849671 0.29789001495264994 94
1753597875402 0.30104668549592956 95
1753597889250 0.2983884366173783 96
1753597908076 0.299385279946835 97
1753597936976 0.30162817743811265 98
1753597954298 0.30204352882538626 99
1753597973992 0.2978069446751952 100
