1753595905311 4.561000142967534 0
1753595918954 4.475516561609752 1
1753595934077 4.420040335907649 2
1753595957101 4.350039187448497 3
1753595981152 4.310081457263582 4
1753595995994 4.251095696382628 5
1753596010431 4.2069058028891835 6
1753596024184 4.1713776143182395 7
1753596040943 4.164659516647736 8
1753596060422 4.133560497008949 9
1753596090882 4.145902457347498 10
1753596106034 4.124169822990408 11
1753596130179 4.145985268241916 12
1753596144669 4.105887374647942 13
1753596172729 4.102114936177465 14
1753596204875 4.122843329141668 15
1753596223013 4.139567308993139 16
1753596251126 4.155452958570661 17
1753596267194 4.16472068589261 18
1753596281974 4.1563886824101175 19
1753596295561 4.196241031782626 20
1753596321441 4.197195794273555 21
1753596336341 4.221197532420129 22
1753596355654 4.225494319174324 23
1753596376325 4.242268868390924 24
1753596405151 4.227259381380159 25
1753596421931 4.29211696862027 26
1753596450443 4.329354478995355 27
1753596473618 4.315290877156288 28
1753596488187 4.292171819448521 29
1753596503234 4.307646932026212 30
1753596517761 4.311870514012002 31
1753596531551 4.3424039533645145 32
1753596552882 4.391291223327643 33
1753596569642 4.4265845195877676 34
1753596600789 4.390399847682437 35
1753596617203 4.434103528727146 36
1753596631062 4.413411782523233 37
1753596665224 4.428723220104053 38
1753596680740 4.465920090606757 39
1753596698267 4.447042438550633 40
1753596725850 4.4939465764789155 41
1753596741276 4.528278091464439 42
1753596769846 4.519738179298095 43
1753596798464 4.518180953113073 44
1753596829293 4.51474481052149 45
1753596848450 4.551901383875403 46
1753596863116 4.568137043370291 47
1753596893937 4.544089435209013 48
1753596919738 4.524708102533423 49
1753596938144 4.574545238230188 50
1753596960201 4.54682883922713 51
1753596975412 4.570774166154722 52
1753597006399 4.594044718022226 53
1753597021200 4.600589530135977 54
1753597036352 4.602222874869759 55
1753597063250 4.595712934447821 56
1753597086978 4.620873337498916 57
1753597106276 4.63755686033917 58
1753597130786 4.624108905141437 59
1753597158761 4.599358584266448 60
1753597186889 4.620408496994632 61
1753597208323 4.639149252478861 62
1753597222127 4.6665730320476895 63
1753597239896 4.690326454656147 64
1753597260038 4.667978863373514 65
1753597291475 4.658569720814008 66
1753597312032 4.643975895664437 67
1753597326356 4.65699278208271 68
1753597340672 4.707341417835506 69
1753597354440 4.679379136829502 70
1753597368651 4.6977186045354316 71
1753597395959 4.673027363998867 72
1753597412159 4.695418350306558 73
1753597426300 4.7079483857898685 74
1753597440698 4.712251910662696 75
1753597455517 4.709025914538952 76
1753597477748 4.730384129127415 77
1753597507865 4.714042484258278 78
1753597523990 4.711915395971521 79
1753597544873 4.755044743693082 80
1753597566583 4.746407044859306 81
1753597581042 4.766019203103993 82
1753597596316 4.75216574659156 83
1753597616272 4.780958333934518 84
1753597631018 4.757038601763979 85
1753597659223 4.761758845124092 86
1753597673372 4.747449566624383 87
1753597707032 4.724539988832659 88
1753597738345 4.774690158697919 89
1753597766024 4.73912589918946 90
1753597792706 4.755367319191393 91
1753597818644 4.755855969422082 92
1753597834203 4.779452996171401 93
1753597849673 4.77844071013455 94
1753597875404 4.783095436200709 95
1753597889251 4.786666185209431 96
1753597908077 4.75663546376596 97
1753597936977 4.7778858050102215 98
1753597954299 4.808161491977542 99
1753597973993 4.7851518784673255 100
