1754449998783 0.02242897491277621 0
1754450026953 0.027080910450240903 1
1754450056226 0.06404718391759429 2
1754450084814 0.05715235088885197 3
1754450110987 0.07476324970925403 4
1754450140241 0.07767070942016946 5
1754450170488 0.09420169463366007 6
1754450200269 0.09378634324638645 7
1754450227617 0.11322478817079248 8
1754450259013 0.11123110151187905 9
1754450281517 0.12934042199700946 10
1754450310805 0.1281774381126433 11
1754450339779 0.145289915268317 12
1754450368726 0.14362850971922247 13
1754450394320 0.15816580827379964 14
1754450421564 0.15816580827379964 15
1754450450586 0.171124771556737 16
1754450473502 0.1680511712909121 17
1754450500275 0.18084399401894002 18
1754450529874 0.18125934540621366 19
1754450557016 0.18798803788004653 20
1754450585333 0.1900647948164147 21
1754450615391 0.20177770393753114 22
1754450645303 0.2019438444924406 23
1754450675278 0.20825718557899983 24
1754450702943 0.20634656919754113 25
1754450732578 0.21465359694301378 26
1754450762265 0.21448745638810435 27
1754450792434 0.22478817079249044 28
1754450815384 0.22013623525502576 29
1754450844859 0.22644957634158497 30
1754450873620 0.22503738162485462 31
1754450901787 0.23442432297723875 32
1754450929482 0.23193221465359695 33
1754450956209 0.24090380461870742 34
1754450985105 0.23591958797142382 35
1754451012993 0.24538959960126266 36
1754451042446 0.24098687489616216 37
1754451068646 0.24721714570526665 38
1754451098314 0.2452234590463532 39
1754451127376 0.25278285429473335 40
1754451156506 0.24946004319654427 41
1754451183971 0.2588469845489284 42
1754451214694 0.2542781192889184 43
1754451244356 0.26216979564711745 44
1754451273749 0.25652101678019607 45
1754451301943 0.26216979564711745 46
1754451323345 0.2598438278783851 47
1754451351320 0.26831699617876725 48
1754451377070 0.2640804120285762 49
1754451406744 0.27296893171623193 50
1754451434524 0.2654095364678518 51
1754451461847 0.27371656421332446 52
1754451487999 0.26873234756604086 53
1754451517762 0.2784515700282439 54
1754451548198 0.27089217477986377 55
1754451576364 0.27928227280279116 56
1754451605993 0.2709752450573185 57
1754451637208 0.28052832696461205 58
1754451666610 0.27654095364678516 59
1754451692725 0.2825220136235255 60
1754451723061 0.27679016447914934 61
1754451751405 0.28576175444425983 62
1754451782846 0.2784515700282439 63
1754451809072 0.2858448247217146 64
1754451830784 0.28177438112643294 65
1754451860427 0.28908456554244893 66
1754451891371 0.2820235919587971 67
1754451917049 0.290579830536634 68
1754451947450 0.2850141219471673 69
1754451976306 0.2884200033228111 70
1754452003932 0.28484798139225787 71
1754452028138 0.29249044691809273 72
1754452056449 0.2864263166638977 73
1754452077241 0.2945672038544609 74
1754452104467 0.2881707924904469 75
1754452136327 0.29689317162319323 76
1754452164604 0.28875228443263 77
1754452185500 0.296976241900648 78
1754452217654 0.29190895497590963 79
1754452247479 0.29747466356537633 80
1754452271481 0.2937365010799136 81
1754452302665 0.2997175610566539 82
1754452333969 0.2944010632995514 83
1754452361894 0.3005482638312012 84
1754452391377 0.29265658747300216 85
1754452421294 0.3007974746635654 86
1754452451377 0.29606246884864595 87
1754452477566 0.30229273965775044 88
1754452506918 0.29647782023591956 89
1754452528141 0.30220966938029575 90
1754452557479 0.2983884366173783 91
1754452585794 0.30262502076756936 92
1754452615257 0.29489948496427976 93
1754452642754 0.3033726532646619 94
1754452672984 0.2999667718890181 95
1754452703745 0.3031234424322977 96
1754452730602 0.29830536633992355 97
1754452758224 0.30478484798139227 98
1754452787443 0.297557733842831 99
1754452817210 0.3051171290912112 100
