1754449998784 4.559526311744908 0
1754450026954 4.480457140348097 1
1754450056226 4.446281169782721 2
1754450084814 4.354828056341061 3
1754450110988 4.34823062546166 4
1754450140242 4.2576215872999095 5
1754450170489 4.2713681906900165 6
1754450200270 4.180506582117823 7
1754450227617 4.218805214746403 8
1754450259014 4.122634437215484 9
1754450281517 4.175383082404263 10
1754450310806 4.074527920169357 11
1754450339780 4.144659681548688 12
1754450368726 4.037747240457379 13
1754450394320 4.119793167105239 14
1754450421565 4.0088805747463105 15
1754450450586 4.093487856918245 16
1754450473502 3.987952627219689 17
1754450500275 4.086359629690171 18
1754450529875 3.971131310136241 19
1754450557017 4.076442909145515 20
1754450585333 3.956176497145529 21
1754450615392 4.06262676677768 22
1754450645303 3.944365663932321 23
1754450675278 4.059712918579403 24
1754450702944 3.941029940697765 25
1754450732578 4.063075106852493 26
1754450762266 3.9359585433860143 27
1754450792435 4.056985696131765 28
1754450815384 3.930486992082961 29
1754450844860 4.066533425942646 30
1754450873621 3.927150264238299 31
1754450901788 4.068203210780579 32
1754450929483 3.9260659220089376 33
1754450956210 4.060946795621205 34
1754450985105 3.930378366238232 35
1754451012993 4.074965115127668 36
1754451042447 3.93048329160914 37
1754451068646 4.077160674604161 38
1754451098314 3.9361197439348463 39
1754451127377 4.076897195992524 40
1754451156506 3.932910595159663 41
1754451183972 4.083466737410159 42
1754451214694 3.9349260708021987 43
1754451244356 4.08861852496449 44
1754451273749 3.939131151106539 45
1754451301944 4.089787674644205 46
1754451323346 3.938017488703501 47
1754451351320 4.099459604762992 48
1754451377070 3.944061029954536 49
1754451406744 4.103830408604018 50
1754451434525 3.955956229771722 51
1754451461848 4.117247617585462 52
1754451487999 3.959659875792182 53
1754451517763 4.112194837480095 54
1754451548198 3.960722045895431 55
1754451576365 4.126439154924791 56
1754451605993 3.9709582859701147 57
1754451637209 4.136356703996558 58
1754451666611 3.9740072207422807 59
1754451692726 4.139158584944788 60
1754451723061 3.975414029661975 61
1754451751406 4.154073635273593 62
1754451782847 3.985073553972156 63
1754451809072 4.1562849820386765 64
1754451830784 3.9942852775180677 65
1754451860427 4.159529821431251 66
1754451891372 3.997040772423017 67
1754451917050 4.17127379703642 68
1754451947450 4.004514609366818 69
1754451976306 4.179039030791131 70
1754452003933 4.006102998174504 71
1754452028138 4.1890421192177 72
1754452056450 4.013452372953339 73
1754452077242 4.186298035984032 74
1754452104467 4.019429208890086 75
1754452136327 4.196155985572249 76
1754452164605 4.024239299088379 77
1754452185500 4.207410216268846 78
1754452217655 4.032368681319575 79
1754452247479 4.218966827717284 80
1754452271482 4.0378698850314425 81
1754452302666 4.222226074121238 82
1754452333969 4.040249970917343 83
1754452361894 4.227072441393761 84
1754452391378 4.043430414042988 85
1754452421295 4.229216653278967 86
1754452451377 4.051348866998974 87
1754452477566 4.23812374577847 88
1754452506918 4.054304739616157 89
1754452528141 4.251588895384531 90
1754452557480 4.061389274522505 91
1754452585794 4.248655541134061 92
1754452615258 4.061063188848099 93
1754452642755 4.260789730046265 94
1754452672985 4.069449973762812 95
1754452703746 4.257632338935561 96
1754452730602 4.072191417079455 97
1754452758224 4.265084495748377 98
1754452787443 4.078935927280412 99
1754452817210 4.274698300126622 100
