1753430059906 0.024588802126599103 0
1753430079289 0.04070443595281608 1
1753430098119 0.06138893503904303 2
1753430116480 0.08007974746635654 3
1753430131116 0.08979896992855955 4
1753430146203 0.0980229273965775 5
1753430167945 0.12003655092208008 6
1753430190342 0.13739823891011796 7
1753430208486 0.14711746137232098 8
1753430230027 0.158664229938528 9
1753430249961 0.16888187406545938 10
1753430267991 0.17245389599601263 11
1753430287213 0.18250539956803455 12
1753430307110 0.19214155175278286 13
1753430328684 0.20227612560225952 14
1753430349451 0.21382289416846653 15
1753430369518 0.21149692639973416 16
1753430384952 0.21864097026084067 17
1753430403933 0.2283601927230437 18
1753430423414 0.23459046353214819 19
1753430441410 0.236168798803788 20
1753430451870 0.23899318823724872 21
1753430471026 0.2414022262834358 22
1753430490931 0.2492108323641801 23
1753430509505 0.2473832862601761 24
1753430528717 0.2520352217976408 25
1753430549851 0.2576840006645622 26
1753430570702 0.2588469845489284 27
1753430581840 0.26491111480312346 28
1753430601519 0.26840006645622194 29
1753430623173 0.2716398072769563 30
1753430642419 0.2716398072769563 31
1753430655981 0.27147366672204687 32
1753430673171 0.27587639142714737 33
1753430693232 0.2762086725369663 34
1753430713427 0.28044525668715736 35
1753430733742 0.2810267486293404 36
1753430753355 0.28667552749626185 37
1753430772927 0.28426648945007477 38
1753430792125 0.28825386276790166 39
1753430814821 0.2914105333111813 40
1753430835829 0.29489948496427976 41
1753430846437 0.2939857119122778 42
1753430857778 0.29165974414354545 43
1753430877630 0.296976241900648 44
1753430896278 0.2958132580162818 45
1753430916118 0.2979730852301047 46
1753430937176 0.3008805449410201 47
1753430956910 0.3007974746635654 48
1753430978345 0.3025419504901146 49
1753430993692 0.29822229606246886 50
1753431014632 0.303040372154843 51
1753431034629 0.3041202857617544 52
1753431051809 0.3036218640970261 53
1753431064326 0.3069446751952152 54
1753431086406 0.3111812593454062 55
1753431106002 0.3111812593454062 56
1753431124086 0.3130918757268649 57
1753431143090 0.31143047017777037 58
1753431160791 0.31035055657085897 59
1753431183422 0.30976906462867587 60
1753431193988 0.30719388602757935 61
1753431204797 0.31126432962286094 62
1753431219346 0.313673367669048 63
1753431238366 0.3151686326632331 64
1753431257405 0.3167469679348729 65
1753431277479 0.3139225785014122 66
1753431295625 0.3135072271141386 67
1753431314369 0.31184582156504403 68
1753431332220 0.31558398405050675 69
1753431350797 0.3150855623857784 70
1753431370410 0.32065127097524504 71
1753431388149 0.31840837348396744 72
1753431398694 0.31782688154178435 73
1753431420748 0.32214653596943016 74
1753431431863 0.32123276291742814 75
1753431453796 0.3193221465359694 76
1753431476279 0.3194882870908789 77
1753431493333 0.32065127097524504 78
1753431511929 0.324306363183253 79
1753431533673 0.3197374979232431 80
1753431553536 0.3233095198537963 81
1753431575867 0.321897325137066 82
1753431592679 0.3235587306861605 83
1753431610478 0.3230603090214321 84
1753431632371 0.32380794151852466 85
1753431647184 0.324306363183253 86
1753431665864 0.3229772387439774 87
1753431687791 0.32737996344907794 88
1753431709272 0.32812759594617047 89
1753431728943 0.32721382289416845 90
1753431748038 0.3320318989865426 91
1753431770635 0.3292075095530819 92
1753431791907 0.3241402226283436 93
1753431809866 0.32937365010799136 94
1753431829100 0.3322811098189068 95
1753431840918 0.3264661903970759 96
1753431861669 0.3335271639807277 97
1753431880334 0.3345240073101844 98
1753431902399 0.33120119621199534 99
1753431919026 0.32812759594617047 100
