1753430059907 4.5605949864873425 0
1753430079290 4.4636495569356445 1
1753430098120 4.350557594325259 2
1753430116481 4.260260456824158 3
1753430131117 4.178318899629206 4
1753430146204 4.113976180166798 5
1753430167946 4.030887400537735 6
1753430190343 3.962590663446545 7
1753430208487 3.9027354080922985 8
1753430230028 3.8475592861392056 9
1753430249962 3.8141727830531034 10
1753430267992 3.782723166611335 11
1753430287214 3.746456562425083 12
1753430307111 3.699511647324204 13
1753430328685 3.6708207136418785 14
1753430349452 3.658921029770267 15
1753430369520 3.6445777592960327 16
1753430384953 3.6368234707835727 17
1753430403934 3.618311485864548 18
1753430423415 3.5929886841654253 19
1753430441411 3.607905346582963 20
1753430451871 3.5649746036424776 21
1753430471027 3.5758245083222606 22
1753430490932 3.5509010654384805 23
1753430509506 3.5472870429307006 24
1753430528718 3.5143675523014792 25
1753430549852 3.5438932823221863 26
1753430570703 3.5362513446738015 27
1753430581841 3.503338981383165 28
1753430601520 3.49283408785021 29
1753430623174 3.4816691815092313 30
1753430642420 3.4747270313010703 31
1753430655982 3.471588430799533 32
1753430673172 3.4771538646893663 33
1753430693233 3.4802311771670302 34
1753430713428 3.448965813711264 35
1753430733743 3.475315160682995 36
1753430753356 3.4286578485196944 37
1753430772928 3.4434000194060252 38
1753430792126 3.442122506812218 39
1753430814822 3.4315266086793788 40
1753430835830 3.4474691593714355 41
1753430846438 3.4534637308701934 42
1753430857779 3.439504525924133 43
1753430877631 3.4306688408181616 44
1753430896279 3.4266657324971255 45
1753430916120 3.448859174160759 46
1753430937177 3.4243186919615343 47
1753430956911 3.423033369743667 48
1753430978346 3.401535333618506 49
1753430993693 3.414586885594304 50
1753431014633 3.3958903472277377 51
1753431034630 3.4039395940705406 52
1753431051811 3.410120184699919 53
1753431064327 3.391980614883427 54
1753431086407 3.4096682060086643 55
1753431106003 3.4057077195173426 56
1753431124087 3.4173428187387263 57
1753431143091 3.407684262632251 58
1753431160792 3.4122044854419555 59
1753431183423 3.3926329344267825 60
1753431193989 3.399785577377831 61
1753431204798 3.3878540238729955 62
1753431219347 3.398695275714443 63
1753431238367 3.41740744594476 64
1753431257406 3.375839449404473 65
1753431277480 3.399139256959656 66
1753431295626 3.392269955896937 67
1753431314370 3.4034148458844324 68
1753431332221 3.4176064856969357 69
1753431350798 3.4074960151372733 70
1753431370411 3.3979351594249034 71
1753431388150 3.3678008968123185 72
1753431398695 3.394639015640517 73
1753431420749 3.3756138677376537 74
1753431431864 3.3975928793126355 75
1753431453797 3.381508361294844 76
1753431476280 3.379747945722563 77
1753431493334 3.3670064690666086 78
1753431511930 3.3711608863757427 79
1753431533674 3.3873406987630266 80
1753431553537 3.375571110172984 81
1753431575868 3.395300441246373 82
1753431592681 3.3983136792734445 83
1753431610479 3.3844969603438635 84
1753431632372 3.3801543274436394 85
1753431647185 3.399887042493096 86
1753431665865 3.3600311065523365 87
1753431687792 3.3494659023327067 88
1753431709273 3.387711334921346 89
1753431728944 3.3426068513668787 90
1753431748039 3.3788537826902774 91
1753431770636 3.363880628807621 92
1753431791908 3.3873143888749597 93
1753431809867 3.3736474124313673 94
1753431829101 3.364631085711734 95
1753431840919 3.385966059097213 96
1753431861670 3.3645788352187393 97
1753431880335 3.3806988185364775 98
1753431902400 3.3773840047757377 99
1753431919027 3.363301864270761 100
