1751043962286 0.0656255191892341 0
1751044085657 0.09436783518856953 1
1751044211009 0.13640139558066125 2
1751044333474 0.16414686825053995 3
1751044455883 0.18832031898986543 4
1751044581701 0.2044359528160824 5
1751044705513 0.24198371822561887 6
1751044829144 0.2545273301212826 7
1751044953111 0.26216979564711745 8
1751045081168 0.26374813091875726 9
1751045206145 0.287838511380628 10
1751045331729 0.297557733842831 11
1751045456572 0.30387107492939025 12
1751045527667 0.30785844824721714 13
1751045598091 0.31035055657085897 14
1751045670608 0.31940521681342415 15
1751045738770 0.3115135404552251 16
1751045806002 0.31815916265160327 17
1751045875110 0.3272968931716232 18
1751045945411 0.3228941684665227 19
1751046015187 0.33078584482472173 20
1751046086702 0.3391759428476491 21
1751046159158 0.3398405050672869 22
1751046229560 0.34897823558730684 23
1751046301524 0.34648612726366507 24
1751046370670 0.3474829705931218 25
1751046420571 0.35545771722877556 26
1751046469423 0.35853131749460043 27
1751046518411 0.3560392091709586 28
1751046567044 0.3637647449742482 29
1751046617692 0.36625685329789004 30
1751046668359 0.3619371988702442 31
1751046716429 0.3718225618873567 32
1751046765132 0.37464695132081743 33
1751046814232 0.37132414022262833 34
1751046862946 0.37481309187572687 35
1751046911885 0.37722212992191395 36
1751046961050 0.37423159993354377 37
1751047010446 0.3783020435288254 38
1751047037947 0.3811264329622861 39
1751047065426 0.38129257351719553 40
1751047092418 0.3773882704768234 41
1751047119710 0.3906795148695797 42
1751047146573 0.3825386276790165 43
1751047173748 0.3813756437946503 44
1751047201016 0.3831201196211995 45
1751047228495 0.38727363349393584 46
1751047255638 0.38461538461538464 47
1751047283225 0.37722212992191395 48
1751047310501 0.38561222794484135 49
1751047338099 0.3905133743146702 50
