1751043962287 4.549143304483589 0
1751044085658 4.250502037937158 1
1751044211010 4.1295202048060835 2
1751044333475 3.9928539875512046 3
1751044455883 3.9046708694011203 4
1751044581701 3.7934108193598175 5
1751044705514 3.818508412198657 6
1751044829145 3.7773222892597196 7
1751044953112 3.7051493328381944 8
1751045081169 3.6222683827755815 9
1751045206146 3.6010165085014774 10
1751045331729 3.5270516760280928 11
1751045456573 3.607723256248414 12
1751045527667 3.4294463731044504 13
1751045598092 3.344679033364629 14
1751045670608 3.3363042609147584 15
1751045738771 3.2879835448552686 16
1751045806003 3.3473369729808247 17
1751045875111 3.2526473321034635 18
1751045945411 3.1936844489107474 19
1751046015188 3.2035346243871157 20
1751046086703 3.154359214561308 21
1751046159159 3.144534351094095 22
1751046229561 3.1168653175661967 23
1751046301525 3.0925813593495763 24
1751046370671 3.02193258752332 25
1751046420572 3.032004056147238 26
1751046469424 3.075231519152203 27
1751046518411 3.0251094569538046 28
1751046567045 2.9057986275839567 29
1751046617693 2.8370295791436773 30
1751046668359 2.8332608448870387 31
1751046716429 2.8544401936630597 32
1751046765133 2.8409167317309922 33
1751046814233 2.827805756548972 34
1751046862946 2.822730424710836 35
1751046911886 2.8008363576511206 36
1751046961051 2.7283285788741165 37
1751047010446 2.7337199277594313 38
1751047037948 2.7127177408345076 39
1751047065427 2.6024152848001965 40
1751047092419 2.6269816903981686 41
1751047119711 2.586968502604667 42
1751047146574 2.5133844475158775 43
1751047173749 2.5102147426667463 44
1751047201016 2.4918964866070934 45
1751047228496 2.441816876877624 46
1751047255639 2.461764567057117 47
1751047283226 2.3764254330160677 48
1751047310502 2.354559534632541 49
1751047338100 2.411869374959944 50
