1751484187646 0.03131749460043196 0
1751484424462 0.05524173450739325 1
1751484663904 0.07974746635653764 2
1751484904874 0.11339092872570194 3
1751485145022 0.13050340588137566 4
1751485386587 0.16256853297890014 5
1751485624932 0.1807609237414853 6
1751485861735 0.21008473168300382 7
1751486101504 0.22445588968267155 8
1751486349514 0.2417345073932547 9
1751486594018 0.2538627679016448 10
1751486830812 0.26748629340422 11
1751487075172 0.28385113806280116 12
1751487319692 0.29049676025917925 13
1751487562431 0.29107825220136235 14
1751487809293 0.3107659079581326 15
1751488046605 0.3125103837846818 16
1751488284199 0.3157501246054162 17
1751488528846 0.3292075095530819 18
1751488767071 0.330702774547267 19
1751489003697 0.33718225618873565 20
1751489246132 0.3391759428476491 21
1751489493222 0.35047350058149196 22
1751489731071 0.3619371988702442 23
1751489977237 0.36966273467353383 24
1751490217348 0.37323475660408706 25
1751490463915 0.3765575677022761 26
1751490706803 0.38104336268483135 27
1751490947034 0.3798803788004652 28
1751491181985 0.3906795148695797 29
1751491431367 0.40098022927396576 30
1751491677567 0.4008140887190563 31
1751491920389 0.38935039043030406 32
1751492159421 0.3942515368001329 33
1751492399240 0.4097026084067121 34
1751492639601 0.4160159494932713 35
1751492881589 0.4072105000830703 36
1751493122646 0.41211164645289916 37
1751493362536 0.4200033228110982 38
1751493605756 0.418840338926732 39
1751493847428 0.4231599933543778 40
1751494089623 0.4332114969263997 41
1751494340616 0.4415185246718724 42
1751494581254 0.4431799302209669 43
1751494821113 0.4463366007642465 44
1751495062256 0.4511546768566207 45
1751495305193 0.4511546768566207 46
1751495544029 0.4503239740820734 47
1751495790359 0.45098853630171126 48
1751496029874 0.45165309852134905 49
1751496273841 0.45480976906462867 50
1751496412032 0.46785180262502074 51
1751496546547 0.46336600764246555 52
1751496678974 0.4719222462203024 53
1751496813562 0.47441435454394415 54
1751496950843 0.47599268981558396 55
1751497085788 0.47399900315667054 56
1751497220552 0.47798637647449743 57
1751497357812 0.4713407542781193 58
1751497494619 0.47931550091377306 59
1751497629381 0.4868748961621532 60
1751497760901 0.4854627014454228 61
1751497897197 0.48147532812759597 62
1751498033228 0.491194550589799 63
1751498167039 0.49551420501744475 64
1751498301665 0.5022428974912776 65
1751498435360 0.4953480644625353 66
1751498570120 0.4985878052832696 67
1751498708555 0.49767403223126766 68
1751498842366 0.5050672869247383 69
1751498977478 0.5073932546934706 70
1751499113762 0.5047350058149194 71
1751499247561 0.5090546602425652 72
1751499383512 0.5053164977571025 73
1751499520936 0.5109652766240239 74
1751499655744 0.5191061638145872 75
1751499792709 0.5181923907625852 76
1751499925187 0.514288087722213 77
1751500060025 0.510632995514205 78
1751500195200 0.5101345738494767 79
1751500330028 0.5132081741153015 80
1751500465277 0.5191892340920419 81
1751500601892 0.513955806612394 82
1751500738820 0.5136235255025752 83
1751500871117 0.5080578169131085 84
1751501006017 0.5128758930054826 85
1751501141566 0.5172786177105831 86
1751501276694 0.5210998504735006 87
1751501414297 0.5206014288087722 88
1751501549649 0.5163648446585811 89
1751501684656 0.5197707260342249 90
1751501819790 0.5299052998837016 91
1751501952765 0.523093537132414 92
1751502090455 0.5218474829705931 93
1751502224211 0.5308190729357036 94
1751502357677 0.5297391593287921 95
1751502492165 0.5314836351553415 96
1751502628381 0.5304867918258847 97
1751502763953 0.5278285429473334 98
1751502898925 0.5298222296062469 99
1751503035970 0.5301545107160658 100
1751503128890 0.5304867918258847 101
1751503220916 0.5323974082073434 102
1751503315104 0.5327296893171624 103
1751503407854 0.5441103173284598 104
1751503502761 0.5384615384615384 105
1751503594653 0.5343080245888021 106
1751503686815 0.5382123276291743 107
1751503779222 0.5415351387273634 108
1751503867512 0.5415351387273634 109
1751503959576 0.540704435952816 110
1751504050794 0.5372154842997175 111
1751504143665 0.5408705765077255 112
1751504237498 0.5418674198371822 113
1751504329248 0.541950490114637 114
1751504422204 0.5466854959295564 115
1751504515430 0.5478484798139226 116
1751504609424 0.5528326964612061 117
1751504704632 0.5545771722877555 118
1751504798340 0.5550755939524838 119
1751504889508 0.5485130420335604 120
1751504983232 0.5486791825884698 121
1751505074740 0.5563216481143047 122
1751505166270 0.5556570858946669 123
1751505259335 0.5563216481143047 124
1751505351925 0.5500913773052002 125
1751505446038 0.5510882206346569 126
1751505537917 0.5533311181259345 127
1751505630236 0.5565708589466689 128
1751505723670 0.5565708589466689 129
1751505815576 0.5520019936866589 130
1751505907224 0.554992523675029 131
1751506000672 0.5559893670044858 132
1751506093527 0.5570692806113973 133
1751506187162 0.5597275294899485 134
1751506279178 0.5578999833859445 135
1751506372755 0.5570692806113973 136
1751506466455 0.554411031732846 137
1751506559417 0.5559062967270311 138
1751506651482 0.5597275294899485 139
1751506741815 0.5660408705765078 140
1751506833493 0.5667054327961455 141
1751506923786 0.5638810433626849 142
1751507016385 0.5642133244725037 143
1751507108971 0.5665392922412361 144
1751507203265 0.5619704269812261 145
1751507293958 0.5582322644957635 146
1751507386572 0.5587306861604918 147
1751507478578 0.5624688486459545 148
1751507570611 0.5628011297557733 149
1751507661892 0.558979896992856 150
1751507712097 0.5622196378135903 151
1751507762593 0.5640471839175942 152
1751507812460 0.570526665559063 153
1751507863102 0.5657085894666888 154
1751507912823 0.5628842000332281 155
1751507962915 0.56836683834524 156
1751508012369 0.572021930553248 157
1751508062635 0.5696959627845157 158
1751508112361 0.5652932380794152 159
1751508162908 0.5696959627845157 160
1751508212553 0.5712742980561555 161
1751508261861 0.5710250872237913 162
1751508311601 0.5665392922412361 163
1751508361456 0.5757600930387108 164
1751508411597 0.5740986874896162 165
1751508461475 0.5779199202525337 166
1751508511092 0.5825718557899984 167
1751508561414 0.5803289582987207 168
1751508610755 0.575677022761256 169
1751508661193 0.5747632497092541 170
1751508711271 0.5726864927728859 171
1751508760343 0.5770892174779864 172
1751508810249 0.5787506230270809 173
1751508860297 0.5794151852467188 174
1751508910547 0.5765077255358033 175
1751508960437 0.5763415849808938 176
1751509010127 0.5815750124605417 177
1751509060305 0.5785844824721714 178
1751509110316 0.5833194882870909 179
1751509159544 0.5764246552583485 180
1751509209645 0.5809104502409038 181
1751509260105 0.5779199202525337 182
1751509309464 0.5812427313507227 183
1751509358840 0.5814919421830869 184
1751509408684 0.5809935205183585 185
1751509458175 0.5770892174779864 186
1751509508012 0.5754278119288918 187
1751509557950 0.5774214985878053 188
1751509607424 0.5780029905299884 189
1751509657667 0.5777537796976242 190
1751509707592 0.5799966771889018 191
1751509757167 0.581159661073268 192
1751509807174 0.5794982555241734 193
1751509856802 0.5762585147034391 194
1751509906489 0.5745971091543446 195
1751509956898 0.5755108822063466 196
1751510007831 0.5775876391427147 197
1751510057650 0.5765077255358033 198
1751510107471 0.5829041368998172 199
1751510157181 0.5843163316165476 200
