1751484187647 4.547590252793865 0
1751484424462 4.4347853282176946 1
1751484663904 4.300296494840553 2
1751484904875 4.074713911963298 3
1751485145023 3.92191996814367 4
1751485386588 3.729481077226642 5
1751485624933 3.637199150490746 6
1751485861736 3.456972792897421 7
1751486101505 3.3284729744605275 8
1751486349514 3.1813847583990063 9
1751486594019 3.1042193390567774 10
1751486830812 3.011714095455953 11
1751487075173 2.928929373531517 12
1751487319693 2.877857023644682 13
1751487562432 2.788418217698359 14
1751487809293 2.6884302315190136 15
1751488046606 2.6518101946258423 16
1751488284200 2.579126498980561 17
1751488528846 2.493955575539293 18
1751488767072 2.4367962521123796 19
1751489003698 2.385834975961263 20
1751489246133 2.341398645174456 21
1751489493223 2.2875995450930056 22
1751489731072 2.1989195865176914 23
1751489977238 2.125898720489608 24
1751490217349 2.1495901670795674 25
1751490463916 2.112335884417044 26
1751490706804 2.028884643764021 27
1751490947035 2.06034175823999 28
1751491181985 1.9885992536184478 29
1751491431368 1.9145327178902845 30
1751491677568 1.8511793076115863 31
1751491920390 1.8609677517911734 32
1751492159422 1.8239238569429166 33
1751492399241 1.7716774812697442 34
1751492639602 1.7366039707904382 35
1751492881590 1.7571964904877975 36
1751493122647 1.710569365685531 37
1751493362537 1.6876953091463813 38
1751493605757 1.6467562029974234 39
1751493847429 1.6327138184272587 40
1751494089623 1.6082320907084007 41
1751494340616 1.5401602190461061 42
1751494581255 1.5075869225456666 43
1751494821114 1.4965736601126758 44
1751495062256 1.4372135182337098 45
1751495305194 1.436179507431013 46
1751495544030 1.425323388196854 47
1751495790359 1.4118723856399413 48
1751496029875 1.432831873840918 49
1751496273842 1.373563218972509 50
1751496412033 1.3038899292547719 51
1751496546548 1.307187041766251 52
1751496678975 1.2851139949737957 53
1751496813563 1.2388029775209453 54
1751496950844 1.2329813123768931 55
1751497085789 1.2252582404727428 56
1751497220553 1.2321764133086412 57
1751497357813 1.2736859910363936 58
1751497494620 1.2128758162819746 59
1751497629382 1.1988481335797165 60
1751497760902 1.172254183838079 61
1751497897198 1.148581947488225 62
1751498033229 1.11949852170342 63
1751498167040 1.1164813366252637 64
1751498301666 1.0870891260070876 65
1751498435361 1.0900803960483272 66
1751498570121 1.0761751840197036 67
1751498708556 1.065156191307993 68
1751498842367 1.02635041064033 69
1751498977479 1.0216165948573435 70
1751499113763 1.030177142421576 71
1751499247562 1.0158843254613206 72
1751499383513 1.023748949198175 73
1751499520937 0.9779723842064518 74
1751499655745 0.9729978504139937 75
1751499792710 0.948154675809939 76
1751499925188 0.9302370161808861 77
1751500060026 0.9445378104221683 78
1751500195201 0.9689496724836514 79
1751500330029 0.9327095374293496 80
1751500465277 0.9056100618432514 81
1751500601893 0.9457379726359403 82
1751500738821 0.9365592440496721 83
1751500871118 0.9360179557217716 84
1751501006017 0.9046618716364879 85
1751501141567 0.9107483303013407 86
1751501276695 0.9029233493510113 87
1751501414298 0.9203658972757311 88
1751501549650 0.9256454394787486 89
1751501684657 0.8661373752797014 90
1751501819791 0.8579051952571733 91
1751501952766 0.8786176762744928 92
1751502090456 0.9051955172824817 93
1751502224212 0.8290749816262954 94
1751502357678 0.8358438153349551 95
1751502492166 0.8383304169183263 96
1751502628382 0.8465720941716008 97
1751502763954 0.8667576936096791 98
1751502898926 0.8756065107702735 99
1751503035971 0.8129027357426685 100
1751503128891 0.7803947538056366 101
1751503220917 0.7829597359706363 102
1751503315105 0.7873526848119893 103
1751503407855 0.7465880666434613 104
1751503502762 0.8053882095941716 105
1751503594654 0.7698482692154558 106
1751503686816 0.7500527977205222 107
1751503779223 0.7733662446051116 108
1751503867512 0.7484344149442582 109
1751503959577 0.7533165661137349 110
1751504050794 0.7484623826271402 111
1751504143666 0.7614919893318083 112
1751504237499 0.7556198296757062 113
1751504329249 0.775295954854287 114
1751504422204 0.7177938826174225 115
1751504515430 0.7491195161665549 116
1751504609425 0.7035360379394189 117
1751504704633 0.6848327350869173 118
1751504798341 0.668513656889197 119
1751504889509 0.7421720194932191 120
1751504983233 0.728329340540762 121
1751505074740 0.7052509640365898 122
1751505166270 0.7244504344283047 123
1751505259336 0.69714609700822 124
1751505351926 0.724237288747877 125
1751505446039 0.6993488080502 126
1751505537918 0.6942034326933191 127
1751505630237 0.6515192065888217 128
1751505723671 0.6433637387360005 129
1751505815577 0.6610356286000698 130
1751505907225 0.6660165690644861 131
1751506000673 0.7064166271847251 132
1751506093527 0.6723518501670003 133
1751506187163 0.6329872621570506 134
1751506279178 0.6490703589934992 135
1751506372755 0.6235627713812962 136
1751506466456 0.64295796272835 137
1751506559418 0.672061241006336 138
1751506651483 0.6309845141611828 139
1751506741815 0.6078386171443221 140
1751506833494 0.6138330682660806 141
1751506923786 0.6285867353948622 142
1751507016385 0.61816470818522 143
1751507108972 0.5973725504643138 144
1751507203266 0.6173799045290973 145
1751507293958 0.655480521833487 146
1751507386573 0.6581390133920919 147
1751507478579 0.6057411934778002 148
1751507570612 0.6191798056513624 149
1751507661893 0.6145311172092406 150
1751507712098 0.6237776156922276 151
1751507762594 0.6400469211097763 152
1751507812461 0.6019032044462578 153
1751507863103 0.6222000182865955 154
1751507912824 0.6212594125105712 155
1751507962916 0.6339463546924659 156
1751508012369 0.5914904131079246 157
1751508062636 0.6122181114902321 158
1751508112362 0.6022964544133109 159
1751508162909 0.6293605909676769 160
1751508212554 0.618171563146542 161
1751508261862 0.6030625889013863 162
1751508311602 0.6387432865595994 163
1751508361457 0.6045884667759515 164
1751508411598 0.5853311020836506 165
1751508461476 0.5626573758705032 166
1751508511093 0.5614330565518785 167
1751508561415 0.5593888408712556 168
1751508610756 0.5778578077374736 169
1751508661194 0.5764722295428858 170
1751508711272 0.585544309503613 171
1751508760344 0.588784678831352 172
1751508810250 0.5787839802349098 173
1751508860297 0.5604306734483229 174
1751508910548 0.5805307598166802 175
1751508960438 0.568692258749612 176
1751509010128 0.5715253355592387 177
1751509060306 0.5933558365421595 178
1751509110317 0.5369341389468919 179
1751509159545 0.572754986659848 180
1751509209645 0.5481460483971627 181
1751509260105 0.5511670517497919 182
1751509309465 0.5390397884053683 183
1751509358841 0.5628987608962379 184
1751509408685 0.55461655025036 185
1751509458176 0.575721678346747 186
1751509508013 0.5783532419034711 187
1751509557951 0.5865850837549577 188
1751509607424 0.5673617347679311 189
1751509657668 0.5708595212019585 190
1751509707593 0.5547562036206305 191
1751509757168 0.5811589533008275 192
1751509807175 0.5621526126237186 193
1751509856803 0.5763804094700175 194
1751509906490 0.5685213173776249 195
1751509956899 0.5530480801487986 196
1751510007831 0.5549930096391513 197
1751510057651 0.5580902409829046 198
1751510107471 0.5495293317129787 199
1751510157182 0.5151363528930614 200
