1753614972854 0.030071440438611065 0
1753614988969 0.07110815750124605 1
1753615010110 0.08722379132746304 2
1753615042615 0.11771058315334773 3
1753615061800 0.13764744974248214 4
1753615075711 0.15384615384615385 5
1753615089265 0.1748629340421997 6
1753615115029 0.18973251370659577 7
1753615129235 0.20202691476989534 8
1753615160082 0.20792490446918094 9
1753615182757 0.21963781359029738 10
1753615213002 0.2262003655092208 11
1753615240530 0.2333444093703273 12
1753615255426 0.2448081076590796 13
1753615273513 0.2551088220634657 14
1753615290349 0.2644957634158498 15
1753615304298 0.26275128758930055 16
1753615320331 0.2678185745140389 17
1753615351661 0.27371656421332446 18
1753615366094 0.2776208672536966 19
1753615379865 0.280860608074431 20
1753615407174 0.2846818408373484 21
1753615433367 0.28368499750789167 22
1753615452975 0.2909121116464529 23
1753615467180 0.2891676358199036 24
1753615490757 0.29514869579664393 25
1753615522718 0.29514869579664393 26
1753615537295 0.2912443927562718 27
1753615568901 0.3007974746635654 28
1753615590103 0.30162817743811265 29
1753615610924 0.305781691310849 30
1753615644898 0.30478484798139227 31
1753615659664 0.3061970426981226 32
1753615686642 0.3043694965941186 33
1753615709710 0.30503405881375645 34
1753615735704 0.3096859943512211 35
1753615765956 0.3086060807443097 36
1753615781158 0.31101511879049676 37
1753615814553 0.3133410865592291 38
1753615839353 0.31184582156504403 39
1753615870475 0.31998670875560725 40
1753615899059 0.31982056820069776 41
1753615926841 0.31683003821232764 42
1753615942207 0.31724538959960125 43
1753615960692 0.3184914437614222 44
1753615974422 0.3177438112643296 45
1753615988801 0.3151686326632331 46
1753616021016 0.3217311845821565 47
1753616050334 0.32563548762252864 48
1753616066971 0.32314337929888687 49
1753616083242 0.32339259013125105 50
1753616098291 0.3216481143047018 51
1753616114120 0.32198039541452067 52
1753616144888 0.32463864429307193 53
1753616175722 0.32380794151852466 54
1753616189743 0.3266323309519854 55
1753616208739 0.3295397906629008 56
1753616238218 0.32837680677853465 57
1753616271267 0.3295397906629008 58
1753616295976 0.3267154012294401 59
1753616324250 0.32812759594617047 60
1753616354995 0.326133909287257 61
1753616383308 0.3280445256687157 62
1753616403785 0.3312842664894501 63
1753616427519 0.331616547599269 64
1753616461745 0.33236418009636154 65
1753616481225 0.3304535637149028 66
1753616510765 0.3304535637149028 67
1753616537131 0.3285429473334441 68
1753616559286 0.33037049343744807 69
1753616579144 0.3318657584316332 70
1753616593321 0.3330287423159993 71
1753616607418 0.33460707758763913 72
1753616624243 0.33178268815417844 73
1753616652066 0.3354377803621864 74
1753616665807 0.3342747964778202 75
1753616692606 0.33493935869745806 76
1753616723972 0.3366838345240073 77
1753616741164 0.3356869911945506 78
1753616766183 0.33718225618873565 79
1753616789634 0.3348562884200033 80
1753616821918 0.3330287423159993 81
1753616835705 0.33435786675527496 82
1753616850050 0.33709918591128096 83
1753616869564 0.3364346236916431 84
1753616883621 0.33676690480146204 85
1753616897648 0.33402558564545604 86
1753616929789 0.3364346236916431 87
1753616952225 0.3392590131251038 88
1753616982605 0.3356869911945506 89
1753617013660 0.33834524007310185 90
1753617040233 0.33900980229273964 91
1753617070635 0.33934208340255856 92
1753617086028 0.33867752118292077 93
1753617100367 0.3381790995181924 94
1753617115490 0.34399401894002324 95
1753617133728 0.3394251536800133 96
1753617149679 0.3410865592291078 97
1753617184654 0.33892673201528495 98
1753617198588 0.3420003322811098 99
1753617229059 0.33892673201528495 100
