1753614972855 4.533866515666477 0
1753614988970 4.357428635306676 1
1753615010111 4.168470106406251 2
1753615042617 4.0212382013065895 3
1753615061801 3.8852007363625316 4
1753615075712 3.7502786396786516 5
1753615089266 3.6497242552487266 6
1753615115030 3.5770273193900968 7
1753615129236 3.502103114906378 8
1753615160084 3.435858810975677 9
1753615182758 3.372817494749998 10
1753615213003 3.3324238120524248 11
1753615240531 3.2916165634063677 12
1753615255427 3.2462548891179455 13
1753615273514 3.2262422916878712 14
1753615290350 3.1891484426314625 15
1753615304299 3.178835920919357 16
1753615320332 3.1721385710469896 17
1753615351662 3.151926627291823 18
1753615366095 3.1082626287035175 19
1753615379866 3.144668051352883 20
1753615407175 3.115045935682583 21
1753615433368 3.121984217444532 22
1753615452976 3.098445691525325 23
1753615467181 3.085707449612445 24
1753615490758 3.0532430789415295 25
1753615522719 3.07526385386286 26
1753615537296 3.0795464645147472 27
1753615568902 3.0639448734064634 28
1753615590104 3.033315272567212 29
1753615610925 3.0460881326931446 30
1753615644899 3.0471477627155545 31
1753615659665 3.042796841193303 32
1753615686643 3.0367561531044442 33
1753615709711 3.04732792771344 34
1753615735705 3.007309954899528 35
1753615765957 3.0272283586130704 36
1753615781159 3.009615711841306 37
1753615814554 3.012175659825049 38
1753615839354 3.012241533674264 39
1753615870476 2.9883992660305045 40
1753615899060 2.9904356601286146 41
1753615926842 3.032609939668737 42
1753615942208 2.9976142468088764 43
1753615960693 3.0013072818149755 44
1753615974423 2.9807117816904993 45
1753615988802 3.001186467577758 46
1753616021017 3.002148852422662 47
1753616050335 2.970660959793125 48
1753616066972 2.9527911722946927 49
1753616083243 2.965490563247812 50
1753616098292 2.9528637946518828 51
1753616114121 2.9708593400059997 52
1753616144889 2.9645849516898624 53
1753616175723 2.951096452521614 54
1753616189744 2.9583226443521897 55
1753616208740 2.9486766333272203 56
1753616238219 2.9498542609056884 57
1753616271268 2.9486689931785346 58
1753616295977 2.9683239069330964 59
1753616324251 2.9358952933897857 60
1753616354996 2.929888593658515 61
1753616383309 2.9225211870654104 62
1753616403786 2.9476769364891653 63
1753616427520 2.9318515548404975 64
1753616461746 2.914101364127286 65
1753616481226 2.9128882872226423 66
1753616510766 2.892724584855902 67
1753616537132 2.9062686733734684 68
1753616559287 2.9166016240552968 69
1753616579145 2.898561662577091 70
1753616593322 2.894881829126756 71
1753616607419 2.855848201699625 72
1753616624245 2.895669237218858 73
1753616652067 2.8874570089239384 74
1753616665809 2.8989421074006017 75
1753616692607 2.8776395687356757 76
1753616723973 2.8834492514312555 77
1753616741165 2.87517310811476 78
1753616766184 2.8687174940463462 79
1753616789635 2.877085558613316 80
1753616821919 2.8690417904837857 81
1753616835706 2.899142024525291 82
1753616850051 2.8775600916541353 83
1753616869566 2.8813879201073704 84
1753616883623 2.8575523091606025 85
1753616897649 2.888472046075593 86
1753616929790 2.8374821420873553 87
1753616952226 2.8389241199072845 88
1753616982606 2.8752038970224825 89
1753617013661 2.8357968883868367 90
1753617040234 2.8494555151507455 91
1753617070637 2.8346824947511533 92
1753617086029 2.8386541553890887 93
1753617100369 2.824494367963875 94
1753617115491 2.8239439684904677 95
1753617133729 2.850972673429134 96
1753617149680 2.820682602828331 97
1753617184655 2.8337859542275305 98
1753617198589 2.819936086857299 99
1753617229060 2.815250994642675 100
