1753581615821 0.036052500415351386 0
1753581637938 0.07168964944342913 1
1753581663950 0.08880212659910285 2
1753581686402 0.117627512875893 3
1753581709059 0.13407542781192888 4
1753581739379 0.15957800299053 5
1753581762285 0.18192390762585148 6
1753581787928 0.19629506562551918 7
1753581811206 0.20958631001827546 8
1753581833964 0.21041701279282274 9
1753581857026 0.22603422495431136 10
1753581880799 0.23143379298886857 11
1753581908246 0.23999003156670543 12
1753581936864 0.24713407542781193 13
1753581961890 0.2558564545605582 14
1753581985187 0.2619205848147533 15
1753582008817 0.2702276125602259 16
1753582032476 0.2704768233925901 17
1753582057257 0.27487954809769066 18
1753582079436 0.2766240239242399 19
1753582103392 0.26989533145040706 20
1753582125727 0.2818574514038877 21
1753582155262 0.2826050839009802 22
1753582177489 0.28675859777371654 23
1753582200680 0.28493105166971255 24
1753582228593 0.2859278949991693 25
1753582259295 0.29307193886027577 26
1753582288446 0.29190895497590963 27
1753582310108 0.29224123608572855 28
1753582326654 0.2959793985711912 29
1753582348591 0.29174281442100014 30
1753582362569 0.2925735171955474 31
1753582394796 0.2928227280279116 32
1753582412892 0.2963947499584649 33
1753582433247 0.29489948496427976 34
1753582447121 0.2991360691144708 35
1753582474779 0.30187738827047683 36
1753582498842 0.29921913939192557 37
1753582528546 0.3036218640970261 38
1753582547629 0.3019604585479316 39
1753582577190 0.30669546436285094 40
1753582606079 0.3077753779697624 41
1753582637044 0.3043694965941186 42
1753582654774 0.30445256687157335 43
1753582684212 0.31035055657085897 44
1753582698455 0.3052832696461206 45
1753582727986 0.3049509885363017 46
1753582758499 0.30943678351885695 47
1753582772910 0.31001827546104005 48
1753582803951 0.30885529157667385 49
1753582822727 0.3077753779697624 50
1753582843468 0.31068283768067784 51
1753582863446 0.31126432962286094 52
1753582883004 0.31059976740322315 53
1753582902622 0.3081076590795813 54
1753582921174 0.31541784349559726 55
1753582939565 0.3115135404552251 56
1753582959799 0.31940521681342415 57
1753582978955 0.31442100016614055 58
1753582998794 0.31699617876723707 59
1753583018332 0.31566705432796144 60
1753583039302 0.3141717893337764 61
1753583060669 0.30985213490613056 62
1753583081036 0.3115135404552251 63
1753583101426 0.3151686326632331 64
1753583122029 0.31533477321814257 65
1753583138540 0.3197374979232431 66
1753583160958 0.3197374979232431 67
1753583180680 0.3174946004319654 68
1753583200581 0.31408871905632163 69
1753583222775 0.3163316165475993 70
1753583245162 0.31982056820069776 71
1753583263495 0.31566705432796144 72
1753583279831 0.3169131084897824 73
1753583302286 0.3145040704435953 74
1753583322319 0.31624854627014454 75
1753583332192 0.3177438112643296 76
1753583342023 0.3179099518192391 77
1753583351744 0.31907293570360523 78
1753583363593 0.3209004818076092 79
1753583374550 0.3189067951486958 80
1753583384432 0.32065127097524504 81
1753583394468 0.3217311845821565 82
1753583405582 0.3238910117959794 83
1753583416253 0.32181425485961124 84
1753583426235 0.3217311845821565 85
1753583436513 0.32405715235088883 86
1753583447051 0.3192390762585147 87
1753583457902 0.3263000498421665 88
1753583467661 0.326133909287257 89
1753583479292 0.321897325137066 90
1753583490203 0.32314337929888687 91
1753583500289 0.32580162817743813 92
1753583511088 0.32156504402724706 93
1753583522676 0.32555241734507395 94
1753583533443 0.32737996344907794 95
1753583545882 0.32123276291742814 96
1753583557556 0.3230603090214321 97
1753583567909 0.3233095198537963 98
1753583578778 0.32679847150689484 99
1753583589924 0.3245555740156172 100
