1753581615822 4.488948593031888 0
1753581637939 4.310625718961478 1
1753581663952 4.141008062251918 2
1753581686403 3.990521685676511 3
1753581709060 3.9166450201779086 4
1753581739380 3.831851136537246 5
1753581762286 3.7808452831648665 6
1753581787929 3.746633432567007 7
1753581811207 3.7235404025762495 8
1753581833965 3.6797983764255116 9
1753581857027 3.6871814091825716 10
1753581880800 3.715417398720961 11
1753581908247 3.7030972330471443 12
1753581936865 3.664961897253017 13
1753581961891 3.6574148233589403 14
1753581985188 3.6748905904524047 15
1753582008818 3.686982668962756 16
1753582032477 3.7023019072562486 17
1753582057258 3.7202658896342458 18
1753582079437 3.7123054975269976 19
1753582103393 3.760104671628886 20
1753582125728 3.724038822755302 21
1753582155263 3.7335944388371227 22
1753582177490 3.7215123985085086 23
1753582200681 3.7561893748436344 24
1753582228594 3.7361583449546703 25
1753582259296 3.7666407253832515 26
1753582288447 3.723469058360782 27
1753582310109 3.7013599829965367 28
1753582326655 3.676292510820523 29
1753582348592 3.6728884632691203 30
1753582362570 3.6614032812910766 31
1753582394798 3.682107267662381 32
1753582412893 3.6935297606330106 33
1753582433248 3.718383805806429 34
1753582447122 3.6602403881236034 35
1753582474780 3.688123851559306 36
1753582498843 3.640015803724933 37
1753582528547 3.6612000259134057 38
1753582547630 3.6823025328341226 39
1753582577191 3.6429645978561327 40
1753582606080 3.6640869578349338 41
1753582637045 3.6835342352423717 42
1753582654775 3.683596486425669 43
1753582684213 3.6705547563075323 44
1753582698456 3.646355365934819 45
1753582727987 3.6787295426115576 46
1753582758500 3.6457992252020888 47
1753582772911 3.6095871946619105 48
1753582803952 3.6088628928939226 49
1753582822729 3.6238250396670244 50
1753582843469 3.6052405610290825 51
1753582863447 3.6044435725161708 52
1753582883006 3.585329847546346 53
1753582902623 3.577840765616614 54
1753582921175 3.584785618500671 55
1753582939566 3.534263924777595 56
1753582959800 3.562347838084901 57
1753582978956 3.545813992039557 58
1753582998795 3.538425894428008 59
1753583018333 3.519848437800919 60
1753583039303 3.512402140999419 61
1753583060670 3.532235453145777 62
1753583081038 3.531217906927309 63
1753583101427 3.5424976673559505 64
1753583122030 3.521684421258732 65
1753583138541 3.528139417220494 66
1753583160959 3.5048638433311545 67
1753583180681 3.522294597555639 68
1753583200582 3.532704897525795 69
1753583222776 3.507880824879763 70
1753583245163 3.5099565811045226 71
1753583263496 3.476375466679948 72
1753583279832 3.495249450144396 73
1753583302287 3.4954103186062424 74
1753583322320 3.4974151818254398 75
1753583332193 3.414155881423959 76
1753583342024 3.3627096090943627 77
1753583351745 3.348276397783553 78
1753583363594 3.320632317308652 79
1753583374551 3.3408017472838925 80
1753583384433 3.3168667234475704 81
1753583394469 3.33478378292955 82
1753583405583 3.3169138993141067 83
1753583416254 3.3127559812142775 84
1753583426237 3.292315368854144 85
1753583436515 3.3042713530263432 86
1753583447053 3.281109578110828 87
1753583457903 3.2666855756833377 88
1753583467662 3.274839087176408 89
1753583479293 3.2575027600888005 90
1753583490204 3.2675737586884996 91
1753583500290 3.2496936657602604 92
1753583511089 3.260356904204906 93
1753583522677 3.2483732356769965 94
1753583533444 3.247162817861027 95
1753583545883 3.261020094140675 96
1753583557557 3.239826241963751 97
1753583567910 3.241577447470972 98
1753583578779 3.2506498762081546 99
1753583589925 3.224623882145681 100
