1750243823592 0.26688376568108646 0
1750243962910 0.28734781482440885 1
1750244096837 0.3450024053583984 2
1750244226213 0.3745698109018244 3
1750244347723 0.4134996114421049 4
1750244473385 0.34651963142508235 5
1750244606560 0.40506235429078935 6
1750244731666 0.4074677126891907 7
1750244851342 0.40165784701920587 8
1750244979803 0.4028420234614958 9
1750245109279 0.41799578137142435 10
1750245233984 0.4165710690892943 11
1750245358076 0.4075417237168338 12
1750245428741 0.4094660104355549 13
1750245517219 0.40023313473707584 14
1750245599954 0.3841542389816083 15
1750245675204 0.3938496836028568 16
1750245750235 0.4119268771046886 17
1750245826169 0.4107241979054879 18
1750245904908 0.4163675387632757 19
1750245989555 0.405173370832254 20
1750246070307 0.4040076971468749 21
1750246151491 0.41159382748029455 22
1750246229983 0.41488731821041336 23
1750246312322 0.40178736631758133 24
1750246384369 0.40019612922325426 25
1750246444054 0.42865336935203346 26
1750246508235 0.4377197202383155 27
1750246570140 0.4305221478000222 28
1750246629525 0.41973504052103766 29
1750246691945 0.435998963845613 30
1750246754743 0.4214002886430078 31
1750246819440 0.4316508159715798 32
1750246880107 0.4193094771120897 33
1750246939853 0.42711764052843876 34
1750247003011 0.3945342856085557 35
1750247065430 0.40998408762905675 36
1750247129561 0.4159604781112386 37
1750247190103 0.4240646856381601 38
1750247232358 0.42310254227879956 39
1750247276900 0.431632313214669 40
1750247318781 0.42621100543981055 41
1750247363569 0.4227694926544055 42
1750247407450 0.42935647411464306 43
1750247449182 0.4344262295081967 44
1750247492490 0.4338341412870518 45
1750247535092 0.4307811863967731 46
1750247578048 0.431040224993524 47
1750247622770 0.43511083151389557 48
1750247665383 0.42939347962846464 49
1750247707755 0.40998408762905675 50
