1750243823592 2.0329662229623615 0
1750243962911 1.9566101160716842 1
1750244096838 1.8956021439808022 2
1750244226213 1.7941280925089558 3
1750244347724 1.6338997689619799 4
1750244473386 1.8299901964543348 5
1750244606561 1.699849156451847 6
1750244731667 1.679159746055929 7
1750244851343 1.7001266063278162 8
1750244979804 1.731321782935059 9
1750245109280 1.6602508285267878 10
1750245233985 1.683890937711323 11
1750245358076 1.7649279362472585 12
1750245428742 1.7213899752706903 13
1750245517220 1.79554586822415 14
1750245599955 1.844567873553261 15
1750245675205 1.7712776636933236 16
1750245750236 1.7374286587162475 17
1750245826169 1.7407147800725749 18
1750245904909 1.7493217929469633 19
1750245989556 1.7334185416877759 20
1750246070308 1.7923714275354796 21
1750246151491 1.801199434034609 22
1750246229983 1.728611069377528 23
1750246312322 1.820977449206053 24
1750246384370 1.8385387421374082 25
1750246444055 1.654470557772606 26
1750246508235 1.6491615653499905 27
1750246570141 1.6815849338073414 28
1750246629525 1.7082661210012338 29
1750246691946 1.6554318550227551 30
1750246754744 1.724264203372989 31
1750246819441 1.6674066866321893 32
1750246880108 1.7235957362159826 33
1750246939854 1.7040061976806087 34
1750247003012 1.8306625965374383 35
1750247065430 1.7517093526752006 36
1750247129562 1.7532754850905599 37
1750247190103 1.6959238740998042 38
1750247232359 1.7185291628004598 39
1750247276901 1.6747849253412714 40
1750247318782 1.7062051579751003 41
1750247363570 1.7009198791709368 42
1750247407451 1.6931469709719644 43
1750247449182 1.6598872413027232 44
1750247492491 1.6677878733110187 45
1750247535093 1.6800532160621304 46
1750247578048 1.6788724870883607 47
1750247622771 1.66996477614696 48
1750247665384 1.6968482166178143 49
1750247707756 1.7929055568106165 50
