1754125494641 0.02517029406878219 0
1754125525968 0.05557401561721216 1
1754125558820 0.07675693636816747 2
1754125590291 0.09852134906130587 3
1754125622108 0.10898820402060143 4
1754125654500 0.13075261671373983 5
1754125688594 0.14495763415849808 6
1754125723928 0.14994185080578168 7
1754125758618 0.16497757102508723 8
1754125790638 0.17436451237747133 9
1754125824068 0.18682505399568033 10
1754125853945 0.19089549759096194 11
1754125885320 0.2028576175444426 12
1754125919994 0.2090878883535471 13
1754125954124 0.21565044027247052 14
1754125986970 0.22204685163648447 15
1754126021675 0.2298554577172288 16
1754126053605 0.23475660408705765 17
1754126085940 0.2418175776707094 18
1754126116179 0.24497424821398903 19
1754126149744 0.2502907459710915 20
1754126179969 0.25560724372819404 21
1754126211721 0.26150523342747967 22
1754126243177 0.26457883369330454 23
1754126275508 0.26815085562385776 24
1754126308459 0.27172287755441105 25
1754126341481 0.27388270476823395 26
1754126375316 0.2782023591958797 27
1754126406245 0.2825220136235255 28
1754126440018 0.28335271639807275 29
1754126472807 0.2812759594617046 30
1754126500082 0.2927396577504569 31
1754126534796 0.29016447914936033 32
1754126568001 0.29539790662900817 33
1754126603184 0.29066290081408874 34
1754126636868 0.2987207177271972 35
1754126671810 0.29705931217810266 36
1754126703421 0.3015451071606579 37
1754126736436 0.3035387938195714 38
1754126765056 0.305781691310849 39
1754126790194 0.3052001993686659 40
1754126824814 0.308523010466855 41
1754126857080 0.31068283768067784 42
1754126888518 0.30819072935703606 43
1754126920980 0.3105166971257684 44
1754126954058 0.3120950323974082 45
1754126986313 0.3126765243395913 46
1754127020772 0.31342415683668384 47
1754127052604 0.3135902973915933 48
1754127085106 0.31599933543778036 49
1754127115996 0.3177438112643296 50
1754127149833 0.317328459877056 51
1754127181952 0.315500913773052 52
1754127215419 0.31716231932214656 53
1754127247892 0.31840837348396744 54
1754127281045 0.3186575843163316 55
1754127313950 0.320069779033062 56
1754127349936 0.32314337929888687 57
1754127383283 0.3211496926399734 58
1754127417241 0.3227280279116132 59
1754127451562 0.3227280279116132 60
1754127485257 0.32522013623525503 61
1754127519716 0.3284598770559894 62
1754127554151 0.3228941684665227 63
1754127582309 0.32696461206180427 64
1754127616082 0.3267154012294401 65
1754127649544 0.32563548762252864 66
1754127682883 0.3282937365010799 67
1754127717217 0.32696461206180427 68
1754127748023 0.33061970426981224 69
1754127784119 0.32837680677853465 70
1754127814157 0.3300382123276292 71
1754127846285 0.3318657584316332 72
1754127880852 0.3292905798305366 73
1754127915402 0.3326964612061804 74
1754127948552 0.3298720717727197 75
1754127979279 0.33236418009636154 76
1754128010872 0.3301212826050839 77
1754128043998 0.33460707758763913 78
1754128077440 0.32995514205017445 79
1754128106063 0.33518856952982223 80
1754128140373 0.3310350556570859 81
1754128174804 0.3341086559229108 82
1754128205012 0.333444093703273 83
1754128238906 0.3311181259345406 84
1754128272175 0.3345240073101844 85
1754128306913 0.3311181259345406 86
1754128333497 0.33219803954145205 87
1754128365813 0.33061970426981224 88
1754128395255 0.33211496926399736 89
1754128428605 0.3313673367669048 90
1754128463500 0.3311181259345406 91
1754128497938 0.3304535637149028 92
1754128529875 0.32895829872071775 93
1754128556575 0.3292905798305366 94
1754128590659 0.329789001495265 95
1754128625060 0.3286260176108988 96
1754128657939 0.3280445256687157 97
1754128691334 0.3284598770559894 98
1754128724029 0.32779531483635155 99
1754128758832 0.32895829872071775 100
