1754125494643 4.5609076772732315 0
1754125525969 4.434235240391895 1
1754125558821 4.314234104964251 2
1754125590292 4.185815113439636 3
1754125622109 4.081780717171456 4
1754125654501 3.9730621615394215 5
1754125688595 3.892173687667093 6
1754125723930 3.8071858811749286 7
1754125758619 3.732308768735006 8
1754125790639 3.672260640849081 9
1754125824070 3.6164620198989024 10
1754125853946 3.5580482621962606 11
1754125885321 3.515972153786703 12
1754125919995 3.4700991270571206 13
1754125954125 3.4269664850792196 14
1754125986972 3.390496214080528 15
1754126021677 3.361497921696126 16
1754126053607 3.3278329888027525 17
1754126085941 3.300475677079942 18
1754126116180 3.2704203412932675 19
1754126149745 3.2423302799325473 20
1754126179970 3.22849390889076 21
1754126211722 3.2127064799450684 22
1754126243179 3.1743243213659977 23
1754126275509 3.1556244997378906 24
1754126308461 3.140289489037352 25
1754126341482 3.1316245483871064 26
1754126375318 3.1015202290448585 27
1754126406247 3.0907329984350635 28
1754126440019 3.0674060303005364 29
1754126472808 3.071195264068558 30
1754126500083 3.046940841710883 31
1754126534798 3.039355401107873 32
1754126568002 3.02429571478444 33
1754126603185 3.0226078843333832 34
1754126636869 3.0038355807262893 35
1754126671811 2.987575395861911 36
1754126703422 2.984146430217804 37
1754126736437 2.9638804171004183 38
1754126765058 2.9687341083469088 39
1754126790195 2.953759887530153 40
1754126824815 2.9547088061650792 41
1754126857081 2.958828066829976 42
1754126888519 2.936271204924373 43
1754126920981 2.949170842547535 44
1754126954059 2.9128242468022156 45
1754126986314 2.9266769855199817 46
1754127020773 2.8995530672587484 47
1754127052605 2.922283874997676 48
1754127085107 2.8845654516698134 49
1754127115997 2.9030591639439165 50
1754127149834 2.8752394259827834 51
1754127181953 2.885417052944351 52
1754127215420 2.869933323017836 53
1754127247893 2.885978731514276 54
1754127281046 2.8601839159430953 55
1754127313951 2.8738521946333395 56
1754127349937 2.840623948968925 57
1754127383284 2.8575567625910856 58
1754127417242 2.835939284850941 59
1754127451563 2.8411447743487086 60
1754127485258 2.8333684034385618 61
1754127519717 2.8304176894793645 62
1754127554152 2.836000375922561 63
1754127582310 2.832922881581093 64
1754127616083 2.814708074359846 65
1754127649545 2.8173042868756104 66
1754127682885 2.80896816038444 67
1754127717219 2.801408708108078 68
1754127748024 2.8093542742498685 69
1754127784121 2.795396260149893 70
1754127814158 2.79553972894953 71
1754127846286 2.804722531521305 72
1754127880854 2.7795329709083605 73
1754127915403 2.7934971536881985 74
1754127948553 2.7795340899360834 75
1754127979280 2.783981219366249 76
1754128010873 2.774668447663925 77
1754128043999 2.778990934649502 78
1754128077442 2.7759083450692397 79
1754128106064 2.7725955612108755 80
1754128140374 2.7643797014780835 81
1754128174805 2.773996682327903 82
1754128205014 2.754683325531454 83
1754128238907 2.7659421312791452 84
1754128272176 2.7570894872343006 85
1754128306914 2.7600205837740726 86
1754128333499 2.7383175578286236 87
1754128365815 2.7412573441693944 88
1754128395256 2.737374455726362 89
1754128428606 2.7507908667784973 90
1754128463502 2.758141864919522 91
1754128497939 2.7604929532772755 92
1754128529876 2.7646466618941683 93
1754128556576 2.764667549589042 94
1754128590660 2.7665900572501796 95
1754128625062 2.769211714967503 96
1754128657940 2.7709988269073316 97
1754128691336 2.7721193558518853 98
1754128724030 2.7720730954193176 99
1754128758833 2.7689458891880916 100
