1751035933440 0.029489948496427977 0
1751035955321 0.05158664229938528 1
1751035978576 0.06861604917760425 2
1751036001290 0.08356869911945505 3
1751036023849 0.10699451736168798 4
1751036045773 0.12909121116464528 5
1751036067982 0.13075261671373983 6
1751036089851 0.15484299717561056 7
1751036111664 0.16597441435454394 8
1751036133740 0.183585313174946 9
1751036155904 0.1869911945505898 10
1751036178641 0.20576507725535803 11
1751036200520 0.2069280611397242 12
1751036214848 0.21141385612227945 13
1751036229130 0.2199700947001163 14
1751036243466 0.22952317660740987 15
1751036258374 0.22968931716231933 16
1751036272660 0.23699950157833527 17
1751036287073 0.2445588968267154 18
1751036301345 0.248629340421997 19
1751036315713 0.2520352217976408 20
1751036330271 0.25278285429473335 21
1751036344848 0.25186908124273133 22
1751036359290 0.25377969762419006 23
1751036373915 0.2542781192889184 24
1751036388398 0.26216979564711745 25
1751036400682 0.26740322312676523 26
1751036412909 0.2659910284100349 27
1751036424310 0.2724705100515036 28
1751036435839 0.2712244558896827 29
1751036447783 0.27014454228277124 30
1751036459615 0.2652433959129423 31
1751036471199 0.2754610400398737 32
1751036482554 0.2756271805947832 33
1751036494609 0.27587639142714737 34
1751036506698 0.2776208672536966 35
1751036518619 0.2763748130918757 36
1751036530139 0.2724705100515036 37
1751036541614 0.2720551586642299 38
1751036550021 0.2836019272304369 39
1751036558461 0.286010965276624 40
1751036567073 0.2861771058315335 41
1751036575810 0.2890014952649942 42
1751036584252 0.28426648945007477 43
1751036592884 0.2875893005482638 44
1751036601538 0.28692473832862603 45
1751036609999 0.28883535471008476 46
1751036618414 0.2927396577504569 47
1751036626993 0.28410034889516533 48
1751036635372 0.29149360358863596 49
1751036643870 0.29207509553081906 50
