1751035933440 4.584051006077818 0
1751035955322 4.3464123411006215 1
1751035978577 4.180772159920364 2
1751036001291 4.090571642974286 3
1751036023849 4.014591026676959 4
1751036045774 3.9113191728984775 5
1751036067983 3.8224830298225334 6
1751036089852 3.755115214442445 7
1751036111665 3.666104746421078 8
1751036133741 3.6812500139904305 9
1751036155905 3.6085755673212483 10
1751036178642 3.601158181726056 11
1751036200521 3.6064575918084585 12
1751036214848 3.5035081454664283 13
1751036229130 3.488834133765536 14
1751036243467 3.529492996780248 15
1751036258375 3.4907511262244264 16
1751036272661 3.495125606286521 17
1751036287074 3.475213528531296 18
1751036301345 3.451858343046821 19
1751036315714 3.513763331099186 20
1751036330272 3.413412999685896 21
1751036344849 3.4531413374853113 22
1751036359291 3.385757596590981 23
1751036373916 3.421440395300706 24
1751036388399 3.401545124476875 25
1751036400683 3.405697880371522 26
1751036412909 3.4254590451917815 27
1751036424311 3.419286180251584 28
1751036435840 3.377996954836731 29
1751036447784 3.3231325701236125 30
1751036459616 3.323201157531602 31
1751036471200 3.3677186612172907 32
1751036482555 3.37201409051277 33
1751036494609 3.3558961504920783 34
1751036506698 3.3544631481746907 35
1751036518620 3.3221333529729713 36
1751036530140 3.2910707306967106 37
1751036541614 3.2932376747198493 38
1751036550022 3.3537847270680956 39
1751036558462 3.325131353033145 40
1751036567074 3.3086723403025697 41
1751036575811 3.3330656789891506 42
1751036584252 3.2722354254060155 43
1751036592885 3.259667332781719 44
1751036601539 3.269401335563415 45
1751036609999 3.2759486271734746 46
1751036618415 3.2713303976121093 47
1751036626994 3.2502649592321027 48
1751036635373 3.2899993542815116 49
1751036643870 3.2667955132956865 50
