1752695823980 0.012854536407364406 0
1752695831524 0.016420633604246143 1
1752695839114 0.018908608392768287 2
1752695846693 0.03275833471554155 3
1752695854116 0.035578039475866644 4
1752695861569 0.03872947420799469 5
1752695869037 0.04246143639077791 6
1752695876536 0.04494941117930005 7
1752695884027 0.04859844086913253 8
1752695891409 0.056559960192403384 9
1752695898915 0.059628462431580695 10
1752695906576 0.0672582517830486 11
1752695913981 0.0655166694310831 12
1752695921465 0.07671255597943274 13
1752695928932 0.0748880411345165 14
1752695936591 0.0783712058384475 15
1752695944244 0.08334715541549179 16
1752695951665 0.0888206999502405 17
1752695959185 0.09081107978105822 18
1752695966799 0.09902139658318129 19
1752695974209 0.09255266213302372 20
1752695981845 0.10192403383645712 21
1752695989600 0.10325095372366894 22
1752695997238 0.10349975120252115 23
1752696004962 0.10283629125891525 24
1752696012715 0.11320285287775751 25
1752696020469 0.11328578537070824 26
1752696028123 0.11909105987725992 27
1752696035736 0.12116437220102837 28
1752696043485 0.12041797976447172 29
1752696051180 0.12390114446840272 30
1752696058924 0.12497926687676232 31
1752696066639 0.12555979432741748 32
1752696074317 0.12879416155249626 33
1752696081926 0.12896002653839775 34
1752696089512 0.1347653010449494 35
1752696097013 0.13858019572068336 36
1752696104537 0.1353458284956046 37
1752696112010 0.14007298059379664 38
1752696119675 0.14139990048100845 39
1752696127323 0.1452147951567424 40
1752696135007 0.14687344501575716 41
1752696142573 0.14380494277657987 42
1752696150260 0.15052247470558966 43
1752696157940 0.1493614198042793 44
1752696165620 0.15176646209985073 45
1752696173294 0.15077127218444186 46
1752696181002 0.1525957870293581 47
1752696188678 0.16022557638082602 48
1752696196357 0.16039144136672748 49
1752696203885 0.16188422623984078 50
1752696211341 0.16022557638082602 51
1752696218832 0.1593133189583679 52
1752696226340 0.16354287609885554 53
1752696233791 0.1617183612539393 54
1752696241244 0.16677724332393432 55
1752696248979 0.17200199037983083 56
1752696256753 0.17332891026704264 57
1752696264517 0.16843589318294908 58
1752696272274 0.169099353126555 59
1752696280000 0.17117266545032345 60
1752696287667 0.17332891026704264 61
1752696295375 0.17606568253441698 62
1752696303040 0.18004644219605243 63
1752696310741 0.18054403715375683 64
1752696318290 0.1808757671255598 65
1752696325860 0.17888538729474207 66
1752696333301 0.1813733620832642 67
1752696340803 0.18659810913916072 68
1752696348271 0.18643224415325924 69
1752696355752 0.18850555647702769 70
1752696363378 0.18925194891358435 71
1752696370884 0.1898324763642395 72
1752696378423 0.18576878420965334 73
1752696385925 0.19207165367390944 74
1752696393370 0.19207165367390944 75
1752696400911 0.19406203350472714 76
1752696408414 0.19688173826505226 77
1752696415917 0.1956377508707912 78
1752696423481 0.19596948084259413 79
1752696431183 0.1982915906452148 80
1752696438887 0.1982915906452148 81
1752696446637 0.2006966329407862 82
1752696454326 0.20127716039144136 83
1752696461810 0.20094543041963842 84
1752696469473 0.2024382152927517 85
1752696477166 0.20716536739094377 86
1752696484740 0.20675070492619008 87
1752696492229 0.207414164869796 88
1752696499684 0.20849228727815558 89
1752696507123 0.2115607895173329 90
1752696514542 0.21454635926355947 91
1752696522076 0.21073146458782552 92
1752696529838 0.21172665450323436 93
1752696537492 0.21230718195388953 94
1752696545270 0.21305357439044617 95
1752696552978 0.21753192900978605 96
1752696560780 0.21861005141814563 97
1752696568510 0.21487808923536242 98
1752696576204 0.21587327915077129 99
1752696584000 0.22018576878420965 100
