1753410529693 4.545911891062805 0
1753410546407 4.395195942190457 1
1753410567529 4.230013001636123 2
1753410587245 4.079052085805623 3
1753410606349 3.9456145188179343 4
1753410623058 3.8144982036224193 5
1753410642600 3.705315385435535 6
1753410666571 3.602777153484291 7
1753410688766 3.5191318451996554 8
1753410711833 3.4373042563510054 9
1753410733363 3.366050211436381 10
1753410750334 3.2965035523722723 11
1753410769090 3.252871646669575 12
1753410790134 3.180892628901522 13
1753410809101 3.142272179521859 14
1753410828080 3.0786830786881425 15
1753410846775 3.0501348108870134 16
1753410864741 3.020465707661692 17
1753410884898 2.9805515041271997 18
1753410905295 2.9337560085976913 19
1753410924185 2.930974319443141 20
1753410943968 2.8894870336720775 21
1753410961674 2.8756986382516962 22
1753410981627 2.842698424936064 23
1753411002630 2.824376167887348 24
1753411020390 2.7847989198677108 25
1753411040241 2.7738016951992113 26
1753411056035 2.7692165592520475 27
1753411076204 2.7376856136880776 28
1753411096419 2.707438848187769 29
1753411116991 2.7011807316652674 30
1753411133933 2.68794540217492 31
1753411153463 2.6703510357199116 32
1753411164003 2.664692568003221 33
1753411180016 2.6515257376573356 34
1753411199404 2.620459941415563 35
1753411220522 2.61842355347872 36
1753411240992 2.5880339781493165 37
1753411262856 2.5812393719804763 38
1753411284749 2.571574565568063 39
1753411304358 2.5439046803229672 40
1753411322713 2.5346642450000183 41
1753411343487 2.5516801113849357 42
1753411365960 2.526929379089479 43
1753411386157 2.5111749519093762 44
1753411407338 2.507918517318673 45
1753411426526 2.510175629711271 46
1753411446480 2.487818537789375 47
1753411467484 2.4703502795715715 48
1753411487841 2.452273911267026 49
1753411511193 2.457535137676699 50
1753411533635 2.4432284949301777 51
1753411552084 2.4465459896433575 52
1753411572308 2.4251165728042454 53
1753411590472 2.4251453168510917 54
1753411612012 2.4115891917763608 55
1753411633881 2.3989714271642093 56
1753411654114 2.3963230183481747 57
1753411676559 2.3923683336344093 58
1753411695758 2.3941743704758323 59
1753411715348 2.3679356604696045 60
1753411734397 2.372316018535792 61
1753411756379 2.3589194544029177 62
1753411777167 2.3623311809570278 63
1753411794472 2.344131929258543 64
1753411815838 2.3301183257324474 65
1753411838192 2.327892465256178 66
1753411857053 2.3165109332173057 67
1753411877974 2.3202227822224897 68
1753411897965 2.321216442450167 69
1753411920604 2.2994622170120684 70
1753411940850 2.299434116689773 71
1753411958125 2.2857950807715293 72
1753411979089 2.2882005765451052 73
1753412000710 2.281419145603214 74
1753412018585 2.2752242880427307 75
1753412034281 2.2758443412215272 76
1753412054659 2.2663837186267224 77
1753412077025 2.254848127535732 78
1753412098348 2.2432397343413206 79
1753412115605 2.2559934438278946 80
1753412136347 2.23975873812581 81
1753412158679 2.238468706068396 82
1753412180867 2.238500469613085 83
1753412197916 2.234607159502089 84
1753412218032 2.2240279979331894 85
1753412239494 2.22399807563759 86
1753412260267 2.2110152020598335 87
1753412280231 2.1951937341470553 88
1753412302615 2.209549992331827 89
1753412318972 2.187494244385175 90
1753412339184 2.195490257959906 91
1753412361483 2.179107446052784 92
1753412383875 2.1873716050472485 93
1753412394349 2.1694359124099694 94
1753412414434 2.1588867551632123 95
1753412434768 2.170684943163113 96
1753412450195 2.1534216163111304 97
1753412472566 2.1603944897963476 98
1753412494013 2.1525925309289122 99
1753412514701 2.152811857584656 100
