1751734320630 0.23629870850756762 0
1751734422949 0.23885208896125523 1
1751734520940 0.30792288050919586 2
1751734615511 0.38250749361654884 3
1751734702502 0.41988306257632385 4
1751734790406 0.4040261999037857 5
1751734882441 0.4340561743699811 6
1751734973416 0.45809125559708397 7
1751735058719 0.450949191429523 8
1751735158869 0.45326203604337045 9
1751735255533 0.4772786145135625 10
1751735349072 0.4718017984679717 11
1751735438132 0.46020056988491287 12
1751735513468 0.46484476186951856 13
1751735616178 0.46700958442807977 14
1751735709398 0.4580172445694409 15
1751735794810 0.4729119638826185 16
1751735881433 0.483958109758354 17
1751735967404 0.48445768419494506 18
1751736056950 0.48908337342263997 19
1751736154985 0.48664100951041706 20
1751736247527 0.48828775487547643 21
1751736340476 0.4828849498575288 22
1751736427560 0.4981127187951005 23
1751736523994 0.4800725308070903 24
1751736603389 0.4776856751655997 25
1751736695694 0.5037560596528883 26
1751736792035 0.5089923398586389 27
1751736883934 0.5022388335862044 28
1751736970375 0.49924138696665804 29
1751737063559 0.5066424897309699 30
1751737156400 0.5058098656699849 31
1751737251619 0.5049957443659105 32
1751737338824 0.499074862154461 33
1751737423736 0.5008881323317175 34
1751737519148 0.49468970876660623 35
1751737616136 0.5012211819561114 36
1751737713266 0.5035710320837805 37
1751737799085 0.5073455944935795 38
1751737881462 0.5029789438626355 39
1751737977132 0.5093994005106761 40
1751738058795 0.5089183288309959 41
1751738155919 0.5059023794545388 42
1751738251577 0.5055323243163231 43
1751738334021 0.5151722606668394 44
1751738427324 0.5088073122895311 45
1751738517942 0.5083817488805832 46
1751738612707 0.5209451208230026 47
1751738712072 0.5132109684342967 48
1751738798538 0.5091218591570144 49
1751738890107 0.49866780150242385 50
1751738945712 0.5180401879880102 51
1751739005580 0.5189653258335492 52
1751739060266 0.5187617955075307 53
1751739115784 0.5070125448691855 54
1751739174687 0.5183362320985827 55
1751739226299 0.5212411649335751 56
1751739285401 0.5186877844798875 57
1751739339660 0.5188913148059061 58
1751739393359 0.513858564926174 59
1751739446566 0.5026643969951523 60
1751739505641 0.5185952706953336 61
1751739562588 0.5219072641823632 62
1751739617442 0.5201495022758391 63
1751739672478 0.5184102431262259 64
1751739727832 0.5261999037856641 65
1751739788131 0.5123783443733116 66
1751739841947 0.5191318506457462 67
1751739894681 0.5262924175702179 68
1751739946158 0.5192243644303001 69
1751739998355 0.5238500536579951 70
1751740053617 0.5219072641823632 71
1751740107758 0.5133034822188506 72
1751740160105 0.5177441438774377 73
1751740216981 0.515042741368464 74
1751740276191 0.5217037338563446 75
1751740328262 0.5167079894904341 76
1751740385037 0.520908115309181 77
1751740442058 0.5202050105465714 78
1751740493048 0.5212411649335751 79
1751740549152 0.5278466491507234 80
1751740598971 0.5299744661954632 81
1751740653472 0.5220182807238278 82
1751740715205 0.5195389112977834 83
1751740772738 0.5284017318580468 84
1751740823937 0.5277541353661696 85
1751740882007 0.5255893128076083 86
1751740937736 0.5123228361025793 87
1751740993980 0.516967028087185 88
1751741048476 0.5224068386189542 89
1751741103978 0.5259408651889131 90
1751741159728 0.5309551123117344 91
1751741214243 0.5258113458905377 92
1751741269779 0.5223698331051326 93
1751741319921 0.5262739148133072 94
1751741374124 0.513358990489583 95
1751741423089 0.5295304000296044 96
1751741477711 0.5140435924952818 97
1751741534614 0.5252747659401251 98
1751741590134 0.5228324020279022 99
1751741647000 0.5179106686896348 100
1751741689798 0.5296044110572475 101
1751741730775 0.5257373348628945 102
1751741772768 0.5297894386263553 103
1751741817383 0.532083780483292 104
1751741865519 0.5217777448839878 105
1751741906401 0.5315472005328794 106
1751741948464 0.53393405617437 107
1751741988981 0.5289013062946379 108
1751742031441 0.5295859083003368 109
1751742072793 0.5332679569255819 110
1751742115911 0.5364504311142361 111
1751742161374 0.5268475002775413 112
1751742203356 0.5359323539207342 113
1751742246523 0.5326018576767938 114
1751742287029 0.5338415423898161 115
1751742328262 0.5261258927580209 116
1751742374353 0.5305295489027865 117
1751742416330 0.5308625985271805 118
1751742460011 0.5242756170669429 119
1751742504230 0.524016578470192 120
1751742543970 0.5306590682011619 121
1751742584302 0.5307700847426267 122
1751742623308 0.5321022832402028 123
1751742664304 0.524183103282389 124
1751742703229 0.5246641749620693 125
1751742741918 0.5317877363727196 126
1751742784024 0.5215187062872368 127
1751742826702 0.5254967990230545 128
1751742868731 0.5353772712134108 129
1751742908778 0.5346186581800688 130
1751742952284 0.5386707619435296 131
1751742992056 0.5289938200791918 132
1751743034816 0.5335269955223328 133
1751743077250 0.5319357584280058 134
1751743121600 0.5331939458979388 135
1751743164592 0.5240535839840136 136
1751743208070 0.5337305258483515 137
1751743249846 0.5352662546719461 138
1751743293370 0.5316767198312549 139
1751743337824 0.530326018576768 140
1751743378438 0.5288457980239055 141
1751743420185 0.5232024571661178 142
1751743461209 0.5321392887540244 143
1751743504979 0.5243681308514969 144
1751743546830 0.5244791473929615 145
1751743590850 0.5299189579247308 146
1751743632989 0.5335454982792436 147
1751743679419 0.5267179809791659 148
1751743726191 0.5306405654442512 149
1751743765369 0.5329534100580987 150
1751743792678 0.5414831809939681 151
1751743821883 0.5397069163305332 152
1751743850032 0.5375235910150612 153
1751743878896 0.5257743403767161 154
1751743907419 0.5332309514117604 155
1751743934927 0.5375050882581505 156
1751743961816 0.532250305295489 157
1751743989612 0.5360063649483773 158
1751744018591 0.5369870110646486 159
1751744047432 0.5391518336232098 160
1751744074396 0.5420382637012915 161
1751744102199 0.5418162306183621 162
1751744130525 0.5420012581874699 163
1751744160432 0.5271065388742923 164
1751744187568 0.5337490286052622 165
1751744215818 0.5432224401435813 166
1751744243849 0.5385227398882434 167
1751744272317 0.5466269474151648 168
1751744300978 0.535950856677645 169
1751744329593 0.5395773970321578 170
1751744358979 0.5449246937793731 171
1751744387112 0.5491803278688525 172
1751744414209 0.5477001073159901 173
1751744442346 0.5463679088184139 174
1751744470277 0.537801132368723 175
1751744499605 0.5364319283573252 176
1751744527006 0.536616955926433 177
1751744555972 0.5326388631906154 178
1751744584424 0.5322132997816674 179
1751744613271 0.5348406912629982 180
1751744641271 0.5357103208378048 181
1751744669742 0.533601006549976 182
1751744698224 0.5369315027939163 183
1751744726469 0.5439070421492802 184
1751744753737 0.5415386892647004 185
1751744782944 0.5311401398808423 186
1751744812128 0.5363949228435037 187
1751744839744 0.5346741664508011 188
1751744866958 0.5391518336232098 189
1751744895161 0.5335454982792436 190
1751744924484 0.5293453724604966 191
1751744951087 0.5394663804906931 192
1751744978838 0.5401694852533028 193
1751745006608 0.5461458757354846 194
1751745034135 0.5468489804980942 195
1751745061950 0.5385412426451541 196
1751745089310 0.5364689338711468 197
1751745117306 0.5481441734818489 198
1751745146205 0.5481626762387596 199
1751745174968 0.5475150797468823 200
