1751734320631 2.0728858858353854 0
1751734422950 1.9455809235368149 1
1751734520941 1.8677901670389965 2
1751734615512 1.6737864537260592 3
1751734702503 1.5342526820595317 4
1751734790407 1.5807702543826663 5
1751734882442 1.5227138669295774 6
1751734973417 1.470578051227123 7
1751735058720 1.4987757160072455 8
1751735158870 1.5366781475249314 9
1751735255534 1.4637974467716064 10
1751735349072 1.4907616160474302 11
1751735438133 1.5803830198158662 12
1751735513469 1.5694846463520247 13
1751735616179 1.5581052666387836 14
1751735709399 1.6069172796256597 15
1751735794811 1.5729458249065114 16
1751735881434 1.5643496796226708 17
1751735967405 1.5703114645435392 18
1751736056951 1.5741165550751057 19
1751736154986 1.55760826233953 20
1751736247528 1.578829471525084 21
1751736340477 1.636880794123716 22
1751736427561 1.584840174412799 23
1751736523995 1.6815700583804862 24
1751736603390 1.704767376646862 25
1751736695695 1.5533771629721267 26
1751736792036 1.5603429580147175 27
1751736883935 1.5926483291502544 28
1751736970376 1.6362228351958263 29
1751737063560 1.5837625929174204 30
1751737156400 1.5994922947818748 31
1751737251620 1.5970824350513946 32
1751737338825 1.636969336993969 33
1751737423737 1.6418601567944477 34
1751737519149 1.6942337420579971 35
1751737616137 1.6383830318124126 36
1751737713267 1.6307168091959727 37
1751737799086 1.6271096202843698 38
1751737881462 1.6466271005381434 39
1751737977133 1.6160766012751595 40
1751738058796 1.6278656496982749 41
1751738155920 1.6465643792855307 42
1751738251578 1.6653720062118194 43
1751738334022 1.6142838756447477 44
1751738427325 1.6469186663609994 45
1751738517942 1.6748411860888293 46
1751738612708 1.594587287590344 47
1751738712072 1.6435250887287465 48
1751738798539 1.684455996075845 49
1751738890108 1.7357933191993706 50
1751738945713 1.60871748579128 51
1751739005581 1.573887817366641 52
1751739060266 1.5445050924094545 53
1751739115785 1.6233717568071042 54
1751739174688 1.5467693941678653 55
1751739226300 1.5450926734982688 56
1751739285402 1.544227822306443 57
1751739339661 1.5382891532359868 58
1751739393360 1.5531394288374605 59
1751739446567 1.622663744739418 60
1751739505641 1.5481016521451563 61
1751739562589 1.5187528390776341 62
1751739617443 1.5401365930547883 63
1751739672479 1.536066498759254 64
1751739727833 1.5236699368372026 65
1751739788132 1.5806750213871865 66
1751739841948 1.5308923961524779 67
1751739894682 1.5140832304080465 68
1751739946159 1.5355945232174217 69
1751739998355 1.4929100203577055 70
1751740053618 1.528636086377874 71
1751740107758 1.584122520123023 72
1751740160106 1.5426008459127871 73
1751740216982 1.5541723720994431 74
1751740276192 1.5432640191093783 75
1751740328263 1.5327659611051794 76
1751740385038 1.5345433806870614 77
1751740442059 1.5426834529034734 78
1751740493049 1.5328870536310493 79
1751740549153 1.4792940062602322 80
1751740598972 1.4769541806341342 81
1751740653473 1.530993972639598 82
1751740715206 1.5397218824877854 83
1751740772739 1.4894991789230432 84
1751740823938 1.4891606975461928 85
1751740882007 1.4892673815885922 86
1751740937737 1.5893746413950003 87
1751740993981 1.538540748255767 88
1751741048477 1.5161236229995128 89
1751741103979 1.4954633516905165 90
1751741159729 1.466693598580169 91
1751741214243 1.4854935408056005 92
1751741269780 1.5282000992448865 93
1751741319921 1.4855888221681435 94
1751741374125 1.5642901970894056 95
1751741423090 1.4860044754319912 96
1751741477712 1.5607007631497816 97
1751741534615 1.5131963749686395 98
1751741590135 1.5466992384320029 99
1751741647001 1.5303194015286647 100
1751741689799 1.3966855276643078 101
1751741730776 1.414437703587634 102
1751741772769 1.405625305986965 103
1751741817384 1.4001407063691083 104
1751741865520 1.4537647195568941 105
1751741906402 1.3886657093321992 106
1751741948464 1.3641428535358802 107
1751741988982 1.3893802866150748 108
1751742031442 1.3931104726287338 109
1751742072794 1.3924033524107524 110
1751742115912 1.3715418605410898 111
1751742161375 1.4105310886025073 112
1751742203357 1.3516656662513409 113
1751742246524 1.4016602814244559 114
1751742287030 1.350607753700455 115
1751742328263 1.4089916701986538 116
1751742374354 1.3713813297359403 117
1751742416330 1.3702337031352638 118
1751742460012 1.4107321802530213 119
1751742504231 1.4298783015149235 120
1751742543971 1.3883594366583132 121
1751742584303 1.392296839988057 122
1751742623309 1.3820709819025563 123
1751742664305 1.4353788463629755 124
1751742703230 1.4295934456591193 125
1751742741919 1.3812262501943484 126
1751742784025 1.4443623757658888 127
1751742826703 1.4081675759103307 128
1751742868732 1.3567343764219708 129
1751742908778 1.3491083883230666 130
1751742952285 1.356432975642409 131
1751742992057 1.40490835905222 132
1751743034817 1.3810899351618438 133
1751743077250 1.3747756828470872 134
1751743121600 1.3757775821686096 135
1751743164592 1.413529048674889 136
1751743208071 1.364513956468397 137
1751743249847 1.3687104733598934 138
1751743293371 1.4060008563675832 139
1751743337825 1.392355569932043 140
1751743378439 1.4063576463519225 141
1751743420186 1.4319513390635183 142
1751743461210 1.3824206760767603 143
1751743504980 1.4115337553895997 144
1751743546830 1.4194517972703702 145
1751743590851 1.3810999380219522 146
1751743632990 1.3769308060723884 147
1751743679420 1.3994781548992417 148
1751743726192 1.3787486433525118 149
1751743765370 1.3697815626949725 150
1751743792679 1.2017218417799487 151
1751743821884 1.1839701919768681 152
1751743850033 1.1945167975355457 153
1751743878897 1.2400225191042404 154
1751743907420 1.201452247959029 155
1751743934928 1.1914473947987716 156
1751743961817 1.2186403176170562 157
1751743989613 1.1931733485990779 158
1751744018592 1.196177328063341 159
1751744047433 1.1867887695597779 160
1751744074396 1.1699314216227632 161
1751744102200 1.166171128618177 162
1751744130526 1.1720339189080051 163
1751744160433 1.218733417340068 164
1751744187569 1.1837179195873941 165
1751744215819 1.172703208693845 166
1751744243850 1.184948865308183 167
1751744272318 1.1539711532474302 168
1751744300979 1.1861309585042277 169
1751744329594 1.1674377160934812 170
1751744358980 1.1575361344761759 171
1751744387113 1.1451346216006215 172
1751744414210 1.1530570570863674 173
1751744442347 1.1462905820604157 174
1751744470278 1.1802332056983167 175
1751744499606 1.1891502454161436 176
1751744527007 1.177532805144838 177
1751744555973 1.1972941244322266 178
1751744584425 1.2096478101824584 179
1751744613271 1.1728118744094402 180
1751744641272 1.1991802872839696 181
1751744669743 1.1982876717695796 182
1751744698225 1.1808465550284193 183
1751744726469 1.1534337710280962 184
1751744753738 1.169641425197416 185
1751744782945 1.2063031967044462 186
1751744812129 1.1832908386529055 187
1751744839745 1.1984954584516285 188
1751744866959 1.1763966657836005 189
1751744895162 1.199250590348313 190
1751744924484 1.2076901815452061 191
1751744951088 1.1687868753680883 192
1751744978839 1.165613248470216 193
1751745006608 1.1530598293194572 194
1751745034136 1.1466431774468324 195
1751745061951 1.1894517976552639 196
1751745089311 1.2218221789779518 197
1751745117307 1.150760679568816 198
1751745146206 1.14266833994116 199
1751745174968 1.1393336016266624 200
