1752700864750 4.624665666068889 0
1752700874620 4.614639612117742 1
1752700884470 4.60261668495899 2
1752700894465 4.5907871133865745 3
1752700904488 4.5782995339928725 4
1752700914480 4.566562059617648 5
1752700924458 4.550768671017462 6
1752700934453 4.533575116151634 7
1752700944285 4.518384846626098 8
1752700954187 4.502441741124123 9
1752700964156 4.484705422829148 10
1752700973999 4.462661205921429 11
1752700983735 4.443822813074735 12
1752700993604 4.422293185170817 13
1752701003606 4.402503537938498 14
1752701013514 4.383627099150863 15
1752701023286 4.359281294888387 16
1752701033028 4.34122079957851 17
1752701043051 4.321617443746126 18
1752701052883 4.303504543330884 19
1752701062731 4.286869112121751 20
1752701072620 4.267603329540341 21
1752701082678 4.25026212345692 22
1752701092678 4.231958616565453 23
1752701102591 4.212543884150431 24
1752701112445 4.193699718004708 25
1752701122327 4.177695220455886 26
1752701132100 4.161918783930223 27
1752701141996 4.1454017766886215 28
1752701151966 4.130858616931628 29
1752701161969 4.11388390413554 30
1752701171934 4.098284814880967 31
1752701181876 4.082464225461524 32
1752701191583 4.068492075354083 33
1752701201396 4.054983229442913 34
1752701211358 4.038747940421435 35
1752701221385 4.026151000372915 36
1752701231353 4.015136524466061 37
1752701241425 4.005180376682945 38
1752701251392 3.9929576993471625 39
1752701261344 3.9781293543601857 40
1752701271341 3.964993850995188 41
1752701281315 3.951091404433036 42
1752701291274 3.9402172122079953 43
1752701301230 3.93139528257045 44
1752701311083 3.9169858085191382 45
1752701320804 3.9081434377298905 46
1752701330508 3.894193580598561 47
1752701340277 3.881898267967255 48
1752701350176 3.8712600371201527 49
1752701360297 3.8590071119461826 50
1752701370199 3.849385552783591 51
1752701379978 3.838744040719226 52
1752701389840 3.8327694613940175 53
1752701399786 3.821732476922489 54
1752701409695 3.809429502507521 55
1752701419691 3.8004338771810304 56
1752701429748 3.7877293192366595 57
1752701439679 3.779100231433835 58
1752701449659 3.7723338821595807 59
1752701459541 3.76284810423368 60
1752701469585 3.753753407725039 61
1752701479619 3.74513871122154 62
1752701489632 3.7331819439219065 63
1752701499704 3.7264416579830035 64
1752701509515 3.7188581259526736 65
1752701519279 3.7083937560451847 66
1752701529177 3.7025240488107283 67
1752701538980 3.6925448341190648 68
1752701549003 3.6863820587401452 69
1752701558968 3.6788641334622367 70
1752701568949 3.6684827125766533 71
1752701578931 3.662610514684129 72
1752701588908 3.656864458219561 73
1752701598779 3.6503094517871957 74
1752701608595 3.6430348811004176 75
1752701618379 3.6336369117863727 76
1752701628249 3.6277554234504494 77
1752701637970 3.618279188267583 78
1752701647820 3.6106172260838445 79
1752701657637 3.6052895482604908 80
1752701667526 3.596645198719515 81
1752701677386 3.590358680030333 82
1752701687248 3.5837701552710977 83
1752701697025 3.5757109883955787 84
1752701706833 3.5705166751323008 85
1752701716641 3.5647869309933613 86
1752701726496 3.5577748824498068 87
1752701736525 3.550661287828406 88
1752701746422 3.540078787667382 89
1752701756248 3.5358105958664843 90
1752701766025 3.52839369910133 91
1752701775839 3.5224353677302593 92
1752701785613 3.5184203313342235 93
1752701795366 3.510922461995999 94
1752701805253 3.5047763200374678 95
1752701815238 3.5017149696016547 96
1752701825295 3.4968817067263247 97
1752701835299 3.48857723639499 98
1752701845311 3.4820641399980685 99
1752701855295 3.474084847693912 100
