1754382288112 0.2070458498316249 0
1754382326351 0.27543203937386673 1
1754382367759 0.3233171742589646 2
1754382404758 0.35153387854790363 3
1754382449734 0.3581023572512304 4
1754382491423 0.3951633793435222 5
1754382535409 0.3823964770750842 6
1754382571784 0.4317248269992229 7
1754382615767 0.41157532472338376 8
1754382651216 0.4503571032083781 9
1754382696693 0.43209488213743846 10
1754382734132 0.4580172445694409 11
1754382777000 0.45009806461162716 12
1754382812113 0.46887836287606854 13
1754382856796 0.4616252821670429 14
1754382900794 0.4766680235355068 15
1754382945227 0.4794064315583022 16
1754382990746 0.4840876290567295 17
1754383035162 0.4758539022314325 18
1754383070411 0.4935425378381379 19
1754383114773 0.5043296451171224 20
1754383153991 0.49770565814306333 21
1754383209484 0.494708211523517 22
1754383249048 0.5012211819561114 23
1754383296387 0.5044036561447656 24
1754383329839 0.5084742626651371 25
1754383375195 0.500832624060985 26
1754383413833 0.5159678792140029 27
1754383459487 0.5044776671724087 28
1754383494916 0.5178366576619916 29
1754383538092 0.5133404877326722 30
1754383573594 0.5158568626725382 31
1754383621420 0.5148577137993561 32
1754383667206 0.5139325759538171 33
1754383711694 0.5152092661806609 34
1754383753599 0.5094734115383192 35
1754383797156 0.5159123709432706 36
1754383844046 0.5233319764644933 37
1754383884576 0.5266624727084336 38
1754383925294 0.5257188321059838 39
1754383962718 0.5254782962661436 40
1754384002372 0.5266994782222552 41
1754384043865 0.5243681308514969 42
1754384079762 0.5247011804758909 43
1754384124566 0.525792843133627 44
1754384161395 0.5247381859897124 45
1754384204834 0.5261443955149318 46
1754384240889 0.5276616215816157 47
1754384293722 0.5211856566628428 48
1754384330547 0.5233689819783147 49
1754384373269 0.5144321503904081 50
1754384421773 0.5289383118084595 51
1754384463658 0.5200014802205528 52
1754384509111 0.518558265181512 53
1754384549813 0.52586685416127 54
1754384590880 0.5248862080449987 55
1754384630230 0.5294563890019613 56
1754384677236 0.5250157273433742 57
1754384718390 0.5329719128150094 58
1754384764470 0.532675868704437 59
1754384804526 0.5265699589238797 60
1754384848142 0.5312511564223069 61
1754384888851 0.5211671539059319 62
1754384931171 0.5306035599304296 63
1754384978135 0.5174110942530437 64
1754385019123 0.5321022832402028 65
1754385062178 0.5303815268475003 66
1754385106696 0.5252377604263035 67
1754385159811 0.5288457980239055 68
1754385199901 0.5170595418717389 69
1754385238860 0.5206490767124301 70
1754385283000 0.5247381859897124 71
1754385323198 0.521666728342523 72
1754385364040 0.5327498797320801 73
1754385407834 0.5238685564149058 74
1754385453537 0.5306035599304296 75
1754385496724 0.5330829293564742 76
1754385541449 0.5219812752100063 77
1754385581758 0.5167449950042556 78
1754385619538 0.525367279724679 79
1754385664353 0.5341560892572993 80
1754385707875 0.5220367834807387 81
1754385751854 0.5319727639418274 82
1754385805679 0.5201865077896607 83
1754385852628 0.5301039854938386 84
1754385895677 0.5346186581800688 85
1754385938452 0.535284757428857 86
1754385983790 0.5089738371017282 87
1754386027355 0.5299189579247308 88
1754386073537 0.5324908411353292 89
1754386112967 0.5319912666987381 90
1754386157283 0.530566554416608 91
1754386201452 0.5268845057913629 92
1754386246640 0.5301964992783925 93
1754386289896 0.5278096436369019 94
1754386331222 0.5268289975206306 95
1754386381326 0.5272545609295785 96
1754386431544 0.5269770195759168 97
1754386477360 0.5012766902268438 98
1754386521458 0.5292713614328535 99
1754386565002 0.5300854827369278 100
