1754611869882 0.19131614654002713 0
1754611893832 0.35524398210965374 1
1754611916762 0.5368611488014473 2
1754611937236 0.6093271018644153 3
1754611960868 0.704708779335645 4
1754611987927 0.7243580079400975 5
1754612008531 0.7552640836222926 6
1754612028877 0.795668124026333 7
1754612053038 0.7963716769686919 8
1754612082475 0.8067239559776873 9
1754612108860 0.8116488265741997 10
1754612129372 0.8180813106186241 11
1754612150590 0.8278807980300518 12
1754612172303 0.8251168400422132 13
1754612202146 0.8229559274335394 14
1754612225382 0.8315493240866375 15
1754612254822 0.8369767324991205 16
1754612273120 0.8343635358560731 17
1754612297601 0.8383838383838383 18
1754612320125 0.8341122669480878 19
1754612348310 0.8382330770390471 20
1754612369847 0.8389868837630031 21
1754612394652 0.8463741896577718 22
1754612422261 0.8443137846122921 23
1754612445089 0.8438615005779185 24
1754612466917 0.8481833257952661 25
1754612492429 0.8493894165535957 26
1754612513925 0.8506960148751194 27
1754612536806 0.8479823106688779 28
1754612568990 0.8501432232775517 29
1754612605936 0.8522036283230313 30
1754612628183 0.854264033368511 31
1754612650448 0.851148298909493 32
1754612673306 0.8533092115181667 33
1754612695338 0.8549173325292728 34
1754612716325 0.8552188552188552 35
1754612741951 0.8540127644605257 36
1754612778048 0.8572290064827378 37
1754612802099 0.8595909342177999 38
1754612824039 0.8586863661490527 39
1754612846262 0.8592894115282175 40
1754612869571 0.8590381426202321 41
1754612897333 0.8607970249761294 42
1754612926169 0.8591386501834263 43
1754612948743 0.8593899190914116 44
1754612970629 0.8633599678375797 45
1754612993640 0.8623548922056384 46
1754613012400 0.862807176240012 47
1754613035920 0.857379767827529 48
1754613055355 0.8614503241368913 49
1754613075360 0.8622041308608472 50
1754613097825 0.8618021006080707 51
1754613122239 0.8615005779184883 52
1754613147210 0.8622041308608472 53
1754613171150 0.8647670737222976 54
1754613196211 0.8689883913764511 55
1754613216670 0.8655208804462535 56
1754613239246 0.8631086989295944 57
1754613261838 0.8642142821247298 58
1754613291288 0.8629076838032061 59
1754613316825 0.8659731644806272 60
1754613338125 0.860495502286547 61
1754613364146 0.867380270365345 62
1754613383919 0.8684355997788834 63
1754613411457 0.8693401678476306 64
1754613436011 0.8655208804462535 65
1754613459812 0.8690386451580482 66
1754613478979 0.8693904216292276 67
1754613507467 0.8685863611236746 68
1754613534705 0.8694909291924218 69
1754613555982 0.8682848384340922 70
1754613583560 0.8659229106990302 71
1754613612374 0.8706467661691543 72
1754613641354 0.8695914367556159 73
1754613663601 0.8671792552389568 74
1754613685083 0.8648675812854917 75
1754613707863 0.8660234182622243 76
1754613726480 0.8694909291924218 77
1754613752852 0.8677320468365245 78
1754613780757 0.8695411829740188 79
1754613802042 0.869641690537213 80
1754613822723 0.8686868686868687 81
1754613842784 0.8686366149052717 82
1754613868397 0.8700939745715865 83
1754613896519 0.8686366149052717 84
1754613920466 0.8707975275139455 85
1754613943777 0.8697924518820042 86
1754613967636 0.8716015880194985 87
1754613996372 0.871249811548319 88
1754614019534 0.8732599628122016 89
1754614039700 0.8727071712146339 90
1754614060140 0.8722046333986633 91
1754614078838 0.8726066636514398 92
1754614104427 0.8728579325594251 93
1754614128801 0.8722046333986633 94
1754614148591 0.8732599628122016 95
1754614170059 0.8737625006281723 96
1754614192161 0.8731092014674104 97
1754614216958 0.8730589476858134 98
1754614240439 0.8732599628122016 99
1754614271092 0.8733102165937987 100
