1754611869884 2.2725284966095725 0
1754611893833 1.8958972119995163 1
1754611916763 1.5697326800996378 2
1754611937238 1.366507818317088 3
1754611960869 1.1695512638195193 4
1754611987928 1.1466420398602355 5
1754612008532 1.0704321944406738 6
1754612028879 0.994736436596178 7
1754612053039 1.0192686291527109 8
1754612082476 0.9892888660332718 9
1754612108861 0.991237360986387 10
1754612129373 0.9943849324296972 11
1754612150591 0.9667338938104355 12
1754612172304 0.9740754601976528 13
1754612202148 0.984807875449492 14
1754612225384 0.9910411007673807 15
1754612254823 0.9690993847693592 16
1754612273121 0.9858315763864128 17
1754612297603 0.9850970296855127 18
1754612320127 1.009126770785378 19
1754612348311 1.0063157303397603 20
1754612369849 1.017599559591558 21
1754612394653 1.0088754611039639 22
1754612422262 1.0313811511033129 23
1754612445091 1.0427861960060218 24
1754612466919 1.0080941597953026 25
1754612492430 1.0155529475708318 26
1754612513927 1.0209134262866173 27
1754612536807 1.0234983949347394 28
1754612568991 1.0202870969580375 29
1754612605937 1.021761953526721 30
1754612628185 1.0275098055081644 31
1754612650449 1.03146553673485 32
1754612673307 1.0302536440220749 33
1754612695340 1.0319509219664318 34
1754612716326 1.0432655824650876 35
1754612741952 1.0543017456483132 36
1754612778049 1.0375674277286644 37
1754612802100 1.0387012039824175 38
1754612824041 1.0603513571535172 39
1754612846263 1.0496197720975904 40
1754612869573 1.0625824976288352 41
1754612897335 1.0472655740595802 42
1754612926171 1.065455205257852 43
1754612948744 1.0545286388937347 44
1754612970630 1.0495933433853186 45
1754612993641 1.0512148259294622 46
1754613012401 1.0700866044167765 47
1754613035921 1.0897318113258887 48
1754613055356 1.0529295391164852 49
1754613075361 1.0806170957988699 50
1754613097827 1.0629080514316243 51
1754613122241 1.083949561117239 52
1754613147211 1.0908759512535362 53
1754613171151 1.0925026811885274 54
1754613196212 1.0941093495793504 55
1754613216672 1.0722307759479635 56
1754613239248 1.1035433143441018 57
1754613261840 1.0789274889014062 58
1754613291289 1.0675377539724409 59
1754613316826 1.0734381884840674 60
1754613338127 1.0944009039829485 61
1754613364148 1.0947135980781426 62
1754613383920 1.100064570583174 63
1754613411458 1.0952885637178553 64
1754613436012 1.095724606028685 65
1754613459813 1.1116571261185417 66
1754613478980 1.0936174279005433 67
1754613507469 1.0984940974867954 68
1754613534706 1.0944744067626526 69
1754613555984 1.0849467692624446 70
1754613583562 1.090924560981094 71
1754613612376 1.1149972494343485 72
1754613641355 1.107331377407221 73
1754613663603 1.0820249725411863 74
1754613685085 1.0952113217406763 75
1754613707864 1.112155426704293 76
1754613726481 1.1062292600156103 77
1754613752854 1.0974107297920994 78
1754613780758 1.1153075721240873 79
1754613802043 1.1065289949225094 80
1754613822724 1.1175286762067773 81
1754613842785 1.1059931170789927 82
1754613868398 1.1281957616178622 83
1754613896520 1.1229118743173474 84
1754613920467 1.1059227301433447 85
1754613943779 1.10481051888255 86
1754613967637 1.1111761659665214 87
1754613996373 1.1149660312525767 88
1754614019536 1.1384251517319326 89
1754614039701 1.1293211321671885 90
1754614060142 1.1283682818503376 91
1754614078839 1.126939734331477 92
1754614104429 1.1290713645360353 93
1754614128802 1.1342318929044843 94
1754614148593 1.147927692365558 95
1754614170061 1.1486984081398994 96
1754614192162 1.1314116020032767 97
1754614216959 1.1262006298499987 98
1754614240440 1.1447003237774362 99
1754614271093 1.122959586931456 100
