1752153130086 0.19177753141167775 0
1752153224727 0.2220990391722099 1
1752153323159 0.2613821138211382 2
1752153412753 0.28353658536585363 3
1752153507128 0.3014042867701404 4
1752153594907 0.3315779748706578 5
1752153691111 0.3455838876570584 6
1752153778999 0.3375831485587583 7
1752153869284 0.371359940872136 8
1752153962200 0.384830007390983 9
1752154052084 0.40147819660014783 10
1752154146737 0.4052291204730229 11
1752154239557 0.40508130081300814 12
1752154337383 0.4152069475240207 13
1752154429500 0.41829268292682925 14
1752154524510 0.43307464892830744 15
1752154615133 0.42812269031781225 16
1752154716835 0.43089430894308944 17
1752154811266 0.433130081300813 18
1752154900639 0.4434589800443459 19
1752154986843 0.4484848484848485 20
1752155075776 0.44375461936437544 21
1752155168782 0.44676644493717665 22
1752155262513 0.45109016999260904 23
1752155357510 0.45269770879526977 24
1752155451131 0.4534922394678492 25
1752155548239 0.45160753880266075 26
1752155643132 0.45334441980783446 27
1752155732167 0.45881374722838136 28
1752155827759 0.4583518107908352 29
1752155921155 0.46620473022912046 30
1752156016209 0.4592017738359202 31
1752156105814 0.45744641537324465 32
1752156193331 0.4710088691796009 33
1752156282343 0.4668883961566888 34
1752156372719 0.465169992609017 35
1752156462535 0.4690133037694013 36
1752156556859 0.47427937915742796 37
1752156650719 0.47287509238728753 38
1752156739951 0.46310051736881 39
1752156837311 0.48024759793052474 40
1752156924545 0.46592756836659277 41
1752157018006 0.4776792313377679 42
1752157104252 0.4807280118255728 43
1752157199112 0.46812638580931265 44
1752157299516 0.4804508499630451 45
1752157389664 0.47572062084257205 46
1752157479348 0.4791759053954176 47
1752157570427 0.4748152254249815 48
1752157662747 0.4783259423503326 49
1752157758548 0.47815964523281596 50
1752157813324 0.48449741315594974 51
1752157867254 0.4811529933481153 52
1752157928497 0.4880820399113082 53
1752157987659 0.4865853658536585 54
1752158045440 0.4861419068736142 55
1752158101576 0.4878418329637842 56
1752158163972 0.4901330376940133 57
1752158221611 0.48787878787878786 58
1752158277845 0.4881559497413156 59
1752158332028 0.4845528455284553 60
1752158390956 0.48763858093126383 61
1752158447894 0.4840539541759054 62
1752158505327 0.48555062823355505 63
1752158561824 0.48494087213599407 64
1752158615655 0.48519955654102 65
1752158676038 0.4864560236511456 66
1752158736045 0.4881929046563193 67
1752158790575 0.4932187730968219 68
1752158845353 0.4865668883961567 69
1752158900006 0.4905210643015521 70
1752158958319 0.4915373244641537 71
1752159018027 0.48895048041389505 72
1752159073454 0.492110125646711 73
1752159130349 0.4926829268292683 74
1752159188225 0.49266444937176646 75
1752159243946 0.4906873614190687 76
1752159299790 0.4903917220990392 77
1752159359094 0.48198447893569846 78
1752159415445 0.4945121951219512 79
1752159469856 0.49931633407243164 80
1752159529511 0.49235033259423505 81
1752159585311 0.4874907612712491 82
1752159640412 0.4979490022172949 83
1752159696502 0.4963229859571323 84
1752159755402 0.4970251293422025 85
1752159809825 0.4908351810790835 86
1752159868477 0.4991869918699187 87
1752159922353 0.49296008869179603 88
1752159980624 0.49582409460458243 89
1752160034960 0.49166666666666664 90
1752160096645 0.4968588322246859 91
1752160151618 0.49924242424242427 92
1752160209100 0.49478935698447896 93
1752160265643 0.49251662971175164 94
1752160325729 0.49199926090169993 95
1752160382397 0.4919438285291944 96
1752160436911 0.49488174427198817 97
1752160496128 0.4957686622320769 98
1752160551655 0.4957686622320769 99
1752160613498 0.5005543237250555 100
1752160656964 0.5005912786400591 101
1752160699613 0.4991869918699187 102
1752160742061 0.5029379157427938 103
1752160782178 0.49711751662971176 104
1752160826177 0.4987989652623799 105
1752160867158 0.5016260162601626 106
1752160906044 0.5055062823355506 107
1752160946656 0.4946969696969697 108
1752160987452 0.5028640059127863 109
1752161031428 0.5046378418329638 110
1752161073233 0.5033628972653363 111
1752161114531 0.5041943828529194 112
1752161158271 0.5049519586104952 113
1752161200294 0.5052291204730229 114
1752161244080 0.5039541759053954 115
1752161287509 0.5038063562453806 116
1752161326634 0.49974131559497414 117
1752161366481 0.5032150776053215 118
1752161406316 0.5045824094604583 119
1752161449990 0.51019955654102 120
1752161491899 0.5001293422025129 121
1752161536754 0.5053769401330377 122
1752161578431 0.5070953436807095 123
1752161621651 0.501940133037694 124
1752161666172 0.5055432372505543 125
1752161710243 0.5096452328159645 126
1752161754956 0.5070214338507022 127
1752161797247 0.5097930524759793 128
1752161836999 0.5061714708056172 129
1752161878484 0.5015705838876571 130
1752161924279 0.4991130820399113 131
1752161968157 0.50509977827051 132
1752162011169 0.5036215816703622 133
1752162054674 0.5059127864005912 134
1752162096261 0.5088322246858832 135
1752162140220 0.5048780487804878 136
1752162182592 0.5088507021433851 137
1752162225040 0.5093126385809312 138
1752162267686 0.510550628233555 139
1752162307211 0.507409460458241 140
1752162348818 0.5063562453806356 141
1752162391070 0.5079083518107909 142
1752162431229 0.5034737620103473 143
1752162473855 0.5055986696230599 144
1752162518552 0.506430155210643 145
1752162561772 0.5104582409460459 146
1752162606042 0.5101626016260162 147
1752162649528 0.5082039911308204 148
1752162692078 0.5047856614929785 149
1752162734998 0.5000923872875093 150
1752162763158 0.505949741315595 151
1752162792183 0.5120657797487066 152
1752162820056 0.5176459719142646 153
1752162847740 0.5098484848484849 154
1752162874570 0.5147450110864745 155
1752162901298 0.5111049519586105 156
1752162929177 0.5135809312638581 157
1752162956883 0.5201034737620104 158
1752162984219 0.5180155210643016 159
1752163011998 0.5200665188470066 160
1752163040362 0.5092756836659276 161
1752163069023 0.5188654841093866 162
1752163098274 0.5204545454545455 163
1752163126892 0.515169992609017 164
1752163155086 0.5202882483370288 165
1752163183101 0.5169438285291944 166
1752163211218 0.5225424981522543 167
1752163239354 0.5235772357723577 168
1752163268089 0.5187361419068736 169
1752163296555 0.5132298595713229 170
1752163324807 0.5129157427937916 171
1752163353138 0.5192719881744272 172
1752163380593 0.5229674796747967 173
1752163408929 0.5240206947524021 174
1752163436882 0.5229490022172949 175
1752163464489 0.5239652623798965 176
1752163493201 0.5216740576496675 177
1752163521901 0.5140983000739098 178
1752163549996 0.5187361419068736 179
1752163578018 0.5118994826311899 180
1752163605950 0.5266444937176644 181
1752163633835 0.5194937176644494 182
1752163661166 0.5247782705099778 183
1752163690677 0.5238728750923873 184
1752163718698 0.5140059127864006 185
1752163746817 0.5250739098300073 186
1752163775483 0.5228566149297856 187
1752163803636 0.5246489283074649 188
1752163832128 0.5195861049519586 189
1752163860330 0.5263858093126386 190
1752163888262 0.5263858093126386 191
1752163915219 0.5215262379896526 192
1752163941798 0.5234663710273466 193
1752163969306 0.5195306725794531 194
1752163997892 0.5242424242424243 195
1752164026534 0.5232631189948264 196
1752164056082 0.5199926090169993 197
1752164084663 0.5273651145602365 198
1752164113221 0.5182926829268293 199
1752164141317 0.5204730229120473 200
