1752153130087 2.2313680385634567 0
1752153224728 2.1325029392031807 1
1752153323160 2.0543456026030524 2
1752153412754 1.950255996032726 3
1752153507129 1.8713753382164948 4
1752153594908 1.8253953781285452 5
1752153691112 1.8128857028033325 6
1752153779000 1.8426679775553463 7
1752153869284 1.7855433106600167 8
1752153962200 1.779323597675478 9
1752154052085 1.7475590082483428 10
1752154146738 1.7618789039930607 11
1752154239558 1.7651153680743559 12
1752154337383 1.7659648625240356 13
1752154429501 1.7703209547047378 14
1752154524511 1.7428191789782521 15
1752154615134 1.769323256680838 16
1752154716836 1.7770260013643397 17
1752154811266 1.7829960253485073 18
1752154900640 1.7743385393221451 19
1752154986844 1.7682768041223729 20
1752155075777 1.7929275207198596 21
1752155168783 1.7838829056812948 22
1752155262514 1.7942920002502072 23
1752155357510 1.797896352122805 24
1752155451132 1.806127689644804 25
1752155548240 1.82165546349986 26
1752155643133 1.8178339173874805 27
1752155732168 1.8203723386656303 28
1752155827760 1.825629101318567 29
1752155921156 1.8134576235226534 30
1752156016210 1.8415987488393037 31
1752156105815 1.8543298186109618 32
1752156193332 1.8255824749880896 33
1752156282344 1.8379549504408836 34
1752156372720 1.8507279546022022 35
1752156462536 1.847036625542161 36
1752156556860 1.84102416907574 37
1752156650719 1.8548599684913158 38
1752156739952 1.88284324857216 39
1752156837312 1.8351447874720606 40
1752156924546 1.8874846802901692 41
1752157018006 1.8604239151635087 42
1752157104253 1.8668747249785536 43
1752157199113 1.9113801325149866 44
1752157299517 1.8725751286820196 45
1752157389665 1.8908876810896686 46
1752157479349 1.8873012818537729 47
1752157570428 1.8897089428780336 48
1752157662748 1.8883837440152942 49
1752157758549 1.8835725439815683 50
1752157813325 1.8534776983967856 51
1752157867255 1.8317692255851756 52
1752157928498 1.8164199512483479 53
1752157987660 1.814581458981101 54
1752158045441 1.8182606229544875 55
1752158101577 1.8301252721854935 56
1752158163972 1.8155618267719305 57
1752158221612 1.8145925372845222 58
1752158277846 1.80311000781772 59
1752158332029 1.8242231346149556 60
1752158390957 1.8135748503353215 61
1752158447894 1.8197864463622089 62
1752158505328 1.828310583985515 63
1752158561825 1.8219503932455892 64
1752158615656 1.8274127109799516 65
1752158676038 1.8102009444180835 66
1752158736046 1.801870375932757 67
1752158790576 1.793424654589896 68
1752158845354 1.803349210460903 69
1752158900007 1.808191201443658 70
1752158958320 1.8173810397096444 71
1752159018028 1.8196578004797805 72
1752159073455 1.8064307567194229 73
1752159130350 1.8139932566647754 74
1752159188226 1.8198429553034174 75
1752159243947 1.8229961278096332 76
1752159299791 1.8209862411844937 77
1752159359095 1.8467187459034096 78
1752159415446 1.811731467686379 79
1752159469857 1.798780524615289 80
1752159529512 1.8367126442900954 81
1752159585312 1.8350084692645234 82
1752159640413 1.8032976856843843 83
1752159696503 1.817326326282854 84
1752159755403 1.8136167064765278 85
1752159809826 1.827164749159344 86
1752159868478 1.8008356527981226 87
1752159922354 1.8157475644313115 88
1752159980625 1.808452057203915 89
1752160034961 1.837150015210827 90
1752160096646 1.8143954065635033 91
1752160151619 1.8132926571167198 92
1752160209101 1.8249698611620826 93
1752160265644 1.8307107679817352 94
1752160325730 1.8240840361070771 95
1752160382398 1.8399917230554368 96
1752160436912 1.822324126342652 97
1752160496128 1.8128920774755863 98
1752160551656 1.8266542964464698 99
1752160613499 1.8097130213534787 100
1752160656965 1.7595176852339718 101
1752160699614 1.7563732674211894 102
1752160742062 1.7356595089876934 103
1752160782179 1.7456627048669373 104
1752160826177 1.7436174812030896 105
1752160867159 1.7333453241952668 106
1752160906045 1.7173416943101616 107
1752160946656 1.7424293093597851 108
1752160987452 1.7214628934518978 109
1752161031428 1.722913083840898 110
1752161073233 1.7238992179051638 111
1752161114532 1.7201658067484487 112
1752161158272 1.7198796084034549 113
1752161200294 1.7093180423909171 114
1752161244081 1.7097762983662752 115
1752161287510 1.7075687685326837 116
1752161326635 1.7206410086463695 117
1752161366482 1.7236498576961163 118
1752161406317 1.7180951213966296 119
1752161449990 1.705698541351591 120
1752161491899 1.7397170783692382 121
1752161536755 1.7159702558576917 122
1752161578432 1.7107024717718076 123
1752161621652 1.728455833224565 124
1752161666173 1.7319389199576811 125
1752161710244 1.702788193388078 126
1752161754957 1.7158623091708485 127
1752161797248 1.710402932039565 128
1752161836999 1.7167261498453854 129
1752161878485 1.7433201849475182 130
1752161924280 1.7344965909871284 131
1752161968158 1.7091366599954672 132
1752162011170 1.7268497681719244 133
1752162054675 1.7177564573900619 134
1752162096261 1.713578411006253 135
1752162140221 1.7290236562661956 136
1752162182593 1.7065529440812661 137
1752162225041 1.7043281088628908 138
1752162267687 1.7017773076934946 139
1752162307211 1.7195546725687976 140
1752162348819 1.7174972909567863 141
1752162391071 1.711283062085233 142
1752162431230 1.7262042543500475 143
1752162473856 1.722097690547599 144
1752162518553 1.7129680836805314 145
1752162561773 1.70182118942511 146
1752162606043 1.7111815029843584 147
1752162649529 1.7049456169843873 148
1752162692079 1.723120012954912 149
1752162734999 1.724990734953217 150
1752162763159 1.5990187869027193 151
1752162792184 1.5583905140088141 152
1752162820057 1.5341448612818736 153
1752162847741 1.5454299973884418 154
1752162874570 1.5411796677917 155
1752162901299 1.5479149938805852 156
1752162929178 1.5325389688027593 157
1752162956884 1.5167386259794424 158
1752162984220 1.5223735922690806 159
1752163011998 1.5193657166731678 160
1752163040363 1.541864173684879 161
1752163069024 1.518528167481564 162
1752163098275 1.5186340508422063 163
1752163126893 1.5323207505611791 164
1752163155087 1.5170133575872067 165
1752163183102 1.5204262650531755 166
1752163211219 1.5088161095725492 167
1752163239355 1.5092078864743843 168
1752163268090 1.5174631604584763 169
1752163296556 1.5315135236409119 170
1752163324808 1.5218269070349173 171
1752163353139 1.515907264421081 172
1752163380594 1.5165497861908805 173
1752163408929 1.5159446133074839 174
1752163436883 1.5129926111547403 175
1752163464490 1.5153254037968555 176
1752163493202 1.517744625392892 177
1752163521901 1.523134963347565 178
1752163549997 1.5188566932171603 179
1752163578019 1.528380327957056 180
1752163605951 1.5099874571099072 181
1752163633836 1.5170874821075788 182
1752163661167 1.5118028136511272 183
1752163690677 1.5129184712353907 184
1752163718698 1.5211007263545788 185
1752163746818 1.5070596811625534 186
1752163775484 1.5181953375606232 187
1752163803636 1.512267091069636 188
1752163832129 1.5206992774333916 189
1752163860330 1.5105270896242 190
1752163888263 1.5107835650023282 191
1752163915220 1.5092584396225688 192
1752163941798 1.5196754762042093 193
1752163969306 1.5133564586807315 194
1752163997892 1.5118668246030107 195
1752164026535 1.5110612101530043 196
1752164056082 1.518507048692483 197
1752164084664 1.4997832220880531 198
1752164113222 1.5163777859433867 199
1752164141318 1.5163849566880638 200
