1753256754352 0.03372653264661904 0
1753256788189 0.07667386609071274 1
1753256821448 0.09868748961621532 2
1753256855024 0.1238577836849975 3
1753256870573 0.1518524671872404 4
1753256896476 0.17295231766074098 5
1753256930863 0.19579664396079083 6
1753256963785 0.20651270975245056 7
1753257001475 0.22536966273467354 8
1753257038397 0.23392590131251037 9
1753257073751 0.24106994517361688 10
1753257103410 0.2461372320983552 11
1753257133810 0.2575178601096528 12
1753257170259 0.26856620701113143 13
1753257197751 0.27429805615550756 14
1753257230297 0.289666057484632 15
1753257245758 0.2861771058315335 16
1753257277670 0.29165974414354545 17
1753257315116 0.29988370161156336 18
1753257349100 0.30843994018940024 19
1753257383357 0.3033726532646619 20
1753257398656 0.31035055657085897 21
1753257432681 0.30760923741485297 22
1753257448615 0.31882372487124105 23
1753257484142 0.3223126765243396 24
1753257521272 0.32779531483635155 25
1753257537044 0.32837680677853465 26
1753257553284 0.3257185578999834 27
1753257580009 0.3284598770559894 28
1753257616105 0.3372653264661904 29
1753257649096 0.33585313174946 30
1753257684637 0.33618541285927894 31
1753257721357 0.3391759428476491 32
1753257756015 0.3436617378302044 33
1753257771597 0.3410034889516531 34
1753257806950 0.34615384615384615 35
1753257841605 0.34548928393420836 36
1753257857177 0.3459877055989367 37
1753257884929 0.34914437614221633 38
1753257907811 0.35113806280112975 39
1753257944400 0.35412859278949993 40
1753257976289 0.3549592955640472 41
1753258010867 0.3546270144542283 42
1753258041021 0.3557899983385944 43
1753258067196 0.35794982555241733 44
1753258100329 0.3584482472171457 45
1753258134444 0.3569529822229606 46
1753258167172 0.3616049177604253 47
1753258200444 0.36442930719388605 48
1753258229115 0.3635986044193388 49
1753258248548 0.36351553414188403 50
1753258285126 0.36567536135570694 51
1753258300708 0.3647615883037049 52
1753258332613 0.36600764246552586 53
1753258365743 0.36700448579498257 54
1753258399264 0.37065957800299054 55
1753258433318 0.3718225618873567 56
1753258458385 0.371739491609902 57
1753258489011 0.36982887522844327 58
1753258522620 0.37124106994517364 59
1753258558546 0.3705765077255358 60
1753258591007 0.3675029074597109 61
1753258626117 0.3695796643960791 62
1753258663764 0.3693304535637149 63
1753258698880 0.3747300215982721 64
1753258734485 0.37290247549426814 65
1753258768862 0.3785512543611896 66
1753258803751 0.3753115135404552 67
1753258839167 0.37448081076590795 68
1753258874751 0.374148529656089 69
1753258905880 0.37788669214155174 70
1753258922508 0.3781359029739159 71
1753258953768 0.3780528326964612 72
1753258969417 0.37904967602591794 73
1753259006431 0.37946502741319155 74
1753259024687 0.38162485462701445 75
1753259059299 0.37780362186409705 76
1753259095102 0.37572686492772883 77
1753259116520 0.37904967602591794 78
1753259148280 0.3835354710084732 79
1753259183793 0.38062801129755774 80
1753259216542 0.37888353547100845 81
1753259249474 0.38204020601428806 82
1753259272830 0.3817909951819239 83
1753259307564 0.38187406545937863 84
1753259340486 0.38386775211829205 85
1753259374467 0.3857783684997508 86
1753259403865 0.381458714072105 87
1753259437450 0.3876889848812095 88
1753259473075 0.3891842498753946 89
1753259507772 0.38561222794484135 90
1753259543992 0.38619371988702444 91
1753259574873 0.3889350390430304 92
1753259610589 0.38685828210666223 93
1753259643417 0.3896826715401229 94
1753259677695 0.3900980229273966 95
1753259714525 0.3871074929390264 96
1753259751277 0.3896826715401229 97
1753259788258 0.3866921415517528 98
1753259822575 0.39001495264994185 99
1753259844004 0.38959960126266824 100
