1754051547114 4.5617564728779385 0
1754051599443 4.425684487502878 1
1754051650225 4.287571142322974 2
1754051699613 4.225851414866666 3
1754051753259 4.163487739581946 4
1754051789578 4.13670274653328 5
1754051840015 4.089087294282512 6
1754051894300 4.08852924348221 7
1754051948513 4.060418693945482 8
1754052004603 4.070252926972252 9
1754052042519 4.0213844842755115 10
1754052097525 4.0710378108375815 11
1754052149598 4.040032308441896 12
1754052201266 4.085162040166561 13
1754052255423 4.054695276753577 14
1754052290132 4.102320366529122 15
1754052340755 4.058725605925947 16
