1752993543048 0.03339425153680013 0
1752993774265 0.07692307692307693 1
1752994007033 0.11845821565044028 2
1752994241944 0.1671373982389101 3
1752994472728 0.2158996511048347 4
1752994702770 0.25278285429473335 5
1752994935518 0.28235587306861604 6
1752995164298 0.3058647615883037 7
1752995403347 0.3211496926399734 8
1752995644585 0.337680677853464 9
1752995883273 0.3600265824887855 10
1752996117458 0.3699950157833527 11
1752996355534 0.380544941020103 12
1752996592526 0.3935869745804951 13
1752996830381 0.4044691809270643 14
1752997066683 0.4156005981059977 15
1752997294280 0.42615052334274794 16
1752997522833 0.42515368001329124 17
1752997758628 0.4355374646951321 18
1752997987787 0.4485794982555242 19
1752998215121 0.44700116298388437 20
1752998448632 0.4520684499086227 21
1752998687863 0.46037547765409537 22
1752998918015 0.46619039707592624 23
1752999160235 0.47433128426648946 24
1752999388623 0.48513042033560394 25
1752999626104 0.486625685329789 26
1752999864428 0.4906130586476159 27
1753000098324 0.49651104834690146 28
1753000328746 0.5004153513872737 29
1753000571549 0.5037381624854627 30
1753000810068 0.5026582488785513 31
1753001047743 0.5049011463698289 32
1753001282250 0.5114636982887523 33
1753001516591 0.5187738827047682 34
1753001747917 0.5224289749127762 35
1753001982983 0.522512045190231 36
1753002217725 0.531898986542615 37
1753002481532 0.5342249543113474 38
1753002748353 0.535886359860442 39
1753002945808 0.5387107492939026 40
1753003191211 0.53954145206845 41
1753003455048 0.5371324140222629 42
1753003478143 0.5435288253862768 43
1753003506722 0.545273301212826 44
1753003623034 0.5491776042531982 45
1753003862140 0.5455225120451902 46
1753004058570 0.5496760259179265 47
1753004247942 0.5488453231433793 48
1753004450644 0.5574846319986708 49
1753004476157 0.5598105997674032 50
