1752993543049 4.639385265444931 0
1752993774266 4.3835791396805375 1
1752994007034 4.040975921683842 2
1752994241945 3.678903843174671 3
1752994472729 3.356586194220485 4
1752994702771 3.067524488805652 5
1752994935519 2.8587808813116347 6
1752995164299 2.6545744354217513 7
1752995403348 2.491649711916551 8
1752995644585 2.336781252690827 9
1752995883274 2.1739234173365234 10
1752996117459 2.0380072403144927 11
1752996355535 1.9305354096221485 12
1752996592527 1.8340013811084535 13
1752996830382 1.7371870918434442 14
1752997066684 1.6310522183339375 15
1752997294281 1.5402458525428615 16
1752997522834 1.489065733460932 17
1752997758629 1.4137919826928442 18
1752997987788 1.3392473700682186 19
1752998215122 1.2968663599542443 20
1752998448633 1.2208240167698705 21
1752998687864 1.1551729446660153 22
1752998918016 1.1075103511820623 23
1752999160236 1.0368670009842076 24
1752999388624 0.9813302624654971 25
1752999626105 0.9400813122655862 26
1752999864429 0.9213878208376525 27
1753000098325 0.8852846717224582 28
1753000328747 0.8579911830612689 29
1753000571550 0.8176815973337156 30
1753000810069 0.7911881720261357 31
1753001047744 0.7675529397278869 32
1753001282251 0.7309153079101826 33
1753001516592 0.6932143858396379 34
1753001747918 0.6384759838145236 35
1753001982984 0.6383658171260933 36
1753002217726 0.5883072822700253 37
1753002481533 0.5651616166033191 38
1753002748354 0.5498121550945293 39
1753002945809 0.5239440537268578 40
1753003191212 0.5208704329136608 41
1753003455049 0.5007469406312277 42
1753003478144 0.4679402062326606 43
1753003506723 0.45839348546360653 44
1753003623035 0.4392111330351777 45
1753003862141 0.45107561730987056 46
1753004058571 0.45298889809901755 47
1753004247943 0.43540304106051975 48
1753004450645 0.39438308239865755 49
1753004476158 0.368607880395857 50
