1753540215716 0.01910616381458714 0
1753540226528 0.022013623525502575 1
1753540236977 0.035637149028077755 2
1753540248133 0.04253198205682007 3
1753540259181 0.05150357202193055 4
1753540269630 0.05391261006811763 5
1753540279223 0.06629008140887191 6
1753540289358 0.07542781192889184 7
1753540299733 0.08024588802126599 8
1753540310952 0.08822063465691976 9
1753540322193 0.09544774879548097 10
1753540332711 0.09137730520019936 11
1753540343534 0.09602924073766407 12
1753540352711 0.10940355540787507 13
1753540362859 0.11579996677188902 14
1753540373902 0.12576840006645623 15
1753540384051 0.12510383784681842 16
1753540392326 0.1306695464362851 17
1753540401660 0.1359860441933876 18
1753540412208 0.14038876889848811 19
1753540421633 0.14786509386941352 20
1753540430848 0.14421000166140555 21
1753540441445 0.14636982887522845 22
1753540451929 0.15509220800797474 23
1753540462656 0.1555906296727031 24
1753540473160 0.15916265160325635 25
1753540484587 0.16630669546436286 26
1753540494676 0.16315002492108324 27
1753540504888 0.17154012294401064 28
1753540514490 0.17901644791493604 29
1753540526036 0.17885030736002658 30
1753540536892 0.17926565874730022 31
1753540548155 0.17893337763748132 32
1753540558971 0.17851802625020768 33
1753540568899 0.17876723708257186 34
1753540578626 0.18940023259677688 35
1753540588835 0.1919754111978734 36
1753540599706 0.19637813590297393 37
1753540609317 0.20144542282771224 38
1753540619474 0.20210998504735006 39
1753540627794 0.20775876391427148 40
1753540638915 0.21216148861937198 41
1753540649791 0.2100016614055491 42
1753540659263 0.20676192058481474 43
1753540669621 0.2158996511048347 44
1753540679186 0.21548429971756106 45
1753540688446 0.21066622362518692 46
1753540699395 0.22129921913939193 47
1753540709642 0.2208838677521183 48
1753540720058 0.22271141385612228 49
1753540730849 0.2224622030237581 50
1753540740358 0.22503738162485462 51
1753540751434 0.22644957634158497 52
1753540762159 0.2274464196710417 53
1753540773333 0.22819405216813424 54
1753540783657 0.23351054992523676 55
1753540793748 0.23467353380960293 56
1753540804408 0.23193221465359695 57
1753540814079 0.23326133909287258 58
1753540824503 0.2395746801794318 59
1753540835646 0.24256521016780197 60
1753540846147 0.23949160990197707 61
1753540856498 0.2436451237747134 62
1753540866688 0.2443096859943512 63
1753540877461 0.2479647782023592 64
1753540887425 0.2507060973583652 65
1753540897758 0.2508722379132746 66
1753540906403 0.2501246054161821 67
1753540917292 0.2482139890347234 68
1753540928922 0.24962618375145373 69
1753540938759 0.2505399568034557 70
1753540948776 0.25311513540455227 71
1753540958820 0.259262335936202 72
1753540968010 0.2560225951154677 73
1753540977366 0.25934540621365676 74
1753540987463 0.25976075760093037 75
1753540997782 0.26374813091875726 76
1753541007793 0.25901312510383784 77
1753541017630 0.2630835686991195 78
1753541027283 0.2648280445256687 79
1753541036561 0.2669048014620369 80
1753541047926 0.26673866090712745 81
1753541058808 0.2679016447914936 82
1753541069375 0.2684831367336767 83
1753541079246 0.26840006645622194 84
1753541090222 0.2669878717394916 85
1753541099624 0.2704768233925901 86
1753541109703 0.27055989367004485 87
1753541120238 0.2710583153347732 88
1753541129198 0.27180594783186574 89
1753541139703 0.27554411031732845 90
1753541150444 0.27645788336933047 91
1753541161029 0.27654095364678516 92
1753541171906 0.27612560225951155 93
1753541182430 0.2820235919587971 94
1753541192788 0.28268815417843496 95
1753541204214 0.27728858614387775 96
1753541215502 0.28177438112643294 97
1753541226348 0.2820235919587971 98
1753541238063 0.27770393753115136 99
1753541248927 0.28019604585479313 100
