1753540215717 4.5855128860144365 0
1753540226529 4.544648860957139 1
1753540236979 4.494325041022603 2
1753540248134 4.443840662887791 3
1753540259182 4.408675078743046 4
1753540269631 4.370833631164485 5
1753540279224 4.321361274219353 6
1753540289359 4.2816499912431984 7
1753540299734 4.234160689759838 8
1753540310953 4.202459905356586 9
1753540322194 4.174865159711022 10
1753540332713 4.14730755518011 11
1753540343535 4.12234046641791 12
1753540352712 4.097588229538582 13
1753540362860 4.063948327089658 14
1753540373903 4.055771669849588 15
1753540384052 4.045247889907072 16
1753540392327 4.040182046197803 17
1753540401661 4.011701200566648 18
1753540412209 3.983421096943442 19
1753540421634 3.97684897034955 20
1753540430849 3.9648461730491666 21
1753540441446 3.952055817170232 22
1753540451930 3.9331041049149076 23
1753540462657 3.9285672839702137 24
1753540473161 3.904082381156579 25
1753540484588 3.894022589885782 26
1753540494677 3.893428257554863 27
1753540504889 3.8804459774761075 28
1753540514491 3.8569322492343456 29
1753540526037 3.8298099214722856 30
1753540536893 3.823384057193352 31
1753540548156 3.821961597933333 32
1753540558972 3.818185106608927 33
1753540568900 3.8185718651844582 34
1753540578627 3.796247908574663 35
1753540588836 3.790857930329585 36
1753540599707 3.7766068368857066 37
1753540609318 3.7680646520475136 38
1753540619475 3.769268486870959 39
1753540627795 3.7409591455293962 40
1753540638916 3.7434993594180193 41
1753540649792 3.7458290904479736 42
1753540659264 3.746586793634926 43
1753540669622 3.7176686637469927 44
1753540679187 3.707697379624003 45
1753540688447 3.7181968081319248 46
1753540699396 3.6958863802049966 47
1753540709643 3.675871616478469 48
1753540720059 3.6658999693022034 49
1753540730850 3.6831262459014593 50
1753540740359 3.6692701243885293 51
1753540751435 3.6736625537360457 52
1753540762160 3.6609004290439664 53
1753540773334 3.6494674653182795 54
1753540783658 3.6531712573974993 55
1753540793749 3.633108139038086 56
1753540804409 3.6327564915769592 57
1753540814081 3.635675193725158 58
1753540824505 3.622406011097699 59
1753540835647 3.6067791088127796 60
1753540846149 3.6170042302349565 61
1753540856499 3.606113332014848 62
1753540866689 3.603519411871787 63
1753540877462 3.6160064777661427 64
1753540887426 3.5888690230586486 65
1753540897759 3.5908867088190357 66
1753540906405 3.5949787050641513 67
1753540917293 3.592697024033593 68
1753540928924 3.602649378050668 69
1753540938760 3.5808715227633545 70
1753540948777 3.5790288746419323 71
1753540958821 3.560424964244357 72
1753540968011 3.5612818345686312 73
1753540977367 3.5542918795645297 74
1753540987464 3.558554494884828 75
1753540997784 3.543216585720102 76
1753541007794 3.5519271340547784 77
1753541017631 3.534867405118142 78
1753541027285 3.529785272989794 79
1753541036563 3.5351774837337646 80
1753541047927 3.5308871963678183 81
1753541058809 3.5401206013921365 82
1753541069376 3.5299293979313315 83
1753541079247 3.527202405061999 84
1753541090224 3.5265520123363814 85
1753541099625 3.538331021185474 86
1753541109704 3.5237143279793224 87
1753541120239 3.5084075026181383 88
1753541129199 3.520013776514465 89
1753541139704 3.4999508819562117 90
1753541150445 3.494473529806145 91
1753541161030 3.4882133382961675 92
1753541171907 3.4985667143463712 93
1753541182432 3.4928921741480408 94
1753541192789 3.4906104466959533 95
1753541204215 3.4861276669653423 96
1753541215503 3.474703160245739 97
1753541226349 3.485123468433172 98
1753541238064 3.484531398197676 99
1753541248928 3.469424583568162 100
