1753699929011 0.03754776540953647 0
1753699958138 0.0768400066456222 1
1753699998370 0.08946668881874066 2
1753700033731 0.10184416015949493 3
1753700081167 0.13640139558066125 4
1753700110131 0.15044027247051006 5
1753700139876 0.1648945007476325 6
1753700179264 0.18142548596112312 7
1753700221160 0.19405216813424156 8
1753700248419 0.2100016614055491 9
1753700281300 0.22503738162485462 10
1753700311365 0.22794484133577006 11
1753700347614 0.23749792324306362 12
1753700389795 0.2427313507227114 13
1753700431620 0.2512875893005483 14
1753700467948 0.25677022761256024 15
1753700497423 0.2628343578667553 16
1753700534245 0.26997840172786175 17
1753700562517 0.27114138561222795 18
1753700602924 0.2778700780860608 19
1753700630243 0.27728858614387775 20
1753700672554 0.2825220136235255 21
1753700698765 0.28825386276790166 22
1753700740508 0.28883535471008476 23
1753700766434 0.28808772221299217 24
1753700805931 0.2979730852301047 25
1753700832575 0.296976241900648 26
1753700876061 0.2979730852301047 27
1753700906165 0.30245888021265993 28
1753700936984 0.3019604585479316 29
1753700963207 0.30378800465193556 30
1753700989072 0.30046519355374646 31
1753701026815 0.3059478318657584 32
1753701060978 0.3077753779697624 33
1753701101086 0.30976906462867587 34
1753701139029 0.3091875726864928 35
1753701176692 0.3079415185246719 36
1753701215244 0.30827379963449075 37
1753701250430 0.30785844824721714 38
1753701293361 0.313673367669048 39
1753701330236 0.3092706429639475 40
1753701372006 0.3117627512875893 41
1753701405119 0.31383950822395745 42
1753701437989 0.3157501246054162 43
1753701480312 0.3150855623857784 44
1753701510678 0.3129257351719555 45
1753701554588 0.31533477321814257 46
1753701596078 0.3174946004319654 47
1753701634785 0.31874065459378637 48
1753701673834 0.3141717893337764 49
1753701700595 0.31242731350722713 50
1753701726178 0.31284266489450074 51
1753701758659 0.3193221465359694 52
1753701801045 0.3223126765243396 53
1753701826607 0.32339259013125105 54
1753701872106 0.3234756604087058 55
1753701897557 0.31940521681342415 56
1753701939598 0.32065127097524504 57
1753701965010 0.3228941684665227 58
1753702007871 0.320069779033062 59
1753702054011 0.3242232929057983 60
1753702079929 0.32040206014288086 61
1753702121783 0.32372487124106997 62
1753702149414 0.3233095198537963 63
1753702181968 0.3234756604087058 64
1753702207432 0.3264661903970759 65
1753702251287 0.32621697956471174 66
1753702283085 0.326133909287257 67
1753702327220 0.3253032065127098 68
1753702354920 0.3254693470676192 69
1753702381457 0.32438943346070775 70
1753702407142 0.32679847150689484 71
1753702433066 0.3260508390098023 72
1753702474281 0.3324472503738162 73
1753702512795 0.327961455391261 74
1753702552739 0.32879215816580826 75
1753702579796 0.33020435288253863 76
1753702605829 0.3286260176108988 77
1753702647062 0.33120119621199534 78
1753702685164 0.3313673367669048 79
1753702714617 0.33020435288253863 80
1753702752103 0.3297059312178103 81
1753702796572 0.32779531483635155 82
1753702837232 0.3308689151021764 83
1753702878754 0.33211496926399736 84
1753702920413 0.32879215816580826 85
1753702956255 0.33061970426981224 86
1753702984372 0.33053663399235755 87
1753703027334 0.3326133909287257 88
1753703072166 0.335271639807277 89
1753703097769 0.3318657584316332 90
1753703139886 0.3320318989865426 91
1753703172242 0.3342747964778202 92
1753703199795 0.3328626017610899 93
1753703225765 0.3310350556570859 94
1753703251392 0.33336102342581825 95
1753703292871 0.3312842664894501 96
1753703332549 0.33253032065127097 97
1753703358626 0.33336102342581825 98
1753703403328 0.33253032065127097 99
1753703429359 0.3341917262003655 100
