1753699929012 4.521999971041946 0
1753699958140 4.3228218051823 1
1753699998371 4.20228249095279 2
1753700033732 4.076750830617203 3
1753700081168 3.954543381087524 4
1753700110132 3.8675841071985335 5
1753700139877 3.8328743315586165 6
1753700179266 3.755905570744919 7
1753700221161 3.703955615906317 8
1753700248420 3.698617464080718 9
1753700281301 3.665563012883114 10
1753700311366 3.6402987725791087 11
1753700347615 3.621759786169807 12
1753700389796 3.6326975531846464 13
1753700431621 3.6077562018240514 14
1753700467949 3.615124170545455 15
1753700497424 3.615357992520116 16
1753700534246 3.6011281300287012 17
1753700562518 3.615194462182058 18
1753700602925 3.6219617447348713 19
1753700630245 3.6105418835481506 20
1753700672555 3.6204464513653365 21
1753700698766 3.6317303678148285 22
1753700740509 3.6205039179819 23
1753700766435 3.643096176113487 24
1753700805932 3.631661518532054 25
1753700832576 3.640218866946533 26
1753700876062 3.6608620923379647 27
1753700906166 3.6382728283950088 28
1753700936985 3.652584971737278 29
1753700963208 3.667810225547869 30
1753700989074 3.674716988054996 31
1753701026816 3.666333699842506 32
1753701060979 3.6642564539568623 33
1753701101087 3.68401765942162 34
1753701139031 3.6875933270607564 35
1753701176694 3.690172370955844 36
1753701215245 3.69508890680724 37
1753701250431 3.6845456934556426 38
1753701293362 3.6764785848943027 39
1753701330237 3.6874276874896794 40
1753701372007 3.6830474735054666 41
1753701405120 3.700530234179404 42
1753701437990 3.711933464048846 43
1753701480313 3.720015332436407 44
1753701510680 3.6938663981067608 45
1753701554589 3.7002208081030603 46
1753701596079 3.6942040699250183 47
1753701634786 3.6899619426225163 48
1753701673835 3.7246715664009242 49
1753701700596 3.7224935173901037 50
1753701726179 3.733270233449863 51
1753701758660 3.688824157406531 52
1753701801046 3.7150669188043217 53
1753701826608 3.705151843414144 54
1753701872107 3.7182021708319093 55
1753701897558 3.7280828369838668 56
1753701939599 3.707361675114481 57
1753701965011 3.697286854705244 58
1753702007872 3.700330776577341 59
1753702054012 3.71477989015232 60
1753702079930 3.7281499252574517 61
1753702121785 3.7246373609771637 62
1753702149416 3.716952761712746 63
1753702181969 3.7189249304653487 64
1753702207433 3.701799396784841 65
1753702251289 3.724534126371613 66
1753702283086 3.743100585199645 67
1753702327222 3.747784005785542 68
1753702354921 3.7246469958235364 69
1753702381458 3.720100047230895 70
1753702407143 3.7193898020129392 71
1753702433068 3.7414281719722218 72
1753702474282 3.726473566747268 73
1753702512796 3.744167090750035 74
1753702552740 3.749513510200712 75
1753702579797 3.7627901553633722 76
1753702605830 3.745209122560318 77
1753702647063 3.7484915523171476 78
1753702685165 3.7366331977234597 79
1753702714618 3.7300462262008476 80
1753702752104 3.733433583280885 81
1753702796573 3.7371499826513865 82
1753702837233 3.734053759691256 83
1753702878755 3.7289166123760022 84
1753702920414 3.7521825247970577 85
1753702956257 3.7541291736476365 86
1753702984373 3.7337849485148293 87
1753703027335 3.7556944824077014 88
1753703072167 3.753149647547077 89
1753703097771 3.7349453871938367 90
1753703139887 3.7363233841265013 91
1753703172243 3.728527305206137 92
1753703199796 3.750103539818998 93
1753703225766 3.7398690791821276 94
1753703251393 3.7405162099596847 95
1753703292872 3.728030612311445 96
1753703332550 3.744867869767591 97
1753703358628 3.7199431802811644 98
1753703403329 3.7409709489702254 99
1753703429361 3.7321110266812503 100
