1752709480618 0.02119205298013245 0
1752709494940 0.0418046357615894 1
1752709509803 0.05827814569536424 2
1752709524354 0.07094370860927152 3
1752709539106 0.08998344370860926 4
1752709554018 0.09735099337748344 5
1752709568245 0.10687086092715231 6
1752709583742 0.11945364238410595 7
1752709598465 0.12458609271523179 8
1752709612753 0.1341887417218543 9
1752709627191 0.14213576158940397 10
1752709641580 0.1451158940397351 11
1752709657029 0.14892384105960266 12
1752709671410 0.1610927152317881 13
1752709686025 0.16986754966887418 14
1752709700367 0.17276490066225167 15
1752709715338 0.17706953642384107 16
1752709730597 0.18857615894039736 17
1752709744951 0.18990066225165564 18
1752709759839 0.19710264900662253 19
1752709774607 0.20049668874172186 20
1752709790042 0.20281456953642385 21
1752709804848 0.20571192052980133 22
1752709820190 0.20794701986754968 23
1752709835082 0.2168046357615894 24
1752709850327 0.22044701986754967 25
1752709865490 0.22425496688741722 26
1752709880415 0.2298841059602649 27
1752709894889 0.2337748344370861 28
1752709910408 0.2396523178807947 29
1752709925910 0.24089403973509935 30
1752709940736 0.24288079470198676 31
1752709955053 0.2461092715231788 32
1752709969520 0.24966887417218542 33
1752709985116 0.25066225165562916 34
1752710000685 0.25554635761589406 35
1752710015271 0.25927152317880797 36
1752710029912 0.2593543046357616 37
1752710044226 0.2619205298013245 38
1752710058772 0.26142384105960265 39
1752710073154 0.2646523178807947 40
1752710087632 0.26978476821192054 41
1752710102338 0.27483443708609273 42
1752710117486 0.2731788079470199 43
1752710132087 0.27781456953642386 44
1752710146301 0.27905629139072846 45
1752710161143 0.27922185430463575 46
1752710175659 0.28402317880794703 47
1752710190135 0.28211920529801326 48
1752710204833 0.2856788079470199 49
1752710219467 0.28874172185430463 50
1752710233965 0.29147350993377485 51
1752710249437 0.29130794701986756 52
1752710263766 0.2919701986754967 53
1752710278397 0.29271523178807946 54
1752710293095 0.2933774834437086 55
1752710308607 0.29519867549668877 56
1752710323550 0.298841059602649 57
1752710339271 0.2991721854304636 58
1752710354802 0.302317880794702 59
1752710370471 0.30149006622516555 60
1752710385870 0.3019867549668874 61
1752710401712 0.3037251655629139 62
1752710416685 0.30604304635761587 63
1752710432461 0.30480132450331127 64
1752710448275 0.3077814569536424 65
1752710463942 0.30529801324503314 66
1752710479610 0.3079470198675497 67
1752710495159 0.31084437086092714 68
1752710510632 0.31026490066225165 69
1752710526105 0.3124172185430464 70
1752710540520 0.3128311258278146 71
1752710556020 0.31490066225165564 72
1752710571661 0.3167218543046358 73
1752710587118 0.3160596026490066 74
1752710602805 0.3164735099337748 75
1752710618523 0.31895695364238413 76
1752710632888 0.3179635761589404 77
1752710647323 0.3209437086092715 78
1752710662840 0.3195364238410596 79
1752710678473 0.3218543046357616 80
1752710692920 0.32326158940397354 81
1752710707359 0.3244205298013245 82
1752710722192 0.32392384105960265 83
1752710736658 0.32367549668874174 84
1752710751753 0.32491721854304634 85
1752710767020 0.32855960264900663 86
1752710781351 0.3264072847682119 87
1752710795921 0.32822847682119205 88
1752710810411 0.32748344370860927 89
1752710825923 0.32839403973509934 90
1752710840353 0.3330298013245033 91
1752710855727 0.33294701986754965 92
1752710870291 0.3320364238410596 93
1752710885942 0.33261589403973507 94
1752710900709 0.3353476821192053 95
1752710915372 0.33625827814569537 96
1752710930685 0.336341059602649 97
1752710945028 0.33600993377483446 98
1752710959175 0.33683774834437086 99
1752710973508 0.33667218543046357 100
