1752709480619 4.59215843811407 0
1752709494941 4.507223537499229 1
1752709509804 4.405538727909257 2
1752709524355 4.316558841124104 3
1752709539107 4.223917220805403 4
1752709554019 4.1373465687169135 5
1752709568246 4.049752306852282 6
1752709583743 3.9739992154253367 7
1752709598466 3.897505559565582 8
1752709612754 3.831221818368196 9
1752709627192 3.7708712554781285 10
1752709641581 3.711280290897076 11
1752709657030 3.6519373341318055 12
1752709671411 3.604571771864215 13
1752709686026 3.548824456920814 14
1752709700368 3.507570098835322 15
1752709715339 3.4649415554498106 16
1752709730598 3.4214814129863966 17
1752709744951 3.383563451783135 18
1752709759840 3.342780864498933 19
1752709774608 3.310181441613238 20
1752709790043 3.2834270555201566 21
1752709804849 3.2518280325968605 22
1752709820191 3.2263804296488274 23
1752709835083 3.1842414985953007 24
1752709850328 3.158070307663119 25
1752709865490 3.1317362077510515 26
1752709880416 3.106707698158552 27
1752709894890 3.0837588967547425 28
1752709910408 3.054305916318552 29
1752709925911 3.0287668482179635 30
1752709940737 3.0112495884649784 31
1752709955054 2.992028426128718 32
1752709969521 2.9756660413934055 33
1752709985117 2.959292327556905 34
1752710000686 2.9334965817982375 35
1752710015272 2.9141454196476437 36
1752710029912 2.892473167927494 37
1752710044227 2.879417462731903 38
1752710058773 2.8715545325290353 39
1752710073155 2.8589174115928104 40
1752710087633 2.835580930110635 41
1752710102339 2.813139404930233 42
1752710117487 2.8022351449615597 43
1752710132088 2.7864451880272125 44
1752710146302 2.7663473682803708 45
1752710161144 2.7690240007811973 46
1752710175660 2.7488152566262287 47
1752710190136 2.7348404426043205 48
1752710204834 2.722729761485807 49
1752710219468 2.7056185535314503 50
1752710233966 2.6886330325615106 51
1752710249438 2.685143895613033 52
1752710263767 2.6706408686899588 53
1752710278398 2.6598152112319173 54
1752710293095 2.650161067126893 55
1752710308608 2.6380192765772255 56
1752710323551 2.6266604528560507 57
1752710339272 2.6193821229629535 58
1752710354803 2.6106676495562775 59
1752710370472 2.6009529159088767 60
1752710385871 2.5875801903308764 61
1752710401713 2.5834801864209735 62
1752710416685 2.5761796235154053 63
1752710432462 2.5639703681242114 64
1752710448276 2.5572476852341812 65
1752710463943 2.5559536204117794 66
1752710479611 2.539572857350307 67
1752710495160 2.5318431215762183 68
1752710510633 2.5268971380679175 69
1752710526106 2.512106317803374 70
1752710540521 2.505213908041198 71
1752710556021 2.495875036585101 72
1752710571662 2.491174276551091 73
1752710587119 2.4914033672622162 74
1752710602805 2.488419844074051 75
1752710618523 2.469454392598175 76
1752710632889 2.467606576804161 77
1752710647324 2.4531845497261493 78
1752710662841 2.4481101882207645 79
1752710678474 2.447955344245706 80
1752710692921 2.445945027761728 81
1752710707360 2.440507200075474 82
1752710722193 2.4300638703527935 83
1752710736659 2.4274377596532424 84
1752710751754 2.4203171240346215 85
1752710767021 2.4066910410639744 86
1752710781352 2.4022376976242557 87
1752710795922 2.39786952952506 88
1752710810412 2.3969959352677797 89
1752710825924 2.400707328817202 90
1752710840354 2.3846284180128063 91
1752710855728 2.379659597462935 92
1752710870292 2.37504712703951 93
1752710885943 2.3664597539634973 94
1752710900710 2.3587986536830834 95
1752710915373 2.352910247627621 96
1752710930686 2.3499856614338994 97
1752710945029 2.3502441298964167 98
1752710959176 2.34412101155546 99
1752710973509 2.334458813308078 100
