1753140550442 0.027994683502242896 0
1753140572932 0.06421332447250373 1
1753140596226 0.08614387772055158 2
1753140621569 0.1076590795813258 3
1753140644362 0.12128260508390099 4
1753140666021 0.14412693138395083 5
1753140684128 0.1643130088054494 6
1753140707022 0.1845821565044027 7
1753140730570 0.19795647117461374 8
1753140753425 0.2041036717062635 9
1753140776949 0.21540122944010634 10
1753140799831 0.2224622030237581 11
1753140814396 0.22894168466522677 12
1753140836573 0.2423990696128925 13
1753140860492 0.24871241069945174 14
1753140884239 0.26457883369330454 15
1753140909916 0.26241900647948163 16
1753140933331 0.2678185745140389 17
1753140960062 0.27454726698787174 18
1753140984766 0.2868416680511713 19
1753141004790 0.28393420834025584 20
1753141027792 0.2895829872071773 21
1753141052289 0.28725701943844495 22
1753141077152 0.2963947499584649 23
1753141102030 0.2955640471839176 24
1753141124658 0.30536633992357537 25
1753141148686 0.30561555075593955 26
1753141173658 0.3023758099352052 27
1753141196639 0.3119288918424988 28
1753141221542 0.31940521681342415 29
1753141246296 0.3185745140388769 30
1753141270580 0.32198039541452067 31
1753141293932 0.32380794151852466 32
1753141320108 0.322478817079249 33
1753141341158 0.32812759594617047 34
1753141365059 0.333444093703273 35
1753141389370 0.33219803954145205 36
1753141410451 0.3391759428476491 37
1753141434396 0.34017278617710583 38
1753141458729 0.3400897158996511 39
1753141483583 0.3482306030902143 40
1753141503839 0.34872902475494266 41
1753141527091 0.3469014786509387 42
1753141553522 0.34648612726366507 43
1753141575482 0.35055657085894665 44
1753141598194 0.35446087389931885 45
1753141621442 0.351968765575677 46
1753141647289 0.3569529822229606 47
1753141673004 0.3587805283269646 48
1753141694242 0.36368167469679347 49
1753141718909 0.36085728526333277 50
1753141742309 0.36667220468516365 51
1753141766975 0.36567536135570694 52
1753141787239 0.365343080245888 53
1753141810967 0.3705765077255358 54
1753141835581 0.369911945505898 55
1753141860972 0.37049343744808105 56
1753141886264 0.37007808606080744 57
1753141908623 0.37481309187572687 58
1753141933704 0.37232098355208504 59
1753141958634 0.3783020435288254 60
1753141982108 0.3718225618873567 61
1753142007119 0.3730686160491776 62
1753142019850 0.3734008971589965 63
1753142045861 0.37688984881209503 64
1753142071085 0.3801295896328294 65
1753142096507 0.3808772221299219 66
1753142118814 0.38262169795647116 67
1753142142982 0.38204020601428806 68
1753142165699 0.3801295896328294 69
1753142189952 0.3845323143379299 70
1753142212130 0.3831201196211995 71
1753142233838 0.3829539790662901 72
1753142257846 0.386941352384117 73
1753142281604 0.38594450905466027 74
1753142306052 0.3863598604419339 75
1753142328800 0.38727363349393584 76
1753142352995 0.3879381957135737 77
1753142377376 0.3901810932048513 78
1753142400254 0.3906795148695797 79
1753142424916 0.3923409204186742 80
1753142450703 0.3899318823724871 81
1753142475384 0.39225785014121944 82
1753142499889 0.38885196876557565 83
1753142524064 0.38901810932048514 84
1753142546668 0.39458381790995184 85
1753142571381 0.3914271473666722 86
1753142596950 0.3935869745804951 87
1753142621627 0.39616215318159165 88
1753142645156 0.3956637315168633 89
1753142668922 0.40056487788669215 90
1753142694127 0.395746801794318 91
1753142718529 0.3980727695630503 92
1753142736089 0.39699285595613887 93
1753142758879 0.3989034723375976 94
1753142784125 0.3991526831699618 95
1753142804309 0.3972420667885031 96
1753142826764 0.40272470510051506 97
1753142849769 0.400315667054328 98
1753142874218 0.4018940023259678 99
1753142898855 0.4000664562219638 100
1753142923802 0.40372154842997177 101
1753142947310 0.40463532148197373 102
1753142971220 0.40056487788669215 103
1753142994647 0.4013955806612394 104
1753143020697 0.40023259677687323 105
1753143045753 0.40239242399069614 106
1753143067282 0.40098022927396576 107
1753143088167 0.40272470510051506 108
1753143110137 0.4035554078750623 109
1753143133064 0.4051337431467021 110
1753143149809 0.4066290081408872 111
1753143171585 0.4067120784183419 112
1753143198200 0.40654593786343246 113
1753143219438 0.4080412028576175 114
1753143241849 0.4060475161987041 115
1753143268079 0.4048845323143379 116
1753143293090 0.4086226947998006 117
1753143319207 0.40496760259179265 118
1753143344156 0.4097856786841668 119
1753143363249 0.4122777870078086 120
1753143388034 0.4097856786841668 121
1753143414455 0.40961953812925733 122
1753143438912 0.41294234922744644 123
1753143464279 0.4088719056321648 124
1753143487275 0.4132746303372653 125
1753143499976 0.41119787340089714 126
1753143514518 0.41136401395580663 127
1753143537101 0.40870576507725537 128
1753143560657 0.4076258514703439 129
1753143584366 0.4116962950656255 130
1753143607893 0.4097856786841668 131
1753143633258 0.41236085728526334 132
1753143658464 0.41252699784017277 133
1753143682007 0.4131915600598106 134
1753143704137 0.4134407708921748 135
1753143728579 0.4154344575510882 136
1753143750791 0.4120285761754444 137
1753143774690 0.4156005981059977 138
1753143798406 0.41427147366672207 139
1753143822575 0.4147698953314504 140
1753143845878 0.4150191061638146 141
1753143871120 0.417012792822728 142
1753143889866 0.41676358199036384 143
1753143913064 0.4153513872736335 144
1753143937725 0.41634823060309023 145
1753143959674 0.4185080578169131 146
1753143987045 0.41709586310018276 147
1753144009681 0.4178434955972753 148
1753144032745 0.4182588469845489 149
1753144055027 0.41892340920418675 150
1753144078400 0.41618209004818074 151
1753144104711 0.4175942847649111 152
1753144128552 0.41767735504236586 153
1753144150712 0.4175942847649111 154
1753144174762 0.41634823060309023 155
1753144197586 0.4190895497590962 156
1753144222740 0.41618209004818074 157
1753144249633 0.4198371822561887 158
1753144275561 0.420667885030736 159
1753144301104 0.4184249875394584 160
1753144325261 0.421581658082738 161
1753144349239 0.42116630669546434 162
1753144371706 0.4208340255856455 163
1753144392985 0.42266157168964946 164
1753144416260 0.4191726200365509 165
1753144439347 0.423409204186742 166
1753144463698 0.4210001661405549 167
1753144483207 0.4202525336434624 168
1753144505709 0.4203356039209171 169
1753144533393 0.42274464196710415 170
1753144556221 0.4224123608572853 171
1753144581278 0.4196710417012793 172
1753144603768 0.421581658082738 173
1753144625821 0.4240737664063798 174
1753144652147 0.42050174447582656 175
1753144676853 0.4235753447416514 176
1753144702331 0.42573517195547433 177
1753144727709 0.42390762585147035 178
1753144751781 0.42573517195547433 179
1753144775356 0.425236750290746 180
1753144794435 0.4253198205682007 181
1753144821241 0.42615052334274794 182
1753144844394 0.4288087722212992 183
1753144869268 0.42457218807110814 184
1753144892031 0.42274464196710415 185
1753144917015 0.4256521016780196 186
1753144939514 0.4255690314005649 187
1753144963552 0.4259843827878385 188
1753144988203 0.42291078252201364 189
1753145012781 0.42423990696128927 190
1753145038883 0.42573517195547433 191
1753145061768 0.4272304369496594 192
1753145085677 0.4290579830536634 193
1753145109384 0.42855956138893503 194
1753145133538 0.4232430636318325 195
1753145158499 0.4241568366838345 196
1753145184224 0.4262335936202027 197
1753145207495 0.42573517195547433 198
1753145230379 0.42797806944675193 199
1753145257177 0.4272304369496594 200
