1753140550443 4.521214221231756 0
1753140572933 4.332881716061497 1
1753140596227 4.139823996364684 2
1753140621570 3.981280555483636 3
1753140644363 3.8410178972452997 4
1753140666022 3.712420909318447 5
1753140684129 3.606624190541435 6
1753140707023 3.503165078203058 7
1753140730571 3.421504024731911 8
1753140753426 3.34494844537371 9
1753140776950 3.26944245175104 10
1753140799832 3.2025156419979126 11
1753140814397 3.1511740438931657 12
1753140836574 3.083551020010118 13
1753140860493 3.0386987131094427 14
1753140884240 2.9750458356675105 15
1753140909917 2.9452543867684526 16
1753140933332 2.9133512062815896 17
1753140960063 2.87655780336103 18
1753140984767 2.8213725922109694 19
1753141004791 2.820981294908242 20
1753141027793 2.7739169320929973 21
1753141052290 2.7585606647163887 22
1753141077153 2.729039226660396 23
1753141102031 2.7070051639193293 24
1753141124659 2.660876089981795 25
1753141148687 2.646824707288227 26
1753141173659 2.6460551866479287 27
1753141196640 2.6069869133350516 28
1753141221543 2.5768778285775182 29
1753141246297 2.5646606746341525 30
1753141270581 2.551273937918422 31
1753141293933 2.5267663799860807 32
1753141320109 2.5196264480279815 33
1753141341159 2.5005247135695168 34
1753141365060 2.471724896877848 35
1753141389371 2.4638730616069635 36
1753141410452 2.4384544776009327 37
1753141434397 2.422484155640639 38
1753141458730 2.4132846914828883 39
1753141483584 2.382624232811418 40
1753141503840 2.3693009837760313 41
1753141527092 2.3820243329589252 42
1753141553523 2.360268829525652 43
1753141575483 2.342188141720892 44
1753141598195 2.3289313672551253 45
1753141621443 2.3291184047596003 46
1753141647290 2.3095362447911563 47
1753141673005 2.2935997075860186 48
1753141694243 2.268996695359398 49
1753141718910 2.2739803237311635 50
1753141742310 2.2544313487952463 51
1753141766976 2.258408222379458 52
1753141787240 2.2390824900115724 53
1753141810968 2.2291381822941467 54
1753141835582 2.2191599160463995 55
1753141860973 2.205418109104932 56
1753141886265 2.1998698338289393 57
1753141908624 2.1947805301199947 58
1753141933705 2.192762239467252 59
1753141958635 2.168914232877763 60
1753141982109 2.1738913089479706 61
1753142007120 2.1639382549224226 62
1753142019851 2.15823154883246 63
1753142045862 2.138683867790655 64
1753142071086 2.1221070713884886 65
1753142096508 2.120943222092794 66
1753142118815 2.1075089925108506 67
1753142142983 2.109696237112743 68
1753142165700 2.1081767543280416 69
1753142189953 2.087427040770553 70
1753142212131 2.083898817268743 71
1753142233839 2.0693367168566104 72
1753142257847 2.072699618828449 73
1753142281605 2.063519774171243 74
1753142306053 2.0576340022147463 75
1753142328801 2.053693668027008 76
1753142352996 2.043097586883339 77
1753142377377 2.0296385255343097 78
1753142400255 2.01870339607489 79
1753142424917 2.0231737361608575 80
1753142450704 2.018719561249922 81
1753142475385 2.0091847622789305 82
1753142499890 2.0129001786093204 83
1753142524065 2.0074339582533933 84
1753142546669 1.9865320207877348 85
1753142571382 1.9890887928270327 86
1753142596951 1.9823276010996929 87
1753142621628 1.9645944545024059 88
1753142645156 1.9704701319870077 89
1753142668923 1.9498921029346088 90
1753142694128 1.9574622474135304 91
1753142718530 1.9476179688557793 92
1753142736090 1.9460501459745414 93
1753142758880 1.9307870352229555 94
1753142784126 1.9210861403620574 95
1753142804310 1.9280383752794987 96
1753142826765 1.9092150000981218 97
1753142849770 1.9157863797335026 98
1753142874219 1.9044828287529056 99
1753142898856 1.9100332681255676 100
1753142923803 1.8978709058594843 101
1753142947311 1.892523425861766 102
1753142971221 1.8883837777891277 103
1753142994648 1.9008228151955149 104
1753143020698 1.8918964015493385 105
1753143045754 1.8846233148290712 106
1753143067283 1.8860687348172365 107
1753143088168 1.8835207115851778 108
1753143110138 1.867594397081743 109
1753143133065 1.8535787103193704 110
1753143149810 1.8426826235719944 111
1753143171586 1.8431752767865193 112
1753143198201 1.8410621896264543 113
1753143219439 1.8342512085640947 114
1753143241850 1.8270023643477837 115
1753143268080 1.8244333942986901 116
1753143293091 1.810210928155628 117
1753143319208 1.813084812914759 118
1753143344157 1.8028120449065015 119
1753143363250 1.7972520355226405 120
1753143388035 1.800690892513987 121
1753143414456 1.7959498499172655 122
1753143438913 1.783903501198229 123
1753143464280 1.792541154845224 124
1753143487276 1.7815527239088285 125
1753143499977 1.7845093991453864 126
1753143514519 1.7676093696029422 127
1753143537102 1.7823316690565203 128
1753143560658 1.778639327457982 129
1753143584367 1.7638818477472393 130
1753143607894 1.7574627749710732 131
1753143633259 1.7587778350316123 132
1753143658465 1.7514881841989585 133
1753143682008 1.7453451332505414 134
1753143704138 1.738402336008019 135
1753143728580 1.737423652906589 136
1753143750792 1.7411690115644907 137
1753143774691 1.722246406189466 138
1753143798407 1.7251265966654024 139
1753143822576 1.7272689926306881 140
1753143845879 1.719173416233407 141
1753143871121 1.6987396265627774 142
1753143889867 1.7054891838055073 143
1753143913065 1.7178847846902672 144
1753143937726 1.7066579428896056 145
1753143959675 1.6972499411022297 146
1753143987046 1.6956391474097612 147
1753144009682 1.6963640555683277 148
1753144032746 1.694909434847426 149
1753144055028 1.6788098054993947 150
1753144078401 1.688107286873978 151
1753144104712 1.6926063114793188 152
1753144128553 1.675301821460021 153
1753144150713 1.6802743281572776 154
1753144174763 1.6741198103412671 155
1753144197587 1.667626156597756 156
1753144222741 1.6784928242973538 157
1753144249634 1.673222550778153 158
1753144275562 1.6540622194879322 159
1753144301105 1.661255654147147 160
1753144325262 1.6405898173590863 161
1753144349240 1.6449042981259367 162
1753144371707 1.6378364178750973 163
1753144392986 1.6393129599221608 164
1753144416261 1.6471579159171692 165
1753144439348 1.6314654298910887 166
1753144463699 1.6285929676526496 167
1753144483208 1.6274717839929345 168
1753144505710 1.618434723196144 169
1753144533394 1.6148781804724528 170
1753144556222 1.6083548375083627 171
1753144581279 1.613494371181129 172
1753144603769 1.6146391788694394 173
1753144625822 1.595600356104846 174
1753144652148 1.6167767322745987 175
1753144676854 1.603992030496913 176
1753144702332 1.590614875095313 177
1753144727710 1.5997467643438485 178
1753144751782 1.58296637245023 179
1753144775357 1.5843714371800648 180
1753144794435 1.5917829240707952 181
1753144821242 1.5830147193363207 182
1753144844395 1.571298044884266 183
1753144869269 1.5704048159878157 184
1753144892032 1.5721712972026387 185
1753144917016 1.5670747951571102 186
1753144939515 1.570105762249956 187
1753144963553 1.5626367705255018 188
1753144988204 1.562256512569069 189
1753145012782 1.5598242723634987 190
1753145038884 1.5493978933887418 191
1753145061769 1.546413768305018 192
1753145085679 1.5393559356228057 193
1753145109385 1.5370783039383695 194
1753145133539 1.5490107711113803 195
1753145158500 1.547398671927213 196
1753145184225 1.5310151227462439 197
1753145207496 1.5345074495822535 198
1753145230380 1.5220857612542351 199
1753145257178 1.5210591460928728 200
