1753306487830 4.565199743954762 0
1753306507072 4.454318726198069 1
1753306528737 4.331856348525581 2
1753306547676 4.232761769346852 3
1753306565685 4.14677182667994 4
1753306584218 4.078441060807035 5
1753306603448 4.002713833250083 6
1753306621027 3.9307809875711968 7
1753306640225 3.881868162491884 8
1753306660856 3.8098394706901657 9
1753306681095 3.774028706470424 10
1753306700144 3.748387807930854 11
1753306713606 3.7046613643629405 12
1753306732479 3.664269318321063 13
1753306753160 3.624616626382325 14
1753306773323 3.6074242348328216 15
1753306791734 3.5973490165681987 16
1753306811192 3.57766315790724 17
1753306829694 3.550150595777623 18
1753306849888 3.530609824718573 19
1753306869088 3.5255082772278192 20
1753306888900 3.492900627382967 21
1753306908004 3.4807534527508035 22
1753306928111 3.4616799533692864 23
1753306948592 3.4478025368002596 24
1753306967402 3.411144303518867 25
1753306987456 3.426712974949813 26
1753307005848 3.4246943563961993 27
1753307023698 3.4113392308761514 28
1753307043858 3.380595197367939 29
1753307063704 3.356539279911487 30
1753307084144 3.339088131721003 31
1753307103127 3.3347159206065475 32
1753307123939 3.365296945746279 33
1753307144675 3.363802270535513 34
1753307163861 3.3285730354622562 35
1753307182998 3.333482313915279 36
1753307202279 3.301820935184287 37
1753307220615 3.302358549049092 38
1753307238197 3.3191698038713326 39
1753307259518 3.2905669260195394 40
1753307278207 3.2994147584737976 41
1753307297823 3.306989899411729 42
1753307318162 3.3043151923767304 43
1753307337410 3.2769845322732816 44
1753307357642 3.248080203467029 45
1753307375420 3.279280318137526 46
1753307394870 3.2605207711771387 47
1753307414929 3.238720254757265 48
1753307431674 3.2325831456137286 49
1753307451859 3.2442160492411376 50
1753307471983 3.235370442979022 51
1753307492079 3.241682051109035 52
1753307511542 3.254623247926703 53
1753307532005 3.218992011331119 54
1753307551939 3.22186578257137 55
1753307572465 3.2212773264832433 56
1753307593585 3.225954008408082 57
1753307612587 3.207467492950118 58
1753307632796 3.205393161159596 59
1753307653368 3.1942382136554768 60
1753307673869 3.191365681648154 61
1753307694253 3.1866770219958194 62
1753307712694 3.198678977527554 63
1753307733488 3.233357021629735 64
1753307752930 3.2045884768894712 65
1753307774395 3.1986282239470376 66
1753307794004 3.186813914410053 67
1753307814400 3.1923528370510486 68
1753307834123 3.204797942080183 69
1753307853873 3.1903710018854374 70
1753307872735 3.1922166786207877 71
1753307890658 3.163462165575561 72
1753307910870 3.177792548431775 73
1753307929098 3.170832945963273 74
1753307947949 3.1808609357522584 75
1753307966257 3.17034127635583 76
1753307980555 3.167051806319356 77
1753307998367 3.165309569956175 78
1753308016262 3.1486780573999544 79
1753308033822 3.175578987663561 80
1753308054481 3.163998855643535 81
1753308074324 3.1747957326161758 82
1753308094432 3.164922654290518 83
1753308112805 3.1608011061815016 84
1753308133515 3.144002976294524 85
1753308154527 3.1754881957339958 86
1753308174793 3.1418146998717433 87
1753308193415 3.1451542578283704 88
1753308213986 3.158551556434437 89
1753308234516 3.1221625577531578 90
1753308254487 3.154028771315968 91
1753308273068 3.147637751537519 92
1753308291030 3.136277582438466 93
1753308309207 3.138310104007228 94
1753308327708 3.1335695049889503 95
1753308344301 3.144571394160446 96
1753308364131 3.1243622544972824 97
1753308383399 3.1403395564942462 98
1753308403822 3.1319876295734024 99
1753308421628 3.106910040663941 100
