1753586157841 0.022262834357866756 0
1753586179592 0.03954145206844991 1
1753586207261 0.059478318657584316 2
1753586239435 0.0834025585645456 3
1753586270406 0.10333942515368001 4
1753586288592 0.1129755773384283 5
1753586308308 0.1338262169795647 6
1753586323096 0.1536800132912444 7
1753586337201 0.1636484465858116 8
1753586352307 0.1829207509553082 9
1753586368984 0.18690812427313508 10
1753586391645 0.20053164977571025 11
1753586408834 0.21025087223791328 12
1753586440171 0.2193055324804785 13
1753586465444 0.22894168466522677 14
1753586483270 0.23907625851470343 15
1753586498191 0.2399069612892507 16
1753586527170 0.23915932879215818 17
1753586543493 0.2479647782023592 18
1753586565944 0.2544442598438279 19
1753586596361 0.252284432630005 20
1753586616856 0.2588469845489284 21
1753586632194 0.26000996843329455 22
1753586653761 0.2646619039707593 23
1753586683917 0.2693969097856787 24
1753586712734 0.26798471506894833 25
1753586727280 0.27413191560059813 26
1753586754313 0.2730520019936867 27
1753586767889 0.27612560225951155 28
1753586792319 0.28077753779697623 29
1753586813788 0.2836019272304369 30
1753586834469 0.28227280279116135 31
1753586865603 0.2828542947333444 32
1753586897205 0.2868416680511713 33
1753586913319 0.28667552749626185 34
1753586929720 0.28891842498753945 35
1753586948324 0.28650938694135236 36
1753586962005 0.29207509553081906 37
1753586986582 0.29423492274464197 38
1753587006225 0.29606246884864595 39
1753587020768 0.3031234424322977 40
1753587051249 0.29822229606246886 41
1753587065628 0.2968101013457385 42
1753587097222 0.29847150689483304 43
1753587111766 0.29980063133410867 44
1753587142519 0.30063133410865595 45
1753587176232 0.30046519355374646 46
1753587190390 0.3029573018773883 47
1753587224121 0.30486791825884696 48
1753587246412 0.30628011297557733 49
1753587276044 0.3036218640970261 50
1753587292149 0.3059478318657584 51
1753587306048 0.3076923076923077 52
1753587332435 0.30403721548429974 53
1753587347357 0.3047017777039375 54
1753587377105 0.3105166971257684 55
1753587405029 0.30843994018940024 56
1753587422217 0.3108489782355873 57
1753587438580 0.3096029240737664 58
1753587455082 0.3095198537963117 59
1753587472974 0.30843994018940024 60
1753587488181 0.3063631832530321 61
1753587501927 0.3089383618541286 62
1753587531023 0.3081076590795813 63
1753587558663 0.3083568699119455 64
1753587577924 0.3145040704435953 65
1753587609974 0.3159162651603256 66
1753587625939 0.31226117295231764 67
1753587641875 0.3151686326632331 68
1753587675209 0.31159661073267986 69
1753587704586 0.3167469679348729 70
1753587719000 0.32023591958797143 71
1753587737534 0.31408871905632163 72
1753587763950 0.3102674862934042 73
1753587789151 0.31442100016614055 74
1753587804787 0.31915600598106 75
1753587839069 0.3176607409868749 76
1753587868765 0.31159661073267986 77
1753587895348 0.3111812593454062 78
1753587927571 0.31757767070942017 79
1753587955805 0.3179930220966938 80
1753587977140 0.31716231932214656 81
1753587996257 0.3184914437614222 82
1753588010188 0.32139890347233757 83
1753588023835 0.3192390762585147 84
1753588044494 0.3194882870908789 85
1753588074890 0.3197374979232431 86
1753588099451 0.32156504402724706 87
1753588119687 0.3201528493105167 88
1753588148292 0.320069779033062 89
1753588166498 0.3199036384781525 90
1753588194374 0.3186575843163316 91
1753588226023 0.3193221465359694 92
1753588257241 0.3210666223625187 93
1753588282916 0.32139890347233757 94
1753588310725 0.32222960624688485 95
1753588344159 0.3179099518192391 96
1753588374712 0.3227280279116132 97
1753588391850 0.3234756604087058 98
1753588419480 0.3244725037381625 99
1753588453286 0.322478817079249 100
