1753586157843 4.569489195023054 0
1753586179593 4.464576749154079 1
1753586207262 4.363957621058951 2
1753586239436 4.2539735302113915 3
1753586270407 4.200124022725687 4
1753586288593 4.1032172192786875 5
1753586308309 4.04520261626933 6
1753586323097 3.993532817541842 7
1753586337202 3.966898857262574 8
1753586352308 3.9070177403646773 9
1753586368985 3.9117607167760404 10
1753586391646 3.8847224791196133 11
1753586408835 3.848956936721299 12
1753586440172 3.8201247295542076 13
1753586465445 3.8076489302348233 14
1753586483271 3.83646588523559 15
1753586498192 3.851171020921191 16
1753586527171 3.8439966274320545 17
1753586543494 3.8183622724978985 18
1753586565945 3.8124593686773127 19
1753586596362 3.862409709044445 20
1753586616857 3.8589985486627447 21
1753586632195 3.8782080485122825 22
1753586653762 3.852449160604752 23
1753586683918 3.8530526761730286 24
1753586712736 3.8514212220688946 25
1753586727281 3.8938437204252203 26
1753586754314 3.9381779669829804 27
1753586767890 3.925726417306328 28
1753586792320 3.882621927007169 29
1753586813789 3.912795997477895 30
1753586834470 3.9102734455592865 31
1753586865604 3.927653646888182 32
1753586897206 3.9705267488694536 33
1753586913320 3.977396000021545 34
1753586929721 3.9534027878242597 35
1753586948326 3.9779082542995847 36
1753586962006 3.9396171378126503 37
1753586986583 3.9426094974015244 38
1753587006226 3.9716322200458953 39
1753587020769 3.9519043432591126 40
1753587051250 4.009186952327131 41
1753587065629 4.030309728116614 42
1753587097223 4.029095891461659 43
1753587111767 4.010787280109992 44
1753587142520 4.006375078617791 45
1753587176233 4.038252210069536 46
1753587190391 4.036516877526168 47
1753587224123 4.021209149461432 48
1753587246413 4.008285112777223 49
1753587276045 4.021008919717927 50
1753587292151 4.0197761770907645 51
1753587306049 4.0307108572984145 52
1753587332436 4.0500385903412885 53
1753587347358 4.057027783072576 54
1753587377106 4.053867301595563 55
1753587405030 4.0631008794440415 56
1753587422218 4.073885621928999 57
1753587438581 4.096579908495245 58
1753587455084 4.072615880641536 59
1753587472975 4.0626925494686335 60
1753587488182 4.057514078841845 61
1753587501928 4.069740985147772 62
1753587531024 4.096717120096209 63
1753587558664 4.126889708735474 64
1753587577925 4.086605938633607 65
1753587609975 4.079793347346281 66
1753587625940 4.04809849369249 67
1753587641877 4.0479533061818564 68
1753587675210 4.128083370424859 69
1753587704587 4.100458005549619 70
1753587719001 4.098767586278476 71
1753587737535 4.059572736512644 72
1753587763951 4.101686670312973 73
1753587789152 4.070164198564496 74
1753587804788 4.139834953364056 75
1753587839071 4.101020083414458 76
1753587868766 4.125488200009206 77
1753587895349 4.125582671877629 78
1753587927572 4.109968796048136 79
1753587955806 4.1193048767082905 80
1753587977141 4.10309200508621 81
1753587996258 4.141935316974784 82
1753588010189 4.12377142146632 83
1753588023837 4.14388770237643 84
1753588044495 4.099555197449178 85
1753588074891 4.126490441846483 86
1753588099452 4.116349482494534 87
1753588119688 4.111683260028172 88
1753588148293 4.146221706728277 89
1753588166499 4.089007807818759 90
1753588194376 4.107492160375559 91
1753588226024 4.098936498536179 92
1753588257242 4.125885541517881 93
1753588282917 4.1080333718191655 94
1753588310726 4.127295651244903 95
1753588344160 4.1576558877438226 96
1753588374714 4.111356150392434 97
1753588391852 4.129169624375983 98
1753588419481 4.164471534901045 99
1753588453287 4.143835142482447 100
