1754581305353 2.2130834912879367 0
1754581329641 2.019552088315243 1
1754581361432 1.8350836378960986 2
1754581388290 1.6740106648794755 3
1754581410847 1.655831061858446 4
1754581442992 1.5417006382852672 5
1754581466816 1.5275964356950373 6
1754581501001 1.5377680193920635 7
1754581531537 1.5420306019183991 8
1754581555077 1.5865048656571306 9
1754581582481 1.571801196287689 10
1754581616561 1.6295270999124993 11
1754581648936 1.6127082321379078 12
1754581684280 1.6908131122835388 13
1754581712600 1.6543374606688896 14
1754581734498 1.7234095877434883 15
1754581757408 1.687772443730586 16
1754581780379 1.7730587411090626 17
1754581807347 1.7201764764156422 18
1754581831348 1.8223980265747253 19
1754581859366 1.7728790874198304 20
1754581891355 1.850794696988075 21
1754581926999 1.7955598831364885 22
1754581951902 1.8880179003500281 23
1754581976394 1.8204955912044525 24
1754582007082 1.9137703519795286 25
1754582033345 1.8521830820440874 26
1754582059814 1.9519844744473616 27
1754582082360 1.8712480881353066 28
1754582111981 1.9674614341843157 29
1754582140500 1.9494507213931622 30
1754582166646 1.9892866311269837 31
1754582190128 1.9614090454007316 32
1754582222158 1.9797234043867666 33
1754582254406 1.9840747253896214 34
1754582279197 2.0260028155319927 35
1754582309061 2.0494615692444387 36
1754582344474 2.0858044842741803 37
1754582372264 2.1269261199543266 38
1754582402697 2.142340908584471 39
1754582425743 2.146270406780966 40
1754582451610 2.174410027118682 41
1754582477586 2.082882119140403 42
1754582509309 2.1766958692928577 43
1754582545226 2.082126971790194 44
1754582575752 2.1660095139270554 45
1754582614805 2.056858574759485 46
1754582641702 2.1476665931259196 47
1754582666932 2.0273724725938087 48
1754582688565 2.135972638881423 49
1754582720312 2.0671356390095306 50
1754582748125 2.13586576491874 51
1754582772263 2.1606757348758756 52
1754582801885 2.104203746626788 53
1754582836760 2.21576325891444 54
1754582862813 2.113630615255418 55
1754582887540 2.2055295064549294 56
1754582917061 2.135560504317575 57
1754582941332 2.1664523966136575 58
1754582964006 2.1573691077930466 59
1754582990519 2.1410959398594174 60
1754583017672 2.190114947051419 61
1754583048327 2.0746348043632428 62
1754583078424 2.138960344057102 63
1754583109613 2.150882839307664 64
1754583132081 2.0889568032592813 65
1754583163772 2.1562222627388112 66
1754583192526 2.119655604308116 67
1754583216485 2.090982094535616 68
1754583239900 2.1447424014705816 69
1754583265590 2.101526737901424 70
1754583291068 2.015836068903796 71
1754583318614 2.1223671763249627 72
1754583342167 2.0750176070542925 73
1754583376523 2.071130955604433 74
1754583403233 2.0987566539034415 75
1754583434869 2.0953164304809313 76
1754583461575 1.9380259167012808 77
1754583487814 1.986020485002202 78
1754583514720 2.045127067402454 79
1754583542246 2.0177674573946005 80
1754583570402 1.9679598370617681 81
1754583599109 2.0071701744181274 82
1754583634603 2.062042155370911 83
1754583669011 1.9470544936682221 84
1754583693692 1.9388362613634944 85
1754583723354 1.985737559646854 86
1754583752995 2.0363715414751393 87
1754583775290 1.9569076605831692 88
1754583802904 1.9494734588565987 89
1754583828688 2.0193574371025353 90
1754583862210 2.0814492288223687 91
1754583896260 1.9204138234182682 92
1754583919684 1.8884159834951557 93
1754583951076 1.9759511760745732 94
1754583979402 2.062581122139184 95
1754584009821 1.945369109103273 96
1754584037581 1.9150303621252591 97
1754584064631 1.979944265005957 98
1754584093096 2.0478727887814516 99
1754584121180 1.9163308319067294 100
