1753241546753 0.024505731849144376 0
1753241563634 0.03904303040372155 1
1753241590223 0.04676856620701113 2
1753241618596 0.06695464362850972 3
1753241637872 0.07850141219471674 4
1753241665851 0.10666223625186907 5
1753241680140 0.12684831367336766 6
1753241700855 0.13748130918757268 7
1753241720638 0.14553912610068118 8
1753241752007 0.15068948330287424 9
1753241776608 0.1661405549094534 10
1753241791252 0.17777039375311512 11
1753241813984 0.1820069779033062 12
1753241844161 0.19720883867752118 13
1753241875468 0.2035221797640804 14
1753241899723 0.21241069945173616 15
1753241912352 0.21365675361355707 16
1753241941521 0.21315833194882872 17
1753241957946 0.2265326466190397 18
1753241972464 0.22578501412194718 19
1753242005494 0.22844326300049841 20
1753242030980 0.23807941518524672 21
1753242059475 0.24131915600598106 22
1753242090542 0.2408207343412527 23
1753242109728 0.2442266157168965 24
1753242138939 0.2448081076590796 25
1753242155702 0.2498753945838179 26
1753242173087 0.25278285429473335 27
1753242190938 0.2573517195547433 28
1753242208065 0.2575178601096528 29
1753242224120 0.2619205848147533 30
1753242241847 0.2596776873234757 31
1753242250912 0.2628343578667553 32
1753242268151 0.2625851470343911 33
1753242284300 0.2646619039707593 34
1753242299965 0.2642465525834856 35
1753242316250 0.2712244558896827 36
1753242332320 0.26931383950822396 37
1753242349472 0.2747134075427812 38
1753242368012 0.27429805615550756 39
1753242385824 0.2811928891842499 40
1753242404783 0.27911613224788173 41
1753242421693 0.27645788336933047 42
1753242438741 0.2786177105831533 43
1753242456631 0.2819405216813424 44
1753242473015 0.2800299052998837 45
1753242487913 0.2786177105831533 46
1753242504643 0.28019604585479313 47
1753242521344 0.28019604585479313 48
1753242537109 0.2802791161322479 49
1753242555663 0.2806113972420668 50
1753242569885 0.2837680677853464 51
1753242580987 0.27770393753115136 52
1753242591547 0.2847649111148031 53
1753242603466 0.2830204352882539 54
1753242614571 0.28609403555407875 55
1753242627344 0.2864263166638977 56
1753242640131 0.29008140887190564 57
1753242652444 0.29190895497590963 58
1753242665102 0.28725701943844495 59
1753242677896 0.2812759594617046 60
1753242689979 0.2809436783518857 61
1753242703664 0.28792158165808274 62
1753242714623 0.2880046519355375 63
1753242727647 0.29390264163482305 64
1753242739987 0.2919920252533644 65
1753242752002 0.2946502741319156 66
1753242763144 0.29149360358863596 67
1753242776725 0.29290579830536634 68
1753242789661 0.2944010632995514 69
1753242801978 0.29564711746137234 70
1753242814761 0.30063133410865595 71
1753242828231 0.2935703605250041 72
1753242840482 0.29290579830536634 73
1753242853315 0.2943179930220967 74
1753242863191 0.2949825552417345 75
1753242870706 0.2989699285595614 76
1753242876681 0.29489948496427976 77
1753242883641 0.2996344907791992 78
1753242890507 0.29905299883701614 79
1753242897932 0.30171124771556734 80
1753242905428 0.3013789666057485 81
1753242911568 0.3015451071606579 82
1753242917848 0.300299052998837 83
1753242924975 0.299385279946835 84
1753242932192 0.3055324804784848 85
1753242939728 0.30287423159993354 86
1753242947337 0.3009636152184748 87
1753242954641 0.3011297557733843 88
1753242962179 0.2989699285595614 89
1753242969138 0.29880378800465196 90
1753242976536 0.300299052998837 91
1753242982643 0.2995514205017445 92
1753242990218 0.2995514205017445 93
1753242997561 0.3045356371490281 94
1753243004748 0.302126599102841 95
1753243011547 0.29730852301046684 96
1753243018160 0.301212826050839 97
1753243024625 0.30229273965775044 98
1753243031589 0.30245888021265993 99
1753243038975 0.2999667718890181 100
