1753241546754 4.535726585123608 0
1753241563635 4.449143472565678 1
1753241590224 4.371500742640902 2
1753241618597 4.302170797524807 3
1753241637873 4.250822570805993 4
1753241665852 4.205403915570032 5
1753241680141 4.178797631466173 6
1753241700856 4.097139553544701 7
1753241720639 4.073463971748128 8
1753241752008 4.0692631262548336 9
1753241776609 4.052357762588478 10
1753241791253 4.032667433954979 11
1753241813985 4.048537562228192 12
1753241844162 4.006557598064907 13
1753241875469 3.9966220466616575 14
1753241899724 4.008620305264783 15
1753241912353 4.019961689389419 16
1753241941522 4.0405661083159705 17
1753241957947 4.044664973469029 18
1753241972465 4.043648022044953 19
1753242005495 4.077838517152346 20
1753242030981 4.061838422567216 21
1753242059476 4.050585691920846 22
1753242090543 4.077759743438342 23
1753242109729 4.116344848040925 24
1753242138940 4.094265546222202 25
1753242155703 4.095657685866322 26
1753242173088 4.115336423100119 27
1753242190939 4.0829861978113575 28
1753242208066 4.056901617854921 29
1753242224121 4.034109713112722 30
1753242241848 4.050197261704673 31
1753242250913 4.074655816178203 32
1753242268152 4.124847425187822 33
1753242284301 4.129576861946059 34
1753242299966 4.1212036355597075 35
1753242316251 4.110371008747112 36
1753242332321 4.089349363796247 37
1753242349473 4.07775780477159 38
1753242368013 4.1303112863141385 39
1753242385825 4.06715717935522 40
1753242404784 4.087975874524399 41
1753242421694 4.149939821917954 42
1753242438742 4.125266320768551 43
1753242456632 4.1105303355453895 44
1753242473016 4.109671982259698 45
1753242487914 4.134030324989831 46
1753242504644 4.127116255872437 47
1753242521345 4.08667304593257 48
1753242537110 4.096371381823483 49
1753242555664 4.1510989356687364 50
1753242569886 4.113060965451337 51
1753242580988 4.094840933904271 52
1753242591548 4.090959844680933 53
1753242603467 4.077240824411275 54
1753242614572 4.082782567875282 55
1753242627345 4.082205952378871 56
1753242640132 4.073359978604888 57
1753242652445 4.0780185643816855 58
1753242665103 4.075795101074673 59
1753242677897 4.043819678085298 60
1753242689980 4.034564140916322 61
1753242703665 4.043457723593401 62
1753242714624 4.053284047743812 63
1753242727648 4.08315650285067 64
1753242739988 4.056518075244674 65
1753242752003 4.055357394560689 66
1753242763145 4.031657282032852 67
1753242776726 4.04215286479822 68
1753242789662 4.079229441496844 69
1753242801979 4.06409186550728 70
1753242814762 4.082809771106944 71
1753242828232 4.028266259906371 72
1753242840484 4.044105130115844 73
1753242853316 4.0436425428773335 74
1753242863192 4.070586108820636 75
1753242870707 4.044495666012036 76
1753242876682 4.007573385933158 77
1753242883642 3.990067066616148 78
1753242890508 3.97671766618612 79
1753242897933 3.98271061005889 80
1753242905429 3.9797679028775623 81
1753242911569 3.978748178284125 82
1753242917849 3.9544819069540065 83
1753242924976 3.9780027153751036 84
1753242932193 3.9557340655846973 85
1753242939729 3.9486361989432797 86
1753242947338 3.9401639158633537 87
1753242954642 3.921415870607576 88
1753242962180 3.932307386496028 89
1753242969139 3.9099987665987554 90
1753242976537 3.911327823514245 91
1753242982644 3.8925925946726725 92
1753242990219 3.903601735416908 93
1753242997562 3.920756355159771 94
1753243004749 3.925980866919951 95
1753243011548 3.916819848023126 96
1753243018161 3.9111816362705287 97
1753243024626 3.9051171248828025 98
1753243031590 3.9135529025480897 99
1753243038976 3.895320671027626 100
