1753210060035 0.020767569363681675 0
1753210073352 0.03588635986044193 1
1753210086368 0.04502409038046187 2
1753210099319 0.066871573351055 3
1753210108887 0.0759262335936202 4
1753210118646 0.08822063465691976 5
1753210131745 0.10117959793985712 6
1753210144274 0.11280943678351886 7
1753210154477 0.11787672370825719 8
1753210166135 0.12917428144210003 9
1753210178568 0.13482306030902144 10
1753210190829 0.13490613058647616 11
1753210204739 0.13698288752284432 12
1753210217714 0.15991028410034888 13
1753210230411 0.1662236251869081 14
1753210244446 0.17129091211164646 15
1753210257599 0.17835188569529822 16
1753210270374 0.1776042531982057 17
1753210283365 0.18400066456221964 18
1753210295976 0.19180927064296394 19
1753210306611 0.196045854793155 20
1753210316530 0.19970094700116298 21
1753210328618 0.20061472005316497 22
1753210341107 0.20717727197208838 23
1753210355053 0.21207841834191726 24
1753210365837 0.21365675361355707 25
1753210377073 0.21805947831865757 26
1753210390956 0.22196378135902975 27
1753210402280 0.22860940355540788 28
1753210413536 0.23292905798305366 29
1753210425973 0.23351054992523676 30
1753210438013 0.23558730686160492 31
1753210450388 0.23600265824887856 32
1753210462973 0.23816248546270144 33
1753210475583 0.2399069612892507 34
1753210489069 0.24838012958963282 35
1753210501422 0.2528659245721881 36
1753210515149 0.2551088220634657 37
1753210528904 0.2588469845489284 38
1753210542699 0.25660408705765075 39
1753210553609 0.2644957634158498 40
1753210565575 0.26831699617876725 41
1753210578822 0.26615716896494435 42
1753210591554 0.265658747300216 43
1753210603786 0.2682339259013125 44
1753210616432 0.2672370825718558 45
1753210628451 0.26557567702276125 46
1753210638968 0.27172287755441105 47
1753210650968 0.27396577504568864 48
1753210662852 0.2794484133577006 49
1753210674970 0.27770393753115136 50
1753210688023 0.2791992025253364 51
1753210698322 0.2820235919587971 52
1753210711746 0.28310350556570857 53
1753210722386 0.2858448247217146 54
1753210733338 0.29074597109154343 55
1753210744566 0.2919920252533644 56
1753210756956 0.2939857119122778 57
1753210770379 0.29224123608572855 58
1753210781903 0.29390264163482305 59
1753210794328 0.29132746303372653 60
1753210806513 0.2947333444093703 61
1753210815468 0.29348729024754944 62
1753210826816 0.2997175610566539 63
1753210839582 0.30229273965775044 64
1753210851564 0.3051171290912112 65
1753210863048 0.30561555075593955 66
1753210876568 0.3027080910450241 67
1753210888728 0.3005482638312012 68
1753210900454 0.30420335603920917 69
1753210912407 0.3052832696461206 70
1753210923055 0.3095198537963117 71
1753210933920 0.3061139724206679 72
1753210945760 0.3071108157501246 73
1753210957675 0.3095198537963117 74
1753210969983 0.31201196211995347 75
1753210982842 0.3113473999003157 76
1753210992487 0.3095198537963117 77
1753211004367 0.31566705432796144 78
1753211017381 0.31458714072105 79
1753211029870 0.31458714072105 80
1753211041675 0.31400564877886694 81
1753211051853 0.31483635155341416 82
1753211063829 0.3193221465359694 83
1753211074396 0.32139890347233757 84
1753211085727 0.31533477321814257 85
1753211096237 0.31699617876723707 86
1753211108834 0.3189067951486958 87
1753211118065 0.32372487124106997 88
1753211132929 0.32139890347233757 89
1753211145936 0.320069779033062 90
1753211159523 0.321897325137066 91
1753211172534 0.32380794151852466 92
1753211184207 0.32314337929888687 93
1753211196054 0.3268815417843496 94
1753211208082 0.3285429473334441 95
1753211221583 0.3234756604087058 96
1753211233794 0.32621697956471174 97
1753211242109 0.32937365010799136 98
1753211254553 0.3260508390098023 99
1753211267697 0.3282106662236252 100
