1753210060036 4.58918798270472 0
1753210073353 4.510255383613381 1
1753210086369 4.423218297226783 2
1753210099320 4.336222929631827 3
1753210108888 4.259344250276942 4
1753210118647 4.183274584039013 5
1753210131746 4.108254667188301 6
1753210144275 4.036867653687194 7
1753210154478 3.9689639592280956 8
1753210166136 3.911067152634645 9
1753210178569 3.859299987542023 10
1753210190830 3.817141757085575 11
1753210204740 3.7777789014384946 12
1753210217715 3.720931692802891 13
1753210230412 3.6917409794628244 14
1753210244447 3.6579196808367227 15
1753210257600 3.6310245332321034 16
1753210270375 3.605902517453218 17
1753210283366 3.5694912124351577 18
1753210295977 3.532599646361649 19
1753210306612 3.5273655828882435 20
1753210316531 3.492908277848329 21
1753210328619 3.487375690361791 22
1753210341108 3.44754106337506 23
1753210355054 3.4279441603996914 24
1753210365838 3.393736326378802 25
1753210377074 3.376711761941425 26
1753210390957 3.379205487389783 27
1753210402281 3.351528297957877 28
1753210413537 3.3255343703273565 29
1753210425974 3.308490173137203 30
1753210438014 3.295301579587246 31
1753210450389 3.284317934322678 32
1753210462974 3.2675343307190055 33
1753210475584 3.264547236179193 34
1753210489070 3.228510143928239 35
1753210501423 3.22851138219657 36
1753210515150 3.2073293691324856 37
1753210528905 3.1957936787765635 38
1753210542700 3.1872147564729656 39
1753210553610 3.1669748306224306 40
1753210565576 3.1492721047808314 41
1753210578823 3.154870452701469 42
1753210591554 3.1378509907373715 43
1753210603787 3.1190938750777537 44
1753210616433 3.115163917286449 45
1753210628452 3.121421579053894 46
1753210638969 3.106148088514529 47
1753210650969 3.0933128229055447 48
1753210662853 3.0738704001116823 49
1753210674971 3.0728484663506324 50
1753210688024 3.0509482878955185 51
1753210698323 3.0582562634402737 52
1753210711747 3.047014312064663 53
1753210722387 3.033386225207306 54
1753210733339 3.0278231014018804 55
1753210744567 3.0191379008597816 56
1753210756957 3.0113775540470527 57
1753210770380 2.9966075319535292 58
1753210781904 3.002425595760947 59
1753210794329 2.9908631239031584 60
1753210806514 2.9843864526604342 61
1753210815469 2.9737655104033434 62
1753210826817 2.9678221689822943 63
1753210839583 2.953071452379728 64
1753210851565 2.9333244740537054 65
1753210863049 2.943922841045324 66
1753210876569 2.937489721418279 67
1753210888729 2.938245256817005 68
1753210900455 2.939674899652256 69
1753210912408 2.9196992393500065 70
1753210923056 2.9123466207155313 71
1753210933921 2.9025232631551865 72
1753210945761 2.9101172846723573 73
1753210957676 2.900741643204615 74
1753210969984 2.8962710562399727 75
1753210982843 2.888163886785808 76
1753210992488 2.8894486171375457 77
1753211004368 2.873720223849037 78
1753211017382 2.869488084601875 79
1753211029871 2.860719552206462 80
1753211041676 2.862944201067146 81
1753211051854 2.865944036607133 82
1753211063830 2.8713453137583973 83
1753211074397 2.8575290836622456 84
1753211085728 2.8568453467182873 85
1753211096238 2.8463361418237203 86
1753211108835 2.836057278352307 87
1753211118066 2.818314658300172 88
1753211132930 2.836568256306919 89
1753211145937 2.818669841275991 90
1753211159524 2.8202172391439198 91
1753211172535 2.814533307603449 92
1753211184208 2.817849037137639 93
1753211196055 2.7946093963594585 94
1753211208083 2.796173617826284 95
1753211221584 2.8047655039396844 96
1753211233795 2.7964634770428045 97
1753211242110 2.7996318758461043 98
1753211254554 2.7912137441622105 99
1753211267698 2.7847911435711428 100
