1754347699436 0.1145135625208156 0
1754347730108 0.2063057395551937 1
1754347761523 0.15551567183510343 2
1754347794222 0.10487362617029937 3
1754347825019 0.2041409169966325 4
1754347854683 0.14411797357806314 5
1754347887331 0.18532361321836954 6
1754347916503 0.16189912296932243 7
1754347945514 0.10516967028087185 8
1754347977694 0.0990082522295822 9
1754348017190 0.1043925544906191 10
1754348052400 0.216278725530104 11
1754348080497 0.2412574473596566 12
1754348110646 0.09860119157754506 13
1754348145162 0.21740739370166154 14
1754348177497 0.1774969470451097 15
1754348203799 0.09860119157754506 16
1754348230107 0.19405691448025755 17
1754348257202 0.15133404877326723 18
1754348287780 0.25180401879880104 19
1754348317593 0.17914369241016911 20
1754348347040 0.13168412093401916 21
1754348375618 0.2458831365873515 22
1754348403959 0.1442289901195278 23
1754348437218 0.36500388557895125 24
1754348465746 0.22047885134885098 25
1754348494511 0.09878621914665285 26
1754348526368 0.23122895311401398 27
1754348560468 0.20736039669910816 28
1754348587766 0.2915849461569774 29
1754348619366 0.24133145838729972 30
1754348648919 0.28795840580246457 31
1754348679413 0.21200458868371388 32
1754348708567 0.1312030492543389 33
1754348737737 0.2894201235984162 34
1754348767662 0.3096436369018984 35
1754348797031 0.10163564371091292 36
1754348830130 0.19141102024201606 37
1754348863104 0.27330422232912704 38
1754348893779 0.18697035858342892 39
1754348928598 0.2371498353254635 40
1754348954814 0.21973874107241978 41
1754348985504 0.24177552455315843 42
1754349014965 0.29602560781556453 43
1754349042625 0.20192058616733893 44
1754349085143 0.2069718388039818 45
1754349119835 0.19403841172334677 46
1754349148945 0.18512008289235096 47
1754349184031 0.38457980239055617 48
1754349215253 0.22923065536764978 49
1754349242388 0.16306479665470155 50
1754349276483 0.2044924693779373 51
1754349311515 0.2329497095067165 52
1754349339933 0.24501350701254487 53
1754349375139 0.28340672760241276 54
1754349405280 0.10598379158494615 55
1754349437201 0.2565777300817822 56
1754349467557 0.31277060281982016 57
1754349498899 0.24577212004588683 58
1754349530121 0.15357288235947156 59
1754349558354 0.18850608740702365 60
1754349589072 0.09948932390926248 61
1754349621498 0.31095733264256376 62
1754349651948 0.30914406246530735 63
1754349682925 0.20552862376494097 64
1754349712530 0.2244014358139363 65
1754349744126 0.21402138918698888 66
1754349772134 0.12222921215261073 67
1754349800353 0.24284868445398364 68
1754349827500 0.23718684083928504 69
1754349863375 0.2957480664619028 70
1754349908661 0.2167412944528735 71
1754349935928 0.10165414646782371 72
1754349962817 0.12722495651852125 73
1754349993306 0.3247048810272731 74
1754350027100 0.24331125337675313 75
1754350054517 0.3062761351441365 76
1754350085144 0.09863819709136662 77
1754350115984 0.20097694556488918 78
1754350146374 0.26708729600710507 79
1754350174843 0.3266846760167265 80
1754350201889 0.33638012063797507 81
1754350230687 0.30327868852459017 82
1754350263971 0.26218406542574846 83
1754350293117 0.3405247381859897 84
1754350320217 0.30157643488879843 85
1754350349751 0.3454279687673463 86
1754350377611 0.21611220071790696 87
1754350409977 0.1825481996817526 88
1754350444440 0.26965917921770344 89
1754350473998 0.19224364430300114 90
1754350504391 0.2282130037375569 91
1754350531687 0.24793694260444807 92
1754350559865 0.10615031639714317 93
1754350590356 0.2418680383377123 94
1754350618419 0.279521148651149 95
1754350644091 0.3747178329571106 96
1754350678765 0.24201606039299856 97
1754350708771 0.39840136180290864 98
1754350737364 0.10367094697109869 99
1754350766447 0.10237575398734411 100
