1753533293400 0.03289582987207177 0
1753533330133 0.07335105499252367 1
1753533376921 0.09710915434457551 2
1753533399170 0.11820900481807609 3
1753533422646 0.13964113640139558 4
1753533444768 0.1648945007476325 5
1753533479493 0.18300382123276293 6
1753533501036 0.19671041701279282 7
1753533523515 0.2134075427811929 8
1753533547707 0.21731184582156504 9
1753533573152 0.22719720883867753 10
1753533596773 0.23857783684997508 11
1753533619357 0.24298056155507558 12
1753533644729 0.25519189234092043 13
1753533666688 0.26092374148529657 14
1753533691134 0.26615716896494435 15
1753533713279 0.27114138561222795 16
1753533735174 0.27155673699950156 17
1753533758037 0.27454726698787174 18
1753533779825 0.2850141219471673 19
1753533802697 0.2769563050340588 20
1753533824717 0.2778700780860608 21
1753533847883 0.2816082405715235 22
1753533876815 0.29107825220136235 23
1753533900172 0.28925070609735837 24
1753533931350 0.28667552749626185 25
1753533953695 0.29423492274464197 26
1753533976335 0.2925735171955474 27
1753533999169 0.292407376640638 28
1753534021219 0.3005482638312012 29
1753534045975 0.299385279946835 30
1753534068495 0.29514869579664393 31
1753534090929 0.29888685828210665 32
1753534115777 0.3019604585479316 33
1753534137691 0.3011297557733843 34
1753534160390 0.30403721548429974 35
1753534182255 0.3052832696461206 36
1753534204656 0.3059478318657584 37
1753534226906 0.3069446751952152 38
1753534249674 0.3076923076923077 39
1753534271946 0.31325801628177435 40
1753534294014 0.3119288918424988 41
1753534323295 0.30902143213158334 42
1753534346261 0.3113473999003157 43
1753534368602 0.31383950822395745 44
1753534391750 0.3125103837846818 45
1753534414608 0.31408871905632163 46
1753534437164 0.31159661073267986 47
1753534459788 0.3095198537963117 48
1753534481509 0.3151686326632331 49
1753534509981 0.3151686326632331 50
1753534534397 0.31641468682505397 51
1753534556154 0.315500913773052 52
1753534589380 0.3159162651603256 53
1753534611791 0.31658082737996346 54
1753534634539 0.3149194218308689 55
1753534656646 0.317328459877056 56
1753534679120 0.320069779033062 57
1753534701322 0.31898986542615054 58
1753534735984 0.3177438112643296 59
1753534759039 0.31782688154178435 60
1753534781911 0.31525170294068783 61
1753534804898 0.3141717893337764 62
1753534828122 0.31325801628177435 63
1753534849817 0.3192390762585147 64
1753534871728 0.32056820069779035 65
1753534894089 0.3209004818076092 66
1753534946201 0.32239574680179434 67
1753534982592 0.32198039541452067 68
1753535011233 0.3213158331948829 69
1753535034058 0.3230603090214321 70
1753535067087 0.3242232929057983 71
1753535090234 0.3213158331948829 72
1753535115431 0.31907293570360523 73
1753535138539 0.32281109818906795 74
1753535164321 0.3211496926399734 75
1753535190500 0.3217311845821565 76
1753535212768 0.3203189898654262 77
1753535237308 0.32098355208506396 78
1753535261500 0.32065127097524504 79
1753535283738 0.32380794151852466 80
1753535318707 0.32065127097524504 81
1753535341441 0.32040206014288086 82
1753535363899 0.32397408207343414 83
1753535388507 0.3180760923741485 84
1753535410753 0.32098355208506396 85
1753535433385 0.3235587306861605 86
1753535456286 0.3244725037381625 87
1753535479679 0.3264661903970759 88
1753535503844 0.3247217145705267 89
1753535525965 0.3251370659578003 90
1753535548982 0.32596776873234756 91
1753535572540 0.3257185578999834 92
1753535600090 0.32281109818906795 93
1753535624059 0.3258846984548928 94
1753535646455 0.32737996344907794 95
1753535669322 0.324306363183253 96
1753535695654 0.3263831201196212 97
1753535718570 0.3263831201196212 98
1753535754765 0.328875228443263 99
1753535777517 0.32563548762252864 100
