1753703481869 0.033061970426981224 0
1753703521224 0.05648778866921415 1
1753703555795 0.09611231101511879 2
1753703583342 0.11330785844824721 3
1753703612389 0.12311015118790497 4
1753703639040 0.14155175278285428 5
1753703676487 0.1717062634989201 6
1753703719746 0.18715733510549926 7
1753703761241 0.18566207011131416 8
1753703803506 0.20667885030736002 9
1753703834129 0.21324140222628343 10
1753703865389 0.22561887356703772 11
1753703901695 0.22719720883867753 12
1753703931302 0.2349227446419671 13
1753703962236 0.24339591294234922 14
1753704005148 0.2482970593121781 15
1753704049908 0.25461040039873734 16
1753704084220 0.2669048014620369 17
1753704126979 0.26150523342747967 18
1753704172698 0.26615716896494435 19
1753704211735 0.26590795813258017 20
1753704251137 0.26931383950822396 21
1753704286249 0.27296893171623193 22
1753704326432 0.28177438112643294 23
1753704365011 0.28310350556570857 24
1753704406156 0.2852633327795315 25
1753704448877 0.2853464030569862 26
1753704489971 0.28484798139225787 27
1753704517326 0.2912443927562718 28
1753704549294 0.2918258846984549 29
1753704580521 0.29381957135736836 30
1753704606729 0.2958132580162818 31
1753704635943 0.2928227280279116 32
1753704678217 0.29764080412028576 33
1753704709999 0.29888685828210665 34
1753704736558 0.2971423824555574 35
1753704777644 0.2980561555075594 36
1753704822712 0.3007974746635654 37
1753704863081 0.3017943179930221 38
1753704889892 0.3045356371490281 39
1753704921151 0.3052832696461206 40
1753704962386 0.3037049343744808 41
1753704992433 0.30628011297557733 42
1753705018516 0.3055324804784848 43
1753705047062 0.30985213490613056 44
1753705082222 0.3089383618541286 45
1753705108865 0.3102674862934042 46
1753705150597 0.3079415185246719 47
1753705196325 0.3111812593454062 48
1753705240030 0.30902143213158334 49
1753705284298 0.30827379963449075 50
1753705332207 0.30661239408539626 51
1753705357699 0.308523010466855 52
1753705385301 0.30644625353048677 53
1753705423523 0.31383950822395745 54
1753705451533 0.312759594617046 55
1753705478315 0.31317494600431967 56
1753705520952 0.3141717893337764 57
1753705551034 0.31284266489450074 58
1753705579133 0.3151686326632331 59
1753705618300 0.3149194218308689 60
1753705661502 0.31467021099850473 61
1753705688826 0.31442100016614055 62
1753705726837 0.3149194218308689 63
1753705768384 0.31641468682505397 64
1753705795635 0.3177438112643296 65
1753705821334 0.31683003821232764 66
1753705847406 0.317328459877056 67
1753705889090 0.31982056820069776 68
1753705917857 0.317328459877056 69
1753705958247 0.3179930220966938 70
1753705986357 0.3197374979232431 71
1753706029341 0.31915600598106 72
1753706066618 0.3217311845821565 73
1753706094172 0.32181425485961124 74
1753706122479 0.3179930220966938 75
1753706167396 0.32239574680179434 76
1753706210330 0.32065127097524504 77
1753706250683 0.3197374979232431 78
1753706292726 0.32123276291742814 79
1753706320744 0.3211496926399734 80
1753706349452 0.3210666223625187 81
1753706379366 0.32438943346070775 82
1753706423718 0.3217311845821565 83
1753706465151 0.31874065459378637 84
1753706506888 0.3203189898654262 85
1753706545774 0.32281109818906795 86
1753706573669 0.3248878551254361 87
1753706606107 0.32372487124106997 88
1753706635070 0.31874065459378637 89
1753706660378 0.32198039541452067 90
1753706702344 0.3241402226283436 91
1753706741920 0.3220634656919754 92
1753706771027 0.3247217145705267 93
1753706815746 0.321897325137066 94
1753706854539 0.32812759594617047 95
1753706883057 0.3251370659578003 96
1753706908952 0.32480478484798136 97
1753706939663 0.322478817079249 98
1753706982026 0.3241402226283436 99
1753707008514 0.32538627679016446 100
