1753703481870 4.554627341315147 0
1753703521225 4.391641755113045 1
1753703555796 4.272795967063936 2
1753703583343 4.185202374895339 3
1753703612390 4.110115812772187 4
1753703639041 4.0674478632931335 5
1753703676489 3.9734192676039313 6
1753703719747 3.9263652544137346 7
1753703761242 3.950670073860034 8
1753703803508 3.9099253090911144 9
1753703834130 3.9057010596305863 10
1753703865391 3.879717151361371 11
1753703901696 3.9051302236589236 12
1753703931303 3.88871473327145 13
1753703962237 3.9074027881285067 14
1753704005149 3.9142446577062566 15
1753704049909 3.9321534489083674 16
1753704084221 3.920010906759728 17
1753704126981 3.951694435400054 18
1753704172699 3.9670209652348825 19
1753704211736 4.0102350383741285 20
1753704251138 4.010884267680439 21
1753704286250 3.9996769737937905 22
1753704326433 3.997850083673716 23
1753704365012 4.049847582976024 24
1753704406157 4.025878038166158 25
1753704448878 4.043686832068829 26
1753704489972 4.070241572306131 27
1753704517327 4.037351997664694 28
1753704549296 4.076220860264745 29
1753704580522 4.076560270526864 30
1753704606730 4.082532444959855 31
1753704635944 4.14353841664178 32
1753704678218 4.152629595161806 33
1753704710000 4.1070574824874635 34
1753704736559 4.151105197160956 35
1753704777645 4.168032937810421 36
1753704822713 4.1566149378002475 37
1753704863082 4.184960411969501 38
1753704889893 4.153912921715391 39
1753704921152 4.150739043935444 40
1753704962387 4.173232066341962 41
1753704992434 4.20641746986708 42
1753705018517 4.225131123260265 43
1753705047063 4.2062031607899515 44
1753705082223 4.240945859998309 45
1753705108866 4.2138312871946555 46
1753705150599 4.22682871733295 47
1753705196326 4.236704739601474 48
1753705240031 4.219729081042567 49
1753705284300 4.242657239294546 50
1753705332208 4.253623639531379 51
1753705357701 4.254192382692792 52
1753705385302 4.246948820298924 53
1753705423525 4.236600456907051 54
1753705451534 4.26327483371901 55
1753705478317 4.277319157689804 56
1753705520953 4.245652354269952 57
1753705551035 4.293141354060143 58
1753705579134 4.306881088711248 59
1753705618301 4.29718776995117 60
1753705661503 4.290009812864456 61
1753705688827 4.2555041073642785 62
1753705726839 4.291409032093878 63
1753705768385 4.291120031970544 64
1753705795636 4.3313384754971045 65
1753705821335 4.33372673324946 66
1753705847408 4.310410639139792 67
1753705889091 4.315466006381738 68
1753705917858 4.312645155304295 69
1753705958248 4.321558948299904 70
1753705986359 4.319401169289702 71
1753706029342 4.34253434066862 72
1753706066620 4.323287775237632 73
1753706094174 4.341609417241621 74
1753706122480 4.350714229865787 75
1753706167397 4.364791787529396 76
1753706210331 4.352464239014619 77
1753706250684 4.386545270890291 78
1753706292727 4.371049835828963 79
1753706320745 4.386119164468779 80
1753706349453 4.382460357473595 81
1753706379367 4.346597686525318 82
1753706423719 4.360440465552858 83
1753706465153 4.381729474184802 84
1753706506889 4.346870721574482 85
1753706545775 4.373178899456552 86
1753706573670 4.3983855376849865 87
1753706606108 4.383859277388919 88
1753706635071 4.392581192676394 89
1753706660379 4.388672360262129 90
1753706702345 4.384874005248717 91
1753706741921 4.395457957411541 92
1753706771028 4.407173076049382 93
1753706815747 4.422977728601977 94
1753706854540 4.378849405810146 95
1753706883058 4.366797383396814 96
1753706908953 4.4144233896826375 97
1753706939664 4.429721375856783 98
1753706982028 4.384783628256183 99
1753707008515 4.396799891947029 100
