1752770470153 4.613961924823217 0
1752770482869 4.574447076797078 1
1752770496252 4.524178927782172 2
1752770508859 4.4735564220991435 3
1752770521387 4.421700113031701 4
1752770533922 4.368780907803595 5
1752770546407 4.3114208776982865 6
1752770559591 4.256109552664094 7
1752770572407 4.208572777585196 8
1752770584834 4.162553965142857 9
1752770597414 4.117089143717663 10
1752770610259 4.072576409287228 11
1752770623463 4.02667225126672 12
1752770635972 3.9875211010459237 13
1752770648735 3.94868851501211 14
1752770661585 3.9164828701450465 15
1752770674015 3.871464278810338 16
1752770686533 3.8426950427865036 17
1752770699226 3.8137280284074557 18
1752770711721 3.787820993900604 19
1752770724295 3.7590813863046084 20
1752770737010 3.7302356804579047 21
1752770749610 3.7061237029415075 22
1752770762145 3.676662367375122 23
1752770775380 3.6501911091738406 24
1752770788561 3.624174435780892 25
1752770801876 3.601464218868582 26
1752770815237 3.5830716653072545 27
1752770828557 3.555787884113656 28
1752770841731 3.536039399373605 29
1752770854736 3.5160364161475326 30
1752770867535 3.4961494145349645 31
1752770879938 3.474727910753251 32
1752770892303 3.4572240900550986 33
1752770904618 3.441054306245862 34
1752770917448 3.419090238047653 35
1752770930149 3.403092147063843 36
1752770942752 3.3894293751129845 37
1752770955426 3.3750330087700795 38
1752770967949 3.359405789911226 39
1752770980850 3.342369579740058 40
1752770993303 3.3214216342890635 41
1752771005734 3.3036252513423 42
1752771018742 3.2937175705123236 43
1752771031146 3.281766857336162 44
1752771043740 3.2679755095353538 45
1752771056363 3.2557144582996136 46
1752771069576 3.2345766902961413 47
1752771082735 3.21863459897565 48
1752771095350 3.2084008470021934 49
1752771108708 3.1925820750858667 50
1752771121333 3.1809150854848194 51
1752771133812 3.167033980258316 52
1752771146267 3.160182250514674 53
1752771158868 3.1477769555809605 54
1752771171479 3.1313516951288642 55
1752771184266 3.1200108559153485 56
1752771197464 3.105562986608608 57
1752771210410 3.093565144018213 58
1752771222867 3.083416144154834 59
1752771235316 3.0774539492485697 60
1752771248348 3.063213314118226 61
1752771261058 3.0504822999995307 62
1752771274291 3.038003593524348 63
1752771286823 3.0316973689980893 64
1752771299364 3.0207039743986024 65
1752771312077 3.0102101554492307 66
1752771324835 3.00325161552958 67
1752771337311 2.9924893848014857 68
1752771349867 2.982658120126047 69
1752771362286 2.971021984324676 70
1752771375129 2.962532978623273 71
1752771387603 2.953796520012481 72
1752771400022 2.9450853766854013 73
1752771413219 2.941689820375034 74
1752771426633 2.934041722137604 75
1752771439807 2.917917970783244 76
1752771453250 2.9124723205080314 77
1752771466483 2.8997088017609105 78
1752771479436 2.894179027124772 79
1752771492098 2.8896784654531076 80
1752771505031 2.8774233495383204 81
1752771518011 2.8686905664328854 82
1752771531432 2.8627739186784202 83
1752771544183 2.8528368297633038 84
1752771556798 2.8485858988522925 85
1752771569684 2.8409602022496436 86
1752771582602 2.8337116137728504 87
1752771595154 2.822841459282631 88
1752771607630 2.8118472659122618 89
1752771620670 2.805777335451671 90
1752771633435 2.7998825536147445 91
1752771645960 2.7896544944759523 92
1752771658534 2.7875460852028895 93
1752771671389 2.7832417397083162 94
1752771684017 2.771381300861939 95
1752771696518 2.7699033759071976 96
1752771709688 2.765870211551021 97
1752771722993 2.756850175955169 98
1752771735525 2.7514427609981618 99
1752771748622 2.739731962733188 100
