1753935461715 4.503751633231623 0
1753935513127 4.290876230851305 1
1753935565388 4.063674518567645 2
1753935597236 3.9040700255340304 3
1753935649172 3.7678849388550804 4
1753935700299 3.6450656000279213 5
1753935750913 3.53889392465696 6
1753935801545 3.4628382079220636 7
1753935848589 3.387519692496591 8
1753935888938 3.3259781076085444 9
1753935940885 3.264171139955471 10
1753935992606 3.2432043580211687 11
1753936041524 3.2075943394631716 12
1753936090261 3.1802163098142295 13
1753936142283 3.1456867642521384 14
1753936192784 3.09252216358094 15
1753936242245 3.0798206672705373 16
1753936295938 3.05710759641087 17
1753936336837 3.0508517636791836 18
1753936388636 3.042226654892313 19
1753936441694 2.9999185029209148 20
1753936473800 2.998950245889766 21
1753936522971 2.9881447473251312 22
1753936571136 2.9859756271343745 23
1753936622701 2.9693615539823774 24
1753936674243 2.954585916079545 25
1753936723566 2.9529052049164792 26
1753936767211 2.9589928702895025 27
1753936821055 2.9614139343123727 28
1753936871440 2.9528350371163516 29
1753936923995 2.9566348869759658 30
1753936976682 2.946513505947592 31
1753937030200 2.941949748779645 32
1753937073483 2.933369950797673 33
1753937119556 2.9416058797776685 34
1753937151594 2.9338674645689298 35
1753937202553 2.9353397259885083 36
1753937254320 2.930785273184809 37
1753937288577 2.926018861297235 38
1753937339140 2.926291569144463 39
1753937391793 2.9247628840898265 40
1753937442987 2.9175114435059775 41
1753937492941 2.917918758634045 42
1753937532603 2.922524768345449 43
1753937583189 2.9216993771248667 44
1753937627748 2.916397254844669 45
1753937679910 2.9171876847232627 46
1753937732104 2.9157282968249922 47
1753937781201 2.9143087318543985 48
1753937825668 2.912445651353665 49
1753937874638 2.9130569553479386 50
1753937924895 2.9113014514762057 51
1753937976046 2.9139505707586526 52
1753938025696 2.9117376486435425 53
1753938075193 2.9097794020732817 54
1753938127967 2.907542401647613 55
1753938177314 2.9099760761063176 56
1753938216353 2.9092831627457403 57
1753938268366 2.91308018502661 58
1753938320536 2.9090462124860292 59
1753938370700 2.91809887025715 60
1753938416848 2.923089600977887 61
1753938468782 2.916780254531353 62
1753938504226 2.9184976719174833 63
1753938554749 2.921892418309993 64
1753938596728 2.9169658858092866 65
1753938645404 2.917425879549534 66
1753938698162 2.893108960182616 67
1753938744742 2.8908792479557333 68
1753938793040 2.8871982448437543 69
1753938841296 2.879747343440015 70
1753938885340 2.8814018796657788 71
1753938935466 2.8791132282390084 72
1753938975715 2.881597340178679 73
1753939027849 2.8734598346311793 74
1753939080857 2.868637748704929 75
1753939131320 2.8746136070158372 76
1753939180797 2.8707848023681692 77
1753939233310 2.872681022405961 78
1753939281800 2.871537576009973 79
1753939332693 2.8687336746073964 80
1753939369597 2.8659080669664267 81
1753939423071 2.862122415631018 82
1753939473371 2.8569086231018463 83
1753939522764 2.852910747288953 84
1753939574398 2.8456844663484047 85
1753939623129 2.8496102354181163 86
1753939677391 2.8444805184972037 87
1753939726790 2.8384276077503636 88
1753939776691 2.8423395641015574 89
1753939822203 2.8439968033805005 90
1753939872891 2.8424289648497694 91
1753939913955 2.848452915673127 92
1753939962471 2.8535529493453065 93
1753940011487 2.8395386797740985 94
1753940061680 2.83968615406264 95
1753940093553 2.836618747074975 96
1753940142989 2.830742288629526 97
1753940192887 2.826602953945862 98
1753940243328 2.8381113620277327 99
1753940296964 2.8353228968772575 100
