1752478255209 0.011743301356268608 0
1752478266797 0.014306979821369501 1
1752478278228 0.01951703605689712 2
1752478289589 0.02125372146873966 3
1752478300985 0.02687727423089646 4
1752478312375 0.02828316242143566 5
1752478323750 0.033245120740985776 6
1752478335395 0.03721468739662587 7
1752478346747 0.037628183923255044 8
1752478358165 0.04019186238835594 9
1752478369630 0.04515382070790605 10
1752478380977 0.04565001653986107 11
1752478392359 0.052596758187231224 12
1752478403849 0.054333443599073765 13
1752478415242 0.0586338074760172 14
1752478426632 0.062272576910353955 15
1752478438080 0.06789612967251075 16
1752478449454 0.06996361230565663 17
1752478461131 0.07418127687727423 18
1752478472764 0.07161759841217334 19
1752478484427 0.07724115117433014 20
1752478496040 0.07616606020509428 21
1752478507517 0.07765464770095931 22
1752478518977 0.08063182269268938 23
1752478530538 0.08195501157790275 24
1752478542089 0.08154151505127356 25
1752478553829 0.09072113794244129 26
1752478565508 0.08923255044657624 27
1752478577169 0.0869996692027787 28
1752478588755 0.08881905391994707 29
1752478600414 0.09270592127026132 30
1752478612026 0.09576579556731724 31
1752478623554 0.10031425736023818 32
1752478635180 0.10138934832947404 33
1752478646749 0.1018028448561032 34
1752478658238 0.10850148858749586 35
1752478669637 0.1057724115117433 36
1752478681027 0.106930201786305 37
1752478692444 0.10974197816738339 38
1752478703949 0.10990737677803507 39
1752478715286 0.10899768441945087 40
1752478726681 0.11379424412834932 41
1752478738054 0.11536553092954019 42
1752478749462 0.11677141912007939 43
1752478760948 0.11486933509758518 44
1752478772609 0.11577902745616937 45
1752478784073 0.11892160105855111 46
1752478795483 0.12181607674495534 47
1752478806839 0.12537214687396625 48
1752478818224 0.12214687396625869 49
1752478829599 0.12214687396625869 50
1752478841005 0.12611644062189878 51
1752478852368 0.13000330797221304 52
1752478863694 0.13091300033079722 53
1752478875077 0.13215348991068476 54
1752478886551 0.13223618921601057 55
1752478897922 0.13504796559708898 56
1752478909294 0.13587495865034735 57
1752478920629 0.1376943433675157 58
1752478932008 0.13876943433675157 59
1752478943483 0.1390175322527291 60
1752478955043 0.143069798213695 61
1752478966676 0.14182930863380747 62
1752478978090 0.14397949057227918 63
1752478989485 0.14811445583857097 64
1752479000878 0.14596427390009925 65
1752479012369 0.14819715514389678 66
1752479024064 0.14786635792259345 67
1752479035656 0.15067813430367186 68
1752479047088 0.1520013231888852 69
1752479058418 0.1508435329143235 70
1752479069774 0.15233212041018857 71
1752479081192 0.1508435329143235 72
1752479092559 0.1549784981806153 73
1752479103946 0.15613628845517696 74
1752479115467 0.15927886205755873 75
1752479127074 0.16101554746940125 76
1752479138748 0.16242143565994047 77
1752479150338 0.1622560370492888 78
1752479162018 0.16283493218656964 79
1752479173660 0.16457161759841218 80
1752479185049 0.16457161759841218 81
1752479196367 0.1644062189877605 82
1752479207915 0.16887198147535562 83
1752479219291 0.16845848494872642 84
1752479230732 0.17135296063513067 85
1752479242218 0.1705259675818723 86
1752479253832 0.1725934502150182 87
1752479265499 0.17209725438306317 88
1752479277123 0.17664571617598412 89
1752479288701 0.178217002977175 90
1752479300321 0.18069798213695004 91
1752479311884 0.17697651339728745 92
1752479323259 0.17780350645054582 93
1752479334657 0.17805160436652331 94
1752479346042 0.1798709890836917 95
1752479357436 0.18020178630499503 96
1752479369099 0.18078068144227588 97
1752479380586 0.18202117102216342 98
1752479392201 0.18450215018193847 99
1752479403957 0.18499834601389348 100
