1752689118275 0.022927396577504568 0
1752689127434 0.03995680345572354 1
1752689137180 0.05266655590629673 2
1752689146920 0.07285263332779532 3
1752689156286 0.07983053663399235 4
1752689166211 0.09187572686492773 5
1752689175431 0.10450240903804618 6
1752689184533 0.11845821565044028 7
1752689194324 0.1244392756271806 8
1752689203626 0.13964113640139558 9
1752689213123 0.14695132081741152 10
1752689222642 0.15417843495597275 11
1752689232780 0.156836683834524 12
1752689242824 0.17029406878218972 13
1752689252296 0.17469679348729025 14
1752689261546 0.18499750789167635 15
1752689270652 0.184499086226948 16
1752689279797 0.18865260009968432 17
1752689289092 0.19529822229606247 18
1752689298396 0.20460209337099186 19
1752689307471 0.209420169463366 20
1752689316684 0.2109154344575511 21
1752689326073 0.21216148861937198 22
1752689335206 0.2212161488619372 23
1752689344547 0.22271141385612228 24
1752689353747 0.22752948994849642 25
1752689363112 0.2298554577172288 26
1752689372326 0.22977238743977405 27
1752689382176 0.23841169629506562 28
1752689391863 0.2452234590463532 29
1752689401291 0.2492108323641801 30
1752689411324 0.2467187240405383 31
1752689420851 0.248629340421997 32
1752689430087 0.2517029406878219 33
1752689439290 0.25153680013291246 34
1752689448947 0.25876391427147366 35
1752689458937 0.25959461704602094 36
1752689468954 0.26815085562385776 37
1752689478794 0.2694799800631334 38
1752689488897 0.2640804120285762 39
1752689498365 0.27271972088386776 40
1752689508019 0.2756271805947832 41
1752689517675 0.2722212992191394 42
1752689526926 0.27645788336933047 43
1752689536073 0.28011297557733844 44
1752689545365 0.27953148363515534 45
1752689554606 0.2791992025253364 46
1752689564296 0.28634324638644293 47
1752689574463 0.28725701943844495 48
1752689584455 0.2903306197042698 49
1752689594192 0.2885861438777205 50
1752689603734 0.2935703605250041 51
1752689612983 0.29481641468682507 52
1752689622111 0.3005482638312012 53
1752689631681 0.30046519355374646 54
1752689641677 0.3025419504901146 55
1752689651012 0.3013789666057485 56
1752689660870 0.3058647615883037 57
1752689670606 0.30760923741485297 58
1752689679975 0.3051171290912112 59
1752689689276 0.30819072935703606 60
1752689698413 0.3061970426981226 61
1752689707707 0.3079415185246719 62
1752689717007 0.30976906462867587 63
1752689726776 0.31043362684831366 64
1752689736775 0.31716231932214656 65
1752689746677 0.31782688154178435 66
1752689755851 0.31566705432796144 67
1752689765281 0.31500249210832365 68
1752689774497 0.3129257351719555 69
1752689784365 0.3199036384781525 70
1752689793622 0.3203189898654262 71
1752689802921 0.3217311845821565 72
1752689812455 0.32214653596943016 73
1752689821775 0.3251370659578003 74
1752689831578 0.3226449576341585 75
1752689841743 0.3242232929057983 76
1752689851567 0.32480478484798136 77
1752689860778 0.3254693470676192 78
1752689870432 0.3291244392756272 79
1752689879647 0.3267154012294401 80
1752689889147 0.32696461206180427 81
1752689898495 0.3233095198537963 82
1752689908061 0.32621697956471174 83
1752689917261 0.32754610400398737 84
1752689926884 0.33078584482472173 85
1752689936540 0.32962286094035553 86
1752689946649 0.3267154012294401 87
1752689956923 0.33311181259345407 88
1752689966963 0.3316996178767237 89
1752689977044 0.3331948828709088 90
1752689986674 0.33253032065127097 91
1752689995871 0.3350224289749128 92
1752690005170 0.3335271639807277 93
1752690014284 0.3362684831367337 94
1752690023438 0.33867752118292077 95
1752690033026 0.3347732181425486 96
1752690042406 0.338594450905466 97
1752690051719 0.34033892673201527 98
1752690061393 0.3388436617378302 99
1752690071044 0.3375145372985546 100
