1749139958088 0.028077753779697623 0
1749139982637 0.07393254693470676 1
1749140007625 0.1030071440438611 2
1749140031761 0.12643296228609405 3
1749140055753 0.14412693138395083 4
1749140080973 0.1636484465858116 5
1749140107496 0.18690812427313508 6
1749140131948 0.2006977903306197 7
1749140155978 0.21216148861937198 8
1749140180385 0.22611729523176607 9
1749140204383 0.23135072271141385 10
1749140228401 0.24339591294234922 11
1749140252661 0.24597109154344576 12
1749140276870 0.2572686492772886 13
1749140300816 0.2659910284100349 14
1749140325147 0.2787838511380628 15
1749140348913 0.2762086725369663 16
1749140372717 0.27737165642133244 17
1749140396949 0.28667552749626185 18
1749140420762 0.29041368998172457 19
1749140444313 0.29365343080245887 20
1749140468233 0.29406878218973254 21
1749140492508 0.29307193886027577 22
1749140516395 0.30162817743811265 23
1749140540799 0.3017943179930221 24
1749140564734 0.30661239408539626 25
1749140589564 0.3058647615883037 26
1749140615923 0.3049509885363017 27
1749140642393 0.3076923076923077 28
1749140668021 0.31533477321814257 29
1749140694286 0.31284266489450074 30
1749140721087 0.31400564877886694 31
1749140747039 0.31757767070942017 32
1749140772856 0.3145040704435953 33
1749140796821 0.3163316165475993 34
1749140821278 0.3232264495763416 35
1749140845115 0.32256188735670377 36
1749140869974 0.3226449576341585 37
1749140893815 0.3242232929057983 38
1749140918112 0.32214653596943016 39
1749140942230 0.3298720717727197 40
1749140966258 0.32812759594617047 41
1749140991433 0.3244725037381625 42
1749141015326 0.3253032065127098 43
1749141039153 0.3286260176108988 44
1749141063209 0.3311181259345406 45
1749141089802 0.3295397906629008 46
1749141114419 0.33095198537963116 47
1749141138769 0.3344409370327297 48
1749141162570 0.33518856952982223 49
1749141186703 0.3319488287090879 50
