1749139958089 4.508093052265608 0
1749139982638 4.296480815563773 1
1749140007625 4.075296556458211 2
1749140031762 3.8880522818364818 3
1749140055754 3.722344411195235 4
1749140080973 3.568787223451131 5
1749140107497 3.443244988560602 6
1749140131949 3.327723315855179 7
1749140155979 3.240871214996349 8
1749140180386 3.160303171994572 9
1749140204384 3.0935633041714494 10
1749140228401 3.0291511584685225 11
1749140252662 2.991364523877557 12
1749140276871 2.9239127961979126 13
1749140300817 2.8946542597435636 14
1749140325148 2.841936286628483 15
1749140348914 2.824562782927222 16
1749140372718 2.805371701998001 17
1749140396950 2.7702994992678622 18
1749140420762 2.730369054060098 19
1749140444314 2.739828329719642 20
1749140468234 2.7011606826159116 21
1749140492509 2.7051971164251576 22
1749140516396 2.6761249963160614 23
1749140540800 2.6605312283361124 24
1749140564735 2.6282982104154877 25
1749140589564 2.6246284831702695 26
1749140615923 2.6316576560101366 27
1749140642394 2.6022530319482917 28
1749140668022 2.5769763384049447 29
1749140694287 2.575577704374275 30
1749140721087 2.568458351325131 31
1749140747039 2.555329562327956 32
1749140772857 2.5573970285899272 33
1749140796821 2.5479201814524175 34
1749140821279 2.5130078177879636 35
1749140845116 2.527023634278368 36
1749140869975 2.498996282664022 37
1749140893815 2.497145632647101 38
1749140918113 2.4914906660672087 39
1749140942231 2.4629079593377874 40
1749140966259 2.4601533007711565 41
1749140991434 2.4812792701423354 42
1749141015327 2.4631436008037846 43
1749141039154 2.4489233074770187 44
1749141063209 2.448339752050019 45
1749141089802 2.452796421238857 46
1749141114420 2.435412966449232 47
1749141138770 2.418908914856318 48
1749141162571 2.3922830570016003 49
1749141186703 2.409986115394963 50
