1754373560409 0.12661436554046554 0
1754373598798 0.259279132590756 1
1754373640081 0.2438848388409873 2
1754373677607 0.34529844946897087 3
1754373719888 0.300521777744884 4
1754373758085 0.37636457832217 5
1754373808842 0.3584354068756245 6
1754373844775 0.40258298486474486 7
1754373888241 0.36522591866188064 8
1754373925154 0.4156829367575769 9
1754373968382 0.4111127558006143 10
1754374007623 0.43122525256263183 11
1754374052202 0.4083743477778189 12
1754374089255 0.44088369167005886 13
1754374138851 0.426340524738186 14
1754374178391 0.45294748917588723 15
1754374221101 0.4371461347740813 16
1754374261115 0.45931243755319545 17
1754374304791 0.44188284054324095 18
1754374353927 0.46712060096954444 19
1754374401608 0.44959849017503606 20
1754374451529 0.47735262554120567 21
1754374496375 0.4764089849387559 22
1754374531624 0.4781852496021907 23
1754374575584 0.46556636938903895 24
1754374615322 0.4883987714169411 25
1754374658383 0.4733930355622988 26
1754374701301 0.4876031528697776 27
1754374750098 0.47800022203308296 28
1754374785919 0.48973096991451726 29
1754374833174 0.47650149872330977 30
1754374871247 0.49095215187062874 31
1754374913473 0.4874366280575806 32
1754374953423 0.4944121674129445 33
1754375001729 0.48580838544943195 34
1754375040814 0.494208637086926 35
1754375081578 0.4918032786885246 36
1754375120328 0.4965214817007734 37
1754375159033 0.5029234355919032 38
1754375200918 0.5032379824593864 39
1754375240088 0.49950042556340896 40
1754375278147 0.5046441919846058 41
1754375325388 0.49925988972356883 42
1754375360385 0.503108463161011 43
1754375409131 0.495799874181253 44
1754375443811 0.506383451134219 45
1754375487317 0.4794434370721237 46
1754375524289 0.5078266661732598 47
1754375566751 0.48336602153720903 48
1754375603201 0.5084372571513155 49
1754375652473 0.5015357288235948 50
1754375692132 0.5017577619065241 51
1754375735854 0.4805721052436813 52
1754375780721 0.5064574621618622 53
1754375836358 0.48232986715020537 54
1754375877697 0.502016800503275 55
1754375914995 0.5014432150390408 56
1754375954836 0.4984642711764053 57
1754375994993 0.5091033564001036 58
1754376039070 0.5068645228138993 59
1754376077538 0.49585538245198535 60
1754376120355 0.49742811678940163 61
1754376163650 0.5112866817155757 62
1754376201205 0.5098249639196241 63
1754376245504 0.5033119934870296 64
1754376285232 0.504366650630944 65
1754376333696 0.4966324982422381 66
1754376377936 0.5112311734448433 67
1754376417067 0.4998149724308922 68
1754376460373 0.5043481478740333 69
1754376506404 0.5106390852236984 70
1754376549711 0.49330200199829777 71
1754376589895 0.49678052029752434 72
1754376632134 0.5052362802057506 73
1754376676509 0.4954298190430374 74
1754376721109 0.5037375568959775 75
1754376767892 0.5039780927358176 76
1754376813653 0.4816452651445065 77
1754376861539 0.503941087221996 78
1754376903215 0.5021648225585612 79
1754376947903 0.500832624060985 80
1754376993509 0.48264441401768865 81
1754377032833 0.503941087221996 82
1754377075395 0.4965399844576842 83
1754377121074 0.49394959849017506 84
1754377167129 0.4825519002331347 85
1754377214738 0.48393960700144323 86
1754377264736 0.49798319949672504 87
1754377305684 0.4960034045072716 88
1754377348652 0.49004551678200053 89
1754377393635 0.4824963919624024 90
1754377440034 0.4858638937201643 91
1754377486381 0.4944676756836769 92
1754377535079 0.4950782666617326 93
1754377580524 0.4809606631388077 94
1754377621219 0.47596491877289715 95
1754377662784 0.4749472671428043 96
1754377707339 0.4926544055064205 97
1754377751621 0.456240979906006 98
1754377794814 0.4721718536061873 99
1754377836953 0.49002701402508975 100
