1754373560410 2.1996996131309925 0
1754373598800 2.2610665634886407 1
1754373640082 2.1871221751675773 2
1754373677608 2.2894795258511724 3
1754373719889 2.168054858585349 4
1754373758086 2.3517948427303645 5
1754373808843 2.1973185413016845 6
1754373844776 2.4164692378974526 7
1754373888243 2.244905805729928 8
1754373925156 2.496938431478975 9
1754373968383 2.3044587479772316 10
1754374007624 2.520164400589427 11
1754374052204 2.322146999605581 12
1754374089256 2.5396733198797703 13
1754374138852 2.3380068733235158 14
1754374178392 2.6134299054457677 15
1754374221102 2.3525795570454693 16
1754374261116 2.6312761486315086 17
1754374304792 2.3838034020524628 18
1754374353928 2.7001847868662447 19
1754374401609 2.425417129576972 20
1754374451531 2.7177402027662456 21
1754374496376 2.464550201853911 22
1754374531625 2.7510446775401256 23
1754374575585 2.4798182212478364 24
1754374615323 2.766352456022756 25
1754374658384 2.4905792067614705 26
1754374701303 2.8560669672850927 27
1754374750099 2.534844971897652 28
1754374785920 2.8568600562256474 29
1754374833175 2.564863144726351 30
1754374871249 2.87826359719121 31
1754374913475 2.6610148659239656 32
1754374953424 2.930037037426275 33
1754375001731 2.762035080924935 34
1754375040816 2.9815904915555436 35
1754375081579 2.9844485757528734 36
1754375120329 2.9236616477695927 37
1754375159034 2.950984023179174 38
1754375200919 3.0255284017331086 39
1754375240090 2.985821491859196 40
1754375278148 3.1154928943937015 41
1754375325389 2.879789967936383 42
1754375360386 3.1822271331588823 43
1754375409132 2.9050111107299688 44
1754375443813 3.2115854403474833 45
1754375487318 2.870930451348173 46
1754375524291 3.2215670036277935 47
1754375566752 2.853035672881654 48
1754375603202 3.2512315217664676 49
1754375652474 2.9252010112289795 50
1754375692133 3.338005615892233 51
1754375735855 3.028734672900519 52
1754375780722 3.338614835676934 53
1754375836359 3.14058229572178 54
1754375877698 3.3130517193023294 55
1754375914996 3.3190759999857224 56
1754375954838 3.1903354528224677 57
1754375994994 3.3664899638909587 58
1754376039071 3.20307166909188 59
1754376077539 3.4548414274963735 60
1754376120357 3.2170117328622867 61
1754376163652 3.357233462787373 62
1754376201206 3.4034464276712026 63
1754376245505 3.2294850365153005 64
1754376285234 3.4388245913821467 65
1754376333697 3.3562905170311423 66
1754376377938 3.23837091033323 67
1754376417069 3.591279296779637 68
1754376460374 3.264094464750537 69
1754376506405 3.335827670094886 70
1754376549713 3.6230022643822135 71
1754376589896 3.312353537854634 72
1754376632135 3.3252923975604745 73
1754376676510 3.4701446286960933 74
1754376721110 3.4106000578161884 75
1754376767893 3.2512418698314804 76
1754376813655 3.3955907940755314 77
1754376861541 3.458341415557174 78
1754376903217 3.280496126207366 79
1754376947905 3.134316300091973 80
1754376993510 3.495502766373705 81
1754377032834 3.3715630117877278 82
1754377075396 3.2737013094200127 83
1754377121075 3.2356731133817007 84
1754377167130 3.1177151543836956 85
1754377214739 3.0530641919663903 86
1754377264737 3.0605538309510334 87
1754377305685 3.1339857652793763 88
1754377348653 3.1457572783890204 89
1754377393636 3.0044566051307884 90
1754377440035 2.950893861473659 91
1754377486382 3.071607486915007 92
1754377535080 3.162199160475914 93
1754377580526 3.1129991998288835 94
1754377621220 3.031858361965694 95
1754377662785 2.824152301989859 96
1754377707340 2.9980836209731003 97
1754377751622 2.880245331752082 98
1754377794815 2.99575109197541 99
1754377836955 2.8834026893154414 100
