1749017464269 0.07883369330453564 0
1749017528125 0.14038876889848811 1
1749017591415 0.1776042531982057 2
1749017655356 0.21714570526665558 3
1749017717935 0.24597109154344576 4
1749017780675 0.26474497424821397 5
1749017846378 0.2859278949991693 6
1749017911946 0.3027080910450241 7
1749017978837 0.31940521681342415 8
1749018046423 0.3235587306861605 9
1749018112786 0.3297059312178103 10
1749018178043 0.3341917262003655 11
1749018242193 0.3483967436451238 12
1749018307661 0.3649277288586144 13
1749018373467 0.37730520019936864 14
1749018440561 0.38287090878883534 15
1749018506090 0.3899318823724871 16
1749018568928 0.39591294234922747 17
1749018635772 0.40596444592124936 18
1749018697985 0.4158498089383619 19
1749018760057 0.411862435620535 20
1749018821157 0.4198371822561887 21
1749018878658 0.4240737664063798 22
1749018933864 0.4297225452733012 23
1749018992066 0.4373650107991361 24
1749019045703 0.4451736168798804 25
1749019097784 0.4463366007642465 26
1749019143176 0.4461704602093371 27
1749019186645 0.45406213656753613 28
1749019227415 0.460790829041369 29
1749019271528 0.4648612726366506 30
1749019313823 0.4661073267984715 31
1749019353633 0.461704602093371 32
1749019393464 0.46652267818574517 33
1749019435910 0.47175610566539294 34
1749019475129 0.4760757600930387 35
1749019512254 0.48056155507559395 36
1749019551624 0.47491277620867256 37
1749019589211 0.4887855125436119 38
1749019626774 0.49509885363017114 39
1749019661592 0.4928559561388935 40
1749019696549 0.4987539458381791 41
1749019733142 0.5012460541618209 42
1749019765717 0.5008307027745472 43
1749019799046 0.5068117627512876 44
1749019831849 0.501827546104004 45
1749019863705 0.4975909619538129 46
1749019895334 0.499086226947998 47
1749019925903 0.49451736168798804 48
1749019953726 0.5086393088552916 49
1749019981522 0.5086393088552916 50
