1754344570982 4.332505781633063 0
1754344602420 3.9524105606946964 1
1754344638489 6.6049088297720155 2
1754344668600 4.9026081962150965 3
1754344699284 4.744890210399409 4
1754344731024 6.961961579784185 5
1754344765827 5.298868106997983 6
1754344794430 4.850368872388259 7
1754344821655 5.187157616044141 8
1754344850894 8.807953391473696 9
1754344880315 4.226408953496815 10
1754344915621 6.407281733618047 11
1754344946693 9.030457648599448 12
1754344974653 9.709459822712219 13
1754345010047 3.1374814389869456 14
1754345039670 6.242427835266424 15
1754345066241 9.27382987752771 16
1754345095010 10.822048199304595 17
1754345125161 5.1328981419120785 18
1754345154181 5.342313492123815 19
1754345190248 4.389662694974599 20
1754345220649 6.189117913940347 21
1754345249300 4.969221853502858 22
1754345288855 6.516468975156817 23
1754345317494 10.37845971835841 24
1754345343246 4.330712142527149 25
1754345374234 9.250271333019795 26
1754345405447 2.766283940157228 27
1754345439208 4.63189124341543 28
1754345469338 3.833762569938891 29
1754345501386 4.4703518439980225 30
1754345531958 4.480376755156414 31
1754345562792 5.338581442477165 32
1754345590152 5.298501109261942 33
1754345619033 4.238934160550995 34
1754345651378 3.597417019985481 35
1754345687691 11.770710330787294 36
1754345718591 5.776636006406392 37
1754345755568 2.996850603124535 38
1754345785858 6.2308593126951575 39
1754345816268 4.904084066951469 40
1754345842481 4.187368855386465 41
1754345875678 4.797614780300081 42
1754345907352 4.803229131830804 43
1754345941058 5.7702942941926665 44
1754345970254 5.132146932054231 45
1754345999988 5.501217485505001 46
1754346028215 5.5221078410761475 47
1754346060839 10.28748015607804 48
1754346091433 3.7162721692495215 49
1754346121243 5.606551986130026 50
1754346153623 4.691820428015312 51
1754346185794 5.739289926532021 52
1754346214807 3.9945727189587577 53
1754346246367 11.88842512572151 54
1754346282375 12.539830806413665 55
1754346308885 3.437422531910376 56
1754346346387 3.4156592641642742 57
1754346376361 3.746533938760881 58
1754346404841 10.385519030128306 59
1754346433750 6.5196150852743076 60
1754346465912 10.517176887639295 61
1754346494910 3.483629830371225 62
1754346524985 4.3809112626020825 63
1754346554339 3.8812141388702766 64
1754346583734 5.488633082087381 65
1754346616317 4.374222271137994 66
1754346644581 6.171967988110434 67
1754346677987 4.992696682603714 68
1754346706735 5.402622541268568 69
1754346739298 3.6121480051585553 70
1754346768546 4.749400961971882 71
1754346795988 11.934092559683439 72
1754346823218 6.037033453476912 73
1754346857574 3.6925718357999933 74
1754346887635 5.458120342890627 75
1754346918106 5.303852211334035 76
1754346949219 13.313634089529529 77
1754346977839 7.15250385850175 78
1754347005445 4.6112230911566785 79
1754347034113 4.429959828972888 80
1754347063623 3.7894469584388455 81
1754347096369 10.031950978260717 82
1754347129852 4.930581714500589 83
1754347163824 3.883053965599109 84
1754347190396 6.164371657229384 85
1754347219957 4.314170298458706 86
1754347248060 5.129241318648581 87
1754347278687 5.6217200135753815 88
1754347306973 3.770802022595201 89
1754347337402 6.621775397798719 90
1754347366455 6.497145591958345 91
1754347393431 11.495380068382147 92
1754347424308 10.172773802610687 93
1754347450810 10.478143621637777 94
1754347478534 4.951277190771133 95
1754347503593 3.7985078335552833 96
1754347531583 7.1381303750724685 97
1754347563297 16.18496332562871 98
1754347593920 10.022727117253302 99
1754347627002 11.735045645418925 100
