1750025046839 0.14163860415201865 0
1750025065206 0.24976871553861527 1
1750025084700 0.16389742071568664 2
1750025102264 0.13923324575361729 3
1750025119288 0.22771342930096583 4
1750025138919 0.15444251193427821 5
1750025155915 0.19640676460792658 6
1750025173737 0.15853162121156053 7
1750025191535 0.10655737704918032 8
1750025210952 0.0994708211523517 9
1750025227744 0.1101284091329608 10
1750025245023 0.22306923731636014 11
1750025262150 0.2379639566295378 12
1750025279537 0.10082152240683862 13
1750025296775 0.22044184583502943 14
1750025315168 0.17699737260851867 15
1750025332172 0.15742145579691375 16
1750025349276 0.19459349443067017 17
1750025366024 0.13249824223809348 18
1750025383070 0.24268215964178663 19
1750025399933 0.18301076860452206 20
