1750025046839 4.740666466678114 0
1750025065207 4.340896079093834 1
1750025084700 6.845405999769857 2
1750025102265 5.044196350491388 3
1750025119289 4.70926980928344 4
1750025138920 7.209411383251041 5
1750025155916 4.604828734199879 6
1750025173737 5.648218476715628 7
1750025191535 5.412677628360542 8
1750025210953 8.326279748575963 9
1750025227745 4.345483738055057 10
1750025245024 5.255023844707706 11
1750025262151 3.85474022252353 12
1750025279538 9.113113619418357 13
1750025296776 3.4772689307249314 14
1750025315169 5.992995749351643 15
1750025332173 4.978029758170434 16
1750025349277 5.081885596494744 17
1750025366025 4.816201869898891 18
1750025383071 3.834546418143448 19
1750025399933 3.4752040367581625 20
