1753004606365 4.648704925249949 0
1753004724958 4.442449933316674 1
1753004845341 4.142525553478809 2
1753004966536 3.82473115370747 3
1753005087584 3.5152877435247176 4
1753005209894 3.2201925710694863 5
1753005328055 3.000785105009911 6
1753005448881 2.7773920566897483 7
1753005571360 2.6004096549234275 8
1753005697035 2.4338965525834673 9
1753005818770 2.311242300303792 10
1753005939098 2.173995569947001 11
1753006062781 2.065184019601078 12
1753006184748 1.9645086830506442 13
1753006305493 1.8752188321314465 14
1753006428825 1.7874392869676299 15
1753006547264 1.698288898420062 16
1753006665009 1.619999678799624 17
1753006787358 1.551107670520172 18
1753006906872 1.4785250571232307 19
1753007023438 1.4200596057313535 20
1753007143931 1.3383640587262826 21
1753007267352 1.2784676508220714 22
1753007386589 1.201337560645723 23
1753007511636 1.1744391397421243 24
1753007630113 1.1117404892021054 25
1753007753116 1.050207003229244 26
1753007877463 1.030241056318705 27
1753007998188 0.9687407037481388 28
1753008117022 0.9589056407046301 29
1753008242932 0.916474494762714 30
1753008366582 0.8946706599330435 31
1753008490146 0.8434960452019685 32
1753008610563 0.8027441181841911 33
1753008731727 0.7800247404103867 34
1753008852408 0.7403423776990417 35
1753008973082 0.7268805295261308 36
1753009095270 0.6794310919525381 37
1753009224666 0.659384135582094 38
1753009380243 0.6294103596506819 39
1753009418203 0.6016251317017461 40
1753009559449 0.5729285809019478 41
1753009580355 0.545828263552442 42
1753009610021 0.5261773817196564 43
1753009678706 0.5311826590800762 44
1753009828662 0.5101500707956198 45
1753009904937 0.49598321079277086 46
1753010005057 0.479582986193408 47
1753010025899 0.46257595238302135 48
1753010050501 0.4560539801895414 49
1753010139390 0.47018090925487527 50
