1753530199927 4.598590332635104 0
1753530210926 4.546753006591087 1
1753530222361 4.479676746279407 2
1753530231866 4.416828658671078 3
1753530242296 4.3592718022716275 4
1753530253448 4.302265873761526 5
1753530263946 4.247480200908004 6
1753530275357 4.195347095488704 7
1753530286538 4.149958150435203 8
1753530298230 4.100866129967577 9
1753530309960 4.061831329776343 10
1753530320452 4.023415478310043 11
1753530331368 3.993224351494401 12
1753530343394 3.956728862828105 13
1753530354274 3.9235412458117276 14
1753530366239 3.886400427821292 15
1753530377107 3.864783545846494 16
1753530387846 3.851076389935556 17
1753530397940 3.8230152392791488 18
1753530408335 3.792941801167353 19
1753530420007 3.7875417104498763 20
1753530430547 3.7624960029242454 21
1753530442066 3.74568569338404 22
1753530451424 3.721790936607326 23
1753530461385 3.7026985815115667 24
1753530471098 3.6717857957809232 25
1753530483344 3.6606534310877885 26
1753530494030 3.651620294664115 27
1753530504736 3.625311816679082 28
1753530515895 3.608595286834487 29
1753530527891 3.592420576157044 30
1753530540336 3.580380603056818 31
1753530551881 3.5654605615086625 32
1753530562460 3.5475644324209483 33
1753530573928 3.546189924467805 34
1753530583542 3.5214718777680902 35
1753530593061 3.514912766064777 36
1753530604162 3.4997811278904747 37
1753530612664 3.4930567688511913 38
1753530622793 3.4790488219355957 39
1753530634505 3.450779046853184 40
1753530645598 3.4459765093499684 41
1753530657127 3.4455531577256764 42
1753530667666 3.4245602362423817 43
1753530678925 3.4222865453023843 44
1753530689992 3.4059505367358875 45
1753530701167 3.4105771257179405 46
1753530711850 3.4016460639509005 47
1753530722234 3.3773367183680914 48
1753530733842 3.359127342738375 49
1753530745002 3.3641419833388433 50
1753530756037 3.347884839624759 51
1753530765856 3.350497163534414 52
1753530776857 3.3392493226309155 53
1753530788485 3.324281970846975 54
1753530799186 3.318962602578938 55
1753530810740 3.3101232050477423 56
1753530822584 3.2960959748883556 57
1753530833246 3.2829947766461465 58
1753530843764 3.2820725077289645 59
1753530855082 3.2674068965455882 60
1753530867015 3.2701693072332003 61
1753530878088 3.260526193350672 62
1753530887947 3.256171168630456 63
1753530898799 3.250650336937466 64
1753530910139 3.2311657870332176 65
1753530920407 3.231571753333368 66
1753530930470 3.2243060529618663 67
1753530942588 3.2288023161573824 68
1753530953591 3.222953352301558 69
1753530963532 3.2040814956528143 70
1753530974382 3.197175934153088 71
1753530985752 3.189848026263462 72
1753530996201 3.192204707036534 73
1753531006816 3.1884815980572907 74
1753531018455 3.188506948009997 75
1753531030521 3.181033796428711 76
1753531042002 3.17278725023573 77
1753531052964 3.1647710628678145 78
1753531063354 3.1659630198911732 79
1753531074452 3.160852766811511 80
1753531085801 3.1501998284492165 81
1753531097375 3.1549392345124243 82
1753531109222 3.1456251304427507 83
1753531120495 3.143263241702928 84
1753531131117 3.1388374155012726 85
1753531142613 3.1417091077567396 86
1753531153779 3.122327699050616 87
1753531164905 3.115151747010397 88
1753531174657 3.1217860142464766 89
1753531184077 3.1078696750302424 90
1753531194120 3.1058412079881936 91
1753531205339 3.094020593226218 92
1753531216279 3.094616683482575 93
1753531226760 3.081732061392444 94
1753531239082 3.07808859200751 95
1753531250654 3.092016075770709 96
1753531261627 3.077445397705781 97
1753531272513 3.0755165126451414 98
1753531282748 3.06979994358291 99
1753531293954 3.066676964144199 100
