1755712135473 0.0208506396411364 0
1755712168410 0.041368998172453895 1
1755712213124 0.07617544442598438 2
1755712240667 0.061056653929224124 3
1755712267097 0.10533311181259346 4
1755712299861 0.08905133743146702 5
1755712326138 0.12651603256354876 6
1755712365611 0.11447084233261338 7
1755712393676 0.14985878052832696 8
1755712424505 0.14022262834357868 9
1755712453740 0.1707924904469181 10
1755712493322 0.16281774381126432 11
1755712519783 0.18624356205349726 12
1755712556231 0.17909951819239076 13
1755712583581 0.20177770393753114 14
1755712627754 0.19247383286260175 15
1755712674199 0.21108157501246055 16
1755712707555 0.20377139059644458 17
1755712750405 0.22163150024921083 18
1755712790283 0.2158996511048347 19
1755712833073 0.23193221465359695 20
1755712867454 0.22271141385612228 21
1755712910627 0.24281442100016615 22
1755712954430 0.23301212826050838 23
1755712980701 0.2482139890347234 24
1755713021154 0.23949160990197707 25
1755713048820 0.25560724372819404 26
1755713087858 0.2451403887688985 27
1755713116755 0.26059146037547765 28
1755713161049 0.2473832862601761 29
1755713204986 0.2644126931383951 30
1755713240143 0.2545273301212826 31
1755713283466 0.2682339259013125 32
1755713327062 0.2579332114969264 33
1755713353955 0.2718890181093205 34
1755713393853 0.26241900647948163 35
1755713434113 0.2754610400398737 36
1755713475161 0.2652433959129423 37
1755713516315 0.279033061970427 38
1755713560220 0.2688984881209503 39
1755713597020 0.28019604585479313 40
1755713631587 0.2712244558896827 41
1755713657646 0.2824389433460708 42
1755713704085 0.27487954809769066 43
1755713744684 0.28451570028243894 44
1755713788905 0.27587639142714737 45
1755713832801 0.28567868416680514 46
1755713874927 0.2809436783518857 47
1755713910328 0.28875228443263 48
1755713946175 0.2819405216813424 49
1755713987474 0.2903306197042698 50
1755714014393 0.28293736501079914 51
1755714041148 0.2914105333111813 52
1755714073466 0.28567868416680514 53
1755714099344 0.29365343080245887 54
1755714141703 0.2880046519355375 55
1755714187960 0.29489948496427976 56
1755714230187 0.28734008971589964 57
1755714256614 0.2945672038544609 58
1755714285617 0.2914105333111813 59
1755714319083 0.29606246884864595 60
1755714356139 0.29165974414354545 61
1755714394724 0.297557733842831 62
1755714438076 0.2912443927562718 63
1755714482156 0.29905299883701614 64
1755714512549 0.2943179930220967 65
1755714539141 0.2999667718890181 66
1755714580906 0.29265658747300216 67
1755714607427 0.2999667718890181 68
1755714646630 0.2935703605250041 69
1755714675333 0.3023758099352052 70
1755714715315 0.2962286094035554 71
1755714741965 0.303954145206845 72
1755714768668 0.2958963282937365 73
1755714807412 0.3041202857617544 74
1755714847786 0.29730852301046684 75
1755714874134 0.30486791825884696 76
1755714900255 0.29764080412028576 77
1755714940588 0.3058647615883037 78
1755714985704 0.29988370161156336 79
1755715028484 0.3061139724206679 80
1755715055635 0.29789001495264994 81
1755715081909 0.3063631832530321 82
1755715110790 0.2981392257850141 83
1755715139395 0.3067785346403057 84
1755715181435 0.2997175610566539 85
1755715220191 0.3081076590795813 86
1755715246146 0.29921913939192557 87
1755715284425 0.3086891510217644 88
1755715310331 0.29888685828210665 89
1755715338401 0.3089383618541286 90
1755715379776 0.30262502076756936 91
1755715409403 0.3096859943512211 92
1755715449272 0.30046519355374646 93
1755715484996 0.30943678351885695 94
1755715518691 0.3013789666057485 95
1755715546636 0.3110981890679515 96
1755715572811 0.30204352882538626 97
1755715617106 0.31126432962286094 98
1755715655954 0.3046187074264828 99
1755715693997 0.31201196211995347 100
