1753288997982 0.016447914936035885 0
1753289012880 0.025585645456055822 1
1753289024812 0.03704934374480811 2
1753289038635 0.053248047848479814 3
1753289052153 0.056238577836849976 4
1753289065649 0.05922910782522014 5
1753289078907 0.06363183253032065 6
1753289094118 0.08523010466854959 7
1753289107695 0.08423326133909287 8
1753289122910 0.08938361854128593 9
1753289136713 0.09652766240239243 10
1753289149730 0.11040039873733178 11
1753289164063 0.10882206346569198 12
1753289178618 0.11712909121116465 13
1753289192700 0.12493769729190896 14
1753289206600 0.13465691975411198 15
1753289221193 0.13507227114138562 16
1753289234548 0.144376142216315 17
1753289248464 0.14504070443595282 18
1753289261544 0.14487456388104336 19
1753289276981 0.15700282438943347 20
1753289290211 0.15733510549925236 21
1753289303867 0.16007642465525834 22
1753289317111 0.16530985213490612 23
1753289330415 0.16946336600764247 24
1753289344486 0.17004485794982555 25
1753289358187 0.17536135570692807 26
1753289371595 0.18616049177604252 27
1753289384802 0.1882372487124107 28
1753289398128 0.19579664396079083 29
1753289411897 0.1966273467353381 30
1753289427525 0.18815417843495597 31
1753289442501 0.19837182256188735 32
1753289456426 0.20152849310516696 33
1753289468622 0.19953480644625354 34
1753289481350 0.20426981226117294 35
1753289494075 0.20817411530154512 36
1753289508501 0.2124937697291909 37
1753289519423 0.21897325137065957 38
1753289531983 0.21955474331284267 39
1753289546010 0.2242897491277621 40
1753289559776 0.2292739657750457 41
1753289573312 0.23193221465359695 42
1753289586257 0.22570194384449244 43
1753289601290 0.23641800963615217 44
1753289615860 0.24165143711579998 45
1753289631082 0.23749792324306362 46
1753289646232 0.24630337265326466 47
1753289661316 0.24597109154344576 48
1753289674146 0.2470510051503572 49
1753289688932 0.24223292905798305 50
1753289701976 0.24622030237580994 51
1753289714414 0.24813091875726864 52
1753289727871 0.2532812759594617 53
1753289741853 0.2520352217976408 54
1753289756380 0.26017610898820404 55
1753289768795 0.26300049842166473 56
1753289782591 0.26557567702276125 57
1753289797130 0.27072603422495434 58
1753289811177 0.26956305034058814 59
1753289824761 0.2728858614387772 60
1753289839199 0.26474497424821397 61
1753289853475 0.27014454228277124 62
1753289868181 0.2718890181093205 63
1753289881538 0.2750456886526001 64
1753289895176 0.27230436949659415 65
1753289909497 0.28077753779697623 66
1753289923799 0.27828542947333446 67
1753289938137 0.27770393753115136 68
1753289952896 0.2791992025253364 69
1753289966946 0.2793653430802459 70
1753289981102 0.28410034889516533 71
1753289993358 0.27712244558896826 72
1753290007579 0.2852633327795315 73
1753290021090 0.2831865758431633 74
1753290035265 0.28833693304535635 75
1753290051435 0.2844326300049842 76
1753290062529 0.2908290413689982 77
1753290077185 0.2891676358199036 78
1753290090468 0.2965608905133743 79
1753290104354 0.2893337763748131 80
1753290118108 0.29730852301046684 81
1753290131890 0.2973915932879216 82
1753290145912 0.29888685828210665 83
1753290158621 0.2979730852301047 84
1753290172575 0.2983884366173783 85
1753290186005 0.3019604585479316 86
1753290198625 0.301212826050839 87
1753290214037 0.30162817743811265 88
1753290228822 0.30561555075593955 89
1753290243917 0.303040372154843 90
1753290258704 0.30378800465193556 91
1753290271900 0.30569862103339424 92
1753290286831 0.30943678351885695 93
1753290300114 0.31458714072105 94
1753290313568 0.31342415683668384 95
1753290327197 0.3113473999003157 96
1753290340647 0.31242731350722713 97
1753290353721 0.3073600265824888 98
1753290368174 0.31201196211995347 99
1753290382600 0.31184582156504403 100
