1753465772814 0.027828542947333446 0
1753465802113 0.07418175776707094 1
1753465824731 0.09403555407875062 2
1753465846937 0.12161488619371989 3
1753465874823 0.1412194716730354 4
1753465897122 0.16065791659744144 5
1753465923709 0.18391759428476492 6
1753465947208 0.19928559561388934 7
1753465969773 0.20618042864263167 8
1753466002102 0.21481973749792324 9
1753466025469 0.2290247549426815 10
1753466047807 0.23666722046851638 11
1753466070355 0.24214985878052833 12
1753466108933 0.247715567369995 13
1753466131685 0.25477654095364677 14
1753466154536 0.26657252035221796 15
1753466177289 0.26840006645622194 16
1753466203212 0.2709752450573185 17
1753466227378 0.27828542947333446 18
1753466251740 0.27870078086060807 19
1753466273672 0.27994683502242895 20
1753466296055 0.2796976241900648 21
1753466318292 0.28069446751952154 22
1753466340417 0.28725701943844495 23
1753466364769 0.2847649111148031 24
1753466389504 0.28385113806280116 25
1753466413222 0.2903306197042698 26
1753466435786 0.28410034889516533 27
1753466460038 0.29107825220136235 28
1753466481831 0.2958963282937365 29
1753466505405 0.29573018773882703 30
1753466534740 0.29107825220136235 31
1753466556800 0.29448413357700615 32
1753466578969 0.29946835022428975 33
1753466601661 0.30162817743811265 34
1753466626077 0.30071440438611063 35
1753466650211 0.30146203688320317 36
1753466673147 0.29705931217810266 37
1753466697844 0.3033726532646619 38
1753466720073 0.30220966938029575 39
1753466742227 0.3086891510217644 40
1753466764791 0.3099352051835853 41
1753466787745 0.30686160491776043 42
1753466809942 0.3059478318657584 43
1753466832258 0.3111812593454062 44
1753466854952 0.3075261671373982 45
1753466876855 0.31035055657085897 46
1753466899644 0.3093537132414022 47
1753466921814 0.305781691310849 48
1753466951292 0.31059976740322315 49
1753466973897 0.30910450240903803 50
1753466996431 0.31101511879049676 51
1753467025679 0.3135072271141386 52
1753467048138 0.31325801628177435 53
1753467072113 0.31226117295231764 54
1753467094532 0.3147532812759595 55
1753467125130 0.3130918757268649 56
1753467147003 0.3164977571025087 57
1753467185920 0.31724538959960125 58
1753467208045 0.3151686326632331 59
1753467230056 0.3125103837846818 60
1753467264594 0.3102674862934042 61
1753467290082 0.3107659079581326 62
1753467312238 0.31317494600431967 63
1753467333813 0.3161654759926898 64
1753467359928 0.31716231932214656 65
1753467385061 0.32065127097524504 66
1753467408257 0.32098355208506396 67
1753467436763 0.31716231932214656 68
1753467471763 0.31840837348396744 69
1753467494151 0.3184914437614222 70
1753467516614 0.31982056820069776 71
1753467542858 0.317328459877056 72
1753467571437 0.3192390762585147 73
1753467598681 0.3192390762585147 74
1753467622105 0.32098355208506396 75
1753467661608 0.3197374979232431 76
1753467687062 0.3203189898654262 77
1753467709473 0.3189067951486958 78
1753467737115 0.3210666223625187 79
1753467759042 0.3194882870908789 80
1753467782081 0.3216481143047018 81
1753467804711 0.3213158331948829 82
1753467827454 0.3235587306861605 83
1753467860473 0.3227280279116132 84
1753467883464 0.32480478484798136 85
1753467911053 0.3211496926399734 86
1753467933141 0.3192390762585147 87
1753467956675 0.3220634656919754 88
1753467979149 0.3203189898654262 89
1753468002278 0.3253032065127098 90
1753468025002 0.32621697956471174 91
1753468046861 0.3247217145705267 92
1753468069771 0.3235587306861605 93
1753468091654 0.32580162817743813 94
1753468117216 0.32754610400398737 95
1753468139358 0.3220634656919754 96
1753468161845 0.32497092540289085 97
1753468188185 0.321897325137066 98
1753468211293 0.3238910117959794 99
1753468233694 0.3228941684665227 100
