1753465772815 4.519802340081258 0
1753465802114 4.349356782388976 1
1753465824732 4.157776966457163 2
1753465846938 4.019330186658285 3
1753465874824 3.920562297336525 4
1753465897123 3.828072913909313 5
1753465923710 3.7905160432755887 6
1753465947209 3.7412388910806236 7
1753465969774 3.7127365684579123 8
1753466002103 3.6558843490829975 9
1753466025470 3.645488762748269 10
1753466047808 3.659644484052251 11
1753466070356 3.626933287691187 12
1753466108934 3.6111542091107216 13
1753466131686 3.597156603769369 14
1753466154537 3.6102150473965837 15
1753466177290 3.6331691123135146 16
1753466203213 3.663884506387226 17
1753466227379 3.65864205172706 18
1753466251741 3.6351564043135443 19
1753466273673 3.704492239575801 20
1753466296056 3.693425335153722 21
1753466318293 3.706215655383991 22
1753466340418 3.6872536940825587 23
1753466364770 3.705919789336271 24
1753466389505 3.6704056266337464 25
1753466413223 3.725485207714479 26
1753466435787 3.7667609279276464 27
1753466460039 3.740812056981063 28
1753466481832 3.6980256759913352 29
1753466505406 3.722910074324981 30
1753466534741 3.6910960408440943 31
1753466556802 3.7160875367043182 32
1753466578970 3.7444922701225893 33
1753466601663 3.7514321961757604 34
1753466626078 3.71884520580128 35
1753466650212 3.756170118318414 36
1753466673148 3.7263808383006736 37
1753466697845 3.752162077719259 38
1753466720074 3.770100846337858 39
1753466742228 3.741505717250263 40
1753466764792 3.7654381666841505 41
1753466787746 3.7922569143255154 42
1753466809943 3.768709660882879 43
1753466832259 3.7629991020180236 44
1753466854953 3.7594208806054716 45
1753466876856 3.7760281315980335 46
1753466899645 3.7825194601734253 47
1753466921815 3.760147325505919 48
1753466951293 3.7316381054384533 49
1753466973898 3.737403164587901 50
1753466996432 3.7446848052357202 51
1753467025681 3.775167146669968 52
1753467048139 3.7641826622612147 53
1753467072114 3.7395032943542295 54
1753467094533 3.770727805458095 55
1753467125131 3.75614535233283 56
1753467147004 3.7846708195457452 57
1753467185921 3.7571024182707626 58
1753467208046 3.765247590916255 59
1753467230057 3.7283729641076833 60
1753467264595 3.7725407451042 61
1753467290083 3.7510074495389936 62
1753467312239 3.7735702541176805 63
1753467333814 3.7886515947335133 64
1753467359929 3.7395962967636147 65
1753467385062 3.7641981452497686 66
1753467408259 3.746946420176779 67
1753467436764 3.77751379842837 68
1753467471764 3.7869494633367555 69
1753467494152 3.773139207476376 70
1753467516615 3.761256958113028 71
1753467542859 3.7151454362280076 72
1753467571438 3.743331697962977 73
1753467598682 3.7307799641314996 74
1753467622106 3.7751399827417558 75
1753467661609 3.757691947061613 76
1753467687064 3.7372273704975214 77
1753467709474 3.735530825523957 78
1753467737116 3.732957657110893 79
1753467759043 3.7754090705734087 80
1753467782082 3.753611485652905 81
1753467804712 3.776454338938353 82
1753467827455 3.759707635433436 83
1753467860474 3.7337389432235253 84
1753467883465 3.7125710648338175 85
1753467911054 3.7848564290331854 86
1753467933142 3.7146755809077012 87
1753467956676 3.698688923052899 88
1753467979150 3.753828751916765 89
1753468002279 3.686407075180347 90
1753468025003 3.723466695661474 91
1753468046863 3.710209677669762 92
1753468069773 3.7486979277903103 93
1753468091655 3.740708584684998 94
1753468117217 3.7282748229319917 95
1753468139359 3.7496467881835414 96
1753468161846 3.7104545960549307 97
1753468188186 3.738786345135345 98
1753468211294 3.7363999926487654 99
1753468233695 3.7025863182194865 100
