1753995966735 0.027080910450240903 0
1753996016358 0.07036052500415352 1
1753996051139 0.09420169463366007 2
1753996100586 0.1104834690147865 3
1753996152657 0.1322478817079249 4
1753996203971 0.1477820235919588 5
1753996256473 0.1626516032563549 6
1753996306605 0.18242232929057983 7
1753996359040 0.18740654593786343 8
1753996409380 0.20626349892008639 9
1753996458297 0.20451902309353714 10
1753996494475 0.2293570360525004 11
1753996543617 0.2368333610234258 12
1753996594198 0.24497424821398903 13
1753996645012 0.24879548097690646 14
1753996696882 0.2579332114969264 15
1753996740681 0.2608406712078418 16
1753996787373 0.2669878717394916 17
1753996835938 0.2722212992191394 18
1753996887911 0.2697291908954976 19
1753996938568 0.26615716896494435 20
1753996988432 0.26956305034058814 21
1753997040451 0.2816082405715235 22
1753997090801 0.2925735171955474 23
1753997143325 0.2963947499584649 24
1753997192758 0.29789001495264994 25
1753997239296 0.29980063133410867 26
1753997271219 0.30204352882538626 27
1753997320989 0.3047017777039375 28
1753997373169 0.30785844824721714 29
1753997424010 0.3092706429639475 30
1753997473554 0.3126765243395913 31
1753997526468 0.31533477321814257 32
1753997578235 0.3177438112643296 33
1753997632990 0.31915600598106 34
1753997686136 0.3214819737497923 35
1753997735545 0.32239574680179434 36
1753997785040 0.32438943346070775 37
1753997838680 0.32480478484798136 38
1753997891002 0.32596776873234756 39
1753997922780 0.3263831201196212 40
1753997970672 0.3280445256687157 41
1753998021787 0.329789001495265 42
1753998061932 0.32937365010799136 43
1753998115733 0.33153347732181426 44
1753998167192 0.33253032065127097 45
1753998220004 0.33369330453563717 46
1753998263223 0.3326964612061804 47
1753998314122 0.33377637481309186 48
1753998360777 0.33651769396909786 49
1753998393250 0.3369330453563715 50
1753998444810 0.3384283103505566 51
1753998490634 0.33876059146037546 52
1753998543461 0.3397574347898322 53
1753998598294 0.34075427811928893 54
1753998651714 0.3410034889516531 55
1753998701410 0.33959129423492274 56
1753998751845 0.3375976075760093 57
1753998802022 0.3341086559229108 58
1753998854224 0.3310350556570859 59
1753998906086 0.32937365010799136 60
1753998955979 0.3280445256687157 61
1753998989802 0.32754610400398737 62
1753999041924 0.32580162817743813 63
1753999089351 0.32538627679016446 64
1753999121592 0.3247217145705267 65
1753999165449 0.3242232929057983 66
1753999214330 0.32314337929888687 67
1753999257254 0.3216481143047018 68
1753999306834 0.3230603090214321 69
1753999352539 0.32239574680179434 70
1753999400625 0.32156504402724706 71
1753999448248 0.32081741153015453 72
1753999502456 0.3230603090214321 73
1753999553241 0.3207343412526998 74
1753999603165 0.32023591958797143 75
1753999654466 0.3203189898654262 76
1753999705794 0.32040206014288086 77
1753999757284 0.3209004818076092 78
1753999789967 0.32123276291742814 79
1753999840456 0.3207343412526998 80
1753999892149 0.32098355208506396 81
1753999942190 0.321897325137066 82
1753999993031 0.32040206014288086 83
1754000043147 0.32081741153015453 84
1754000093341 0.31898986542615054 85
1754000142929 0.31898986542615054 86
1754000188848 0.31982056820069776 87
1754000223472 0.3189067951486958 88
1754000276717 0.3197374979232431 89
1754000329918 0.32023591958797143 90
1754000363183 0.3186575843163316 91
1754000411785 0.31907293570360523 92
1754000458698 0.3184914437614222 93
1754000509804 0.31874065459378637 94
1754000562465 0.3192390762585147 95
1754000611359 0.31998670875560725 96
1754000663160 0.31699617876723707 97
1754000714634 0.31658082737996346 98
1754000765833 0.3166638976574182 99
1754000818868 0.3180760923741485 100
