1753995966736 4.552963913572111 0
1753996016359 4.412702139039048 1
1753996051140 4.275770639345521 2
1753996100587 4.210568870154104 3
1753996152659 4.137431225309713 4
1753996203973 4.111754224886079 5
1753996256475 4.070599595967584 6
1753996306606 4.061669894967475 7
1753996359041 4.065792251404022 8
1753996409381 4.024402836771484 9
1753996458299 4.04735285903051 10
1753996494477 4.058896322009902 11
1753996543618 4.077537361199598 12
1753996594200 4.032269605547096 13
1753996645013 4.086925172349304 14
1753996696883 4.093362704795583 15
1753996740682 4.113697907064819 16
1753996787374 4.100820795041444 17
1753996835939 4.154483795296974 18
1753996887912 4.194873209577346 19
1753996938569 4.227437424258124 20
1753996988433 4.228590889159395 21
1753997040452 4.162685659789071 22
1753997090803 4.21852750606955 23
1753997143326 4.260360798231601 24
1753997192759 4.2849530745161255 25
1753997239298 4.312840609645015 26
1753997271221 4.332093813194094 27
1753997320991 4.35353996121851 28
1753997373170 4.375514589840958 29
1753997424011 4.404408775380676 30
1753997473555 4.415708517508792 31
1753997526470 4.436630259861779 32
1753997578237 4.459996098534386 33
1753997632991 4.471391050436178 34
1753997686137 4.493965523824529 35
1753997735546 4.508234497885446 36
1753997785042 4.526523402534062 37
1753997838681 4.541521904133782 38
1753997891004 4.5584605811068295 39
1753997922782 4.567644139713986 40
1753997970673 4.585175679805239 41
1753998021789 4.601884622972589 42
1753998061933 4.6219468944945525 43
1753998115734 4.635121123199933 44
1753998167193 4.652339291291323 45
1753998220005 4.663851539000828 46
1753998263224 4.675196845730644 47
1753998314123 4.685822535980494 48
1753998360778 4.704733682395299 49
1753998393251 4.718285545192271 50
1753998444811 4.721324599788239 51
1753998490635 4.737483644518525 52
1753998543462 4.746031834583922 53
1753998598295 4.75540574071771 54
1753998651715 4.763076138009359 55
1753998701411 4.677825603977884 56
1753998751846 4.68073271680175 57
1753998802023 4.68215667305163 58
1753998854225 4.703038383201217 59
1753998906088 4.70491823704329 60
1753998955981 4.703547651905798 61
1753998989803 4.712614387227018 62
1753999041925 4.716006281353622 63
1753999089352 4.750881222708314 64
1753999121593 4.751482741949722 65
1753999165450 4.762869612084046 66
1753999214332 4.752561291171108 67
1753999257255 4.766523337783263 68
1753999306836 4.779568154509034 69
1753999352540 4.797721630099129 70
1753999400626 4.811350700960146 71
1753999448249 4.819958660861492 72
1753999502457 4.828363775533472 73
1753999553242 4.8298763127743785 74
1753999603166 4.839732894081903 75
1753999654467 4.840485115194325 76
1753999705795 4.838401444854972 77
1753999757285 4.853662301606372 78
1753999789968 4.856657802261963 79
1753999840457 4.866478250055826 80
1753999892150 4.8743312946546276 81
1753999942191 4.893142509704281 82
1753999993032 4.886684702485208 83
1754000043148 4.88463134937679 84
1754000093342 4.8975250332687015 85
1754000142930 4.9102804983655615 86
1754000188849 4.916073776714521 87
1754000223473 4.929244456308784 88
1754000276718 4.940365793119915 89
1754000329919 4.938136337545969 90
1754000363184 4.935540439856055 91
1754000411786 4.9475604899899555 92
1754000458700 4.962321611693849 93
1754000509805 4.963063316535478 94
1754000562466 4.969388335784202 95
1754000611360 4.968435210949283 96
1754000663161 4.966516086716711 97
1754000714635 4.987971205461546 98
1754000765834 4.979177230473691 99
1754000818869 4.979829635641819 100
