1751034652319 0.02816082405715235 0
1751034675734 0.053663399235753445 1
1751034697537 0.07019438444924406 2
1751034719563 0.08223957468017944 3
1751034741375 0.10367170626349892 4
1751034764001 0.12360857285263332 5
1751034786284 0.14038876889848811 6
1751034807625 0.1558398405050673 7
1751034829234 0.16788503073600267 8
1751034851128 0.17627512875893006 9
1751034873537 0.1782688154178435 10
1751034895054 0.20377139059644458 11
1751034917036 0.21116464528991527 12
1751034931827 0.20360525004153515 13
1751034946483 0.21149692639973416 14
1751034961028 0.22611729523176607 15
1751034975781 0.22802791161322478 16
1751034991467 0.23542116630669546 17
1751035007340 0.23591958797142382 18
1751035021646 0.24198371822561887 19
1751035035896 0.24721714570526665 20
1751035050396 0.25095530819072936 21
1751035065949 0.25161987041036715 22
1751035081435 0.2572686492772886 23
1751035095950 0.2586808439940189 24
1751035110159 0.26291742814421 25
1751035122429 0.2662402392423991 26
1751035134644 0.263831201196212 27
1751035146009 0.2676524339591294 28
1751035157331 0.2682339259013125 29
1751035169132 0.27114138561222795 30
1751035180782 0.2713905964445921 31
1751035192726 0.2690646286758598 32
1751035204436 0.27521182920750953 33
1751035216212 0.2769563050340588 34
1751035227579 0.2742149858780528 35
1751035238988 0.2775377969762419 36
1751035250432 0.2759594617046021 37
1751035261884 0.2759594617046021 38
1751035270458 0.28077753779697623 39
1751035279034 0.28667552749626185 40
1751035287713 0.28949991692972254 41
1751035296463 0.29066290081408874 42
1751035304940 0.2846818408373484 43
1751035313425 0.2871739491609902 44
1751035321919 0.28609403555407875 45
1751035330432 0.28825386276790166 46
1751035338904 0.29290579830536634 47
1751035347482 0.28875228443263 48
1751035355926 0.29224123608572855 49
1751035364644 0.29074597109154343 50
