1751034652320 4.5917531848705435 0
1751034675735 4.384950482178857 1
1751034697538 4.2247318137138015 2
1751034719564 4.112072873336019 3
1751034741375 4.042017261187236 4
1751034764002 3.9379561482582237 5
1751034786284 3.8700494571812465 6
1751034807626 3.8200364519989556 7
1751034829235 3.7621611916452657 8
1751034851129 3.739488557914367 9
1751034873538 3.6847157313975027 10
1751034895055 3.6543960246332254 11
1751034917037 3.627465504565726 12
1751034931828 3.5804981901997426 13
1751034946484 3.5642821476608826 14
1751034961029 3.6135608752819106 15
1751034975782 3.5749140624340567 16
1751034991468 3.5715353031176487 17
1751035007341 3.526079363309821 18
1751035021647 3.5356619827834534 19
1751035035897 3.5668402860875186 20
1751035050396 3.50124027163805 21
1751035065950 3.529320655211324 22
1751035081435 3.500091976731602 23
1751035095950 3.5123902423610303 24
1751035110159 3.4955142741946927 25
1751035122430 3.4842061244198734 26
1751035134645 3.5106848175784227 27
1751035146010 3.489990802924139 28
1751035157332 3.497562986679967 29
1751035169133 3.424549833171856 30
1751035180782 3.4328104435721083 31
1751035192727 3.469861223573392 32
1751035204437 3.4569840285396216 33
1751035216213 3.447279841722486 34
1751035227579 3.4429120870887258 35
1751035238989 3.4429277989131757 36
1751035250433 3.4234477016744416 37
1751035261885 3.419383729491328 38
1751035270459 3.4228341629922063 39
1751035279034 3.404655730213223 40
1751035287714 3.414815263018582 41
1751035296463 3.42644420882492 42
1751035304940 3.3879516738184665 43
1751035313425 3.364973083771092 44
1751035321920 3.367465973714662 45
1751035330433 3.3863971206810155 46
1751035338905 3.3722055622538183 47
1751035347483 3.356370559694287 48
1751035355927 3.3690134494707533 49
1751035364645 3.369514429215976 50
