1752685544333 4.600061565693713 0
1752685553793 4.5382862650816795 1
1752685563316 4.463223928411428 2
1752685572837 4.386452099498183 3
1752685582310 4.313915569155155 4
1752685591765 4.241369422147104 5
1752685601166 4.173978956705058 6
1752685610596 4.1118790161711924 7
1752685620059 4.057323762876116 8
1752685629654 3.9984791938618502 9
1752685639490 3.9461678610757995 10
1752685649241 3.8998423599503385 11
1752685659219 3.857268529198713 12
1752685669193 3.812725288046282 13
1752685679011 3.772567316512479 14
1752685688802 3.726666928061034 15
1752685698212 3.6956457231528193 16
1752685707629 3.673320619823993 17
1752685717191 3.638630235412176 18
1752685726616 3.600478660813384 19
1752685736003 3.5898712674153104 20
1752685745850 3.552110680365917 21
1752685755433 3.5363569370770858 22
1752685765189 3.5025055125358837 23
1752685775250 3.4762753338014565 24
1752685784767 3.4414244463040156 25
1752685794554 3.4221304444045444 26
1752685804318 3.4105842542912725 27
1752685813889 3.382801896235164 28
1752685823349 3.359513586586204 29
1752685833037 3.342013077347766 30
1752685842646 3.3275212795820712 31
1752685852117 3.3050406501866405 32
1752685861612 3.2920961264387585 33
1752685871275 3.2762852926387973 34
1752685880917 3.248488113842242 35
1752685890446 3.240271573212387 36
1752685899922 3.2132251194691306 37
1752685909397 3.2048332918560836 38
1752685919328 3.1832217064256025 39
1752685929045 3.1547780705186756 40
1752685938635 3.1451631477872404 41
1752685948338 3.1450083392837302 42
1752685958124 3.122524730554059 43
1752685967636 3.1097626609516884 44
1752685977166 3.099990541514903 45
1752685986731 3.0975319611075833 46
1752685996261 3.0760632275811646 47
1752686005918 3.057697311944856 48
1752686015780 3.0412050100095254 49
1752686025766 3.0388325755754306 50
1752686035700 3.0224501901551952 51
1752686045480 3.0193629895301264 52
1752686054957 3.0032965532778997 53
1752686064486 2.995364848615535 54
1752686074062 2.9807988909353993 55
1752686083534 2.966513125722841 56
1752686093124 2.957902250454051 57
1752686102801 2.9504671804349676 58
1752686112584 2.9498622016343994 59
1752686122176 2.9273033785281206 60
1752686131529 2.9252437485090033 61
1752686141110 2.9174932492380488 62
1752686150731 2.915693618121769 63
1752686160226 2.895050597168407 64
1752686169756 2.880657243090061 65
1752686179570 2.873223865479948 66
1752686189083 2.866816978246055 67
1752686198770 2.8658986152602828 68
1752686208591 2.8612161170341253 69
1752686218240 2.84206118827386 70
1752686228194 2.837657413003235 71
1752686237864 2.8221179732694663 72
1752686247992 2.82060801106084 73
1752686257707 2.8192221321029924 74
1752686267286 2.809012751345805 75
1752686276941 2.809506970541725 76
1752686286439 2.792325409268405 77
1752686295990 2.7857021439285004 78
1752686305912 2.7758710224600014 79
1752686315600 2.776696159029436 80
1752686325470 2.7701948615740872 81
1752686335488 2.7644325217509227 82
1752686345197 2.760565523224212 83
1752686354753 2.75738831994099 84
1752686364494 2.7503424193425565 85
1752686374204 2.7377824674941778 86
1752686384160 2.7334628876319713 87
1752686393990 2.720597878538133 88
1752686404088 2.725138809852307 89
1752686413959 2.7106390342000988 90
1752686423888 2.7080622455968495 91
1752686433332 2.6986495168245495 92
1752686442976 2.6987825297403845 93
1752686452859 2.6862789975796115 94
1752686462725 2.674148977569866 95
1752686472755 2.6807197632962225 96
1752686482823 2.669534679192782 97
1752686492837 2.667574550821632 98
1752686502815 2.659207811151546 99
1752686512875 2.6587099949543784 100
