1752865311404 4.628893317800108 0
1752865344658 4.457768735413672 1
1752865378408 4.255424879015827 2
1752865413199 4.068767421438644 3
1752865447175 3.9032034186245284 4
1752865482025 3.7585793554371283 5
1752865515957 3.609645612296212 6
1752865549843 3.492070109469044 7
1752865583874 3.4089782358986933 8
1752865618654 3.304985364677268 9
1752865652537 3.2143558991905734 10
1752865686255 3.152647343670182 11
1752865720570 3.0711070551772974 12
1752865754863 3.005113368491843 13
1752865789180 2.9380468623013045 14
1752865823433 2.852001989229525 15
1752865857206 2.8056305462806685 16
1752865891102 2.7804077837376897 17
1752865925286 2.7055426375228357 18
1752865959443 2.6414627514017206 19
1752865992669 2.635991510791892 20
1752866026665 2.5282807198372015 21
1752866061392 2.5047536917525024 22
1752866095237 2.4769675394098836 23
1752866129921 2.4120893409921176 24
1752866164170 2.355709437671429 25
1752866198396 2.3279967270627835 26
1752866232657 2.312139250626497 27
1752866267077 2.2447333023790836 28
1752866300465 2.232507680101758 29
1752866335744 2.2058976967730364 30
1752866370109 2.177379766526295 31
1752866404157 2.1516751172178883 32
1752866438274 2.09736083524949 33
1752866472606 2.0590800321122096 34
1752866506726 2.0304465958901994 35
1752866540515 2.022810784199917 36
1752866575330 1.9799093577833848 37
1752866609670 1.909796965486411 38
1752866643731 1.8715596518666955 39
1752866677480 1.8326907358295026 40
1752866712220 1.8209498365957084 41
1752866746413 1.8204092414378121 42
1752866781557 1.7737864504070755 43
1752866815385 1.7681837560841667 44
1752866849953 1.7248884080456102 45
1752866884225 1.7151243600150137 46
1752866918543 1.677843383719767 47
1752866953703 1.6691608546380843 48
1752866986984 1.6075552874097616 49
1752867021274 1.5927541311857565 50
