1753145279907 0.017777039375311512 0
1753145292350 0.02990529988370161 1
1753145304547 0.05216813424156837 2
1753145316178 0.06496095696959628 3
1753145327737 0.07027745472669879 4
1753145340206 0.07825220136235254 5
1753145352825 0.08846984548928394 6
1753145365077 0.10184416015949493 7
1753145376619 0.10882206346569198 8
1753145387756 0.11862435620534972 9
1753145399681 0.12759594617046022 10
1753145411121 0.12967270310682838 11
1753145422605 0.1356537630835687 12
1753145433890 0.15160325635487623 13
1753145444795 0.15077255358032896 14
1753145456296 0.1627346735338096 15
1753145468238 0.16090712742980562 16
1753145480561 0.16481143047017777 17
1753145491443 0.17394916099019772 18
1753145501672 0.18391759428476492 19
1753145513695 0.18242232929057983 20
1753145525721 0.18815417843495597 21
1753145538038 0.18715733510549926 22
1753145549855 0.19305532480478485 23
1753145562513 0.19338760591460374 24
1753145574579 0.19995015783352715 25
1753145586257 0.20526665559062968 26
1753145598872 0.20518358531317496 27
1753145610461 0.2124937697291909 28
1753145623481 0.22046851636484466 29
1753145635831 0.222794484133577 30
1753145647978 0.22138228941684665 31
1753145659909 0.22296062468848646 32
1753145671111 0.22719720883867753 33
1753145682481 0.22719720883867753 34
1753145693902 0.23168300382123277 35
1753145705664 0.23558730686160492 36
1753145717465 0.2373317826881542 37
1753145728479 0.2452234590463532 38
1753145740009 0.2442266157168965 39
1753145752596 0.25120451902309354 40
1753145764668 0.25278285429473335 41
1753145777056 0.248629340421997 42
1753145790207 0.2525336434623692 43
1753145801734 0.26092374148529657 44
1753145813366 0.26092374148529657 45
1753145826207 0.2564379465027413 46
1753145837549 0.2652433959129423 47
1753145850240 0.265658747300216 48
1753145861567 0.2688154178434956 49
1753145873251 0.27089217477986377 50
1753145886514 0.27487954809769066 51
1753145897773 0.275377969762419 52
1753145908521 0.27894999169297224 53
1753145920770 0.27953148363515534 54
1753145933598 0.28418341917262 55
1753145946231 0.2826050839009802 56
1753145958043 0.28418341917262 57
1753145970616 0.28767237082571856 58
1753145983664 0.28700780860608077 59
1753145995956 0.29016447914936033 60
1753146006597 0.29107825220136235 61
1753146019127 0.29290579830536634 62
1753146031596 0.2928227280279116 63
1753146042751 0.2991360691144708 64
1753146053930 0.2996344907791992 65
1753146065998 0.2993022096693803 66
1753146077772 0.30220966938029575 67
1753146089901 0.3008805449410201 68
1753146102080 0.3017943179930221 69
1753146114006 0.3017943179930221 70
1753146126211 0.3073600265824888 71
1753146137372 0.31226117295231764 72
1753146149080 0.31059976740322315 73
1753146160976 0.31184582156504403 74
1753146172219 0.3119288918424988 75
1753146184160 0.31284266489450074 76
1753146195637 0.3123442432297724 77
1753146207194 0.31741153015451073 78
1753146219404 0.3184914437614222 79
1753146231318 0.3179099518192391 80
1753146243207 0.3183253032065127 81
1753146255368 0.3164977571025087 82
1753146268360 0.31982056820069776 83
1753146280048 0.3179930220966938 84
1753146291372 0.32314337929888687 85
1753146303855 0.32314337929888687 86
1753146316275 0.3220634656919754 87
1753146328183 0.32621697956471174 88
1753146340408 0.3278783851138063 89
1753146352609 0.3276291742814421 90
1753146364938 0.33178268815417844 91
1753146376313 0.331616547599269 92
1753146387605 0.3318657584316332 93
1753146399359 0.3326964612061804 94
1753146411710 0.3368499750789168 95
1753146423474 0.3336102342581824 96
1753146435810 0.3397574347898322 97
1753146448707 0.3370161156338262 98
1753146460169 0.3370161156338262 99
1753146473350 0.3402558564545606 100
1753146485812 0.34017278617710583 101
1753146497843 0.3400066456221964 102
1753146509886 0.3415849808938362 103
1753146521930 0.3381790995181924 104
1753146533664 0.33934208340255856 105
1753146545044 0.33992357534474166 106
1753146557007 0.33876059146037546 107
1753146568556 0.339508223957468 108
1753146580562 0.3459877055989367 109
1753146593757 0.34731683003821234 110
1753146605244 0.3472337597607576 111
1753146616796 0.35055657085894665 112
1753146628554 0.34798139225785013 113
1753146641002 0.351054992523675 114
1753146654082 0.35446087389931885 115
1753146666256 0.35230104668549594 116
1753146678981 0.35454394417677354 117
1753146689209 0.35454394417677354 118
1753146701449 0.35770061472005316 119
1753146713511 0.3546270144542283 120
1753146725429 0.3563714902807775 121
1753146737312 0.3557899983385944 122
1753146748155 0.35927894999169296 123
1753146760842 0.357451403887689 124
1753146772613 0.35944509054660245 125
1753146783997 0.3590297391593288 126
1753146796608 0.35986044193387606 127
1753146807786 0.35770061472005316 128
1753146820521 0.3615218474829706 129
1753146831755 0.36451237747134074 130
1753146842089 0.3606080744309686 131
1753146854217 0.36168798803788005 132
1753146866714 0.3621864097026084 133
1753146878059 0.36368167469679347 134
1753146890457 0.3640139558066124 135
1753146901503 0.3641800963615218 136
1753146912415 0.36451237747134074 137
1753146924771 0.3685828210666224 138
1753146936374 0.3669214155175278 139
1753146948038 0.36667220468516365 140
1753146959162 0.36891510217644125 141
1753146971267 0.3714902807775378 142
1753146983739 0.3715733510549925 143
1753146996079 0.37007808606080744 144
1753147007671 0.36982887522844327 145
1753147019323 0.371739491609902 146
1753147031757 0.3729855457717229 147
1753147044272 0.37007808606080744 148
1753147056337 0.37074264828044523 149
1753147069527 0.374148529656089 150
1753147082443 0.3701611563382622 151
1753147094564 0.3731516863266323 152
1753147106713 0.37547765409536465 153
1753147119141 0.3727363349393587 154
1753147131373 0.3729855457717229 155
1753147142591 0.3737331782688154 156
1753147154232 0.3733178268815418 157
1753147166028 0.37564379465027414 158
1753147177938 0.37846818408373484 159
1753147189553 0.37705598936700446 160
1753147200912 0.37946502741319155 161
1753147212715 0.38345240073101844 162
1753147224828 0.381458714072105 163
1753147238015 0.38037880046519357 164
1753147249641 0.3781359029739159 165
1753147261909 0.38096029240737667 166
1753147273635 0.38278783851138065 167
1753147285181 0.38104336268483135 168
1753147296110 0.38278783851138065 169
1753147308397 0.38436617378302046 170
1753147320747 0.38627679016447913 171
1753147331711 0.38278783851138065 172
1753147343954 0.38320318989865426 173
1753147356703 0.38503073600265825 174
1753147369690 0.38062801129755774 175
1753147382214 0.38278783851138065 176
1753147393748 0.38785512543611894 177
1753147406277 0.3875228443263001 178
1753147418997 0.3885196876557568 179
1753147430276 0.38760591460375476 180
1753147441850 0.3900980229273966 181
1753147452445 0.3895165309852135 182
1753147463827 0.3901810932048513 183
1753147476120 0.3891011795979399 184
1753147489389 0.39117793653430805 185
1753147501243 0.39117793653430805 186
1753147513350 0.3919255690314006 187
1753147525217 0.3919255690314006 188
1753147537312 0.3925070609735837 189
1753147549746 0.39225785014121944 190
1753147562152 0.3942515368001329 191
1753147572692 0.39375311513540456 192
1753147584324 0.393919255690314 193
1753147596480 0.3976574181757767 194
1753147608292 0.39275627180594785 195
1753147620779 0.39458381790995184 196
1753147633641 0.3949160990197707 197
1753147645529 0.39715899651104836 198
1753147655504 0.40039873733178266 199
1753147667054 0.3976574181757767 200
