1751059268167 0.02309353713241402 0
1751059290427 0.021515201860774213 1
1751059313730 0.03322811098189068 2
1751059336177 0.04676856620701113 3
1751059357754 0.07617544442598438 4
1751059379366 0.09328792158165808 5
1751059400886 0.11289250706097359 6
1751059423008 0.12643296228609405 7
1751059447006 0.12419006479481641 8
1751059470909 0.13656753613557068 9
1751059492695 0.1517693969097857 10
1751059514931 0.1668051171290912 11
1751059538700 0.16090712742980562 12
1751059554492 0.18051171290912113 13
1751059570131 0.18649277288586144 14
1751059585944 0.19679348729024754 15
1751059600297 0.197873400897159 16
1751059614676 0.19737497923243064 17
1751059629483 0.196045854793155 18
1751059644476 0.20676192058481474 19
1751059659612 0.21947167303538795 20
1751059674697 0.22204685163648447 21
1751059689317 0.21398903472337596 22
1751059703445 0.22138228941684665 23
1751059718083 0.22262834357866756 24
1751059732415 0.21673035387938197 25
1751059743860 0.22910782522013623 26
1751059755213 0.2383286260176109 27
1751059767242 0.23940853962452235 28
1751059779126 0.23284598770559894 29
1751059791623 0.2408207343412527 30
1751059803860 0.23400897158996511 31
1751059815800 0.24131915600598106 32
1751059827351 0.24538959960126266 33
1751059839566 0.2402392423990696 34
1751059851279 0.2452234590463532 35
1751059862618 0.250456886526001 36
1751059874010 0.24605416182090048 37
1751059885367 0.24090380461870742 38
1751059893859 0.2644957634158498 39
1751059902375 0.2612560225951155 40
1751059910956 0.2625020767569364 41
1751059919492 0.26291742814421 42
1751059928022 0.2572686492772886 43
1751059936449 0.2654926067453065 44
1751059945006 0.2585147034391095 45
1751059953563 0.25652101678019607 46
1751059962017 0.263831201196212 47
1751059970618 0.254111978734009 48
1751059979163 0.2566871573351055 49
1751059987670 0.2648280445256687 50
