1752626817134 0.03358765964504893 0
1752626869382 0.07339525626140322 1
1752626921433 0.09844086913252613 2
1752626973581 0.1327749212141317 3
1752627025090 0.1574058716205009 4
1752627076574 0.17424116768950074 5
1752627129035 0.18593464919555483 6
1752627180942 0.19928678056062366 7
1752627231959 0.20840935478520484 8
1752627282341 0.22516171836125393 9
1752627332446 0.23428429258583514 10
1752627382777 0.23892851219107647 11
1752627433518 0.2442361917399237 12
1752627485240 0.2503731962182783 13
1752627540737 0.25286117100680044 14
1752627592101 0.25617847072482997 15
1752627644610 0.25891524299220436 16
1752627695334 0.2667938298225245 17
1752627746879 0.2740918892021894 18
1752627800264 0.27591640404710566 19
1752627855177 0.2773262564272682 20
1752627907853 0.2813070160889036 21
1752627959101 0.28387792337037654 22
1752628009002 0.2827998009620169 23
1752628059967 0.289102670426273 24
1752628115195 0.29233703765135177 25
1752628167673 0.29250290263725326 26
1752628219560 0.29656659479183944 27
1752628272164 0.29640072980593796 28
1752628326458 0.2977276496931498 29
1752628376909 0.3017913418477359 30
1752628427874 0.3027035992701941 31
1752628479091 0.303035329241997 32
1752628530647 0.30552330403051914 33
1752628581800 0.3056062365234699 34
1752628632229 0.30826007629789354 35
1752628683255 0.3104163211146127 36
1752628736335 0.310001658649859 37
1752628787747 0.3139824183114944 38
1752628838985 0.3148117432410018 39
1752628892895 0.31506054071985407 40
1752628947716 0.3167191905788688 41
1752628998419 0.3187925029026373 42
1752629049250 0.3184607729308343 43
1752629099635 0.31547520318460776 44
1752629150481 0.31945596284624317 45
1752629200890 0.31696798805772103 46
1752629253184 0.32103168021230716 47
1752629303364 0.32418311494443525 48
1752629353695 0.32551003483164703 49
1752629404567 0.32468070990213965 50
1752629455470 0.32335379001492787 51
1752629507377 0.3265881572400066 52
1752629559416 0.32750041466246477 53
1752629610963 0.32509537236689334 54
1752629664218 0.3260076297893515 55
1752629716126 0.32849560457787363 56
1752629770916 0.3309835793663958 57
1752629826184 0.3291590645214795 58
1752629878693 0.32907613202852876 59
1752629931939 0.3302371869298391 60
1752629982451 0.3311494443522972 61
1752630033650 0.3311494443522972 62
1752630084003 0.33313982418311494 63
1752630135778 0.3308177143804943 64
1752630190194 0.3311494443522972 65
1752630244818 0.3289102670426273 66
1752630297188 0.3298225244650854 67
1752630348098 0.3334715541549179 68
1752630399498 0.3304030519157406 69
1752630450626 0.3351302040139327 70
1752630504069 0.334715541549179 71
1752630555950 0.33272516171836125 72
1752630608129 0.33222756676065685 73
1752630660092 0.33678885387294744 74
1752630711474 0.336291258915243 75
1752630763313 0.33753524630950404 76
1752630815274 0.33678885387294744 77
1752630869656 0.33670592137999666 78
1752630920501 0.33687178636589815 79
1752630973466 0.3381157737601592 80
1752631024984 0.3348814065350804 81
1752631076352 0.3380328412672085 82
1752631126868 0.3358765964504893 83
1752631177606 0.34052081605573065 84
1752631229427 0.34068668104163213 85
1752631280238 0.34035495106982916 86
1752631331561 0.3423453309006469 87
1752631384424 0.34060374854868136 88
1752631435063 0.3420136009288439 89
1752631487934 0.3420136009288439 90
1752631538219 0.34557969812572564 91
1752631588499 0.34010615359097696 92
1752631640026 0.34018908608392767 93
1752631693051 0.34159893846409023 94
1752631745057 0.34184773594294243 95
1752631795759 0.3433405208160557 96
1752631848086 0.34533090064687344 97
1752631900123 0.3423453309006469 98
1752631951028 0.3419306684358932 99
1752632003160 0.3430917233372035 100
