1752626817134 4.495513929622392 0
1752626869383 4.24148721268234 1
1752626921434 4.005109988387472 2
1752626973582 3.7761766746721497 3
1752627025091 3.5835614327092755 4
1752627076575 3.454538884905272 5
1752627129036 3.3286659105505403 6
1752627180943 3.2333668749896707 7
1752627231960 3.163596376307712 8
1752627282342 3.0908164767297537 9
1752627332447 3.012826585214377 10
1752627382778 2.9787191262877495 11
1752627433519 2.945688513200222 12
1752627485241 2.906535529247413 13
1752627540738 2.879965892401604 14
1752627592102 2.8544117211982876 15
1752627644611 2.8456236705953115 16
1752627695335 2.8093743593538703 17
1752627746880 2.7805627136109408 18
1752627800264 2.761565300931062 19
1752627855178 2.767078913776403 20
1752627907854 2.7372519257867283 21
1752627959102 2.7339903299817507 22
1752628009003 2.723692622234278 23
1752628059968 2.7123901084084197 24
1752628115196 2.7108775368613003 25
1752628167674 2.6878555363096512 26
1752628219561 2.6907976310742385 27
1752628272165 2.6751668202216714 28
1752628326459 2.663004320013238 29
1752628376910 2.6542033720269105 30
1752628427875 2.654543303193988 31
1752628479092 2.642715241702174 32
1752628530648 2.634892763758326 33
1752628581801 2.6373254346762494 34
1752628632230 2.616093567300133 35
1752628683255 2.612437558121607 36
1752628736336 2.6195123739606236 37
1752628787748 2.593422043529244 38
1752628838986 2.5862490968560654 39
1752628892895 2.5834334152013976 40
1752628947717 2.58262467853009 41
1752628998420 2.5750997691621214 42
1752629049251 2.575740183457776 43
1752629099636 2.5669457920417784 44
1752629150482 2.553082453809988 45
1752629200891 2.564768876659985 46
1752629253185 2.5466864789752863 47
1752629303365 2.5373015347907284 48
1752629353696 2.5376037909636415 49
1752629404568 2.517020127857577 50
1752629455471 2.5279078507405894 51
1752629507378 2.516532502458769 52
1752629559417 2.5103168662854767 53
1752629610964 2.50576017598457 54
1752629664219 2.50193525464018 55
1752629716127 2.4877309834946493 56
1752629770917 2.4936884851689305 57
1752629826185 2.490400391954036 58
1752629878694 2.483563099523902 59
1752629931939 2.495527683003355 60
1752629982452 2.4912407943620134 61
1752630033651 2.476404645249241 62
1752630084004 2.461230866370259 63
1752630135779 2.460367006117238 64
1752630190195 2.4609786695853484 65
1752630244818 2.469620859337188 66
1752630297189 2.455449026163966 67
1752630348099 2.4476286796270625 68
1752630399499 2.448351442388662 69
1752630450627 2.433550894605891 70
1752630504070 2.4270667614641184 71
1752630555951 2.429637144836767 72
1752630608130 2.4339541316163724 73
1752630660093 2.417293600466038 74
1752630711475 2.419236845202022 75
1752630763314 2.4067974859927563 76
1752630815275 2.405870009302793 77
1752630869657 2.407721784151856 78
1752630920502 2.4020219992875953 79
1752630973467 2.3888120992164676 80
1752631024985 2.3893618814450224 81
1752631076353 2.384138317463706 82
1752631126869 2.3829505224682883 83
1752631177607 2.380427720716932 84
1752631229428 2.372361357978448 85
1752631280239 2.3732494428516233 86
1752631331562 2.367271475984777 87
1752631384425 2.3643526914402484 88
1752631435064 2.3627528161704667 89
1752631487935 2.358976023087995 90
1752631538220 2.3470142573756028 91
1752631588500 2.3543336294338175 92
1752631640027 2.3363753632555175 93
1752631693052 2.3401872846061473 94
1752631745058 2.335411737852371 95
1752631795760 2.3307730952059704 96
1752631848087 2.331940416373278 97
1752631900123 2.331902938811683 98
1752631951029 2.321512709710586 99
1752632003161 2.315016147126008 100
