1753301440849 0.0342249543113474 0
1753301475939 0.07742149858780528 1
1753301511251 0.09860441933876059 2
1753301548207 0.1287589300548264 3
1753301582179 0.15509220800797474 4
1753301615285 0.17311845821565044 5
1753301649504 0.19961787672370826 6
1753301674815 0.20958631001827546 7
1753301710376 0.22453895996012627 8
1753301747399 0.2358365176939691 9
1753301765687 0.24306363183253032 10
1753301797879 0.24838012958963282 11
1753301832182 0.2566871573351055 12
1753301863190 0.27089217477986377 13
1753301894006 0.27645788336933047 14
1753301925289 0.2908290413689982 15
1753301957649 0.2891676358199036 16
1753301988146 0.29489948496427976 17
1753302011872 0.30004984216647285 18
1753302040332 0.30644625353048677 19
1753302074925 0.3042864263166639 20
1753302102628 0.3096859943512211 21
1753302138088 0.3089383618541286 22
1753302153565 0.32156504402724706 23
1753302188534 0.31982056820069776 24
1753302223856 0.3257185578999834 25
1753302243153 0.3274630337265326 26
1753302262826 0.3234756604087058 27
1753302283816 0.331616547599269 28
1753302304414 0.33635155341418843 29
1753302324585 0.3345240073101844 30
1753302345414 0.3375976075760093 31
1753302364515 0.337680677853464 32
1753302382541 0.3402558564545606 33
1753302402246 0.3420003322811098 34
1753302419033 0.3448247217145705 35
1753302439336 0.34391094866256855 36
1753302455365 0.3447416514371158 37
1753302475338 0.35014121947167304 38
1753302495650 0.35072271141385614 39
1753302516626 0.35487622528659246 40
1753302533869 0.3543778036218641 41
1753302553560 0.35014121947167304 42
1753302573355 0.3546270144542283 43
1753302593873 0.357451403887689 44
1753302613888 0.358365176939691 45
1753302634672 0.35736833361023423 46
1753302653351 0.3611895663731517 47
1753302674108 0.3618541285927895 48
1753302694040 0.36426316663897657 49
1753302713923 0.36484465858115966 50
1753302727064 0.3674198371822562 51
1753302739957 0.36268483136733676 52
1753302753583 0.36542615052334276 53
1753302767532 0.3667552749626184 54
1753302781077 0.36924738328626017 55
1753302793564 0.3687489616215318 56
1753302807534 0.3715733510549925 57
1753302822032 0.3693304535637149 58
1753302836558 0.37132414022262833 59
1753302850685 0.3715733510549925 60
1753302865419 0.3665891344077089 61
1753302878260 0.36725369662734675 62
1753302892575 0.36908124273135073 63
1753302905963 0.37265326466190396 64
1753302919138 0.3724040538295398 65
1753302933250 0.3764744974248214 66
1753302948047 0.37539458381790997 67
1753302960310 0.37572686492772883 68
1753302974682 0.3748961621531816 69
1753302989079 0.37705598936700446 70
1753303001315 0.37763748130918756 71
1753303014603 0.3755607243728194 72
1753303026696 0.37946502741319155 73
1753303039893 0.3769729190895498 74
1753303054174 0.3819571357368334 75
1753303062021 0.3795480976906463 76
1753303069765 0.37705598936700446 77
1753303076688 0.38071108157501243 78
1753303083370 0.3821232762917428 79
1753303091490 0.3825386276790165 80
1753303098426 0.3801295896328294 81
1753303105491 0.38046187074264826 82
1753303113139 0.37963116796810104 83
1753303120641 0.38320318989865426 84
1753303127803 0.3839508223957468 85
1753303135324 0.3842831035055657 86
1753303143059 0.38403389267320154 87
1753303150909 0.386941352384117 88
1753303158173 0.38777205515866425 89
1753303164908 0.3867752118292075 90
1753303172191 0.38785512543611894 91
1753303179870 0.3867752118292075 92
1753303187273 0.3864429307193886 93
1753303194718 0.3864429307193886 94
1753303202450 0.38935039043030406 95
1753303209852 0.38802126599102843 96
1753303217415 0.3916763581990364 97
1753303224529 0.38777205515866425 98
1753303231928 0.3891842498753946 99
1753303239851 0.39242399069612893 100
