1753301440850 4.486534073804797 0
1753301475940 4.278997747273744 1
1753301511252 4.066910085932654 2
1753301548208 3.90867431582699 3
1753301582180 3.7706886421185977 4
1753301615286 3.63431636334568 5
1753301649505 3.526040340206512 6
1753301674816 3.4301628932175188 7
1753301710377 3.3759934972093206 8
1753301747400 3.293697157894277 9
1753301765688 3.2280987647963753 10
1753301797880 3.1773847506897144 11
1753301832183 3.134318744975912 12
1753301863191 3.082650266785038 13
1753301894007 3.047106315090958 14
1753301925290 3.012221059312135 15
1753301957650 2.9951946697675065 16
1753301988147 2.9754815461531363 17
1753302011873 2.943082845376389 18
1753302040333 2.902400840338462 19
1753302074926 2.93176585774103 20
1753302102629 2.912002592013633 21
1753302138089 2.9207282769750176 22
1753302153566 2.8773993927172725 23
1753302188535 2.8699978817569054 24
1753302223857 2.827824818657045 25
1753302243154 2.8379567130216286 26
1753302262827 2.837202939956115 27
1753302283817 2.80716631470382 28
1753302304415 2.777624663834614 29
1753302324586 2.7849822351665945 30
1753302345415 2.7702956399455596 31
1753302364516 2.7767121480161676 32
1753302382542 2.761009067773017 33
1753302402247 2.7562763109308372 34
1753302419034 2.7219139006757698 35
1753302439337 2.7366180226125354 36
1753302455366 2.715879417595717 37
1753302475339 2.704430088432159 38
1753302495651 2.7134015128711733 39
1753302516627 2.6906027467361566 40
1753302533870 2.6985133825079037 41
1753302553561 2.7164893086127444 42
1753302573356 2.6839089826181586 43
1753302593874 2.6818584558366476 44
1753302613889 2.679836634516766 45
1753302634673 2.689526298326472 46
1753302653352 2.6715875609976347 47
1753302674109 2.6589775359420127 48
1753302694041 2.631561482676742 49
1753302713924 2.641523904036754 50
1753302727065 2.626436376681895 51
1753302739958 2.6284107649749746 52
1753302753584 2.6045952404043966 53
1753302767533 2.594354468591577 54
1753302781078 2.588930071452527 55
1753302793565 2.577249650577629 56
1753302807535 2.5785140626668026 57
1753302822033 2.571094398221182 58
1753302836559 2.5850858006183217 59
1753302850686 2.5632501734798825 60
1753302865420 2.5613037873123714 61
1753302878261 2.5504469488375126 62
1753302892576 2.5377178260850624 63
1753302905964 2.5286932841425633 64
1753302919139 2.5214289356776276 65
1753302933251 2.5393799418859895 66
1753302948049 2.522774555205597 67
1753302960311 2.5295430314032257 68
1753302974683 2.522333021203276 69
1753302989080 2.503707642951599 70
1753303001316 2.503717074196546 71
1753303014605 2.4900230728324697 72
1753303026697 2.50141418301518 73
1753303039894 2.486797709464275 74
1753303054175 2.5116698388018093 75
1753303062022 2.47203383547461 76
1753303069766 2.450634726616403 77
1753303076689 2.4407654524525957 78
1753303083371 2.4424982319964537 79
1753303091491 2.448759338850983 80
1753303098427 2.4370808460009403 81
1753303105492 2.44771541705799 82
1753303113140 2.4492922436544604 83
1753303120642 2.433215372399053 84
1753303127804 2.4315492709728286 85
1753303135325 2.4247207281317915 86
1753303143060 2.4059408387750976 87
1753303150910 2.420816327685967 88
1753303158174 2.4364257449673326 89
1753303164909 2.411196501190395 90
1753303172192 2.4050056385725873 91
1753303179871 2.4000972650754147 92
1753303187274 2.4011576809631068 93
1753303194719 2.386951865525795 94
1753303202451 2.39722471498501 95
1753303209853 2.4004101563008606 96
1753303217416 2.386798368232147 97
1753303224530 2.381653333973013 98
1753303231929 2.3905800895161766 99
1753303239852 2.392065202760165 100
