1753274783279 0.02342581824223293 0
1753274816192 0.04435952816082406 1
1753274853844 0.08032895829872072 2
1753274886418 0.0976906462867586 3
1753274911130 0.11031732845987706 4
1753274943527 0.1269313839508224 5
1753274973994 0.1543445755108822 6
1753275006833 0.17004485794982555 7
1753275024986 0.17868416680511712 8
1753275058943 0.18906795148695796 9
1753275074756 0.19978401727861772 10
1753275090864 0.21241069945173616 11
1753275126539 0.21855789998338596 12
1753275165067 0.23500581491942182 13
1753275201939 0.2417345073932547 14
1753275237786 0.25843163316165474 15
1753275271740 0.25004153513872734 16
1753275304740 0.2570194384449244 17
1753275327096 0.2612560225951155 18
1753275353714 0.2746303372653265 19
1753275368563 0.2728858614387772 20
1753275404622 0.28019604585479313 21
1753275420202 0.2763748130918757 22
1753275456215 0.28542947333444096 23
1753275491187 0.2890014952649942 24
1753275524737 0.2937365010799136 25
1753275552589 0.2902475494268151 26
1753275568382 0.2931550091377305 27
1753275583538 0.29448413357700615 28
1753275598546 0.29664396079082905 29
1753275621043 0.30486791825884696 30
1753275658897 0.30603090214321316 31
1753275685763 0.3063631832530321 32
1753275721422 0.30902143213158334 33
1753275752622 0.3095198537963117 34
1753275788779 0.310932048513042 35
1753275821383 0.3142548596112311 36
1753275853478 0.3158331948828709 37
1753275886605 0.3195713573683336 38
1753275922367 0.3227280279116132 39
1753275937850 0.32679847150689484 40
1753275970852 0.32538627679016446 41
1753275987251 0.3295397906629008 42
1753276023024 0.3295397906629008 43
1753276054011 0.3282937365010799 44
1753276072479 0.3302874231599934 45
1753276106756 0.3335271639807277 46
1753276123625 0.33153347732181426 47
1753276162070 0.3360192723043695 48
1753276190507 0.3344409370327297 49
1753276222231 0.3375145372985546 50
1753276251137 0.3330287423159993 51
1753276286121 0.329789001495265 52
1753276319375 0.33211496926399736 53
1753276353678 0.33892673201528495 54
1753276387135 0.34017278617710583 55
1753276412587 0.3382621697956471 56
1753276431725 0.33651769396909786 57
1753276448705 0.34133577006147203 58
1753276481999 0.3378468184083735 59
1753276516749 0.33518856952982223 60
1753276549893 0.3362684831367337 61
1753276582646 0.3434125269978402 62
1753276611942 0.34150191061638147 63
1753276633797 0.34798139225785013 64
1753276664765 0.3410034889516531 65
1753276682056 0.3469014786509387 66
1753276717957 0.33460707758763913 67
1753276754136 0.3392590131251038 68
1753276778298 0.3474829705931218 69
1753276814636 0.3442432297723874 70
1753276842933 0.3475660408705765 71
1753276873968 0.34357866755274963 72
1753276906809 0.34789832198039544 73
1753276944350 0.35554078750623025 74
1753276978924 0.35047350058149196 75
1753277014809 0.3503904303040372 76
1753277051028 0.3459877055989367 77
1753277087077 0.3498089383618541 78
1753277118913 0.35412859278949993 79
1753277154419 0.34798139225785013 80
1753277191743 0.3472337597607576 81
1753277223085 0.35454394417677354 82
1753277259750 0.35230104668549594 83
1753277295813 0.3525502575178601 84
1753277330326 0.3552085063964114 85
1753277363173 0.35645456055823227 86
1753277397214 0.35072271141385614 87
1753277432387 0.3581990363847815 88
1753277466045 0.36102342581824226 89
1753277481895 0.3563714902807775 90
1753277514495 0.3597773716564213 91
1753277550546 0.3546270144542283 92
1753277585438 0.3584482472171457 93
1753277618156 0.36143877720551587 94
1753277647493 0.36010965276624024 95
1753277680203 0.3581159661073268 96
1753277713873 0.35986044193387606 97
1753277747809 0.35869745804950987 98
1753277777974 0.3633493935869746 99
1753277814936 0.3577836849975079 100
