1753263246653 0.013374314670210998 0
1753263254246 0.017029406878218974 1
1753263261514 0.020019936866589136 2
1753263269003 0.03281275959461705 3
1753263276352 0.03754776540953647 4
1753263282994 0.04427645788336933 5
1753263290142 0.053746469513208175 6
1753263297490 0.061555075593952485 7
1753263305402 0.06886526000996843 8
1753263312891 0.07941518524671873 9
1753263320322 0.07384947665725204 10
1753263328050 0.08124273135072271 11
1753263335439 0.08963282937365011 12
1753263343155 0.1005150357202193 13
1753263350853 0.10209337099185911 14
1753263358842 0.10832364180096361 15
1753263366837 0.10824057152350888 16
1753263374284 0.10566539292241237 17
1753263381980 0.11729523176607409 18
1753263389290 0.11721216148861938 19
1753263396776 0.11754444259843828 20
1753263404161 0.1253530486791826 21
1753263412016 0.12560225951154677 22
1753263420085 0.1378966605748463 23
1753263427268 0.13739823891011796 24
1753263433976 0.14171789333776375 25
1753263440935 0.14396079082904137 26
1753263448535 0.1413025419504901 27
1753263456269 0.14504070443595282 28
1753263463785 0.15085562385778367 29
1753263471461 0.15484299717561056 30
1753263478401 0.15550755939524838 31
1753263485652 0.15492606745306528 32
1753263492928 0.15916265160325635 33
1753263500598 0.15509220800797474 34
1753263508255 0.16663897657418175 35
1753263515975 0.16572520352217976 36
1753263523106 0.1676358199036385 37
1753263530967 0.1730353879381957 38
1753263538245 0.1776873234756604 39
1753263545927 0.18300382123276293 40
1753263552471 0.18375145372985546 41
1753263559542 0.1816746967934873 42
1753263566653 0.1820069779033062 43
1753263573628 0.1910616381458714 44
1753263581269 0.18748961621531815 45
1753263588717 0.18441601594949328 46
1753263596719 0.19081242731350723 47
1753263604412 0.1984548928393421 48
1753263611242 0.20061472005316497 49
1753263618272 0.19812261172952317 50
1753263625661 0.19928559561388934 51
1753263632263 0.19978401727861772 52
1753263640101 0.2031898986542615 53
1753263647580 0.20385446087389933 54
1753263655312 0.20950323974082075 55
1753263663172 0.21108157501246055 56
1753263670529 0.21041701279282274 57
1753263678148 0.21116464528991527 58
1753263685123 0.21415517527828543 59
1753263692197 0.2144043861106496 60
1753263699936 0.21315833194882872 61
1753263707492 0.21789333776374814 62
1753263715066 0.21855789998338596 63
1753263722316 0.22669878717394917 64
1753263729489 0.22520352217976408 65
1753263737054 0.2277787007808606 66
1753263744962 0.2274464196710417 67
1753263752356 0.22877554411031734 68
1753263759920 0.23093537132414022 69
1753263767746 0.23591958797142382 70
1753263775376 0.23708257185579 71
1753263782654 0.2368333610234258 72
1753263789918 0.23550423658415018 73
1753263797186 0.23558730686160492 74
1753263803774 0.23816248546270144 75
1753263810655 0.2386609071274298 76
1753263816987 0.23783020435288255 77
1753263823993 0.24165143711579998 78
1753263831766 0.24597109154344576 79
1753263839422 0.24754942681508557 80
1753263846922 0.24696793487290247 81
1753263853429 0.2482139890347234 82
1753263861202 0.2510383784681841 83
1753263868515 0.2492939026416348 84
1753263876360 0.25402890845655424 85
1753263883845 0.2532812759594617 86
1753263891033 0.2507060973583652 87
1753263898897 0.25577338428310353 88
1753263906401 0.25660408705765075 89
1753263913831 0.2591792656587473 90
1753263920887 0.2608406712078418 91
1753263928027 0.2634989200863931 92
1753263935653 0.26374813091875726 93
1753263942982 0.2644126931383951 94
1753263949964 0.26740322312676523 95
1753263957250 0.2644126931383951 96
1753263965121 0.26873234756604086 97
1753263972460 0.26931383950822396 98
1753263980250 0.2678185745140389 99
1753263988011 0.2696461206180429 100
