1753263246654 4.609242833627778 0
1753263254247 4.5820969128718945 1
1753263261515 4.542789460180586 2
1753263269004 4.504752401596059 3
1753263276353 4.464828934825834 4
1753263282995 4.426390318922658 5
1753263290143 4.385668376405082 6
1753263297491 4.343474612260075 7
1753263305403 4.303516797229691 8
1753263312892 4.25164469739578 9
1753263320323 4.212072830432701 10
1753263328051 4.180379569956414 11
1753263335440 4.138268165500187 12
1753263343156 4.108198338368702 13
1753263350854 4.0742344373712625 14
1753263358843 4.0402329813386775 15
1753263366838 4.019587088803776 16
1753263374285 4.003527109840428 17
1753263381981 3.9742812770111513 18
1753263389291 3.9444956485841294 19
1753263396777 3.9339983464289534 20
1753263404162 3.9067342844065522 21
1753263412017 3.8868021931954924 22
1753263420086 3.8704868079033554 23
1753263427269 3.8447511463718484 24
1753263433977 3.814251601821287 25
1753263440936 3.8112052760739545 26
1753263448536 3.7985874035619998 27
1753263456270 3.7817987290787665 28
1753263463786 3.761021331710543 29
1753263471462 3.7427107072167156 30
1753263478402 3.7332476487726964 31
1753263485653 3.718967584312939 32
1753263492929 3.7017370298310657 33
1753263500599 3.6977161998857015 34
1753263508256 3.6723568000027793 35
1753263515976 3.6732325673403987 36
1753263523107 3.6581365459353146 37
1753263530968 3.6541847935139806 38
1753263538246 3.636934543342438 39
1753263545928 3.6271390158772316 40
1753263552472 3.6095220116117814 41
1753263559543 3.6047513969759324 42
1753263566654 3.5873997224985725 43
1753263573629 3.580129583000185 44
1753263581270 3.5630088275397913 45
1753263588718 3.560762912373224 46
1753263596720 3.5532552302259517 47
1753263604413 3.537304549444719 48
1753263611243 3.5219240780886905 49
1753263618273 3.511545019522591 50
1753263625662 3.507709001858428 51
1753263632264 3.5069012027319966 52
1753263640102 3.49102627737475 53
1753263647581 3.4738649097046164 54
1753263655313 3.4719008855982056 55
1753263663173 3.463380750210759 56
1753263670530 3.453366602554498 57
1753263678149 3.4368403974627686 58
1753263685124 3.434580472498794 59
1753263692198 3.417541532518484 60
1753263699937 3.4146886656343463 61
1753263707493 3.4030509280927945 62
1753263715067 3.393440668574899 63
1753263722317 3.3917099543607954 64
1753263729490 3.3733776914016094 65
1753263737055 3.3802387635714872 66
1753263744963 3.36866057036854 67
1753263752357 3.363187471599627 68
1753263759921 3.354545062106414 69
1753263767747 3.343612301695392 70
1753263775377 3.3338917960334897 71
1753263782655 3.3166334448917016 72
1753263789919 3.315961930820951 73
1753263797187 3.3075347652000358 74
1753263803775 3.3082184670301182 75
1753263810656 3.297429218418511 76
1753263816988 3.2922505859368587 77
1753263823994 3.2810888994186054 78
1753263831767 3.283283542789998 79
1753263839423 3.2737587061235014 80
1753263846923 3.2674606766907193 81
1753263853430 3.2691098099348173 82
1753263861203 3.2697595009887954 83
1753263868517 3.258439735235813 84
1753263876361 3.241978008715031 85
1753263883846 3.2393776985365283 86
1753263891034 3.226885349072043 87
1753263898898 3.222823162572932 88
1753263906402 3.2267158155984466 89
1753263913832 3.2055518722874923 90
1753263920888 3.2105284172880295 91
1753263928028 3.1977866395725427 92
1753263935654 3.1956583158265346 93
1753263942983 3.1853911051383386 94
1753263949965 3.1739633292298 95
1753263957251 3.1776145191040297 96
1753263965122 3.169675139981992 97
1753263972462 3.171180948984628 98
1753263980251 3.1641942234839044 99
1753263988012 3.1578103757145124 100
