1753439614416 0.019272304369496594 0
1753439628236 0.03256354876225286 1
1753439646353 0.04768233925901313 2
1753439665403 0.07135736833361024 3
1753439683803 0.08415019106163815 4
1753439703557 0.09245721880711082 5
1753439722613 0.10915434457551088 6
1753439741543 0.1231932214653597 7
1753439760304 0.1331616547599269 8
1753439780847 0.14545605582322646 9
1753439792276 0.1487788669214155 10
1753439812928 0.16439607908290413 11
1753439832964 0.17619205848147532 12
1753439844525 0.18840338926732014 13
1753439865291 0.1959627845157003 14
1753439887487 0.20294068782189734 15
1753439903860 0.20053164977571025 16
1753439922509 0.20576507725535803 17
1753439942294 0.21722877554411033 18
1753439962094 0.223708257185579 19
1753439981479 0.2187240405382954 20
1753440002827 0.2286924738328626 21
1753440021468 0.2292739657750457 22
1753440042983 0.23326133909287258 23
1753440063894 0.23625186908124274 24
1753440084138 0.23749792324306362 25
1753440100775 0.24057152350888852 26
1753440121434 0.24447582654926067 27
1753440141162 0.2511214487456388 28
1753440161053 0.24946004319654427 29
1753440182550 0.2536135570692806 30
1753440201834 0.2579332114969264 31
1753440220108 0.26175444425984384 32
1753440239306 0.26316663897657416 33
1753440256891 0.2669048014620369 34
1753440276924 0.2700614720053165 35
1753440296748 0.2719720883867752 36
1753440316712 0.276291742814421 37
1753440338070 0.2780362186409703 38
1753440361076 0.2780362186409703 39
1753440380844 0.2834357866755275 40
1753440394270 0.2853464030569862 41
1753440418011 0.28235587306861604 42
1753440436115 0.2840172786177106 43
1753440456695 0.2875062302708091 44
1753440476843 0.2865924572188071 45
1753440496943 0.28850307360026584 46
1753440517361 0.28792158165808274 47
1753440535494 0.29332114969263995 48
1753440555796 0.2941518524671872 49
1753440576599 0.29489948496427976 50
1753440589039 0.2946502741319156 51
1753440610970 0.29664396079082905 52
1753440630830 0.2997175610566539 53
1753440646166 0.29631167968101013 54
1753440665229 0.300299052998837 55
1753440686519 0.29830536633992355 56
1753440705133 0.29822229606246886 57
1753440727313 0.30328958298720715 58
1753440745206 0.303040372154843 59
1753440766882 0.2978069446751952 60
1753440789303 0.302126599102841 61
1753440812202 0.30544941020103006 62
1753440835652 0.3019604585479316 63
1753440858338 0.3049509885363017 64
1753440877915 0.3096029240737664 65
1753440894768 0.3096859943512211 66
1753440905169 0.3045356371490281 67
1753440926485 0.30478484798139227 68
1753440946304 0.3059478318657584 69
1753440968407 0.3105166971257684 70
1753440979137 0.3116796810101346 71
1753440997302 0.30877222129921916 72
1753441013211 0.3069446751952152 73
1753441035116 0.3120950323974082 74
1753441056482 0.3135072271141386 75
1753441078080 0.31641468682505397 76
1753441096616 0.3099352051835853 77
1753441116794 0.3130088054494102 78
1753441127655 0.3149194218308689 79
1753441141597 0.3177438112643296 80
1753441159004 0.31500249210832365 81
1753441171495 0.3177438112643296 82
1753441190686 0.3164977571025087 83
1753441210599 0.31599933543778036 84
1753441233548 0.31840837348396744 85
1753441251610 0.31782688154178435 86
1753441272229 0.31716231932214656 87
1753441288435 0.31641468682505397 88
1753441306373 0.31467021099850473 89
1753441321002 0.320069779033062 90
1753441342415 0.3216481143047018 91
1753441359897 0.32065127097524504 92
1753441381211 0.31940521681342415 93
1753441400889 0.3185745140388769 94
1753441419315 0.3209004818076092 95
1753441437963 0.3169131084897824 96
1753441450069 0.3201528493105167 97
1753441470584 0.3194882870908789 98
1753441491283 0.32214653596943016 99
1753441512268 0.32139890347233757 100
