1753439614417 4.554523471559683 0
1753439628237 4.481831434132739 1
1753439646355 4.407915604466249 2
1753439665404 4.343353298299605 3
1753439683804 4.287734820593798 4
1753439703558 4.216923892111378 5
1753439722614 4.152738873118959 6
1753439741544 4.108235156393919 7
1753439760305 4.070752984087046 8
1753439780848 4.010713969970204 9
1753439792277 3.987525199292269 10
1753439812929 3.9708568919375993 11
1753439832965 3.938759040897375 12
1753439844526 3.896569612635357 13
1753439865292 3.8784356046780606 14
1753439887488 3.8792786847150684 15
1753439903861 3.8804930256086054 16
1753439922511 3.877487101647664 17
1753439942295 3.844281874583041 18
1753439962095 3.831180185784254 19
1753439981480 3.8687110661238053 20
1753440002828 3.8360244128513994 21
1753440021469 3.833023215555002 22
1753440042984 3.8216336097495778 23
1753440063895 3.820024661911559 24
1753440084139 3.8116406361711004 25
1753440100776 3.831845259848537 26
1753440121435 3.83470536654004 27
1753440141163 3.8146777023803145 28
1753440161054 3.799499085905363 29
1753440182551 3.8131576350953047 30
1753440201835 3.7927188221743275 31
1753440220109 3.8114391061944874 32
1753440239307 3.8383296808954013 33
1753440256892 3.8493738290055775 34
1753440276925 3.799959573667901 35
1753440296749 3.8067478568927093 36
1753440316713 3.7864309296457805 37
1753440338071 3.7907135913526195 38
1753440361077 3.8047304299242404 39
1753440380845 3.775274197279247 40
1753440394271 3.808807931221487 41
1753440418012 3.828180734826621 42
1753440436116 3.8124917545910284 43
1753440456696 3.816972711216483 44
1753440476844 3.817620722313111 45
1753440496944 3.8541389560195585 46
1753440517362 3.826320646840126 47
1753440535495 3.8067388727303753 48
1753440555797 3.811041350911217 49
1753440576600 3.816231330912416 50
1753440589040 3.8191471140201085 51
1753440610971 3.821486759757018 52
1753440630831 3.824480659799811 53
1753440646167 3.83804463870008 54
1753440665230 3.830267889114523 55
1753440686520 3.8264163720555375 56
1753440705134 3.840740698436285 57
1753440727314 3.8465350468018036 58
1753440745207 3.84536930161631 59
1753440766883 3.824089540519034 60
1753440789304 3.8202414607111193 61
1753440812203 3.8394018657837585 62
1753440835653 3.854709403469713 63
1753440858339 3.8499746716878085 64
1753440877916 3.8501891335088554 65
1753440894769 3.857248701362536 66
1753440905170 3.837710769973706 67
1753440926486 3.852730140292662 68
1753440946305 3.876522643810836 69
1753440968408 3.8609590049841636 70
1753440979138 3.845801294086917 71
1753440997303 3.830612059741071 72
1753441013212 3.8814029904820226 73
1753441035117 3.854110626046641 74
1753441056483 3.8636941847803206 75
1753441078081 3.874379253357518 76
1753441096617 3.8807935944085443 77
1753441116795 3.888565770718911 78
1753441127656 3.863122627254459 79
1753441141598 3.869752261061927 80
1753441159005 3.862333966975283 81
1753441171496 3.8966987249516474 82
1753441190687 3.8942086431621683 83
1753441210600 3.884999006381716 84
1753441233550 3.8784984918250824 85
1753441251611 3.9073242355363345 86
1753441272230 3.8961883464301574 87
1753441288436 3.886613316031075 88
1753441306374 3.915818626759915 89
1753441321003 3.8807150840971305 90
1753441342416 3.8967573622931093 91
1753441359898 3.898445038166623 92
1753441381212 3.915478844255627 93
1753441400890 3.891592672409236 94
1753441419317 3.9006890245413377 95
1753441437965 3.915044761272773 96
1753441450070 3.8938210364988493 97
1753441470585 3.9038698353866423 98
1753441491285 3.930826000000897 99
1753441512269 3.926054874759734 100
