1754236053688 0.13112903822669578 0
1754236097949 0.23243163231321468 1
1754236150533 0.18204862524516152 2
1754236186222 0.1526292417570218 3
1754236249990 0.22771342930096583 4
1754236290371 0.14691188987159087 5
1754236341527 0.1675794693409318 6
1754236391567 0.1643044813677238 7
1754236439658 0.10335640010361544 8
1754236480866 0.0990082522295822 9
1754236524436 0.10701994597194982 10
1754236558759 0.21513155460163563 11
1754236628224 0.09924878806942235 12
1754236681936 0.09924878806942235 13
1754236725716 0.20019982977463643 14
1754236762591 0.168319579617363 15
1754236797255 0.10030344521333678 16
1754236829823 0.0990082522295822 17
1754236871749 0.1253561780705325 18
1754236906194 0.24732635162639233 19
1754236957181 0.16204714502460868 20
1754237013570 0.09926729082633312 21
1754237077071 0.22899011952780965 22
1754237110321 0.1885245901639344 23
1754237149856 0.09924878806942235 24
1754237190349 0.2429782037523591 25
1754237238409 0.09928579358324391 26
1754237283520 0.22828701476520002 27
1754237329609 0.21835103430411132 28
1754237377906 0.287921400288643 29
1754237424427 0.24673426340524737 30
1754237460231 0.2853680198349554 31
1754237503724 0.23265366539614402 32
1754237554358 0.15420197609443806 33
1754237588065 0.2896421566813455 34
1754237637260 0.3329016023387485 35
1754237692596 0.10030344521333678 36
1754237729405 0.19289124079487843 37
1754237779027 0.26938163786404173 38
1754237819206 0.19562964881767383 39
1754237868900 0.2603152869777597 40
1754237902513 0.23916663582873848 41
1754237940358 0.2766162158161566 42
1754237985133 0.3209118158605632 43
1754238018362 0.10200569884912852 44
1754238056506 0.2047885134885098 45
1754238089752 0.2006623986974059 46
1754238128022 0.09941531288161937 47
1754238188276 0.09924878806942235 48
1754238256854 0.2270103245383562 49
1754238292185 0.14326684676016727 50
1754238336685 0.21455796913740147 51
1754238379855 0.23015579321318877 52
1754238430182 0.3074973171002479 53
1754238477064 0.10526218406542574 54
1754238518273 0.10389298005402806 55
1754238554541 0.25857602782814637 56
1754238596134 0.3322540058468712 57
1754238658885 0.2721385486437479 58
1754238694315 0.10154312992635903 59
1754238743164 0.1826962217370388 60
1754238787389 0.10072900862228472 61
1754238838690 0.3163416349036006 62
1754238878102 0.3240202790215742 63
1754238913507 0.22667727491396217 64
1754238957108 0.21914665285127485 65
1754238995009 0.22688080523998075 66
1754239028675 0.1376790141731118 67
1754239065505 0.24456944084668616 68
1754239122016 0.2481774784442882 69
1754239156911 0.316397143174333 70
1754239192180 0.24704881027273062 71
1754239226087 0.10163564371091292 72
1754239266961 0.15083447433667616 73
1754239335590 0.37221996077415537 74
1754239372026 0.2495281796987751 75
1754239417143 0.3236687266402694 76
1754239485330 0.10130259408651889 77
1754239538445 0.20763793805276987 78
1754239569968 0.2800762313584724 79
1754239609716 0.3482773933316064 80
1754239644994 0.3341597898086815 81
1754239698231 0.10313436702068608 82
1754239737349 0.32735077526551454 83
1754239784518 0.36126632868297376 84
1754239821306 0.32352070458498317 85
1754239865114 0.3801761462457906 86
1754239897979 0.234670465899419 87
1754239959556 0.16071494652703253 88
1754240007888 0.2779854198275543 89
1754240066952 0.22608518669281724 90
1754240101669 0.2562816859712097 91
1754240167285 0.09911926877104689 92
1754240234486 0.10269030085482737 93
1754240275887 0.09902675498649299 94
1754240340772 0.25559708396551084 95
1754240370862 0.3886874144247493 96
1754240430292 0.2452355400954742 97
1754240466961 0.0993783073677978 98
1754240502563 0.10561373644673057 99
1754240543268 0.10269030085482737 100
