1754236053690 4.371751483806208 0
1754236097950 3.909658604614431 1
1754236150534 6.48137758800486 2
1754236186223 4.995996841437578 3
1754236249991 4.3623752160181315 4
1754236290372 6.51701935197367 5
1754236341528 5.102910678516656 6
1754236391568 5.293432959041199 7
1754236439659 5.241023168086205 8
1754236480867 9.302282323951454 9
1754236524437 3.9661409389064275 10
1754236558760 5.846960057081812 11
1754236628225 11.632854002477965 12
1754236681937 11.886362273112962 13
1754236725717 4.152036265037378 14
1754236762593 6.487788311432952 15
1754236797257 10.427761203780099 16
1754236829825 12.042429796147326 17
1754236871750 5.017833476835203 18
1754236906195 4.9618609761691115 19
1754236957182 4.544865329845365 20
1754237013571 6.608376712099974 21
1754237077072 4.834681210544117 22
1754237110322 6.395301731853017 23
1754237149857 7.924328093742666 24
1754237190350 4.549175254207416 25
1754237238410 9.051358388019468 26
1754237283521 3.279787536761494 27
1754237329611 4.47859660789497 28
1754237377907 3.81469876041679 29
1754237424428 4.67140295368301 30
1754237460232 4.2888632070038595 31
1754237503725 5.512207142816603 32
1754237554359 5.1714521261902435 33
1754237588067 4.071732676440453 34
1754237637261 3.4618521191379057 35
1754237692598 11.186215100131962 36
1754237729406 5.957233750985474 37
1754237779028 3.6681799072867163 38
1754237819207 5.526575214298074 39
1754237868901 4.906006700713817 40
1754237902514 3.4956594057898696 41
1754237940359 4.09217520348429 42
1754237985134 4.63437834595601 43
1754238018363 6.280346152150805 44
1754238056507 4.658564779541467 45
1754238089753 5.309424972311476 46
1754238128023 6.594790117054848 47
1754238188277 8.817583163133085 48
1754238256855 3.606152141184544 49
1754238292186 5.487711502973484 50
1754238336686 4.708949811342354 51
1754238379856 5.684343682938276 52
1754238430183 3.7219077873463795 53
1754238477065 9.034392778220031 54
1754238518274 10.550048856457396 55
1754238554543 3.7847142426482265 56
1754238596135 3.112570244498072 57
1754238658886 4.4731949495811225 58
1754238694316 11.523014516065846 59
1754238743165 6.442150797128872 60
1754238787391 12.816801358487918 61
1754238838691 3.6656730865982436 62
1754238878104 4.539063422659382 63
1754238913508 4.4066538419516155 64
1754238957109 5.1968790466462575 65
1754238995010 4.382463210029992 66
1754239028677 6.294062886693013 67
1754239065506 5.3284266777833915 68
1754239122017 5.61912966226027 69
1754239156912 3.7473857266572415 70
1754239192181 4.294185580664905 71
1754239226088 11.483632579780288 72
1754239266962 5.752515437686399 73
1754239335591 3.4592020823769998 74
1754239372027 5.107191801291866 75
1754239417144 4.740355665469644 76
1754239485331 13.307578802302958 77
1754239538446 6.083222041367007 78
1754239569969 4.912541140202302 79
1754239609717 4.337073664959493 80
1754239644995 3.6525701861957347 81
1754239698232 9.59245187733022 82
1754239737350 3.916885630383219 83
1754239784519 3.9368783401076946 84
1754239821308 5.669986957160171 85
1754239865116 3.4524156906537917 86
1754239897980 4.748083058703615 87
1754239959557 4.994042404818835 88
1754240007889 3.9951385956450594 89
1754240066953 5.9741092399123525 90
1754240101670 5.282972326065713 91
1754240167286 12.101793341337839 92
1754240234487 9.269964269968703 93
1754240275888 11.375109111654814 94
1754240340773 4.627850051672172 95
1754240370863 3.461235619675416 96
1754240430293 6.919148882536892 97
1754240466962 13.385371780920673 98
1754240502565 9.558752800090158 99
1754240543270 11.317467595654076 100
