1751184693735 0.051254361189566375 0
1751184758937 0.06188735670377139 1
1751184825131 0.06678850307360026 2
1751184890522 0.10533311181259346 3
1751184955700 0.1381458714072105 4
1751185020491 0.15334773218142547 5
1751185085734 0.20078086060807443 6
1751185150752 0.20510051503572022 7
1751185216793 0.21814254859611232 8
1751185282607 0.20551586642299385 9
1751185347530 0.23135072271141385 10
1751185413188 0.2521182920750955 11
1751185476937 0.27313507227114137 12
1751185540174 0.2697291908954976 13
1751185606213 0.2763748130918757 14
1751185670915 0.28293736501079914 15
1751185735350 0.28326964612061806 16
1751185797049 0.29165974414354545 17
1751185860333 0.2955640471839176 18
1751185925423 0.30760923741485297 19
1751185988362 0.3067785346403057 20
1751186053263 0.31317494600431967 21
1751186117836 0.30071440438611063 22
1751186182374 0.3167469679348729 23
1751186249937 0.31965442764578833 24
1751186314195 0.31226117295231764 25
1751186379492 0.3366838345240073 26
1751186445133 0.3444093703272969 27
1751186509993 0.34499086226948 28
1751186574069 0.34175112144874564 29
1751186641040 0.3434125269978402 30
1751186707560 0.3350224289749128 31
1751186771660 0.3458215650440272 32
1751186836144 0.35770061472005316 33
1751186901795 0.35529157667386607 34
1751186965697 0.35529157667386607 35
1751187031230 0.35894666888187404 36
1751187096234 0.3567868416680512 37
1751187161527 0.37132414022262833 38
1751187227436 0.3729855457717229 39
1751187294141 0.3631001827546104 40
1751187359923 0.37963116796810104 41
1751187426265 0.38619371988702444 42
1751187491332 0.37921581658082737 43
1751187556168 0.3811264329622861 44
1751187621843 0.367170626349892 45
1751187687513 0.38120950323974084 46
1751187750694 0.38976574181757767 47
1751187817751 0.36908124273135073 48
1751187880548 0.383286260176109 49
1751187946389 0.3952483801295896 50
1751187985858 0.38885196876557565 51
1751188023094 0.37979730852301047 52
1751188061374 0.39034723375976077 53
1751188099390 0.39275627180594785 54
1751188136871 0.39383618541285925 55
1751188173891 0.3941684665226782 56
1751188211910 0.3845323143379299 57
1751188250366 0.3950822395746802 58
1751188289237 0.39666057484632 59
1751188327896 0.383286260176109 60
1751188365419 0.3748961621531816 61
1751188404013 0.3908456554244891 62
1751188442480 0.39715899651104836 63
1751188480626 0.3989034723375976 64
1751188518861 0.39184249875394583 65
1751188556105 0.3964113640139558 66
1751188594280 0.38885196876557565 67
1751188633598 0.3891011795979399 68
1751188671124 0.3980727695630503 69
1751188708202 0.39184249875394583 70
1751188745476 0.4023093537132414 71
1751188781778 0.38544608738993186 72
1751188819039 0.3985711912277787 73
1751188857250 0.39541452068449906 74
1751188895299 0.4047183917594285 75
1751188933741 0.4060475161987041 76
1751188971837 0.4018940023259678 77
1751189009091 0.40255856454560557 78
1751189047498 0.3980727695630503 79
1751189085740 0.4082904136899817 80
1751189123985 0.40314005648778867 81
1751189162556 0.4067120784183419 82
1751189200025 0.4038876889848812 83
1751189237658 0.39931882372487126 84
1751189275241 0.41078252201362353 85
1751189314259 0.4085396245223459 86
1751189352276 0.4067120784183419 87
1751189390763 0.4132746303372653 88
1751189428971 0.4174281442100017 89
1751189468016 0.4034723375976076 90
1751189506300 0.41119787340089714 91
1751189543956 0.40837348396743645 92
1751189582670 0.4116132247881708 93
1751189620569 0.4087888353547101 94
1751189657457 0.4200863930885529 95
1751189695892 0.41393919255690315 96
1751189734955 0.4050506728692474 97
1751189773891 0.40712742980561556 98
1751189812264 0.4175942847649111 99
1751189851731 0.411862435620535 100
1751189879356 0.40621365675361354 101
1751189906904 0.4072105000830703 102
1751189934993 0.4132746303372653 103
1751189961987 0.4210001661405549 104
1751189989258 0.4166805117129091 105
1751190015438 0.4048845323143379 106
1751190042584 0.4156005981059977 107
1751190069237 0.40613058647615885 108
1751190094970 0.4104502409038046 109
1751190122200 0.40463532148197373 110
1751190148916 0.39998338594450905 111
1751190175252 0.4064628675859777 112
1751190203158 0.4040538295397907 113
1751190230392 0.407293570360525 114
1751190257902 0.4048845323143379 115
1751190285737 0.400315667054328 116
1751190313779 0.4023093537132414 117
1751190341551 0.3964944342914105 118
1751190368403 0.4032231267652434 119
1751190396318 0.40937032729689316 120
1751190423120 0.40114636982887525 121
1751190449945 0.40280777537796975 122
1751190477267 0.40953646785180264 123
1751190504850 0.4007310184416016 124
1751190531374 0.40280777537796975 125
1751190558156 0.41518524671872403 126
1751190584309 0.40961953812925733 127
1751190611665 0.40496760259179265 128
1751190638666 0.4050506728692474 129
1751190665485 0.4137730520019937 130
1751190693026 0.41252699784017277 131
1751190720537 0.4154344575510882 132
1751190747578 0.39782355873068614 133
1751190775110 0.4060475161987041 134
1751190802494 0.4116132247881708 135
1751190829979 0.4032231267652434 136
1751190857697 0.4166805117129091 137
1751190884146 0.41194550589798967 138
1751190910954 0.4104502409038046 139
1751190938131 0.4076258514703439 140
1751190965497 0.4097856786841668 141
1751190992513 0.40754278119288917 142
1751191019266 0.40779199202525335 143
1751191047091 0.3994849642797807 144
1751191074775 0.406379797308523 145
1751191101401 0.40280777537796975 146
1751191129030 0.40239242399069614 147
1751191156314 0.40114636982887525 148
1751191183329 0.4013125103837847 149
1751191210551 0.4062967270310683 150
1751191226699 0.40089715899651107 151
1751191242897 0.4038876889848812 152
1751191259124 0.40779199202525335 153
1751191275397 0.40338926732015284 154
1751191291688 0.40430304037215486 155
1751191307877 0.403638478152517 156
1751191324363 0.4030569862103339 157
1751191340956 0.3992357534474165 158
1751191357299 0.3990696128925071 159
1751191373938 0.3963282937365011 160
1751191390332 0.398488120950324 161
1751191406728 0.3954975909619538 162
1751191422970 0.3936700448579498 163
1751191439432 0.3929224123608573 164
1751191455824 0.3910948662568533 165
1751191472375 0.40596444592124936 166
1751191488447 0.39940189400232595 167
1751191505021 0.39715899651104836 168
1751191521301 0.3973251370659578 169
1751191537857 0.40089715899651107 170
1751191554402 0.4016447914936036 171
1751191570627 0.39965110483469013 172
1751191586890 0.40314005648778867 173
1751191603371 0.4010632995514205 174
1751191619989 0.3964113640139558 175
1751191636169 0.39558066123940855 176
1751191652388 0.39815583984050507 177
1751191668932 0.39998338594450905 178
1751191685116 0.40280777537796975 179
1751191701240 0.39200863930885527 180
1751191717736 0.39873733178268816 181
1751191734438 0.39940189400232595 182
1751191750422 0.39882040206014285 183
1751191766812 0.4017278617710583 184
1751191783332 0.3999003156670543 185
1751191799702 0.40098022927396576 186
1751191816205 0.39375311513540456 187
1751191832571 0.39558066123940855 188
1751191848811 0.3950822395746802 189
1751191864960 0.39375311513540456 190
1751191881432 0.39441767735504235 191
1751191897814 0.3997341751121449 192
1751191913978 0.3991526831699618 193
1751191930214 0.3933377637481309 194
1751191946560 0.3936700448579498 195
1751191962952 0.3917594284764911 196
1751191979292 0.3991526831699618 197
1751191995358 0.4008140887190563 198
1751192011471 0.39998338594450905 199
1751192027906 0.3956637315168633 200
