1751184693736 4.654840681672146 0
1751184758938 4.197558673804124 1
1751184825131 3.9958114444382704 2
1751184890523 3.845211613674332 3
1751184955701 3.7664128891206077 4
1751185020491 3.6409425226366285 5
1751185085734 3.6731082531472823 6
1751185150753 3.5100258147330683 7
1751185216794 3.4165647143874662 8
1751185282608 3.3420363043776677 9
1751185347531 3.3267894409293133 10
1751185413189 3.2946192287957783 11
1751185476937 3.332877786470692 12
1751185540175 3.1616178405239785 13
1751185606214 3.0749179465823837 14
1751185670916 3.153120843677172 15
1751185735351 3.027865663277296 16
1751185797049 3.0431691020376395 17
1751185860334 2.9668766383352576 18
1751185925423 2.913537763607206 19
1751185988362 2.920201990310261 20
1751186053264 2.894955784921738 21
1751186117837 2.813369049726288 22
1751186182375 2.8323398037723955 23
1751186249937 2.818746333796971 24
1751186314196 2.7155516154440877 25
1751186379492 2.815959348031306 26
1751186445134 2.7891907821643898 27
1751186509994 2.715420911483977 28
1751186574070 2.6182608143083934 29
1751186641041 2.621408799999073 30
1751186707560 2.555030528197598 31
1751186771661 2.511193380223297 32
1751186836144 2.6267169482564414 33
1751186901796 2.5350209068524183 34
1751186965698 2.512831057283672 35
1751187031231 2.4500955081364344 36
1751187096234 2.3526776651748094 37
1751187161528 2.413518100173634 38
1751187227437 2.467377245761282 39
1751187294141 2.3440610257992476 40
1751187359923 2.4457730767099846 41
1751187426266 2.4146682056917417 42
1751187491333 2.268913189007166 43
1751187556169 2.288233087232517 44
1751187621844 2.2168706023784535 45
1751187687514 2.244718991158144 46
1751187750695 2.2639493530176926 47
1751187817752 2.105204030475217 48
1751187880549 2.1110619606404004 49
1751187946390 2.1462805240112424 50
1751187985858 2.072836667477784 51
1751188023095 1.9812355007750804 52
1751188061375 2.0110332988360726 53
1751188099391 1.9595687770773667 54
1751188136871 1.9704594062347656 55
1751188173891 1.9523212099929363 56
1751188211911 1.8934607619913737 57
1751188250367 1.9021796439361327 58
1751188289237 1.8335480895801632 59
1751188327897 1.7900884803556791 60
1751188365420 1.7694430936968792 61
1751188404014 1.783297640208457 62
1751188442481 1.8012390973233547 63
1751188480627 1.884211319736344 64
1751188518862 1.7642595361810163 65
1751188556106 1.767010147982019 66
1751188594281 1.7142506943907574 67
1751188633599 1.7021257386712365 68
1751188671125 1.7507320863592895 69
1751188708203 1.7241120464651962 70
1751188745477 1.7443220366345278 71
1751188781778 1.61896988956556 72
1751188819040 1.7140658748382722 73
1751188857251 1.6853379303857232 74
1751188895300 1.696436492166787 75
1751188933741 1.6461768661460872 76
1751188971838 1.6263759631954036 77
1751189009092 1.5901753831617205 78
1751189047499 1.5980633327732754 79
1751189085741 1.605801116951521 80
1751189123986 1.5956280840125863 81
1751189162557 1.575343050117463 82
1751189200026 1.572871062319339 83
1751189237659 1.549510178666291 84
1751189275242 1.5963701473810514 85
1751189314260 1.6163286031329531 86
1751189352276 1.5753716033438676 87
1751189390763 1.558811391134186 88
1751189428972 1.551257593624181 89
1751189468016 1.4599052406364004 90
1751189506300 1.5000257781024016 91
1751189543957 1.492166531289066 92
1751189582671 1.4482674811062015 93
1751189620570 1.4785084615656483 94
1751189657458 1.4718162334632143 95
1751189695893 1.471193037723583 96
1751189734955 1.4126908406241396 97
1751189773892 1.4439252106081961 98
1751189812265 1.488642033307761 99
1751189851732 1.4488358830304182 100
1751189879357 1.411751176203206 101
1751189906904 1.326910306045221 102
1751189934993 1.3587577111202638 103
1751189961988 1.3888463481881754 104
1751189989259 1.3505264897687896 105
1751190015439 1.2865383970582902 106
1751190042585 1.3069395340940735 107
1751190069238 1.2688444681819324 108
1751190094970 1.2938537517151067 109
1751190122201 1.2695677673982235 110
1751190148917 1.2688961992517487 111
1751190175253 1.2820292039364873 112
1751190203159 1.2842399597849334 113
1751190230393 1.2520943231679642 114
1751190257902 1.2426897628506284 115
1751190285738 1.221547177690688 116
1751190313780 1.2188217947785103 117
1751190341552 1.214981257988703 118
1751190368403 1.2124634964616983 119
1751190396319 1.259622593317631 120
1751190423120 1.2086157541083071 121
1751190449946 1.220158319202138 122
1751190477268 1.203205141423743 123
1751190504851 1.2122239173608123 124
1751190531375 1.1938388706080203 125
1751190558156 1.2233770436094662 126
1751190584310 1.1801008757936073 127
1751190611666 1.1682823859686118 128
1751190638667 1.1892054712212128 129
1751190665486 1.2252401649642082 130
1751190693027 1.2101996289209915 131
1751190720538 1.215567471219386 132
1751190747579 1.1229298448499556 133
1751190775110 1.1379600588299859 134
1751190802495 1.1816102651956606 135
1751190829980 1.1405315266985439 136
1751190857698 1.1348926594556525 137
1751190884147 1.1045419598521764 138
1751190910955 1.123944929020568 139
1751190938132 1.123372536368109 140
1751190965498 1.1185748002105014 141
1751190992514 1.1291014928211285 142
1751191019267 1.1301727335822116 143
1751191047092 1.08801759207604 144
1751191074776 1.0887153839621322 145
1751191101402 1.0821403623781234 146
1751191129031 1.0983660241910989 147
1751191156315 1.0698762449314825 148
1751191183329 1.0640983316110653 149
1751191210552 1.0783594099000715 150
1751191226699 1.069485005047054 151
1751191242897 1.0481618707051235 152
1751191259125 1.019782063837025 153
1751191275398 1.0160932802977034 154
1751191291688 1.0180695583871757 155
1751191307878 1.0283689703049752 156
1751191324364 1.0317885214315339 157
1751191340957 1.003019960694733 158
1751191357300 1.0004487306041763 159
1751191373939 1.011299698228738 160
1751191390333 1.0095867854377631 161
1751191406729 0.9767505107448728 162
1751191422971 0.9765710804214389 163
1751191439432 0.9539933218681641 164
1751191455825 0.9671498002389165 165
1751191472375 0.9693369775610327 166
1751191488448 0.9557243275384001 167
1751191505022 0.9428799362738565 168
1751191521302 0.9444568042359107 169
1751191537858 0.9467698929949514 170
1751191554403 0.9587001955290458 171
1751191570628 0.9440139807568305 172
1751191586891 0.9542985412445544 173
1751191603372 0.950901569363952 174
1751191619990 0.934844801868269 175
1751191636169 0.9280524330904182 176
1751191652389 0.9339576419294743 177
1751191668933 0.9257729124691964 178
1751191685117 0.9291845398722413 179
1751191701241 0.9313368915848179 180
1751191717736 0.9146284009454269 181
1751191734438 0.9145820233439941 182
1751191750423 0.92382497365001 183
1751191766813 0.9244017147503326 184
1751191783333 0.9187226569171247 185
1751191799702 0.9086766263692511 186
1751191816206 0.8974822167598642 187
1751191832572 0.8979555562099361 188
1751191848812 0.9018367447672166 189
1751191864961 0.8951342656725018 190
1751191881433 0.8923295668390716 191
1751191897815 0.8947219697294362 192
1751191913979 0.8849137680062468 193
1751191930215 0.8927411883032764 194
1751191946560 0.888683038855968 195
1751191962952 0.8844342278694881 196
1751191979293 0.8757990044992588 197
1751191995358 0.8732502924028519 198
1751192011472 0.8827221783832216 199
1751192027907 0.8673358607380092 200
