1754458661005 0.023508888519687656 0
1754458691799 0.052500415351387275 1
1754458720362 0.08331948828709088 2
1754458749888 0.09602924073766407 3
1754458777902 0.1076590795813258 4
1754458808634 0.12618375145372984 5
1754458835077 0.13341086559229107 6
1754458863651 0.14744974248213988 7
1754458891414 0.15725203522179765 8
1754458917458 0.16846652267818574 9
1754458947461 0.17502907459710915 10
1754458974019 0.18591128094367834 11
1754459005615 0.19272304369496593 12
1754459033740 0.20111314171789335 13
1754459065341 0.20933709918591129 14
1754459087433 0.21465359694301378 15
1754459116972 0.2208838677521183 16
1754459145764 0.22561887356703772 17
1754459175218 0.2318491443761422 18
1754459205229 0.23575344741651438 19
1754459232470 0.23999003156670543 20
1754459259099 0.24464196710417013 21
1754459285917 0.24912776208672538 22
1754459315979 0.2546934706761921 23
1754459347678 0.2616713739823891 24
1754459376237 0.2610068117627513 25
1754459406905 0.26773550423658415 26
1754459429314 0.26798471506894833 27
1754459456776 0.276291742814421 28
1754459481606 0.2710583153347732 29
1754459510667 0.2811928891842499 30
1754459543113 0.27811928891842497 31
1754459569884 0.28875228443263 32
1754459598621 0.2825220136235255 33
1754459627827 0.2934042199700947 34
1754459653126 0.28709087888353546 35
1754459684552 0.2989699285595614 36
1754459714703 0.2918258846984549 37
1754459737660 0.3005482638312012 38
1754459768801 0.2962286094035554 39
1754459799548 0.3052832696461206 40
1754459820890 0.2996344907791992 41
1754459848655 0.3067785346403057 42
1754459880263 0.30262502076756936 43
1754459906233 0.31217810267486296 44
1754459937450 0.3052832696461206 45
1754459965525 0.3135072271141386 46
1754459995001 0.30744309685994353 47
1754460022725 0.3151686326632331 48
1754460048766 0.30902143213158334 49
1754460077905 0.3159162651603256 50
1754460107626 0.3110981890679515 51
1754460136332 0.31898986542615054 52
1754460166508 0.31184582156504403 53
1754460196098 0.31915600598106 54
1754460226498 0.31408871905632163 55
1754460254356 0.32139890347233757 56
1754460279393 0.31699617876723707 57
1754460302841 0.3227280279116132 58
1754460331862 0.3163316165475993 59
1754460358684 0.324306363183253 60
1754460390687 0.3214819737497923 61
1754460411242 0.32497092540289085 62
1754460441069 0.321897325137066 63
1754460470670 0.3263000498421665 64
1754460498967 0.3210666223625187 65
1754460527374 0.3286260176108988 66
1754460550827 0.3227280279116132 67
1754460580201 0.32962286094035553 68
1754460608695 0.32256188735670377 69
1754460638826 0.33020435288253863 70
1754460669935 0.32339259013125105 71
1754460699477 0.3318657584316332 72
1754460729682 0.3244725037381625 73
1754460756915 0.3311181259345406 74
1754460786116 0.32497092540289085 75
1754460815051 0.3324472503738162 76
1754460845414 0.32555241734507395 77
1754460874365 0.3329456720385446 78
1754460897989 0.3260508390098023 79
1754460919970 0.33336102342581825 80
1754460948078 0.327047682339259 81
1754460976768 0.3356869911945506 82
1754461005054 0.327961455391261 83
1754461035946 0.33635155341418843 84
1754461064619 0.3280445256687157 85
1754461093405 0.33585313174946 86
1754461123444 0.32870908788835357 87
1754461153620 0.337680677853464 88
1754461181167 0.330702774547267 89
1754461210189 0.3375976075760093 90
1754461239913 0.33078584482472173 91
1754461260660 0.33801295896328293 92
1754461291464 0.3300382123276292 93
1754461319566 0.33900980229273964 94
1754461345030 0.33219803954145205 95
1754461373104 0.33876059146037546 96
1754461394730 0.3329456720385446 97
1754461425252 0.339508223957468 98
1754461457104 0.3329456720385446 99
1754461484053 0.34050506728692476 100
