1754458661006 4.562232185682864 0
1754458691800 4.429352667763635 1
1754458720363 4.286419657259842 2
1754458749889 4.188491024155234 3
1754458777903 4.069663265714529 4
1754458808634 3.978101110648788 5
1754458835078 3.8835267801152504 6
1754458863652 3.814124282441654 7
1754458891414 3.7400216919476867 8
1754458917459 3.6783329523025614 9
1754458947461 3.6189545914123618 10
1754458974020 3.5678416307155905 11
1754459005616 3.5253585357283184 12
1754459033740 3.4731438826893295 13
1754459065342 3.4414154258832657 14
1754459087433 3.394075820956124 15
1754459116973 3.371174223611414 16
1754459145765 3.3266784445785484 17
1754459175218 3.306887372445038 18
1754459205229 3.266806994280228 19
1754459232470 3.2575965188490636 20
1754459259100 3.2152122634456357 21
1754459285918 3.212330499758686 22
1754459315979 3.17089501881409 23
1754459347678 3.170557420160551 24
1754459376238 3.1287128071716825 25
1754459406905 3.129213996597978 26
1754459429315 3.0904158032356364 27
1754459456776 3.1001343090226543 28
1754459481606 3.064302294080926 29
1754459510667 3.0709471980680583 30
1754459543114 3.0351512277261605 31
1754459569884 3.039817590080123 32
1754459598621 3.007930266476319 33
1754459627828 3.012938183701404 34
1754459653126 2.982724283938149 35
1754459684553 2.988734054936236 36
1754459714703 2.9625681276304374 37
1754459737660 2.969157361693621 38
1754459768801 2.9439722208502714 39
1754459799548 2.946563109561344 40
1754459820891 2.923110463104112 41
1754459848655 2.935879743339736 42
1754459880263 2.9082910212562485 43
1754459906233 2.9146766237798687 44
1754459937451 2.890187067124161 45
1754459965525 2.904198093605222 46
1754459995002 2.876001116206236 47
1754460022726 2.8908747401669426 48
1754460048767 2.8645525344057514 49
1754460077905 2.8739397594311398 50
1754460107626 2.8506804352650477 51
1754460136333 2.861593474368179 52
1754460166509 2.8409044491037094 53
1754460196098 2.851528522934719 54
1754460226498 2.8286607665091617 55
1754460254357 2.840053472506644 56
1754460279394 2.817821300383023 57
1754460302841 2.831809479293827 58
1754460331863 2.8100254421176003 59
1754460358685 2.822667129842009 60
1754460390687 2.7973037719876888 61
1754460411243 2.813604425775148 62
1754460441069 2.791267322637094 63
1754460470671 2.805468376893464 64
1754460498968 2.7800838954937763 65
1754460527375 2.7940677680065775 66
1754460550828 2.774775482729835 67
1754460580201 2.7884120533337557 68
1754460608696 2.762404741673171 69
1754460638827 2.779725898409551 70
1754460669935 2.756524004302089 71
1754460699477 2.7724350875117487 72
1754460729682 2.750994652046181 73
1754460756915 2.766750998215647 74
1754460786116 2.739271135340723 75
1754460815052 2.7570736831654616 76
1754460845414 2.7301714537072552 77
1754460874366 2.751681227401406 78
1754460897990 2.723868536493166 79
1754460919971 2.7449895457692284 80
1754460948078 2.717207504808276 81
1754460976769 2.7374870263638242 82
1754461005055 2.7114279558799907 83
1754461035946 2.728001678062618 84
1754461064619 2.707645436967306 85
1754461093405 2.7236585882768356 86
1754461123444 2.7028007196147383 87
1754461153620 2.7171233833813275 88
1754461181168 2.6912176637601433 89
1754461210189 2.7123098878511716 90
1754461239914 2.6888735112258497 91
1754461260660 2.7067114464647384 92
1754461291464 2.682965179948358 93
1754461319566 2.7007083129662335 94
1754461345030 2.6750181321338125 95
1754461373104 2.6959659551787447 96
1754461394731 2.669895597394147 97
1754461425253 2.692196071360882 98
1754461457104 2.6638145859612794 99
1754461484053 2.6854764766656034 100
