1753685001793 7.028662423055824 0
1753685018602 6.984156617848388 1
1753685046405 6.891449811238329 2
1753685061521 7.479151426960071 3
1753685094344 15.087679017622808 4
1753685116765 13.277158942435635 5
1753685141075 6.844031410808218 6
1753685155757 7.13433024403683 7
1753685176795 7.254558348157125 8
1753685201750 6.816195345800787 9
1753685217286 15.229305337565723 10
1753685247825 7.08618680540208 11
1753685274511 13.37011195519722 12
1753685289091 13.94134277089366 13
1753685313709 7.238704483702757 14
1753685343820 7.503670368270318 15
1753685362406 15.087676736611884 16
1753685392604 13.942018433606778 17
1753685423993 7.1123160334231095 18
1753685438685 7.103148461152106 19
1753685468441 8.077673071083737 20
1753685483019 14.390302128842668 21
1753685497319 7.459811987873337 22
1753685512653 7.27390260142739 23
1753685540839 14.585975681280459 24
1753685556056 7.833969417851099 25
1753685584847 14.484016831331742 26
1753685614241 6.390846543299351 27
1753685628754 7.010204483617933 28
1753685642879 6.97121876422538 29
1753685657139 8.775914609574091 30
1753685675011 6.4954813607824375 31
1753685689862 7.091076298324315 32
1753685718666 7.621523917194508 33
1753685744616 16.625844024733187 34
1753685763064 7.441253326040484 35
1753685777426 15.153021993317708 36
1753685794753 7.41641963575192 37
1753685815251 8.104411991315438 38
1753685833893 7.140308665943791 39
1753685859966 7.370612426303743 40
1753685893486 7.504304298860156 41
1753685924395 7.550982947611753 42
1753685940264 7.267348447798994 43
1753685960334 17.677248099019963 44
1753685988855 6.9485055232675075 45
1753686021302 7.994750947710599 46
1753686040901 18.104438389315806 47
1753686071179 17.15071438102144 48
1753686086790 6.746179420649881 49
1753686116166 7.9041844779958 50
1753686146015 7.094186760770474 51
1753686170799 6.59457015135501 52
1753686199620 16.157315178673805 53
1753686228497 16.493085218654496 54
1753686248914 6.577467459392525 55
1753686263460 7.192441404625839 56
1753686294534 6.99477596616528 57
1753686311209 8.23222001289883 58
1753686326695 17.97210702341152 59
1753686344038 15.174789760362943 60
1753686358897 15.374698344860233 61
1753686383376 6.93596032985392 62
1753686401683 17.07500549531666 63
1753686429124 15.886701171028289 64
1753686459614 6.807744822327884 65
1753686495347 7.046378332426213 66
1753686512246 6.818990381014403 67
1753686528479 18.250704270358796 68
1753686556282 7.355575878327066 69
1753686572118 7.036351165125238 70
1753686599337 16.223470978854085 71
1753686625726 16.309305081715436 72
1753686641414 7.174796117078207 73
1753686656901 7.894875121010975 74
1753686686005 7.134115866674795 75
1753686700846 7.516170606753947 76
1753686726175 18.857649297495072 77
1753686755754 7.182270368873343 78
1753686785102 7.96666148933889 79
1753686800043 7.892026870832875 80
1753686834090 6.492034171404113 81
1753686850694 16.270501582446588 82
1753686865119 7.323044306240613 83
1753686880392 6.896675562632017 84
1753686895594 7.816427966775063 85
1753686910752 7.957619742099426 86
1753686943466 7.099848316864293 87
1753686974116 7.487583003966066 88
1753687005019 7.766758562548179 89
1753687032690 7.110010877711927 90
1753687061923 7.37774387974706 91
1753687091969 18.40627180754214 92
1753687123478 16.716456065110314 93
1753687147333 15.885278435209395 94
1753687162097 17.08844391587563 95
1753687176779 7.637456793615566 96
1753687191452 7.102692832667168 97
1753687220292 18.135793001203435 98
1753687252022 15.609572435877721 99
1753687266552 6.908787558190049 100
