1753624965345 0.030071440438611065 0
1753624990954 0.05557401561721216 1
1753625021402 0.0721880711081575 2
1753625049083 0.0976906462867586 3
1753625079776 0.11164645289915269 4
1753625099275 0.131915600598106 5
1753625114428 0.15691975411197873 6
1753625148099 0.16281774381126432 7
1753625164927 0.17502907459710915 8
1753625178892 0.1869911945505898 9
1753625208773 0.1984548928393421 10
1753625230391 0.20917095863100182 11
1753625246553 0.21722877554411033 12
1753625262200 0.22578501412194718 13
1753625288474 0.23575344741651438 14
1753625302312 0.24381126432962286 15
1753625317382 0.2461372320983552 16
1753625346414 0.25037381624854627 17
1753625361035 0.2579332114969264 18
1753625389710 0.263831201196212 19
1753625408445 0.26333277953148365 20
1753625439561 0.2728858614387772 21
1753625455572 0.2690646286758598 22
1753625481612 0.27296893171623193 23
1753625501674 0.27396577504568864 24
1753625529016 0.28335271639807275 25
1753625545921 0.27953148363515534 26
1753625573614 0.27953148363515534 27
1753625588732 0.28493105166971255 28
1753625620300 0.28866921415517527 29
1753625641462 0.29016447914936033 30
1753625659309 0.2899983385944509 31
1753625674847 0.2894168466522678 32
1753625706133 0.29190895497590963 33
1753625722667 0.2894168466522678 34
1753625739798 0.29406878218973254 35
1753625766636 0.297557733842831 36
1753625782991 0.2943179930220967 37
1753625809600 0.3019604585479316 38
1753625841670 0.30220966938029575 39
1753625862205 0.30877222129921916 40
1753625888942 0.3055324804784848 41
1753625904222 0.3058647615883037 42
1753625918027 0.3043694965941186 43
1753625945007 0.30785844824721714 44
1753625959676 0.3065293238079415 45
1753625973845 0.30686160491776043 46
1753626004800 0.3077753779697624 47
1753626032221 0.30603090214321316 48
1753626046022 0.3079415185246719 49
1753626060773 0.3080245888021266 50
1753626078050 0.3091875726864928 51
1753626105051 0.3095198537963117 52
1753626131359 0.3099352051835853 53
1753626148281 0.3115135404552251 54
1753626171293 0.3143379298886858 55
1753626198805 0.3125103837846818 56
1753626221070 0.31741153015451073 57
1753626246759 0.31699617876723707 58
1753626268529 0.3161654759926898 59
1753626287297 0.3119288918424988 60
1753626314766 0.31035055657085897 61
1753626333801 0.31184582156504403 62
1753626367476 0.31317494600431967 63
1753626391476 0.31898986542615054 64
1753626423704 0.3167469679348729 65
1753626449570 0.31915600598106 66
1753626463969 0.3183253032065127 67
1753626494508 0.3158331948828709 68
1753626521121 0.31840837348396744 69
1753626538822 0.3180760923741485 70
1753626571280 0.32156504402724706 71
1753626599775 0.3220634656919754 72
1753626613950 0.3186575843163316 73
1753626637219 0.32123276291742814 74
1753626653728 0.3226449576341585 75
1753626672004 0.32123276291742814 76
1753626704997 0.3179099518192391 77
1753626726337 0.3194882870908789 78
1753626753598 0.32256188735670377 79
1753626779294 0.3217311845821565 80
1753626810987 0.3220634656919754 81
1753626832611 0.3245555740156172 82
1753626847522 0.3220634656919754 83
1753626861295 0.32023591958797143 84
1753626879586 0.3220634656919754 85
1753626905274 0.3272968931716232 86
1753626928301 0.3204851304203356 87
1753626943847 0.32555241734507395 88
1753626959811 0.32380794151852466 89
1753626975272 0.3251370659578003 90
1753626999087 0.3235587306861605 91
1753627017315 0.3232264495763416 92
1753627031233 0.32397408207343414 93
1753627063500 0.32870908788835357 94
1753627097295 0.331616547599269 95
1753627121165 0.3241402226283436 96
1753627135204 0.32812759594617047 97
1753627169152 0.3253032065127098 98
1753627197363 0.3295397906629008 99
1753627211746 0.3253032065127098 100
