1751032036590 0.030403721548429973 0
1751032058119 0.05432796145539126 1
1751032079802 0.07526167137398239 2
1751032101614 0.0821565044027247 3
1751032125140 0.10907127429805616 4
1751032149483 0.13399235753447417 5
1751032173653 0.14919421830868915 6
1751032195863 0.16231932214653597 7
1751032217846 0.17777039375311512 8
1751032240674 0.17909951819239076 9
1751032265005 0.1910616381458714 10
1751032286862 0.20476823392590132 11
1751032309156 0.20958631001827546 12
1751032324657 0.21315833194882872 13
1751032339195 0.22312676524339592 14
1751032353711 0.23035387938195714 15
1751032369090 0.23550423658415018 16
1751032384445 0.24057152350888852 17
1751032400021 0.24090380461870742 18
1751032414519 0.24912776208672538 19
1751032429159 0.2512875893005483 20
1751032443584 0.25593952483801297 21
1751032458778 0.2616713739823891 22
1751032473075 0.26092374148529657 23
1751032487856 0.2591792656587473 24
1751032503373 0.2639142714736667 25
1751032515756 0.26516032563548764 26
1751032528049 0.2660740986874896 27
1751032540130 0.2696461206180429 28
1751032551851 0.2725535803289583 29
1751032563577 0.27180594783186574 30
1751032575574 0.2752948994849643 31
1751032587076 0.27429805615550756 32
1751032598675 0.2778700780860608 33
1751032610685 0.2809436783518857 34
1751032622069 0.27870078086060807 35
1751032633599 0.27811928891842497 36
1751032645044 0.27853464030569863 37
1751032657149 0.28044525668715736 38
1751032665865 0.28335271639807275 39
1751032674405 0.2853464030569862 40
1751032682929 0.2890014952649942 41
1751032691790 0.28925070609735837 42
1751032700322 0.2855956138893504 43
1751032708898 0.287838511380628 44
1751032717529 0.2871739491609902 45
1751032726075 0.2827712244558897 46
1751032734686 0.29207509553081906 47
1751032743303 0.29016447914936033 48
1751032751779 0.2909121116464529 49
1751032760320 0.29249044691809273 50
