1751032036591 4.548336495266787 0
1751032058120 4.383839978446175 1
1751032079802 4.236887706433489 2
1751032101614 4.121881037161299 3
1751032125140 4.063913597936337 4
1751032149484 3.982520011955572 5
1751032173654 3.9100308293502537 6
1751032195864 3.82510338805713 7
1751032217847 3.7519548416338133 8
1751032240674 3.7542126672816107 9
1751032265006 3.6817488698410155 10
1751032286863 3.6744629934887367 11
1751032309157 3.6605099668869605 12
1751032324657 3.6174639824961052 13
1751032339196 3.6217151962443026 14
1751032353711 3.6303157457888453 15
1751032369091 3.6051527772094083 16
1751032384446 3.5876282125323096 17
1751032400022 3.5787338266957955 18
1751032414520 3.5797036263861544 19
1751032429160 3.6013573796220966 20
1751032443585 3.5645622696982757 21
1751032458779 3.570571770082757 22
1751032473076 3.5404072044250494 23
1751032487857 3.5380078942498123 24
1751032503374 3.5236896664067046 25
1751032515757 3.5310078127737956 26
1751032528050 3.562619012912415 27
1751032540131 3.5477808256793693 28
1751032551852 3.5077875045328994 29
1751032563578 3.490606437064159 30
1751032575575 3.49727721390177 31
1751032587077 3.4908125865304105 32
1751032598676 3.510671981696874 33
1751032610686 3.5237907392480583 34
1751032622069 3.491508816572837 35
1751032633600 3.4903254662556225 36
1751032645045 3.470009187957528 37
1751032657150 3.4546875121238703 38
1751032665866 3.4739457555256155 39
1751032674406 3.4504053111510298 40
1751032682929 3.4678132016401224 41
1751032691791 3.4706117390534015 42
1751032700323 3.4496378716850242 43
1751032708899 3.423584707397631 44
1751032717529 3.411357537920408 45
1751032726076 3.4180889266185672 46
1751032734687 3.423842547996147 47
1751032743304 3.414728781589694 48
1751032751780 3.4253502193871244 49
1751032760321 3.422337852064528 50
