1750984197025 0.07708921747798637 0
1750984322175 0.1372320983552085 1
1750984449665 0.16547599268981558 2
1750984574791 0.20111314171789335 3
1750984700773 0.238910117959794 4
1750984828221 0.26059146037547765 5
1750984956186 0.27654095364678516 6
1750985081681 0.2939857119122778 7
1750985205166 0.30328958298720715 8
1750985332239 0.31982056820069776 9
1750985461778 0.3292905798305366 10
1750985587869 0.34075427811928893 11
1750985715820 0.3490613058647616 12
1750985788042 0.34931051669712576 13
1750985859808 0.35371324140222626 14
1750985930953 0.3546270144542283 15
1750986003698 0.3652600099684333 16
1750986075751 0.3721548429971756 17
1750986148880 0.37597607576009306 18
1750986220709 0.38096029240737667 19
1750986290403 0.38436617378302046 20
1750986361622 0.39092872570194387 21
1750986434982 0.3913440770892175 22
1750986505820 0.39931882372487126 23
1750986579960 0.3992357534474165 24
1750986650165 0.40255856454560557 25
1750986700953 0.4108655922910783 26
1750986751000 0.40372154842997177 27
1750986800665 0.40928725701943847 28
1750986848074 0.4181757767070942 29
1750986898713 0.41767735504236586 30
1750986948627 0.41211164645289916 31
1750986998184 0.4092041867419837 32
1750987046150 0.40754278119288917 33
1750987093971 0.4137730520019937 34
1750987142703 0.4240737664063798 35
1750987192814 0.42432297723874396 36
1750987241021 0.4300548263831201 37
1750987289881 0.43329456720385445 38
1750987317565 0.42299385279946833 39
1750987344549 0.42016946336600763 40
1750987371413 0.4249875394583818 41
1750987398934 0.4228277122445589 42
1750987426098 0.4194218308689151 43
1750987453002 0.4228277122445589 44
1750987480524 0.4321315833194883 45
1750987507687 0.42673201528493104 46
1750987534950 0.43346070775876394 47
1750987562700 0.4353713241402226 48
1750987590095 0.4377803621864097 49
1750987618021 0.4371157999667719 50
