1750895240617 0.02865924572188071 0
1750895261490 0.07451403887688984 1
1750895283163 0.1039209170958631 2
1750895304290 0.12427313507227114 3
1750895325359 0.14346236916431301 4
1750895346404 0.1651437115799967 5
1750895367371 0.1866589134407709 6
1750895388551 0.20078086060807443 7
1750895410220 0.21207841834191726 8
1750895431797 0.2274464196710417 9
1750895453682 0.23517195547433128 10
1750895475363 0.24406047516198703 11
1750895496824 0.24713407542781193 12
1750895519103 0.2571025087223791 13
1750895540241 0.26432962286094036 14
1750895561523 0.2759594617046021 15
1750895582528 0.27230436949659415 16
1750895603674 0.277205515866423 17
1750895624998 0.28310350556570857 18
1750895647515 0.2880046519355375 19
1750895668666 0.287838511380628 20
1750895691968 0.29265658747300216 21
1750895713538 0.2902475494268151 22
1750895735690 0.29980063133410867 23
1750895757425 0.29672703106828374 24
1750895778284 0.3035387938195714 25
1750895793297 0.3045356371490281 26
1750895807415 0.3015451071606579 27
1750895821503 0.3046187074264828 28
1750895835102 0.31201196211995347 29
1750895849211 0.3101013457384948 30
1750895863279 0.31159661073267986 31
1750895877123 0.31068283768067784 32
1750895891600 0.30985213490613056 33
1750895906644 0.30943678351885695 34
1750895921150 0.31375643794650276 35
1750895935727 0.3135902973915933 36
1750895949555 0.3166638976574182 37
1750895964340 0.3177438112643296 38
1750895978300 0.3159162651603256 39
1750895992019 0.3232264495763416 40
1750896005896 0.3214819737497923 41
1750896021248 0.3186575843163316 42
1750896036047 0.31915600598106 43
1750896049968 0.3227280279116132 44
1750896063797 0.32222960624688485 45
1750896077697 0.3174946004319654 46
1750896091349 0.3245555740156172 47
1750896105400 0.32239574680179434 48
1750896120092 0.3247217145705267 49
1750896134445 0.3248878551254361 50
1750896146317 0.327961455391261 51
1750896157847 0.32879215816580826 52
1750896169086 0.3300382123276292 53
1750896179912 0.3282106662236252 54
1750896190813 0.3294567203854461 55
1750896201653 0.32995514205017445 56
1750896212474 0.33219803954145205 57
1750896223279 0.32937365010799136 58
1750896234149 0.32879215816580826 59
1750896245248 0.3301212826050839 60
1750896256249 0.3300382123276292 61
1750896267468 0.3297059312178103 62
1750896278409 0.33178268815417844 63
1750896289180 0.3322811098189068 64
1750896300213 0.3332779531483635 65
1750896311206 0.3342747964778202 66
1750896322779 0.3342747964778202 67
1750896334104 0.33277953148363515 68
1750896345217 0.3329456720385446 69
1750896356443 0.33369330453563717 70
1750896367982 0.3361023425818242 71
1750896379036 0.3350224289749128 72
1750896389860 0.3338594450905466 73
1750896401404 0.3347732181425486 74
1750896412313 0.3382621697956471 75
1750896420268 0.33577006147200533 76
1750896428266 0.33809602924073767 77
1750896436128 0.33776374813091875 78
1750896444039 0.338594450905466 79
1750896451913 0.3362684831367337 80
1750896459831 0.3378468184083735 81
1750896467883 0.339508223957468 82
1750896475846 0.33867752118292077 83
1750896483691 0.33992357534474166 84
1750896491800 0.3392590131251038 85
1750896500073 0.3388436617378302 86
1750896508212 0.33834524007310185 87
1750896516464 0.3414188403389267 88
1750896524695 0.3394251536800133 89
1750896533008 0.3419172620036551 90
1750896541483 0.3400066456221964 91
1750896549909 0.3414188403389267 92
1750896558252 0.34050506728692476 93
1750896566187 0.3434955972752949 94
1750896574059 0.3447416514371158 95
1750896581959 0.34150191061638147 96
1750896590044 0.3441601594949327 97
1750896597917 0.33992357534474166 98
1750896605802 0.34208340255856456 99
1750896613735 0.34241568366838343 100
