1750895240618 4.506940678870693 0
1750895261491 4.294591900178894 1
1750895283163 4.066423261601567 2
1750895304291 3.8717784845012235 3
1750895325360 3.70054252601662 4
1750895346405 3.5323300881263537 5
1750895367372 3.400450286092554 6
1750895388552 3.280504374731584 7
1750895410221 3.1830047540376043 8
1750895431798 3.0918977253323794 9
1750895453683 3.016949150431001 10
1750895475363 2.944940623527016 11
1750895496825 2.9003169093126004 12
1750895519104 2.8283607397023345 13
1750895540242 2.795805198986423 14
1750895561524 2.74278676542428 15
1750895582529 2.7210533846922913 16
1750895603675 2.7016115081114846 17
1750895624999 2.667986224057445 18
1750895647515 2.6220908590779177 19
1750895668667 2.6348897468873362 20
1750895691969 2.5884199826443783 21
1750895713539 2.5915906830538518 22
1750895735691 2.5636670748041976 23
1750895757425 2.550594212215655 24
1750895778285 2.5121013014544054 25
1750895793297 2.4937567705364474 26
1750895807415 2.497842203611183 27
1750895821504 2.466948701497034 28
1750895835102 2.446356352504786 29
1750895849212 2.4458804686137636 30
1750895863280 2.4391323232685833 31
1750895877124 2.4243352227774224 32
1750895891600 2.4225645526498245 33
1750895906645 2.412849214815853 34
1750895921150 2.383865249111854 35
1750895935728 2.3907099620992267 36
1750895949556 2.3649126846106827 37
1750895964341 2.3568199387163915 38
1750895978301 2.3493739203301334 39
1750895992020 2.3241920895990376 40
1750896005897 2.3230428116293504 41
1750896021249 2.337787173271881 42
1750896036047 2.3205370752187076 43
1750896049969 2.301621206521286 44
1750896063797 2.3030573393853584 45
1750896077698 2.306877979013588 46
1750896091350 2.286472577722246 47
1750896105400 2.272939148997499 48
1750896120093 2.254260064261257 49
1750896134446 2.260797998562186 50
1750896146318 2.2379437380663334 51
1750896157848 2.242079128220383 52
1750896169087 2.2296873875879952 53
1750896179912 2.223783580400754 54
1750896190814 2.2124689674743236 55
1750896201653 2.1997936816338783 56
1750896212474 2.1972997147102924 57
1750896223279 2.2014510134354817 58
1750896234150 2.201402966880458 59
1750896245248 2.1798069604671317 60
1750896256250 2.178911402151333 61
1750896267469 2.175228895861444 62
1750896278410 2.1798111319936537 63
1750896289180 2.163026315680368 64
1750896300214 2.1498015865577074 65
1750896311207 2.150019565679387 66
1750896322779 2.136170865696185 67
1750896334104 2.144077769400393 68
1750896345218 2.1406216811061456 69
1750896356443 2.125120130743786 70
1750896367983 2.1211813643368016 71
1750896379037 2.1105982591971575 72
1750896389861 2.1139660642496825 73
1750896401405 2.1101922195791545 74
1750896412314 2.1022562542574 75
1750896420269 2.09032458591832 76
1750896428267 2.0841407810829926 77
1750896436129 2.075288600652796 78
1750896444040 2.072674921664835 79
1750896451914 2.0779547035042705 80
1750896459832 2.0681547086847183 81
1750896467884 2.0668356020994776 82
1750896475847 2.0679501685188217 83
1750896483692 2.0658491902263187 84
1750896491800 2.0563531073766277 85
1750896500073 2.056736715842616 86
1750896508213 2.051017903076495 87
1750896516465 2.0423108721328114 88
1750896524695 2.0459195204069758 89
1750896533009 2.0374384426855148 90
1750896541484 2.0424275685378914 91
1750896549909 2.032550573781189 92
1750896558252 2.036009705989939 93
1750896566187 2.0256897700389125 94
1750896574060 2.020002355516433 95
1750896581960 2.0293027950453126 96
1750896590045 2.0198743255975717 97
1750896597918 2.026648955930928 98
1750896605802 2.0179695615489326 99
1750896613736 2.0158663335318523 100
