1753233551873 0.01628177438112643 0
1753233559483 0.011131417178933378 1
1753233566277 0.014205017444758265 2
1753233573641 0.018275461040039874 3
1753233581155 0.027828542947333446 4
1753233588583 0.030819072935703604 5
1753233595595 0.03771390596444592 6
1753233602776 0.04078750623027081 7
1753233609799 0.041452068449908626 8
1753233616679 0.04784847981392258 9
1753233623806 0.053746469513208175 10
1753233630646 0.061056653929224124 11
1753233638392 0.06487788669214155 12
1753233645937 0.06504402724705101 13
1753233653367 0.07002824389433461 14
1753233661203 0.07443096859943513 15
1753233668480 0.07152350888851969 16
1753233675455 0.0709420169463366 17
1753233682757 0.07011131417178934 18
1753233689599 0.08157501246054162 19
1753233697236 0.08846984548928394 20
1753233704578 0.08763914271473666 21
1753233711717 0.08722379132746304 22
1753233718915 0.09810599767403223 23
1753233726088 0.10009968433294567 24
1753233733022 0.10757600930387108 25
1753233740155 0.10749293902641635 26
1753233747274 0.10134573849476657 27
1753233754960 0.09843827878385114 28
1753233761891 0.10749293902641635 29
1753233769797 0.11114803123442432 30
1753233777023 0.10740986874896162 31
1753233785018 0.10857285263332779 32
1753233791918 0.11330785844824721 33
1753233798381 0.11629838843661738 34
1753233804727 0.12369164313008806 35
1753233812315 0.12169795647117461 36
1753233819494 0.12659910284100348 37
1753233826677 0.13174946004319654 38
1753233833791 0.13025419504901145 39
1753233840855 0.13714902807775378 40
1753233847584 0.13025419504901145 41
1753233854361 0.13914271473666723 42
1753233861590 0.13839508223957467 43
1753233869210 0.14155175278285428 44
1753233876651 0.14952649941850807 45
1753233883678 0.1493603588635986 46
1753233891047 0.14786509386941352 47
1753233897427 0.15044027247051006 48
1753233904664 0.1545937863432464 49
1753233911961 0.15260009968433294 50
1753233917895 0.15542448911779366 51
1753233925287 0.1543445755108822 52
1753233932336 0.1540122944010633 53
1753233939867 0.15849808938361853 54
1753233947144 0.1621531815916265 55
1753233954418 0.1620701113141718 56
1753233961824 0.1627346735338096 57
1753233969451 0.1680511712909121 58
1753233976304 0.16572520352217976 59
1753233983613 0.1668051171290912 60
1753233991089 0.16248546270144543 61
1753233998194 0.17062634989200864 62
1753234005840 0.17394916099019772 63
1753234013115 0.17718890181093205 64
1753234019007 0.17336766904801462 65
1753234026276 0.1748629340421997 66
1753234033639 0.17926565874730022 67
1753234040322 0.17810267486293405 68
1753234047236 0.17793653430802459 69
1753234053273 0.1800963615218475 70
1753234060468 0.1816746967934873 71
1753234067655 0.18159162651603256 72
1753234074997 0.18640970260840672 73
1753234082457 0.18964944342914106 74
1753234089683 0.18881874065459378 75
1753234096148 0.18549592955640473 76
1753234104041 0.18640970260840672 77
1753234111166 0.18832031898986543 78
1753234117249 0.19147698953314504 79
1753234124344 0.19222462203023757 80
1753234132147 0.19305532480478485 81
1753234139599 0.19430137896660574 82
1753234147008 0.19779033061970427 83
1753234153602 0.19396909785678684 84
1753234160432 0.20152849310516696 85
1753234166654 0.20169463366007642 86
1753234173968 0.19828875228443263 87
1753234180954 0.20368832031898987 88
1753234188253 0.2035221797640804 89
1753234194993 0.20576507725535803 90
1753234202026 0.20759262335936202 91
1753234208674 0.20568200697790331 92
1753234216034 0.20676192058481474 93
1753234223252 0.209420169463366 94
1753234230637 0.21182920750955309 95
1753234237683 0.21224455889682672 96
1753234244150 0.21307526167137397 97
1753234251198 0.2134075427811929 98
1753234258217 0.21764412693138396 99
1753234265588 0.21722877554411033 100
