1753233551874 4.615984892734914 0
1753233559484 4.576227389247841 1
1753233566278 4.544561409609515 2
1753233573642 4.513066318817828 3
1753233581156 4.498054119306936 4
1753233588584 4.4673179147022015 5
1753233595596 4.455359672738404 6
1753233602777 4.4328801538724765 7
1753233609800 4.412734153542313 8
1753233616680 4.382185027297679 9
1753233623807 4.363615722804573 10
1753233630647 4.349609609209424 11
1753233638393 4.339371763893214 12
1753233645938 4.30394322449242 13
1753233653368 4.295062109721513 14
1753233661204 4.283623379987546 15
1753233668481 4.280054835122691 16
1753233675456 4.272193186871391 17
1753233682758 4.2550085610128745 18
1753233689600 4.235600126796833 19
1753233697237 4.231705236855852 20
1753233704579 4.211070493721771 21
1753233711718 4.204580796772114 22
1753233718916 4.191192413789477 23
1753233726089 4.185392159932599 24
1753233733023 4.155946673290626 25
1753233740156 4.160050236863116 26
1753233747275 4.155449021458876 27
1753233754961 4.145243071367281 28
1753233761892 4.121339333112523 29
1753233769798 4.11586479716764 30
1753233777024 4.112866519679037 31
1753233785019 4.113827650062975 32
1753233791919 4.120750863545078 33
1753233798382 4.1135883671037785 34
1753233804728 4.084641958445548 35
1753233812316 4.089999544364958 36
1753233819495 4.06911949246508 37
1753233826678 4.071175188865918 38
1753233833792 4.071569439692375 39
1753233840856 4.045301105155319 40
1753233847585 4.044924497554261 41
1753233854362 4.05314810228929 42
1753233861591 4.041062004428894 43
1753233869211 4.0349695272133 44
1753233876652 4.0171929951123 45
1753233883679 4.03309762267417 46
1753233891048 4.0301917635026525 47
1753233897428 4.002974290665382 48
1753233904665 3.9959540750961335 49
1753233911962 3.995175115598155 50
1753233917896 3.984189749866436 51
1753233925288 3.9930580812073795 52
1753233932337 3.985350970963361 53
1753233939868 3.985398994267814 54
1753233947145 3.9887944803412294 55
1753233954419 3.970184008480872 56
1753233961825 3.9625163590421995 57
1753233969452 3.960956608011423 58
1753233976305 3.964917839751017 59
1753233983614 3.942843883465498 60
1753233991090 3.9417912577971435 61
1753233998195 3.9376385533894847 62
1753234005841 3.9492525729174974 63
1753234013116 3.945487660137031 64
1753234019008 3.916606600467975 65
1753234026277 3.9225276663755357 66
1753234033640 3.906735587616135 67
1753234040323 3.908587059287175 68
1753234047237 3.9297187845713957 69
1753234053274 3.915464509831301 70
1753234060469 3.9091790849393835 71
1753234067656 3.887836357534007 72
1753234074998 3.9096743969317993 73
1753234082458 3.9039818687366807 74
1753234089684 3.908338381518532 75
1753234096149 3.890237237185478 76
1753234104042 3.8997310982025084 77
1753234111167 3.8839522338103927 78
1753234117250 3.8796395802507884 79
1753234124345 3.8829983389392626 80
1753234132148 3.878995804813741 81
1753234139600 3.8926484425211214 82
1753234147009 3.8829718008167657 83
1753234153603 3.8730815694130682 84
1753234160433 3.8715655620532057 85
1753234166655 3.8718854944312104 86
1753234173969 3.8575485374758154 87
1753234180955 3.8380470840106145 88
1753234188254 3.8567966253329544 89
1753234194994 3.833582736379512 90
1753234202027 3.8309134859505596 91
1753234208675 3.8302536478259075 92
1753234216035 3.837663524288147 93
1753234223253 3.8207221108106264 94
1753234230638 3.825788025848001 95
1753234237684 3.827777117929222 96
1753234244151 3.8107298518640245 97
1753234251199 3.8150063746864427 98
1753234258218 3.8209681726143407 99
1753234265589 3.81426555920469 100
