1753239565971 0.020684499086226948 0
1753239579922 0.02641634823060309 1
1753239592830 0.028742315999335438 2
1753239606061 0.03704934374480811 3
1753239617563 0.040870576507725534 4
1753239631898 0.050506728692473836 5
1753239644517 0.0693636816746968 6
1753239655207 0.07642465525834856 7
1753239668884 0.07833527163980727 8
1753239682397 0.07517860109652766 9
1753239695602 0.08780528326964612 10
1753239706902 0.10483469014786509 11
1753239718121 0.1030071440438611 12
1753239730869 0.1113972420667885 13
1753239739194 0.11953812925735172 14
1753239750288 0.12767901644791493 15
1753239763674 0.12734673533809604 16
1753239775840 0.13390928725701945 17
1753239789603 0.13357700614720053 18
1753239800083 0.13390928725701945 19
1753239811827 0.14545605582322646 20
1753239822782 0.14479149360358864 21
1753239834832 0.14711746137232098 22
1753239847721 0.15509220800797474 23
1753239857494 0.15849808938361853 24
1753239870126 0.15799966771889018 25
1753239883153 0.16481143047017777 26
1753239895064 0.16913108489782355 27
1753239907574 0.1757767070942017 28
1753239919719 0.17810267486293405 29
1753239932130 0.18101013457384948 30
1753239942220 0.18283768067785347 31
1753239955288 0.18400066456221964 32
1753239969085 0.18715733510549926 33
1753239980634 0.1879049676025918 34
1753239992622 0.19455058979896994 35
1753240003707 0.19953480644625354 36
1753240016204 0.20667885030736002 37
1753240028654 0.2053497258680844 38
1753240042483 0.21108157501246055 39
1753240054660 0.2159827213822894 40
1753240068889 0.2183917594284765 41
1753240083164 0.2158996511048347 42
1753240094896 0.21124771556737 43
1753240107245 0.21548429971756106 44
1753240119898 0.2199700947001163 45
1753240130991 0.21556736999501577 46
1753240142668 0.22395746801794317 47
1753240155836 0.2193886027579332 48
1753240168919 0.22736334939358696 49
1753240182465 0.2252865924572188 50
1753240196209 0.22129921913939193 51
1753240209699 0.22960624688486458 52
1753240223253 0.23899318823724872 53
1753240234365 0.2392423990696129 54
1753240246630 0.2408207343412527 55
1753240259525 0.24622030237580994 56
1753240272536 0.2463864429307194 57
1753240285419 0.2467187240405383 58
1753240298396 0.2452234590463532 59
1753240308791 0.24347898321980396 60
1753240320175 0.24597109154344576 61
1753240331413 0.2492108323641801 62
1753240340330 0.2507891676358199 63
1753240352842 0.25502575178601095 64
1753240365970 0.25593952483801297 65
1753240377486 0.2542781192889184 66
1753240390090 0.2511214487456388 67
1753240401841 0.24663565376308358 68
1753240413362 0.25535803289582987 69
1753240425620 0.25502575178601095 70
1753240438486 0.2652433959129423 71
1753240449832 0.2612560225951155 72
1753240463432 0.25776707094201695 73
1753240476631 0.26216979564711745 74
1753240490000 0.2636650606413025 75
1753240500166 0.2684831367336767 76
1753240511730 0.2613390928725702 77
1753240523722 0.2663233095198538 78
1753240535202 0.2734673533809603 79
1753240547792 0.27213822894168466 80
1753240561043 0.2775377969762419 81
1753240573347 0.2728027911613225 82
1753240587596 0.2736334939358697 83
1753240601567 0.2747134075427812 84
1753240615074 0.27355042365841503 85
1753240626270 0.2770393753115135 86
1753240636002 0.2719720883867752 87
1753240648703 0.2776208672536966 88
1753240659899 0.27554411031732845 89
1753240671548 0.2737996344907792 90
1753240683427 0.2776208672536966 91
1753240696686 0.2828542947333444 92
1753240710071 0.2782023591958797 93
1753240722277 0.28351885695298223 94
1753240734614 0.28493105166971255 95
1753240747289 0.2796976241900648 96
1753240759320 0.28518026250207673 97
1753240771355 0.28551254361189565 98
1753240784417 0.2868416680511713 99
1753240796338 0.28410034889516533 100
