1754222097083 2.0740985929880233 0
1754222152251 1.9344100061480636 1
1754222194148 1.8365991480842465 2
1754222251574 1.671762288120096 3
1754222298626 1.5285279457765268 4
1754222348532 1.543807859592474 5
1754222387147 1.4721085240394687 6
1754222421091 1.4061608764128057 7
1754222470970 1.405954540374633 8
1754222509442 1.4177240104521738 9
1754222545095 1.345694107464569 10
1754222579211 1.3394691626648965 11
1754222618892 1.3909472651732289 12
1754222649293 1.3663634936049152 13
1754222688311 1.362558750756796 14
1754222759213 1.3911141683164507 15
1754222796391 1.32839781416524 16
1754222860717 1.3185007267758513 17
1754222899369 1.3034992107176753 18
1754222934998 1.3105001933915914 19
1754222974092 1.2867929470007515 20
1754223033192 1.3014755386066272 21
1754223068548 1.3508259174557669 22
1754223103762 1.2956044039737016 23
1754223140673 1.3573481273772954 24
1754223182512 1.3812364566142772 25
1754223215924 1.243451234106218 26
1754223289067 1.2335669848317545 27
1754223346958 1.2609211689277064 28
1754223416242 1.2659784504256735 29
1754223450727 1.2503659941422336 30
1754223494642 1.269441502178887 31
1754223545268 1.2507297931562515 32
1754223578101 1.2814754794165197 33
1754223615810 1.286019214748967 34
1754223656525 1.331654044400677 35
1754223692026 1.2690519946812062 36
1754223728874 1.2852602393673784 37
1754223767265 1.2578432305355696 38
1754223803311 1.287051208498782 39
1754223847365 1.2555406746555184 40
1754223879968 1.2723946266734885 41
1754223920006 1.2785936424309126 42
1754223963500 1.2874901037285351 43
1754224008238 1.246051040367291 44
1754224046281 1.2539049401733418 45
1754224081277 1.287812068899474 46
1754224141943 1.237960179942284 47
1754224197283 1.257157943991048 48
1754224230710 1.3017625521251706 49
1754224268651 1.3444936059684656 50
1754224322378 1.2833623299599461 51
1754224376361 1.2479945731558753 52
1754224412339 1.2423053353630422 53
1754224473090 1.3422006470205738 54
1754224522940 1.2724929111101977 55
1754224566269 1.2751923155285527 56
1754224641217 1.2645595815174637 57
1754224692549 1.2802309281146091 58
1754224727533 1.303779675571203 59
1754224770293 1.3638348884724623 60
1754224808244 1.288371108798792 61
1754224842631 1.2567199876576556 62
1754224888701 1.2756185616648714 63
1754224923788 1.290909575657468 64
1754224996217 1.2559450810483805 65
1754225072184 1.3197470007762127 66
1754225130181 1.2742878646659348 67
1754225162161 1.2689985643320054 68
1754225198066 1.2862137878973723 69
1754225230766 1.2570383018904736 70
1754225272243 1.2706840420220467 71
1754225306731 1.3346622703531004 72
1754225376007 1.3024816026918788 73
1754225420123 1.313079254863314 74
1754225466618 1.2990904180768192 75
1754225519824 1.30210435139753 76
1754225561437 1.2888945675727763 77
1754225606803 1.296288263121543 78
1754225645022 1.3029839654221598 79
1754225708556 1.2546187930522916 80
1754225763144 1.2546897435464972 81
1754225797141 1.3134998117484666 82
1754225840534 1.3070495107775688 83
1754225884618 1.2700034325071532 84
1754225931616 1.2658949366688015 85
1754225971487 1.2662288388398981 86
1754226015828 1.355596818196128 87
1754226079776 1.318723194754992 88
1754226112606 1.3122748344995157 89
1754226156673 1.2790048902298234 90
1754226204806 1.2533117031381154 91
1754226245586 1.2826655663640305 92
1754226280279 1.3178904621379295 93
1754226343961 1.277280775005611 94
1754226377731 1.3615556566204496 95
1754226417535 1.2827653463635902 96
1754226451572 1.3448629409519162 97
1754226496533 1.2948848101182775 98
1754226550297 1.3394100993609666 99
1754226589029 1.326124189991862 100
