1754632548505 0.17875513451504274 0
1754632621008 0.26227657921030234 1
1754632677908 0.3223920364134256 2
1754632737784 0.36702068608222627 3
1754632780578 0.39446027458091254 4
1754632865219 0.4372756540724568 5
1754632911885 0.413240572845354 6
1754632979271 0.43487029567405544 7
1754633047522 0.4377937312659586 8
1754633113722 0.42498982348369907 9
1754633166314 0.47196832328016874 10
1754633211475 0.4527624616067794 11
1754633257391 0.45144876586611404 12
1754633309919 0.48758465011286684 13
1754633358411 0.4699515227768938 14
1754633404017 0.46486326462642935 15
1754633487230 0.505550827073234 16
1754633546529 0.4991118676682826 17
1754633595271 0.49822373533656517 18
1754633654538 0.501683750878881 19
1754633699363 0.495466824556859 20
1754633749149 0.5130259408651889 21
1754633799329 0.49885282907153167 22
1754633859919 0.5199829774636421 23
1754633919496 0.5046997002553381 24
1754633988045 0.5240350812271029 25
1754634036476 0.4959108907227177 26
1754634091964 0.48974947267142804 27
1754634140964 0.5304740406320542 28
1754634189249 0.5316582170743441 29
1754634250043 0.5299559634385523 30
1754634313094 0.5365614476557007 31
1754634369950 0.531417681234504 32
1754634422081 0.5276616215816157 33
1754634476576 0.5189468230766384 34
1754634523345 0.5363949228435037 35
1754634588999 0.5315286977759687 36
1754634649043 0.5195944195685157 37
1754634694072 0.5279391629352773 38
1754634751089 0.5119157754505421 39
1754634836900 0.5041076120341931 40
1754634902910 0.5092698812123007 41
1754634962395 0.5108981238204493 42
1754635055745 0.5075676275765089 43
1754635109722 0.5081412130407431 44
1754635166407 0.5072530807090256 45
1754635214997 0.5417052140768974 46
1754635275833 0.5394478777337823 47
1754635331970 0.5374865855012397 48
1754635379635 0.529733930355623 49
1754635430565 0.5308625985271805 50
1754635487355 0.5252562631832143 51
1754635561365 0.5231284461384746 52
1754635609066 0.523517004033601 53
1754635681962 0.5250897383710172 54
1754635752677 0.5238500536579951 55
1754635803394 0.5240720867409244 56
1754635885786 0.5267734892498982 57
1754635936379 0.5282537098027607 58
1754636000373 0.524941716315731 59
1754636056998 0.5253117714539466 60
1754636137450 0.5272545609295785 61
1754636184702 0.5267734892498982 62
1754636258825 0.5327128742182585 63
1754636338703 0.5274950967694186 64
1754636382386 0.5421492802427562 65
1754636458326 0.5395773970321578 66
1754636540602 0.543592495281797 67
1754636608996 0.5403360100654998 68
1754636675915 0.5435554897679754 69
1754636737107 0.5433889649557784 70
1754636796664 0.5418347333752729 71
1754636847273 0.5434074677126892 72
1754636936879 0.5428153794915442 73
1754636994019 0.5431854346297599 74
1754637058821 0.5432409429004922 75
1754637110832 0.5434999814972431 76
1754637163861 0.5422602967842208 77
1754637217275 0.5405025348776967 78
1754637286358 0.5422787995411317 79
1754637335598 0.541742219590719 80
1754637423198 0.5416127002923435 81
1754637474386 0.5414276727232358 82
1754637544309 0.5385412426451541 83
1754637611547 0.5390038115679237 84
1754637662467 0.5400029604411057 85
1754637719972 0.5414461754801465 86
1754637770390 0.5417052140768974 87
1754637825320 0.5401879880102135 88
1754637896543 0.5400954742256596 89
1754637966174 0.5398364356289087 90
1754638052881 0.5389112977833698 91
1754638103010 0.5406690596898938 92
1754638168461 0.5406690596898938 93
1754638247482 0.5373570662028643 94
1754638297805 0.5394478777337823 95
1754638347515 0.5370425193353809 96
1754638397851 0.5376901158272582 97
1754638481342 0.5390408170817452 98
1754638541076 0.5372460496613995 99
1754638612131 0.5357658291085372 100
