1754632548506 2.21593360975886 0
1754632621009 2.2140808348080205 1
1754632677909 2.1694074216162678 2
1754632737786 2.1805894405381276 3
1754632780580 2.250772308232386 4
1754632865220 2.2228257662099087 5
1754632911886 2.346001618423239 6
1754632979273 2.342769476068716 7
1754633047523 2.408156838840379 8
1754633113724 2.5596638755649597 9
1754633166315 2.4808619759551975 10
1754633211476 2.6348376195298884 11
1754633257392 2.6879991129241927 12
1754633309920 2.6263360869502264 13
1754633358412 2.7609494436639603 14
1754633404018 2.796414447598383 15
1754633487232 2.745791123790075 16
1754633546530 2.828694406027866 17
1754633595272 2.8716587049426 18
1754633654539 2.927897092067478 19
1754633699364 2.924182573025434 20
1754633749150 3.0097298277322033 21
1754633799330 3.0079801186368136 22
1754633859920 3.0340334106456055 23
1754633919497 3.0623725687881937 24
1754633988047 3.097035281152027 25
1754634036478 3.1109757951741805 26
1754634091965 3.1468672634108326 27
1754634140965 3.167889014815743 28
1754634189250 3.2603758711411577 29
1754634250044 3.3168703337671417 30
1754634313095 3.203815123148155 31
1754634369951 3.234294836184889 32
1754634422083 3.2859434401481193 33
1754634476577 3.3175564993574436 34
1754634523346 3.34728942236732 35
1754634589000 3.4122870547420288 36
1754634649045 3.5419250268149107 37
1754634694073 3.5920693389319456 38
1754634751091 3.5877834886492606 39
1754634836901 3.651096078555539 40
1754634902911 3.6650769518012916 41
1754634962396 3.6764115288941457 42
1754635055746 3.721547207691973 43
1754635109723 3.7361915735958293 44
1754635166408 3.768554502222252 45
1754635214998 3.511379082544979 46
1754635275834 3.514284916790111 47
1754635331972 3.539702629943186 48
1754635379636 3.714903135869968 49
1754635430566 3.8356698701941823 50
1754635487356 3.8413133016831504 51
1754635561367 3.8833416684220694 52
1754635609068 3.888064329313845 53
1754635681963 3.9160353101355514 54
1754635752678 3.9325854728053 55
1754635803395 3.9644282359781897 56
1754635885787 3.9664940289895316 57
1754635936380 3.9986640529355393 58
1754636000374 4.037486813761986 59
1754636057000 4.030166592863639 60
1754636137451 4.051183735897374 61
1754636184703 4.0843013517226385 62
1754636258826 3.880664592828773 63
1754636338704 3.868799151501909 64
1754636382388 3.985453981040453 65
1754636458328 4.100790046786043 66
1754636540603 3.9007576556260837 67
1754636608997 3.8991639560530085 68
1754636675916 3.915292716270885 69
1754636737108 3.9631827884917605 70
1754636796665 3.973402180870525 71
1754636847274 3.9885923339428313 72
1754636936880 4.008571006233989 73
1754636994020 4.043359037336496 74
1754637058822 4.01948659689081 75
1754637110833 4.009245262469345 76
1754637163862 4.061822492906512 77
1754637217276 4.070138876886835 78
1754637286360 4.079120364225268 79
1754637335599 4.104495048818495 80
1754637423199 4.105007477539146 81
1754637474387 4.0956763294333784 82
1754637544310 4.149661980067206 83
1754637611549 4.156132081032747 84
1754637662469 4.15695336404875 85
1754637719973 4.171564381951686 86
1754637770392 4.167487083602401 87
1754637825321 4.18585996115655 88
1754637896544 4.197977756633252 89
1754637966175 4.243696630222933 90
1754638052882 4.238544400100544 91
1754638103011 4.237808270850337 92
1754638168462 4.235891436137211 93
1754638247484 4.2492164442150875 94
1754638297806 4.258503159398948 95
1754638347516 4.259347601034119 96
1754638397853 4.277836665738614 97
1754638481343 4.275413394234803 98
1754638541078 4.287639311941887 99
1754638612133 4.303057738663766 100
