1753682684268 0.04352882538627679 0
1753682707481 0.04402724705100515 1
1753682726932 0.05765077255358033 2
1753682755653 0.0500913773052002 3
1753682779428 0.05914603754776541 4
1753682812308 0.061056653929224124 5
1753682828247 0.06994517361687988 6
1753682851039 0.06512709752450573 7
1753682886094 0.0609735836517694 8
1753682900867 0.06994517361687988 9
1753682925766 0.08473168300382124 10
1753682939661 0.06853297890014953 11
1753682960928 0.009719222462203024 12
1753682977115 0.00930387107492939 13
1753682993070 0.06388104336268483 14
1753683025134 0.07924904469180927 15
1753683041500 0.010549925236750291 16
1753683059255 0.010051503572021931 17
1753683089501 0.08282106662236252 18
1753683119272 0.06795148695796643 19
1753683133882 0.07019438444924406 20
1753683148859 0.010632995514205018 21
1753683175666 0.08290413689981725 22
1753683198871 0.060724372819405216 23
1753683219694 0.00955308190729357 24
1753683235350 0.0721880711081575 25
1753683263006 0.00930387107492939 26
1753683295387 0.07551088220634657 27
1753683319113 0.08248878551254361 28
1753683336446 0.07733842831035055 29
1753683351436 0.059062967270310684 30
1753683370683 0.08954975909619538 31
1753683397988 0.08738993188237248 32
1753683423549 0.08223957468017944 33
1753683456448 0.10275793321149693 34
1753683474870 0.09295564047183917 35
1753683494338 0.010383784681840837 36
1753683527013 0.09129423492274465 37
1753683555712 0.10225951154676857 38
1753683584468 0.11721216148861938 39
1753683617340 0.11081575012460541 40
1753683637669 0.09436783518856953 41
1753683667775 0.1201196211995348 42
1753683697205 0.10217644126931384 43
1753683712132 0.010549925236750291 44
1753683728552 0.11746137232098355 45
1753683760696 0.11704602093370992 46
1753683780078 0.010549925236750291 47
1753683812564 0.009719222462203024 48
1753683827044 0.08406712078418342 49
1753683843175 0.06903140056487789 50
1753683868311 0.105166971257684 51
1753683882386 0.11704602093370992 52
1753683897601 0.12934042199700946 53
1753683916164 0.009137730520019937 54
1753683930820 0.12859278949991693 55
1753683952679 0.09312178102674863 56
1753683967046 0.11023425818242233 57
1753683999948 0.11156338262169796 58
1753684028372 0.011463698288752284 59
1753684060217 0.11114803123442432 60
1753684074987 0.009137730520019937 61
1753684090095 0.09154344575510882 62
1753684115214 0.11596610732679848 63
1753684129966 0.08581159661073268 64
1753684150508 0.14047183917594286 65
1753684172312 0.1188735670377139 66
1753684202315 0.13914271473666723 67
1753684230793 0.10832364180096361 68
1753684245008 0.12236251869081242 69
1753684273053 0.12709752450573186 70
1753684291094 0.1285097192224622 71
1753684310728 0.01079913606911447 72
1753684341087 0.11613224788170792 73
1753684369803 0.11795979398571191 74
1753684402849 0.13465691975411198 75
1753684417600 0.12178102674862934 76
1753684446715 0.010051503572021931 77
1753684480623 0.14570526665559064 78
1753684495074 0.11746137232098355 79
1753684512964 0.1304203356039209 80
1753684530487 0.13174946004319654 81
1753684559297 0.009470011629838843 82
1753684588429 0.10192723043694966 83
1753684611762 0.13233095198537964 84
1753684628908 0.13557069280611397 85
1753684643163 0.11098189067951487 86
1753684667953 0.1256853297890015 87
1753684697519 0.11380628011297558 88
1753684726379 0.11206180428642631 89
1753684742581 0.13432463864429306 90
1753684772489 0.13831201196211995 91
1753684787064 0.013291244392756273 92
1753684812810 0.010383784681840837 93
1753684829446 0.01030071440438611 94
1753684852207 0.13914271473666723 95
1753684871022 0.10367170626349892 96
1753684900811 0.13955806612394087 97
1753684917147 0.010217644126931383 98
1753684940124 0.01030071440438611 99
1753684959033 0.1530985213490613 100
