1753682684269 7.100557488960111 0
1753682707482 7.025939306128497 1
1753682726934 7.166677424282328 2
1753682755654 7.73208850074024 3
1753682779429 6.831584592142672 4
1753682812309 7.466075292838919 5
1753682828248 6.774789288119308 6
1753682851040 7.0817300699344115 7
1753682886095 7.614802275475822 8
1753682900868 6.32541743609341 9
1753682925767 6.571620155832874 10
1753682939662 6.791454877709839 11
1753682960929 14.33505083406172 12
1753682977116 14.355276943415555 13
1753682993071 7.507649389837115 14
1753683025135 7.1216709484362 15
1753683041501 14.807683313616387 16
1753683059256 12.794066732867492 17
1753683089502 6.7398105817304215 18
1753683119273 7.054301584952108 19
1753683133883 7.774921647286061 20
1753683148860 16.6733561008954 21
1753683175668 6.93353324248018 22
1753683198872 7.521819222983901 23
1753683219695 16.303607379851332 24
1753683235351 7.256662407644026 25
1753683263007 14.910430375024577 26
1753683295388 6.537485266269987 27
1753683319114 6.908522927903261 28
1753683336447 6.997135188125759 29
1753683351437 8.509219873916777 30
1753683370684 6.469515177614396 31
1753683397989 6.801321447121658 32
1753683423550 7.615090013915475 33
1753683456449 6.758819642238402 34
1753683474871 7.3238882803788625 35
1753683494339 16.42268940207253 36
1753683527014 7.479153534387739 37
1753683555713 8.141778063244196 38
1753683584469 6.869105531618336 39
1753683617341 7.14994488696354 40
1753683637670 7.356751784193909 41
1753683667776 7.142734932159172 42
1753683697206 7.069709219400375 43
1753683712133 20.645664580646635 44
1753683728553 6.7207294080159325 45
1753683760697 7.290878894764577 46
1753683780079 18.686100030622327 47
1753683812565 16.657833070578427 48
1753683827045 6.810505780021711 49
1753683843176 7.530250891043779 50
1753683868312 6.796361841526031 51
1753683882387 6.1275480745633475 52
1753683897603 6.597566981478547 53
1753683916165 18.49570493327947 54
1753683930821 6.570111782265681 55
1753683952680 6.984024217408006 56
1753683967047 6.884443653987919 57
1753683999949 7.991458603389074 58
1753684028373 19.201851042023673 59
1753684060218 7.318760883567033 60
1753684074988 14.92651010929704 61
1753684090096 7.127797168026499 62
1753684115215 7.256425502106897 63
1753684129967 7.91590124201735 64
1753684150509 6.43353894128959 65
1753684172313 6.7799953995145845 66
1753684202316 6.451540916211409 67
1753684230795 7.066262643539908 68
1753684245009 7.029493243454777 69
1753684273054 6.828842990144037 70
1753684291095 6.38749281444368 71
1753684310729 16.8045361084202 72
1753684341088 6.92822962200363 73
1753684369805 7.181474338619061 74
1753684402850 6.657996958203507 75
1753684417601 7.174994008424438 76
1753684446716 18.923052592292876 77
1753684480624 6.662182773083026 78
1753684495075 7.414329772885265 79
1753684512965 7.016951271179724 80
1753684530488 6.156336536303983 81
1753684559298 16.794504380952098 82
1753684588430 7.068939330037991 83
1753684611763 6.378485732749171 84
1753684628909 7.14172895289673 85
1753684643164 7.319057218723629 86
1753684667954 6.343573827948948 87
1753684697520 6.8879987394979345 88
1753684726380 7.246496679270681 89
1753684742582 6.72809977510246 90
1753684772490 6.848808012686617 91
1753684787066 17.116423514869673 92
1753684812811 18.18555835942842 93
1753684829447 15.467300425376171 94
1753684852208 6.778957459849169 95
1753684871023 7.400730022023366 96
1753684900812 6.644879716676883 97
1753684917148 17.889512107686972 98
1753684940125 16.010508787556134 99
1753684959034 6.344825535860645 100
