1754185428355 0.23529955963438554 0
1754185490749 0.3135847241238945 1
1754185539795 0.3823224660474411 2
1754185591019 0.40267549864929875 3
1754185648815 0.4021759242127077 4
1754185709592 0.43766421196758315 5
1754185775149 0.40904044702660697 6
1754185842383 0.46521481700773415 7
1754185926851 0.4432890500684602 8
1754185990871 0.48125670724938013 9
1754186046742 0.4680642415719942 10
1754186088520 0.48876882655515674 11
1754186146835 0.48234836990711616 12
1754186199574 0.5011471709284684 13
1754186255526 0.5064574621618622 14
1754186309078 0.5113976982570403 15
1754186379951 0.512600377456241 16
1754186427272 0.5226103689449728 17
1754186483824 0.522684379972616 18
1754186543441 0.5273470747141324 19
1754186600377 0.5288272952669948 20
1754186650899 0.5358583428930911 21
1754186709345 0.5399104466565519 22
1754186763526 0.5405025348776967 23
1754186824801 0.539225844650853 24
1754186875584 0.5412611479110387 25
1754186933846 0.5396144025459794 26
1754186986207 0.5506050401509825 27
1754187044585 0.545609295785072 28
1754187095547 0.550808570477001 29
1754187155841 0.550568034637161 30
1754187205421 0.5538245198534582 31
1754187262022 0.5514931724826999 32
1754187326486 0.5517337083225401 33
1754187382584 0.5500499574436591 34
1754187427858 0.5556562927876254 35
1754187523431 0.5549716907819265 36
1754187581544 0.5632239203641343 37
1754187629623 0.553417459201421 38
1754187689129 0.5591533138437628 39
1754187741827 0.5556192872738038 40
1754187790498 0.5622247714909522 41
1754187847232 0.5619102246234688 42
1754187897530 0.5566739444177182 43
1754187963836 0.5681641564593124 44
1754188023784 0.5553047404063205 45
1754188073720 0.568367686785331 46
1754188138238 0.553250934389224 47
1754188186283 0.5696813825259964 48
1754188244623 0.5572845353957739 49
1754188288443 0.5702549679902306 50
1754188351971 0.5602634792584095 51
1754188400369 0.5674055434259705 52
1754188451010 0.5705695148577138 53
1754188519348 0.5559523368981978 54
1754188589478 0.5708470562113755 55
1754188695752 0.5599489323909262 56
1754188755301 0.5658698146023757 57
1754188804577 0.567109499315398 58
1754188878017 0.5620952521925767 59
1754188934178 0.5718462050845576 60
1754188994869 0.5759353143618399 61
1754189046361 0.562150760463309 62
1754189105026 0.5665914221218962 63
1754189181922 0.5766754246382712 64
1754189238407 0.564001036154387 65
1754189306170 0.571476149946342 66
1754189377519 0.5739740221292973 67
1754189427813 0.5609110757502868 68
1754189478424 0.5717536913000038 69
1754189533861 0.5634274506901529 70
1754189618478 0.5730673870406691 71
1754189678210 0.5684046922991526 72
1754189739995 0.5647596491877289 73
1754189809174 0.5600229434185694 74
1754189872578 0.565925322873108 75
1754189925980 0.571050586537394 76
1754189987405 0.5566369389038966 77
1754190059200 0.5665544166080746 78
1754190150274 0.5703659845316952 79
1754190236754 0.569625874255264 80
1754190290680 0.5707730451837324 81
1754190378014 0.575509750952892 82
1754190442575 0.5667394441771824 83
1754190517487 0.5545276246160677 84
1754190587658 0.5688302557081005 85
1754190640558 0.5738445028309218 86
1754190700226 0.5674795544536136 87
1754190761888 0.557617585020168 88
1754190820196 0.5681086481885801 89
1754190880107 0.5654072456796062 90
1754190959498 0.5674240461828812 91
1754191012318 0.5633534396625097 92
1754191103521 0.5689782777633867 93
1754191155843 0.5674425489397921 94
1754191213543 0.5683861895422418 95
1754191263775 0.5663878917958776 96
1754191358992 0.5710320837804833 97
1754191445614 0.5649816822706584 98
1754191524345 0.5582466787551346 99
1754191607355 0.5620582466787551 100
