1753235807902 0.024505731849144376 0
1753235821363 0.029573018773882704 1
1753235834359 0.051752782854294736 2
1753235848358 0.06637315168632663 3
1753235875655 0.08838677521182921 4
1753235891619 0.10358863598604419 5
1753235911074 0.11879049676025918 6
1753235941353 0.14038876889848811 7
1753235971370 0.14803123442432298 8
1753235992362 0.15442764578833693 9
1753236013562 0.15949493271307527 10
1753236030783 0.17943179930220968 11
1753236061515 0.18192390762585148 12
1753236090541 0.19496594118624355 13
1753236106762 0.20169463366007642 14
1753236124068 0.21025087223791328 15
1753236147869 0.20634656919754113 16
1753236160780 0.21216148861937198 17
1753236191676 0.21922246220302377 18
1753236222351 0.2283601927230437 19
1753236241646 0.23101844160159496 20
1753236260636 0.22860940355540788 21
1753236286306 0.22752948994849642 22
1753236298950 0.23974082073434125 23
1753236318171 0.2393254693470676 24
1753236331965 0.23209835520850639 25
1753236347332 0.2436451237747134 26
1753236372289 0.24447582654926067 27
1753236387419 0.2526167137398239 28
1753236416560 0.2541950490114637 29
1753236429632 0.25494268150855626 30
1753236443415 0.2532812759594617 31
1753236457748 0.2576009303871075 32
1753236475662 0.26241900647948163 33
1753236489590 0.2605083900980229 34
1753236507659 0.26158830370493436 35
1753236521480 0.2704768233925901 36
1753236540063 0.2690646286758598 37
1753236570437 0.26931383950822396 38
1753236583312 0.2713075261671374 39
1753236612782 0.26956305034058814 40
1753236627505 0.27496261837514535 41
1753236656467 0.2740488453231434 42
1753236673922 0.2697291908954976 43
1753236702610 0.27521182920750953 44
1753236725911 0.2750456886526001 45
1753236753298 0.2716398072769563 46
1753236770326 0.2816082405715235 47
1753236787741 0.27496261837514535 48
1753236809543 0.2743811264329623 49
1753236825750 0.2800299052998837 50
1753236839773 0.27737165642133244 51
1753236855908 0.277205515866423 52
1753236887802 0.28044525668715736 53
1753236916919 0.2840172786177106 54
1753236930241 0.28335271639807275 55
1753236956149 0.2760425319820568 56
1753236972776 0.27828542947333446 57
1753236988496 0.2855956138893504 58
1753237006491 0.2864263166638977 59
1753237019810 0.28169131084897825 60
1753237041097 0.2827712244558897 61
1753237068932 0.2847649111148031 62
1753237081652 0.2845987705598937 63
1753237112909 0.29008140887190564 64
1753237139364 0.29074597109154343 65
1753237161733 0.28410034889516533 66
1753237185595 0.2858448247217146 67
1753237211106 0.28210666223625186 68
1753237224007 0.2885861438777205 69
1753237240300 0.29190895497590963 70
1753237260166 0.29207509553081906 71
1753237273834 0.2871739491609902 72
1753237288913 0.28542947333444096 73
1753237309368 0.28634324638644293 74
1753237333652 0.28675859777371654 75
1753237350306 0.2914105333111813 76
1753237375802 0.2885861438777205 77
1753237388839 0.29448413357700615 78
1753237404572 0.2909951819239076 79
1753237417911 0.29365343080245887 80
1753237433049 0.2946502741319156 81
1753237448530 0.29132746303372653 82
1753237473483 0.2952317660740987 83
1753237488044 0.2915766738660907 84
1753237514429 0.2903306197042698 85
1753237527593 0.29224123608572855 86
1753237540652 0.2915766738660907 87
1753237572545 0.2859278949991693 88
1753237600079 0.29265658747300216 89
1753237626017 0.28883535471008476 90
1753237655217 0.29365343080245887 91
1753237673420 0.29074597109154343 92
1753237700434 0.2890014952649942 93
1753237717487 0.29647782023591956 94
1753237735028 0.29307193886027577 95
1753237764424 0.28410034889516533 96
1753237789852 0.29190895497590963 97
1753237812420 0.28983219803954147 98
1753237838803 0.29332114969263995 99
1753237852784 0.2890014952649942 100
