1752728378516 4.580655516953768 0
1752728402815 4.486104991173816 1
1752728427410 4.378434090875488 2
1752728451977 4.259920658491899 3
1752728477019 4.146383767256535 4
1752728502108 4.032515190736218 5
1752728526880 3.94517844423148 6
1752728550582 3.8518188519512533 7
1752728574276 3.7679409559435144 8
1752728598165 3.690874390383791 9
1752728622391 3.623330736088865 10
1752728646496 3.5626264149478524 11
1752728671480 3.5008007925598346 12
1752728697474 3.4373766856413903 13
1752728721218 3.384960210445757 14
1752728746432 3.3453421134646755 15
1752728770210 3.306556979050022 16
1752728796738 3.2679070658187963 17
1752728823090 3.231363831445811 18
1752728848846 3.1946062648403477 19
1752728874322 3.1565259137518855 20
1752728897982 3.12073532579595 21
1752728921877 3.0870186037164395 22
1752728945514 3.0623833990576537 23
1752728969213 3.0379303380317753 24
1752728992916 3.017357082819908 25
1752729009323 3.0005122262491954 26
1752729026114 2.9881541516773713 27
1752729042727 2.9702411551836674 28
1752729059675 2.9587471294872363 29
1752729077299 2.9486037765143007 30
1752729095093 2.929574765784648 31
1752729111912 2.9181141171335 32
1752729129718 2.9043332286048353 33
1752729146868 2.894463945516522 34
1752729163386 2.8841910770319954 35
1752729179847 2.8693591387138238 36
1752729196337 2.8524931878119286 37
1752729212965 2.839805421611923 38
1752729229420 2.827420763036967 39
1752729246608 2.8165612182762056 40
1752729263064 2.804687564118989 41
1752729279922 2.7897752758321164 42
1752729296446 2.7849837481643993 43
1752729312894 2.7713542588000935 44
1752729329352 2.762589972882277 45
1752729345905 2.753682615464194 46
1752729362406 2.7482110426167825 47
1752729379505 2.7361688174699483 48
1752729396784 2.725955472091451 49
1752729413324 2.7151685650398654 50
1752729427097 2.7130600183398794 51
1752729441476 2.708222414955503 52
1752729455480 2.6963326942476904 53
1752729469002 2.6881014902111193 54
1752729482674 2.681857961056627 55
1752729496506 2.6815537285309956 56
1752729510188 2.6691566073695565 57
1752729524083 2.665652449461554 58
1752729537862 2.6593664958403567 59
1752729552095 2.656230961251167 60
1752729566495 2.6446836470894493 61
1752729580948 2.643533468807565 62
1752729595069 2.6424215722400306 63
1752729608998 2.638886111015737 64
1752729622636 2.6264674987199217 65
1752729636987 2.621382844412383 66
1752729651175 2.6215900726868244 67
1752729665060 2.614585786343743 68
1752729678942 2.6056133709914877 69
1752729692502 2.599195658433728 70
1752729706082 2.5937631131111174 71
1752729719881 2.588353346964718 72
1752729733438 2.5847595674924273 73
1752729747665 2.578762925482225 74
1752729762124 2.574885689158903 75
1752729773103 2.5743636065917896 76
1752729784080 2.571619412559294 77
1752729795045 2.56679364574685 78
1752729806037 2.565345521915862 79
1752729817044 2.565757035699011 80
1752729828097 2.562282007425118 81
1752729839082 2.5596865285371275 82
1752729850095 2.5613661200050415 83
1752729861079 2.560923782765075 84
1752729872010 2.5583736042105136 85
1752729882992 2.5578578621416863 86
1752729893968 2.5540121508348586 87
1752729904919 2.549183119207965 88
1752729915967 2.5453865752931226 89
1752729926970 2.5441289909206297 90
1752729937981 2.545045343700718 91
1752729948950 2.5412060106902437 92
1752729959922 2.5410957701143975 93
1752729970945 2.536518175746316 94
1752729981912 2.533504297986314 95
1752729992860 2.536609118355611 96
1752730003792 2.5349307004641304 97
1752730014732 2.531287499304556 98
1752730025584 2.526102289512824 99
1752730036573 2.526419559999771 100
