1753212020357 4.52724149498733 0
1753212046510 4.3661120004541685 1
1753212078553 4.186872271791934 2
1753212092637 4.021990032795348 3
1753212117395 3.8855856272191147 4
1753212134423 3.7650359597913656 5
1753212163860 3.665179147420685 6
1753212186104 3.5728803559630395 7
1753212199296 3.496142363538257 8
1753212216326 3.425811657714162 9
1753212238950 3.3749881847759613 10
1753212256143 3.328866268316704 11
1753212274298 3.289117182538809 12
1753212302734 3.230443680271375 13
1753212326498 3.208735631601106 14
1753212358244 3.1842164275850653 15
1753212385192 3.180361034014286 16
1753212402054 3.1672872945309285 17
1753212415285 3.1463759941256013 18
1753212438358 3.113903821667186 19
1753212463720 3.1205798117314734 20
1753212489796 3.1102570890252856 21
1753212520369 3.1235301679500567 22
1753212547939 3.102596974989204 23
1753212579674 3.0801928437597965 24
1753212604163 3.048165163124695 25
1753212621037 3.0322761837801746 26
1753212636823 3.0504163795155907 27
1753212654310 3.0284607190702983 28
1753212669025 2.992570045397481 29
1753212686858 2.9802472602925216 30
1753212701947 2.9822204034335478 31
1753212720280 2.9733041181515225 32
1753212738084 2.9728174146332127 33
1753212752680 2.9881255980447943 34
1753212769676 2.949023427846503 35
1753212785535 2.9613913529156735 36
1753212803288 2.938184843049825 37
1753212817219 2.9258579883619533 38
1753212835824 2.9433642898526897 39
1753212852001 2.90777416981384 40
1753212870095 2.911260111309892 41
1753212883356 2.928186219396988 42
1753212901342 2.9150363673753925 43
1753212915526 2.9028919112937897 44
1753212933840 2.8947984389819834 45
1753212951531 2.8962476231085748 46
1753212968723 2.897883936675119 47
1753212984402 2.8810970459968015 48
1753212996604 2.8639034160223766 49
1753213015184 2.868075099498497 50
1753213024779 2.8386813441135645 51
1753213034964 2.8429760543199687 52
1753213045871 2.8323410507596907 53
1753213058212 2.8137107049030834 54
1753213071122 2.809195818283218 55
1753213083828 2.8086266727846376 56
1753213096094 2.802513844272127 57
1753213107571 2.8028831786220443 58
1753213119984 2.8023087927627683 59
1753213132434 2.791737648069282 60
1753213144347 2.787557936462598 61
1753213155312 2.7809064908281202 62
1753213167571 2.7817739561895403 63
1753213179650 2.78186278818735 64
1753213192536 2.7601732946008433 65
1753213204388 2.7684271667699143 66
1753213216087 2.7616977611851823 67
1753213226547 2.7645655249587224 68
1753213239827 2.754407323862435 69
1753213251557 2.7522237559122016 70
1753213264675 2.745490796760683 71
1753213278265 2.7197642045180905 72
1753213291086 2.738279809034537 73
1753213302942 2.7268456215615933 74
1753213316211 2.7439021959919647 75
1753213323603 2.6981848264101322 76
1753213330676 2.688105274494479 77
1753213337165 2.67002495852099 78
1753213344074 2.6713949417481655 79
1753213351568 2.6606032306429417 80
1753213359366 2.6548809523264767 81
1753213365793 2.6756017645049766 82
1753213373230 2.657551660187959 83
1753213380064 2.662875314578633 84
1753213387241 2.6589816090262905 85
1753213393799 2.654848872913739 86
1753213401108 2.6311806463841982 87
1753213408880 2.634279204534853 88
1753213416664 2.64979699649897 89
1753213423664 2.619028253182487 90
1753213431089 2.622564668763631 91
1753213438321 2.6192182299656346 92
1753213446330 2.6205134821093448 93
1753213453104 2.610564013397358 94
1753213459581 2.6059967392805796 95
1753213465958 2.6217123911743054 96
1753213473327 2.6080922751541444 97
1753213479832 2.61348476612603 98
1753213486868 2.6075283616417946 99
1753213493894 2.6028171666232716 100
