1753254081618 4.6177738566717315 0
1753254089527 4.5906419660825595 1
1753254096933 4.548084471495325 2
1753254104439 4.502955812273431 3
1753254111660 4.450638206529237 4
1753254119978 4.395529303344271 5
1753254128047 4.338959653971826 6
1753254135985 4.2872133609776535 7
1753254143396 4.2377116299316935 8
1753254151767 4.1828817792578175 9
1753254159774 4.133643094157411 10
1753254167240 4.0876759098276665 11
1753254174590 4.0460664642714015 12
1753254182231 4.001602513492483 13
1753254190567 3.9623380165833693 14
1753254198499 3.919090753946549 15
1753254206447 3.8896968645827017 16
1753254213810 3.8657749617184947 17
1753254221308 3.832031006269868 18
1753254229242 3.802865316908918 19
1753254237029 3.784422593940552 20
1753254244708 3.750394660667894 21
1753254251858 3.7326688525455247 22
1753254259219 3.7045563540071837 23
1753254266910 3.679353816863016 24
1753254274819 3.6521600364085356 25
1753254282726 3.6316485430523846 26
1753254291198 3.621228133093765 27
1753254299031 3.596451441847812 28
1753254306808 3.5748862018851786 29
1753254314846 3.5555307327974437 30
1753254322391 3.5421049581349724 31
1753254329693 3.523780927256207 32
1753254337122 3.507774101981299 33
1753254345098 3.494411847329831 34
1753254352864 3.4730327461586623 35
1753254360658 3.4625905766463068 36
1753254368012 3.4435233864878447 37
1753254375898 3.4316699105483637 38
1753254383165 3.4122438703880134 39
1753254390968 3.392207064539407 40
1753254398025 3.3795566139926727 41
1753254405658 3.3746872561075145 42
1753254413735 3.358010131053035 43
1753254421335 3.344831570550743 44
1753254429327 3.332554537691755 45
1753254437036 3.3274976050167235 46
1753254445100 3.308655076089052 47
1753254452814 3.298942839488005 48
1753254460676 3.277301271455836 49
1753254467715 3.268711910321964 50
1753254475059 3.254921335816233 51
1753254482766 3.2499092126554077 52
1753254490810 3.2354983154241155 53
1753254498365 3.2244890033321854 54
1753254506081 3.2108682404049507 55
1753254513721 3.198418472533769 56
1753254521490 3.1864120523285195 57
1753254528998 3.1741304280077425 58
1753254537207 3.1673421634501295 59
1753254545045 3.151094043916291 60
1753254552897 3.14483645732486 61
1753254561052 3.134266254930949 62
1753254569426 3.1262733073182445 63
1753254576628 3.1114458794752156 64
1753254584134 3.099088340133316 65
1753254592210 3.091753408932896 66
1753254599511 3.0802856247281767 67
1753254607671 3.075681671619215 68
1753254615010 3.0699636765817173 69
1753254622057 3.050764198862439 70
1753254629854 3.0422709626828786 71
1753254636757 3.029608675991602 72
1753254644887 3.02576385059493 73
1753254652931 3.01769382302728 74
1753254660487 3.006436884879264 75
1753254668138 3.0055510122869236 76
1753254675935 2.9930315903126066 77
1753254684050 2.9847656357133023 78
1753254691832 2.9699137983526587 79
1753254699737 2.9704010188704832 80
1753254707302 2.9619668495910614 81
1753254715613 2.953555406442757 82
1753254723223 2.945152788164236 83
1753254730780 2.9387989718405927 84
1753254738118 2.927163003146423 85
1753254746375 2.914921465717779 86
1753254753812 2.913177218242772 87
1753254762135 2.8947251849236633 88
1753254769839 2.8979889387190467 89
1753254777633 2.8825927391529285 90
1753254785843 2.8800017716204134 91
1753254793836 2.87107674947252 92
1753254801943 2.8642724946849034 93
1753254809916 2.851842992743708 94
1753254817255 2.8449647781126335 95
1753254824404 2.845638262844727 96
1753254832558 2.829839323462935 97
1753254839871 2.826145705003205 98
1753254847552 2.8162814801157197 99
1753254855771 2.820151295868375 100
