1752000053370 2.1624258173783746 0
1752000650596 2.217286071369783 1
1752001231391 2.187735076519205 2
1752001782822 2.2386631909990347 3
1752002309340 2.2340948074070086 4
1752002850302 2.2986796888711694 5
1752003420555 2.297947931290226 6
1752003955190 2.298016544674661 7
1752004461732 2.2222269116714823 8
1752005016253 2.2692840173346145 9
1752005579780 2.2662570870374563 10
1752006107924 2.1972008809737003 11
1752006647062 2.186479807749109 12
1752006900373 2.1419407949000244 13
1752007241773 2.012457828597289 14
1752007556017 2.0107822266082898 15
1752007833630 2.0074078351761213 16
1752008110077 2.052702892738497 17
1752008390772 1.9556535884048605 18
1752008681648 1.9310755278678522 19
1752008999828 1.9256896817580735 20
1752009306043 1.8722678815014184 21
1752009610229 1.8786544321115861 22
1752009892251 1.8689552574878248 23
1752010199543 1.8399403242998558 24
1752010458625 1.8857532360316882 25
1752010652409 1.8092548608604282 26
1752010865637 1.7989990058758272 27
1752011069793 1.8096117276863777 28
1752011262003 1.7582510945487313 29
1752011465082 1.7206724009055128 30
1752011667886 1.7618111826869751 31
1752011878758 1.6756948891210033 32
1752012073404 1.6835215401987726 33
1752012265121 1.7447554197512085 34
1752012476643 1.7089189358761203 35
1752012681774 1.6731932517129868 36
1752012897492 1.6262100176413559 37
1752013089325 1.6135815079406703 38
1752013189375 1.6050877721044094 39
1752013298055 1.6085528231810475 40
1752013396844 1.5863265913272147 41
1752013507540 1.619689272449833 42
1752013614277 1.5844370699987838 43
1752013713982 1.5608695987429642 44
1752013818649 1.620505746911559 45
1752013920898 1.6258686728964609 46
1752014023362 1.5789106721179922 47
1752014132921 1.5857021712763426 48
1752014235631 1.594597766782343 49
1752014336320 1.5791732476152383 50
