1753639060039 0.01786010965276624 0
1753639069364 0.015783352716398073 1
1753639080179 0.022262834357866756 2
1753639090078 0.03256354876225286 3
1753639100993 0.03945838179099518 4
1753639112086 0.048014620368832035 5
1753639123069 0.0588137564379465 6
1753639133862 0.0634656919754112 7
1753639145331 0.07326798471506894 8
1753639155918 0.07625851470343911 9
1753639167058 0.08365176939690978 10
1753639178882 0.09229107825220136 11
1753639190749 0.09345406213656754 12
1753639201597 0.09544774879548097 13
1753639211465 0.10682837680677854 14
1753639222430 0.11712909121116465 15
1753639231516 0.11920584814753281 16
1753639242669 0.1151354045522512 17
1753639253552 0.11928891842498754 18
1753639264562 0.11779365343080246 19
1753639275230 0.13590297391593287 20
1753639286177 0.1354045522512045 21
1753639297543 0.13590297391593287 22
1753639308898 0.14205017444758267 23
1753639320219 0.14595447748795481 24
1753639331413 0.14728360192723045 25
1753639342737 0.14736667220468516 26
1753639352956 0.14769895331450408 27
1753639363288 0.15783352716398072 28
1753639374985 0.15725203522179765 29
1753639385619 0.1614886193719887 30
1753639397317 0.1626516032563549 31
1753639408874 0.16813424156836684 32
1753639419677 0.16946336600764247 33
1753639430956 0.1714570526665559 34
1753639442305 0.17311845821565044 35
1753639452855 0.1782688154178435 36
1753639464328 0.18400066456221964 37
1753639473654 0.18690812427313508 38
1753639485678 0.18616049177604252 39
1753639496578 0.19654427645788336 40
1753639507040 0.1953812925735172 41
1753639518056 0.1957135736833361 42
1753639528226 0.1941352384116963 43
1753639539881 0.19779033061970427 44
1753639550613 0.20235919587971424 45
1753639561858 0.2009470011629839 46
1753639572924 0.20368832031898987 47
1753639583819 0.20551586642299385 48
1753639594765 0.20576507725535803 49
1753639605187 0.20709420169463366 50
1753639615723 0.2078418341917262 51
1753639626882 0.21265991028410036 52
1753639637185 0.21133078584482473 53
1753639647806 0.21307526167137397 54
1753639658527 0.21922246220302377 55
1753639670326 0.21731184582156504 56
1753639681488 0.2183917594284765 57
1753639692474 0.22221299219139393 58
1753639702699 0.22212992191393918 59
1753639713406 0.22129921913939193 60
1753639725336 0.2215484299717561 61
1753639736710 0.23035387938195714 62
1753639747661 0.2283601927230437 63
1753639757907 0.23342747964778202 64
1753639767070 0.23467353380960293 65
1753639778219 0.236168798803788 66
1753639788870 0.23591958797142382 67
1753639800261 0.2368333610234258 68
1753639809573 0.23567037713905964 69
1753639820586 0.24032231267652435 70
1753639831490 0.24065459378634324 71
1753639842797 0.24148529656089052 72
1753639854054 0.24123608572852634 73
1753639865003 0.24223292905798305 74
1753639875253 0.24281442100016615 75
1753639886960 0.2452234590463532 76
1753639898126 0.2445588968267154 77
1753639909358 0.2458049509885363 78
1753639919606 0.24946004319654427 79
1753639929878 0.25037381624854627 80
1753639941048 0.2521182920750955 81
1753639950939 0.2536966273467353 82
1753639960657 0.2541950490114637 83
1753639971034 0.2545273301212826 84
1753639982237 0.25178601096527664 85
1753639993101 0.2573517195547433 86
1753640004548 0.2561056653929224 87
1753640016291 0.2579332114969264 88
1753640028052 0.25834856288420005 89
1753640039607 0.25834856288420005 90
1753640050236 0.26017610898820404 91
1753640060564 0.2590961953812926 92
1753640072615 0.26075760093038713 93
1753640081858 0.26241900647948163 94
1753640092497 0.26474497424821397 95
1753640103901 0.26216979564711745 96
1753640113440 0.26532646619039707 97
1753640122819 0.2644126931383951 98
1753640134074 0.26815085562385776 99
1753640143584 0.26673866090712745 100
