1753639060040 4.612770930571795 0
1753639069365 4.555909894205682 1
1753639080180 4.514448587803143 2
1753639090079 4.471279040543348 3
1753639100994 4.446641708946946 4
1753639112088 4.41003324402304 5
1753639123070 4.372063663944237 6
1753639133863 4.323504535367135 7
1753639145332 4.29720159536327 8
1753639155919 4.265455530387733 9
1753639167059 4.233423730947403 10
1753639178883 4.215636729071594 11
1753639190750 4.189728986595834 12
1753639201598 4.154740198283646 13
1753639211466 4.1247447759044 14
1753639222431 4.116281642901845 15
1753639231517 4.110598641974478 16
1753639242670 4.098017295226564 17
1753639253553 4.067575603580096 18
1753639264563 4.056719568963579 19
1753639275231 4.063051248474784 20
1753639286178 4.033653840531762 21
1753639297545 4.039154827108341 22
1753639308899 4.019814462735579 23
1753639320220 4.014266404079877 24
1753639331414 3.9926052102735285 25
1753639342739 3.9866651106040383 26
1753639352958 3.9917417404965443 27
1753639363289 3.9735964971697215 28
1753639374986 3.9568150604986 29
1753639385620 3.939453191850993 30
1753639397318 3.9364371851264344 31
1753639408876 3.9385988554412736 32
1753639419678 3.939346487551061 33
1753639430957 3.9403116342836304 34
1753639442306 3.918246518445579 35
1753639452856 3.911077622515209 36
1753639464329 3.8891793468128713 37
1753639473655 3.8921241310256924 38
1753639485679 3.9042735852489763 39
1753639496579 3.880664178419123 40
1753639507041 3.8779663263466797 41
1753639518058 3.8824013217045787 42
1753639528227 3.873256576674881 43
1753639539882 3.8738356369962053 44
1753639550614 3.8523997447934204 45
1753639561859 3.872172602763558 46
1753639572925 3.859631618861749 47
1753639583820 3.847145909369054 48
1753639594767 3.8344490022733138 49
1753639605188 3.840132374086498 50
1753639615724 3.828041296046158 51
1753639626883 3.823888088038437 52
1753639637186 3.8314369490241926 53
1753639647807 3.832712856289931 54
1753639658528 3.825551199461531 55
1753639670327 3.8186122380332685 56
1753639681490 3.8045085199733837 57
1753639692475 3.798112718523684 58
1753639702700 3.7971548533983426 59
1753639713407 3.784098314675209 60
1753639725337 3.789859907488415 61
1753639736711 3.787169588762089 62
1753639747662 3.7972051764437533 63
1753639757908 3.792338992853897 64
1753639767071 3.771693212837823 65
1753639778220 3.7816055145166887 66
1753639788871 3.7665148546666276 67
1753639800262 3.7750805217642545 68
1753639809574 3.800515904077852 69
1753639820587 3.7715082785454124 70
1753639831491 3.7667618826558633 71
1753639842798 3.7473363151084333 72
1753639854055 3.772146634263308 73
1753639865004 3.751324740057836 74
1753639875254 3.7715498770373364 75
1753639886961 3.756761138410243 76
1753639898127 3.76037157275333 77
1753639909360 3.746509661632593 78
1753639919607 3.7451619199689747 79
1753639929879 3.744044321342651 80
1753639941049 3.7401760724279813 81
1753639950940 3.756311224404427 82
1753639960658 3.7617863219860435 83
1753639971035 3.7536147980790777 84
1753639982239 3.754831334329295 85
1753639993102 3.741070422923672 86
1753640004549 3.7377836875060932 87
1753640016292 3.7233241482817694 88
1753640028053 3.748167333106013 89
1753640039608 3.720459808899683 90
1753640050237 3.7267710281032027 91
1753640060565 3.7141615101098266 92
1753640072616 3.7255375384910256 93
1753640081859 3.7176262739937433 94
1753640092498 3.713873606305363 95
1753640103903 3.7243069574957137 96
1753640113441 3.7041962812150913 97
1753640122820 3.7160316854746527 98
1753640134075 3.731623905944535 99
1753640143585 3.7141876430672616 100
