1752541740097 4.595103932854899 0
1752541765850 4.5177742601798485 1
1752541791246 4.4288681324198995 2
1752541816271 4.340030466288466 3
1752541841372 4.2515712035753115 4
1752541866150 4.167604284867713 5
1752541891513 4.079954436965655 6
1752541918277 4.001791383937561 7
1752541944641 3.9348485510040567 8
1752541970773 3.8735436627704956 9
1752541996656 3.81869096149628 10
1752542021657 3.7641088846412605 11
1752542046482 3.706903469909449 12
1752542071479 3.661557261423942 13
1752542096772 3.615201916864581 14
1752542121868 3.579539285863517 15
1752542147042 3.527397618734701 16
1752542171920 3.495274826148953 17
1752542198186 3.465813791585944 18
1752542223761 3.4359809248093462 19
1752542250725 3.4068772860188767 20
1752542277375 3.3780686752371825 21
1752542303685 3.349284073701643 22
1752542328934 3.315270912868471 23
1752542353846 3.2861235036295913 24
1752542378846 3.259331129953259 25
1752542404142 3.2360960568294703 26
1752542429485 3.217192597325871 27
1752542454609 3.190743067039814 28
1752542480054 3.1690772568711947 29
1752542505042 3.148196525724062 30
1752542531007 3.130349803994045 31
1752542556869 3.1057648114366705 32
1752542582101 3.088751240540335 33
1752542606911 3.0751387800209034 34
1752542633159 3.051297180401731 35
1752542658666 3.0399341964862456 36
1752542683805 3.02744279647869 37
1752542709239 3.0163021383658584 38
1752542734538 2.9993832181622238 39
1752542759366 2.9828610730882636 40
1752542784733 2.9614904776045865 41
1752542810152 2.9475266544163254 42
1752542836545 2.9385425838198356 43
1752542862570 2.9338812510180907 44
1752542888107 2.921563288397248 45
1752542914202 2.908829765272563 46
1752542939964 2.8932052449252925 47
1752542965500 2.876735074919319 48
1752542990626 2.8701457785232716 49
1752543015698 2.853695147653915 50
1752543041032 2.843423971617991 51
1752543066034 2.839968917453807 52
1752543092348 2.838595495319276 53
1752543118794 2.829577185656641 54
1752543144038 2.810792870872989 55
1752543169366 2.802134087346164 56
1752543194678 2.788511870682667 57
1752543220665 2.7816244502866483 58
1752543245795 2.7803135244768917 59
1752543270980 2.774188541061312 60
1752543295941 2.7629937856999796 61
1752543321728 2.7553644117073186 62
1752543347080 2.743241261199073 63
1752543372271 2.7415384132743434 64
1752543398016 2.734757768886595 65
1752543424598 2.7235704474889593 66
1752543451005 2.722659761036614 67
1752543476360 2.7142090369935077 68
1752543501407 2.7071244283561615 69
1752543526181 2.700565172518823 70
1752543551692 2.6951266003278476 71
1752543576988 2.693006732132253 72
1752543602078 2.681477822127698 73
1752543627257 2.6834467699360816 74
1752543652519 2.681663518399943 75
1752543677254 2.664833510684997 76
1752543702444 2.662597387827986 77
1752543727385 2.651994902598159 78
1752543752819 2.653033221750911 79
1752543778398 2.6501747795432893 80
1752543803481 2.6396819703478895 81
1752543828056 2.633344994189366 82
1752543854293 2.6305957674188285 83
1752543879624 2.622418508316987 84
1752543904832 2.623279004867999 85
1752543931098 2.6187796713379754 86
1752543956078 2.6146200005953344 87
1752543981253 2.6055227451400382 88
1752544006061 2.597103506829456 89
1752544031031 2.5971145454852302 90
1752544055785 2.5921687101391435 91
1752544081090 2.5871693126414206 92
1752544106047 2.5873706224207536 93
1752544131860 2.585348797845016 94
1752544157058 2.576533567183936 95
1752544182036 2.573740482311468 96
1752544207297 2.575466256203756 97
1752544232463 2.567226653773289 98
1752544257569 2.567027999605875 99
1752544282550 2.5530829830908264 100
