1749154281718 2.2939824869304037 0
1749154350132 2.3024671205008014 1
1749154417293 2.295029914064931 2
1749154482803 2.216584100468154 3
1749154546462 2.240803024037676 4
1749154611065 2.279485557409656 5
1749154677922 2.2520309998305303 6
1749154742078 2.2303486642115775 7
1749154804489 2.1923109529842706 8
1749154870352 2.1969504425002495 9
1749154936970 2.169322197746829 10
1749155000672 2.159763702516085 11
1749155065282 2.1742138322860227 12
1749155124108 2.190669060617714 13
1749155194800 2.1372409120612086 14
1749155261686 2.217498365168914 15
1749155323640 2.2215023794327307 16
1749155385566 2.2141836290320556 17
1749155447681 2.166245130527424 18
1749155511202 2.1558070558693165 19
1749155578514 2.1643612508148524 20
1749155644137 2.096265516045044 21
1749155709692 2.10665886817186 22
1749155772649 2.1223675325491453 23
1749155838354 2.1271978020695688 24
1749155897686 2.145940138186016 25
1749155959828 2.0322539812070324 26
1749156026533 2.0139367660592864 27
1749156092199 2.0397749302044397 28
1749156154824 2.0243696587765325 29
1749156219398 1.9897774791881815 30
1749156283707 1.9973362139639437 31
1749156350486 1.9742662443867869 32
1749156413260 1.9942930892423092 33
1749156475696 1.981229688035856 34
1749156542430 2.032176944305629 35
1749156607759 1.9847511159034237 36
1749156674980 1.9819452138132332 37
1749156736800 1.989886241701688 38
1749156797742 1.9638411733285328 39
1749156865271 1.9287220899816522 40
1749156926309 1.9030136648226899 41
1749156994897 1.9534705188971517 42
1749157061104 1.9073459888015827 43
1749157122312 1.8803288749117988 44
1749157186976 1.9015694238775473 45
1749157249795 1.8357651534728272 46
1749157313224 1.8710659606619326 47
1749157381393 1.841138609723076 48
1749157444609 1.8707028768683889 49
1749157507008 1.897056501931776 50
