1753831622561 0.03347732181425486 0
1753831649103 0.05590629672703107 1
1753831718149 0.078418341917262 2
1753831747434 0.09453397574347898 3
1753831813616 0.1213656753613557 4
1753831841794 0.1427978069446752 5
1753831872297 0.16796810101345738 6
1753831933913 0.17885030736002658 7
1753831961643 0.18890181093204853 8
1753831992608 0.196959627845157 9
1753832020528 0.19936866589134408 10
1753832053681 0.2100016614055491 11
1753832089355 0.22312676524339592 12
1753832141524 0.23533809602924075 13
1753832169819 0.23807941518524672 14
1753832198920 0.24970925402890845 15
1753832225665 0.25801628177438113 16
1753832255803 0.2600930387107493 17
1753832319108 0.2630835686991195 18
1753832352573 0.2724705100515036 19
1753832417195 0.2730520019936867 20
1753832445620 0.2732181425485961 21
1753832474454 0.2734673533809603 22
1753832534304 0.2880046519355375 23
1753832561936 0.28518026250207673 24
1753832624916 0.2859278949991693 25
1753832653143 0.2902475494268151 26
1753832686315 0.29290579830536634 27
1753832752741 0.30038212327629177 28
1753832790503 0.29664396079082905 29
1753832827599 0.2971423824555574 30
1753832858139 0.29548097690646286 31
1753832898370 0.2961455391261007 32
1753832967284 0.30561555075593955 33
1753833034713 0.303040372154843 34
1753833090300 0.30819072935703606 35
1753833119219 0.31059976740322315 36
1753833184828 0.3099352051835853 37
1753833247885 0.3110981890679515 38
1753833292910 0.32156504402724706 39
1753833359833 0.3223126765243396 40
1753833395340 0.32065127097524504 41
1753833459440 0.32314337929888687 42
1753833486796 0.31882372487124105 43
1753833549521 0.3143379298886858 44
1753833609889 0.3169131084897824 45
1753833638073 0.32040206014288086 46
1753833665616 0.3258846984548928 47
1753833717207 0.3264661903970759 48
1753833781390 0.32497092540289085 49
1753833831069 0.3268815417843496 50
1753833859064 0.3263000498421665 51
1753833917119 0.31965442764578833 52
1753833974249 0.329789001495265 53
1753834001645 0.3282106662236252 54
1753834030847 0.3272968931716232 55
1753834094460 0.33311181259345407 56
1753834144778 0.3314504070443595 57
1753834172429 0.333444093703273 58
1753834212974 0.3322811098189068 59
1753834243102 0.33219803954145205 60
1753834284444 0.32654926067453066 61
1753834327907 0.327047682339259 62
1753834391692 0.3291244392756272 63
1753834420848 0.33959129423492274 64
1753834481498 0.31940521681342415 65
1753834523384 0.33311181259345407 66
1753834590896 0.326133909287257 67
1753834618611 0.33518856952982223 68
1753834646416 0.33552085063964115 69
1753834710762 0.3285429473334441 70
1753834745686 0.3360192723043695 71
1753834802151 0.32904136899817243 72
1753834868452 0.33718225618873565 73
1753834939717 0.3335271639807277 74
1753834980977 0.3408373483967436 75
1753835008324 0.3370161156338262 76
1753835067311 0.33618541285927894 77
1753835098626 0.3277122445588968 78
1753835126083 0.3415849808938362 79
1753835154215 0.3390928725701944 80
1753835208611 0.33867752118292077 81
1753835236399 0.3450739325469347 82
1753835264117 0.3388436617378302 83
1753835294928 0.3420003322811098 84
1753835337352 0.34133577006147203 85
1753835373210 0.34889516530985215 86
1753835427355 0.33460707758763913 87
1753835461536 0.339508223957468 88
1753835530201 0.3506396411364014 89
1753835591298 0.33876059146037546 90
1753835650286 0.34216647283601925 91
1753835679195 0.33934208340255856 92
1753835744099 0.3402558564545606 93
1753835805579 0.3469845489283934 94
1753835866283 0.3475660408705765 95
1753835893791 0.346818408373484 96
1753835921678 0.33834524007310185 97
1753835981791 0.33959129423492274 98
1753836038240 0.3494766572520352 99
1753836076879 0.34739990031566703 100
