1752198845150 0.16445250342301002 0
1752198874433 0.10935129334270806 1
1752198903905 0.13510713096251342 2
1752198931844 0.22367982829441588 3
1752198959388 0.19762794656403804 4
1752198987029 0.26619916367538765 5
1752199015208 0.2612034193094771 6
1752199043137 0.29463790104725607 7
1752199070030 0.23874107241979056 8
1752199098470 0.2427006623986974 9
1752199127132 0.3197091366613625 10
1752199154566 0.34942456426007473 11
1752199182317 0.3304777411834363 12
1752199208101 0.3363431151241535 13
1752199238546 0.315472005328794 14
1752199267119 0.29807941383266107 15
1752199294770 0.31717425896458573 16
1752199321589 0.3464456203974392 17
1752199349032 0.33391925396884137 18
1752199376957 0.3344928394330755 19
1752199406531 0.3248714058394701 20
1752199435182 0.3551234133885949 21
1752199464186 0.32052325796543685 22
1752199491523 0.3071272619620323 23
1752199519924 0.3565111201569034 24
1752199545847 0.34102431262258076 25
1752199572855 0.4000111016541465 26
1752199602055 0.39344262295081966 27
1752199630044 0.37788180438885394 28
1752199657884 0.363597676053732 29
1752199685813 0.3536801983495541 30
1752199714107 0.3598971246715761 31
1752199742969 0.39129630314916924 32
1752199770527 0.3835806535173741 33
1752199797774 0.38315509010842613 34
1752199826282 0.37321910964733745 35
1752199854214 0.364189764274877 36
1752199883281 0.3670576915960478 37
1752199910353 0.40149132220700884 38
1752199937426 0.410132109684343 39
1752199966517 0.41362913074048036 40
1752199992934 0.39949302446064466 41
1752200022335 0.41042815379491543 42
1752200051444 0.3603041853236132 43
1752200078825 0.4265255523072938 44
1752200106655 0.38572697331902456 45
1752200133987 0.40421122747289345 46
1752200161356 0.439607001443215 47
1752200190650 0.3988639307256781 48
1752200217917 0.41029863449653997 49
1752200245229 0.36465233319764645 50
1752200272705 0.42846834178292564 51
1752200301696 0.4312807608333642 52
1752200329635 0.4139251748510528 53
1752200358316 0.3662435702919735 54
1752200386751 0.44232690670909963 55
1752200413970 0.4281722976723532 56
1752200443044 0.43729415682936756 57
1752200470015 0.4070606520371535 58
1752200498387 0.37212744698960143 59
1752200526184 0.35301409910076603 60
1752200554792 0.4148133071827702 61
1752200582565 0.4484883247603893 62
1752200610526 0.43146578840247196 63
1752200638353 0.42349110017392594 64
1752200666192 0.4215853162121156 65
1752200696504 0.4193094771120897 66
1752200724021 0.41314805906080004 67
1752200751304 0.4524664174962069 68
1752200778301 0.4463975132294712 69
1752200805884 0.4510417052140769 70
1752200833889 0.4368500906635089 71
1752200861156 0.4150908485364319 72
1752200888554 0.42685860193168784 73
1752200916856 0.41061318136402325 74
1752200945935 0.46528882803537724 75
1752200973568 0.4297080264959479 76
1752201001471 0.4191059467860711 77
1752201029578 0.41188987159086704 78
1752201056132 0.44772971172704734 79
1752201084051 0.4519483403027051 80
1752201110342 0.47622395736964807 81
1752201138530 0.4564815157458461 82
1752201168031 0.45448321799948194 83
1752201195794 0.4738926099988898 84
1752201222115 0.4433260555822818 85
1752201250781 0.48536431928357326 86
1752201278142 0.4399030455537875 87
1752201306875 0.42965251822521555 88
1752201334723 0.4574251563482959 89
1752201362774 0.4335010916626577 90
1752201391057 0.48090515486807534 91
1752201418532 0.45054213077748584 92
1752201447187 0.4852347999851978 93
1752201474263 0.47254190874440294 94
1752201501404 0.4572401287791881 95
1752201526999 0.4698960145061614 96
1752201554493 0.4446582540798579 97
1752201583684 0.4815897568737742 98
1752201611645 0.4751507974688228 99
1752201639991 0.42417570217962475 100
1752201667921 0.4684713022240314 101
1752201694437 0.45929393479628466 102
1752201722580 0.48517929171446544 103
1752201751651 0.4956888576397883 104
1752201782134 0.45455722902712503 105
1752201810028 0.4650112866817156 106
1752201838183 0.445157828516449 107
1752201865393 0.4739481182696222 108
1752201893367 0.47169078192650704 109
1752201921477 0.4734670465899419 110
1752201949349 0.4849942641453577 111
1752201977923 0.45996003404507274 112
1752202005958 0.4856788661510565 113
1752202034405 0.44682307663841914 114
1752202061521 0.4620693483329016 115
1752202088871 0.45509380897753765 116
1752202119089 0.46889686563297933 117
1752202147342 0.4883062576323872 118
1752202176099 0.46021907264182366 119
1752202204639 0.4565185212596677 120
1752202232366 0.48062761351441363 121
1752202259808 0.4978536801983496 122
1752202285859 0.46001554231580505 123
1752202314250 0.4579617362987085 124
1752202340990 0.47006253931835845 125
1752202367253 0.46821226362728047 126
1752202394550 0.45392813529215853 127
1752202422082 0.4468415793953299 128
1752202450629 0.4920253117714539 129
1752202478109 0.5002405358398402 130
1752202506818 0.49709506716500756 131
1752202533878 0.48101617140954 132
1752202561645 0.47735262554120567 133
1752202589938 0.48504977241609 134
1752202618598 0.4784812937127632 135
1752202647175 0.4809976686526292 136
1752202676928 0.4764644932094882 137
1752202704820 0.4813122155201125 138
1752202734517 0.4895644451023202 139
1752202764492 0.46985900899233984 140
1752202792683 0.48695555637790033 141
1752202821031 0.5068460200569885 142
1752202848882 0.480683121785146 143
1752202877652 0.48381008770306777 144
1752202906470 0.4565000185027569 145
1752202936524 0.4659919327979869 146
1752202963453 0.4960959182918255 147
1752202992103 0.4834770380786737 148
1752203022169 0.5074381082781334 149
1752203049018 0.46952595936794583 150
1752203076897 0.5237575398734411 151
1752203105927 0.47407763756799765 152
1752203133676 0.49330200199829777 153
1752203162801 0.45603744957998743 154
1752203191310 0.49433815638530143 155
1752203218606 0.4956148466121452 156
1752203245493 0.4552233282759131 157
1752203273119 0.47990600599489325 158
1752203302976 0.4919513007438108 159
1752203332446 0.5069015283277208 160
1752203359230 0.5074936165488658 161
1752203387439 0.4890648706657292 162
1752203415918 0.48564186063723497 163
1752203445794 0.41892091921696334 164
1752203473066 0.4690448876882656 165
1752203502074 0.5140065869814603 166
1752203530637 0.4415497909188469 167
1752203559153 0.5138400621692633 168
1752203587345 0.5023313473707582 169
1752203615594 0.49468970876660623 170
1752203644346 0.492524886208045 171
1752203672694 0.5292528586759427 172
1752203700451 0.5247196832328017 173
1752203729033 0.511175665174111 174
1752203757882 0.4978536801983496 175
1752203786850 0.4888983458535322 176
1752203813986 0.5029049328349924 177
1752203843502 0.4967065092698812 178
1752203871607 0.48109018243718316 179
1752203900387 0.5103060355993043 180
1752203927963 0.5004440661658587 181
1752203955970 0.48821374384783334 182
1752203983486 0.5182622210709396 183
1752204011307 0.5128409132960812 184
1752204038015 0.5080116937423677 185
1752204067668 0.4389038966806054 186
1752204096786 0.47905487917699735 187
1752204124523 0.4962439403471117 188
1752204151776 0.5100284942456426 189
1752204180210 0.4781112385745476 190
1752204209350 0.4990193538837287 191
1752204235679 0.518225215557118 192
1752204263688 0.5092883839692114 193
1752204291682 0.5172630721977575 194
1752204319374 0.5210561373644673 195
1752204347125 0.5097324501350702 196
1752204375374 0.47907338193390814 197
1752204403674 0.5257558376198054 198
1752204431604 0.5340450727158347 199
1752204460513 0.5123598416164008 200
