1752198845151 2.259388357778419 0
1752198874434 2.1960219861343617 1
1752198903906 2.1857064251783336 2
1752198931845 2.099482858946006 3
1752198959389 2.0865134187839596 4
1752198987030 2.0946977183103153 5
1752199015209 2.0803848596234524 6
1752199043138 2.0621013693657724 7
1752199070031 2.1066882490958254 8
1752199098471 2.078506925046198 9
1752199127133 2.0481475095539587 10
1752199154567 2.0495786878436046 11
1752199182318 2.0147383972172017 12
1752199208102 2.0133991122735324 13
1752199238547 2.03401579246707 14
1752199267120 2.0884139814496754 15
1752199294771 2.024699567261884 16
1752199321590 2.0419586142386357 17
1752199349033 2.0241406634218326 18
1752199376958 2.035569015589066 19
1752199406532 2.054551089543167 20
1752199435183 2.0286632891854834 21
1752199464187 2.070025690532932 22
1752199491524 2.1209439216182933 23
1752199519925 2.0329306721839435 24
1752199545848 2.05585535349099 25
1752199572856 2.0370049376932133 26
1752199602055 1.98781006714207 27
1752199630045 1.983074580830414 28
1752199657885 1.998209233638925 29
1752199685814 2.020021449067682 30
1752199714108 1.9870917859152017 31
1752199742970 1.9734542845952296 32
1752199770528 2.003784644387171 33
1752199797776 2.0119064347869053 34
1752199826283 2.0232558227886397 35
1752199854215 2.0070906705882265 36
1752199883282 1.995356370528515 37
1752199910354 1.9707454998250307 38
1752199937427 2.010939973047076 39
1752199966518 1.9970748786289927 40
1752199992935 1.9777850602884357 41
1752200022336 1.9993766497807306 42
1752200051445 2.0199484562906753 43
1752200078826 1.9813908602952304 44
1752200106656 1.9591391985176954 45
1752200133988 1.9431527070208474 46
1752200161357 1.9613846633394025 47
1752200190651 1.9332572716873353 48
1752200217918 1.9465035185432895 49
1752200245230 1.99360984705745 50
1752200272706 1.9519786448521512 51
1752200301697 1.931809297211347 52
1752200329636 1.9461463713098592 53
1752200358317 2.0004940997095435 54
1752200386752 1.9597287768084324 55
1752200413971 1.9394617104480827 56
1752200443045 1.9421173291916383 57
1752200470017 1.9926319402795918 58
1752200498388 1.9840492993136176 59
1752200526185 2.034648402815938 60
1752200554793 1.9465950967073384 61
1752200582566 1.9311474127607064 62
1752200610527 1.9479246655677256 63
1752200638354 1.9785989166899163 64
1752200666193 1.917743029278324 65
1752200696505 1.9473837089597485 66
1752200724022 1.939573668136043 67
1752200751305 1.9551685216072723 68
1752200778302 1.9475512147021679 69
1752200805885 1.922664703354001 70
1752200833890 1.913130221645642 71
1752200861157 1.9362179593436208 72
1752200888555 1.9506312893141529 73
1752200916857 1.9439131390339848 74
1752200945936 1.9650520291354872 75
1752200973569 1.9904630312988318 76
1752201001472 1.94093721378879 77
1752201029579 1.9337502978287502 78
1752201056133 1.941538177583783 79
1752201084052 1.8876709954042257 80
1752201110343 1.9002274977471356 81
1752201138531 2.0371709516213437 82
1752201168032 1.9147918821570435 83
1752201195795 1.9098201516161253 84
1752201222116 1.9067681763383564 85
1752201250782 1.9892860330797881 86
1752201278143 1.9540196840328647 87
1752201306876 1.9147618786727827 88
1752201334724 1.9517363289967584 89
1752201362775 1.8980519983674262 90
1752201391058 1.908797277118882 91
1752201418533 1.9009643560748637 92
1752201447188 1.990404360392858 93
1752201474264 1.932413483736637 94
1752201501405 1.959042187504777 95
1752201527000 1.9752600285309794 96
1752201554494 1.941995293525669 97
1752201583685 1.9437302237166634 98
1752201611646 1.933671277670328 99
1752201639992 1.9353292179624308 100
1752201667922 1.933974595794456 101
1752201694438 1.942914388039113 102
1752201722581 1.9606815740347883 103
1752201751652 1.9541809859615895 104
1752201782135 1.9197074179790186 105
1752201810029 1.9192834837922839 106
1752201838184 1.8892380196178857 107
1752201865394 1.9325685803436423 108
1752201893368 1.905639826149975 109
1752201921478 1.9049093543233067 110
1752201949350 1.8743951292575847 111
1752201977924 1.9180906293590043 112
1752202005959 1.8733492847842317 113
1752202034406 1.9021001456798985 114
1752202061522 1.895361763278457 115
1752202088872 1.9391100460855397 116
1752202119090 1.896407085458539 117
1752202147343 1.924623472828607 118
1752202176101 1.960703949697883 119
1752202204640 1.902939479112 120
1752202232367 1.8915705954078914 121
1752202259810 1.979319799296801 122
1752202285860 1.8957287712887563 123
1752202314251 1.904886234809747 124
1752202340991 1.9195760835362645 125
1752202367254 1.913599154817338 126
1752202394551 1.9475864024512104 127
1752202422083 1.930829033474417 128
1752202450630 1.8924209998900594 129
1752202478110 1.9285386469913333 130
1752202506819 1.9001939115482915 131
1752202533879 1.9355009806421808 132
1752202561646 1.8736093294131806 133
1752202589939 1.8912590037529875 134
1752202618599 1.8885714644836271 135
1752202647176 1.880346010099732 136
1752202676929 1.8726303131121182 137
1752202704821 1.93231399806027 138
1752202734518 1.9177956960393179 139
1752202764493 1.8773322322657255 140
1752202792684 1.935068846213547 141
1752202821032 2.0309045850044116 142
1752202848883 1.9311416076846197 143
1752202877653 1.9082932051109232 144
1752202906471 1.9057538039406006 145
1752202936525 1.880071442029583 146
1752202963454 1.8799044587788774 147
1752202992104 1.909538606220202 148
1752203022170 1.8714979346166558 149
1752203049019 1.9181461582654955 150
1752203076898 1.9325507285554726 151
1752203105928 1.8749121520323413 152
1752203133677 1.8988936259519096 153
1752203162802 1.913549658960491 154
1752203191311 1.93409198287652 155
1752203218607 1.9488772840316593 156
1752203245494 1.9510460967619532 157
1752203273120 1.9293043138150339 158
1752203302977 1.8809632451423586 159
1752203332447 1.9098418853182366 160
1752203359231 1.9466226504658675 161
1752203387440 1.8671693348272937 162
1752203415919 1.8909794028047553 163
1752203445795 1.9473039428295322 164
1752203473067 1.8773196232666118 165
1752203502075 1.8882079624504917 166
1752203530638 1.89412109766984 167
1752203559154 1.8803367139486795 168
1752203587346 1.9058254053753538 169
1752203615595 1.8594559262804458 170
1752203644347 1.8609838407464379 171
1752203672695 1.873834393994918 172
1752203700452 1.8895504280028004 173
1752203729034 1.8804530684582668 174
1752203757883 1.8679000240269241 175
1752203786851 1.9111544972884673 176
1752203813988 1.9344162648110443 177
1752203843503 1.9197596004484707 178
1752203871608 1.9131417850940047 179
1752203900388 1.9077511103770626 180
1752203927964 1.9514506870848658 181
1752203955971 1.8984207796197103 182
1752203983487 1.9585790299250794 183
1752204011308 1.9154192593793438 184
1752204038016 1.8966789408667082 185
1752204067668 1.9254659101566476 186
1752204096787 1.8709825687682589 187
1752204124524 1.8831361813190604 188
1752204151777 1.9113819890212063 189
1752204180211 1.8932110763189798 190
1752204209351 1.9344699045889622 191
1752204235680 1.9302384496138967 192
1752204263689 1.950261679078901 193
1752204291683 1.9318898035930976 194
1752204319375 1.9051232107713474 195
1752204347126 1.9041257968447192 196
1752204375375 1.9136606818989412 197
1752204403675 1.9093634989886161 198
1752204431605 1.9382338192611055 199
1752204460514 1.8768653860069788 200
