1750022009928 0.14163860415201865 0
1750022028465 0.24976871553861527 1
1750022048224 0.16389742071568664 2
1750022065820 0.13923324575361729 3
1750022082970 0.22771342930096583 4
1750022102982 0.15444251193427821 5
1750022120430 0.16726492247344854 6
1750022139121 0.1586426377530252 7
1750022158003 0.10924027680124339 8
1750022179654 0.0990082522295822 9
1750022196675 0.11739999259889723 10
1750022215066 0.21046885986011915 11
1750022233019 0.26636568848758463 12
1750022251549 0.10113606927432188 13
