1752650704829 4.5449377969359475 0
1752650723131 4.3958642985137795 1
1752650741843 4.231386747038946 2
1752650760431 4.081246587616002 3
1752650779150 3.9489097901781527 4
1752650797963 3.818439066746814 5
1752650816751 3.7070463921739907 6
1752650836592 3.605116091928963 7
1752650856780 3.520258630013012 8
1752650876559 3.439700667816716 9
1752650895279 3.370167415482301 10
1752650913768 3.29727201889339 11
1752650932695 3.2473802613797957 12
1752650951654 3.1846176520828724 13
1752650970606 3.1412794388695024 14
1752650989499 3.081610871972736 15
1752651007951 3.051982627837422 16
1752651026447 3.022905121415348 17
1752651045302 2.9832384012238853 18
1752651063727 2.935540358387643 19
1752651082062 2.934785396004102 20
1752651101057 2.8867770504392722 21
1752651120193 2.8801786637525724 22
1752651138588 2.843811921748838 23
1752651157425 2.8291469880616122 24
1752651176236 2.7860718260664 25
1752651195532 2.773437986041642 26
1752651214143 2.7709087510566928 27
1752651232501 2.7391420382539406 28
1752651250931 2.7088250496143527 29
1752651269966 2.705074923866387 30
1752651289074 2.6910032638510195 31
1752651308294 2.672210830983868 32
1752651326788 2.663968023438912 33
1752651345424 2.6517011412306544 34
1752651363942 2.6200275573053977 35
1752651382788 2.6216144922276525 36
1752651401395 2.5942065649749493 37
1752651420636 2.586727616751536 38
1752651439693 2.5773667162695446 39
1752651458555 2.5449808172836392 40
1752651477462 2.537785989896701 41
1752651496845 2.5586323142114056 42
1752651515604 2.5368063987660894 43
1752651534238 2.5189540709728826 44
1752651553045 2.5124489928631384 45
1752651572200 2.514417634832981 46
1752651590715 2.494814673130371 47
1752651609804 2.4728863848835934 48
1752651628144 2.453866241697388 49
1752651648095 2.4611951228302127 50
1752651668609 2.446403924947155 51
1752651686897 2.4515565412018083 52
1752651705543 2.430038465082109 53
1752651724182 2.4317702837452075 54
1752651743658 2.418843124159262 55
1752651762355 2.4049617588258134 56
1752651780961 2.397486727736964 57
1752651800080 2.3982653131786065 58
1752651818914 2.402152914305216 59
1752651837608 2.3733807045854918 60
1752651855850 2.3753164732685694 61
1752651874669 2.3695974141315674 62
1752651893261 2.3680042225363165 63
1752651911895 2.348607044189164 64
1752651930495 2.3324708710107926 65
1752651948976 2.3341558388547186 66
1752651967367 2.3244504767822205 67
1752651986391 2.3258764688677807 68
1752652006042 2.3280196184080797 69
1752652026083 2.3057723693404646 70
1752652045844 2.3014592529839866 71
1752652064468 2.287252095721461 72
1752652083371 2.290995756685297 73
1752652102404 2.2890944442294536 74
1752652121132 2.2816179871284756 75
1752652140228 2.284092262777032 76
1752652158661 2.271820353751378 77
1752652177486 2.2611234516504046 78
1752652196161 2.249773625475414 79
1752652214858 2.2585883172180994 80
1752652233753 2.2460051991994923 81
1752652252700 2.248753328553726 82
1752652271719 2.246270319275039 83
1752652290473 2.2412065642695467 84
1752652309472 2.2257277878427337 85
1752652328391 2.2285539250003166 86
1752652347743 2.214400257546549 87
1752652367460 2.202142759390545 88
1752652386038 2.2128984546357056 89
1752652404873 2.1952545241123214 90
1752652423710 2.1981251249193123 91
1752652442124 2.1858224120504763 92
1752652462426 2.190563648097259 93
1752652482223 2.1724896640128035 94
1752652500585 2.1624140218508296 95
1752652519373 2.1743523110172744 96
1752652538217 2.157213700986303 97
1752652556943 2.1626321689856556 98
1752652575609 2.1525294110599886 99
1752652594593 2.1604893272717294 100
