1753754459652 0.022512045190230937 0
1753754471368 0.02541950490114637 1
1753754484840 0.03272968931716232 2
1753754496818 0.04195049011463698 3
1753754509369 0.05432796145539126 4
1753754521896 0.059478318657584316 5
1753754532485 0.06853297890014953 6
1753754544176 0.07875062302708091 7
1753754556060 0.08448247217145705 8
1753754568589 0.09079581325801628 9
1753754579845 0.09910284100348896 10
1753754592516 0.105166971257684 11
1753754604708 0.10259179265658748 12
1753754618112 0.11912277787007809 13
1753754631441 0.12493769729190896 14
1753754643152 0.1329124439275627 15
1753754655322 0.1381458714072105 16
1753754666946 0.13930885529157666 17
1753754680635 0.14229938527994684 18
1753754693369 0.15010799136069114 19
1753754705266 0.15243395912942348 20
1753754717792 0.15608905133743148 21
1753754730758 0.15991028410034888 22
1753754743081 0.1646452899152683 23
1753754755430 0.16439607908290413 24
1753754765875 0.16979564711746137 25
1753754778120 0.17220468516364845 26
1753754790980 0.17735504236584151 27
1753754803258 0.18184083734839673 28
1753754813240 0.19056321648114305 29
1753754824944 0.19180927064296394 30
1753754836727 0.1907293570360525 31
1753754850256 0.19388602757933213 32
1753754865010 0.19330453563714903 33
1753754878250 0.1907293570360525 34
1753754890184 0.19986708755607244 35
1753754902498 0.20294068782189734 36
1753754915114 0.20966938029573018 37
1753754928537 0.20975245057318492 38
1753754941303 0.21257684000664562 39
1753754952873 0.2234590463532148 40
1753754963933 0.223708257185579 41
1753754976489 0.22304369496594117 42
1753754989517 0.22138228941684665 43
1753755003350 0.22287755441103174 44
1753755013979 0.2268649277288586 45
1753755027426 0.2265326466190397 46
1753755038169 0.23201528493105167 47
1753755051046 0.23500581491942182 48
1753755063459 0.23193221465359695 49
1753755075862 0.23508888519687657 50
1753755087931 0.2420667885030736 51
1753755099845 0.2367502907459711 52
1753755112158 0.2393254693470676 53
1753755125240 0.24414354543944178 54
1753755135029 0.24646951320817412 55
1753755148274 0.24646951320817412 56
1753755162355 0.2511214487456388 57
1753755176658 0.2521182920750955 58
1753755187551 0.248629340421997 59
1753755200756 0.2498753945838179 60
1753755212479 0.24946004319654427 61
1753755226599 0.2579332114969264 62
1753755236703 0.25593952483801297 63
1753755247683 0.25776707094201695 64
1753755260236 0.25502575178601095 65
1753755272655 0.2606745306529324 66
1753755285651 0.262003655092208 67
1753755299183 0.2596776873234757 68
1753755311881 0.2606745306529324 69
1753755324694 0.2666555906296727 70
1753755335470 0.2688984881209503 71
1753755347417 0.26873234756604086 72
1753755360390 0.27114138561222795 73
1753755373532 0.2680677853464031 74
1753755385525 0.27429805615550756 75
1753755398325 0.27031068283768067 76
1753755409186 0.26557567702276125 77
1753755420388 0.2697291908954976 78
1753755433001 0.2778700780860608 79
1753755445428 0.2757933211496926 80
1753755457680 0.2810267486293404 81
1753755470840 0.27894999169297224 82
1753755483944 0.28044525668715736 83
1753755497484 0.27986376474497426 84
1753755509104 0.2776208672536966 85
1753755521430 0.28019604585479313 86
1753755534303 0.2803621864097026 87
1753755544164 0.2824389433460708 88
1753755556528 0.28044525668715736 89
1753755570516 0.28484798139225787 90
1753755582119 0.28875228443263 91
1753755590927 0.287838511380628 92
1753755601308 0.28335271639807275 93
1753755612830 0.2865924572188071 94
1753755625687 0.28875228443263 95
1753755637907 0.28866921415517527 96
1753755647705 0.2908290413689982 97
1753755660185 0.2919920252533644 98
1753755670331 0.2944010632995514 99
1753755682363 0.2897491277620867 100
