1753754459653 4.5918524850061235 0
1753754471369 4.546007826629934 1
1753754484841 4.507385456897772 2
1753754496819 4.456776841090677 3
1753754509370 4.438127008893501 4
1753754521897 4.412952834791173 5
1753754532486 4.3897542468436175 6
1753754544178 4.345644662940437 7
1753754556061 4.322785135025034 8
1753754568590 4.281403637223005 9
1753754579846 4.266727784041749 10
1753754592517 4.2336344538039645 11
1753754604709 4.238439414269687 12
1753754618113 4.193090281199888 13
1753754631442 4.158221640622932 14
1753754643153 4.171485358248643 15
1753754655323 4.167103483677913 16
1753754666947 4.167161835347368 17
1753754680636 4.144990648377488 18
1753754693370 4.133097749890876 19
1753754705267 4.144857869272525 20
1753754717794 4.124139018597949 21
1753754730759 4.1215650015590874 22
1753754743082 4.125094324262666 23
1753754755431 4.123728468920214 24
1753754765876 4.090130048421512 25
1753754778121 4.1051034503947195 26
1753754790981 4.1307982189558095 27
1753754803260 4.106363956769909 28
1753754813241 4.074569066340505 29
1753754824945 4.056988246629297 30
1753754836728 4.059829212026768 31
1753754850257 4.071506826503781 32
1753754865012 4.093375095152564 33
1753754878251 4.09220782820544 34
1753754890186 4.063696830700605 35
1753754902500 4.084826351289441 36
1753754915115 4.032744866652166 37
1753754928538 4.042945841973246 38
1753754941304 4.07433429604671 39
1753754952874 4.041343947627455 40
1753754963935 4.046711428118333 41
1753754976490 4.076873612659425 42
1753754989518 4.058346293562849 43
1753755003351 4.056884340575484 44
1753755013980 4.038739348069216 45
1753755027427 4.074179666314921 46
1753755038170 4.078291497520159 47
1753755051047 4.040310026943909 48
1753755063460 4.037189086303334 49
1753755075863 4.071326386307207 50
1753755087932 4.031687895832767 51
1753755099846 4.046466444159015 52
1753755112159 4.054781610397493 53
1753755125241 4.060652516202898 54
1753755135030 4.0416686069369065 55
1753755148275 4.041750117654107 56
1753755162356 4.0425713285271385 57
1753755176659 4.038269419437599 58
1753755187552 4.046158448193643 59
1753755200757 4.021342330792713 60
1753755212480 4.020633621319045 61
1753755226600 4.023099798247212 62
1753755236704 4.055416436318642 63
1753755247684 4.07899250962645 64
1753755260237 4.027399357387928 65
1753755272656 4.029915671267896 66
1753755285653 4.023927344224592 67
1753755299185 4.030468905758788 68
1753755311882 4.068914839528899 69
1753755324696 4.048299603975336 70
1753755335471 4.059603711219834 71
1753755347419 4.019212645410038 72
1753755360392 4.051299315783696 73
1753755373534 4.062219969123389 74
1753755385526 4.057050552524504 75
1753755398326 4.050696252148008 76
1753755409187 4.067454885063476 77
1753755420389 4.047715170574369 78
1753755433002 4.040210015987237 79
1753755445429 4.043356418922801 80
1753755457681 4.061555885664802 81
1753755470841 4.069931167283946 82
1753755483945 4.049823785138861 83
1753755497485 4.07091714909669 84
1753755509105 4.091866833465146 85
1753755521431 4.0822147311984915 86
1753755534305 4.068498074795429 87
1753755544165 4.025112421397854 88
1753755556529 4.082929406535881 89
1753755570517 4.054453770119185 90
1753755582120 4.049202666594833 91
1753755590928 4.0451263669986295 92
1753755601309 4.056031827442583 93
1753755612831 4.062840020233165 94
1753755625688 4.061327920560328 95
1753755637908 4.064595035616717 96
1753755647706 4.0709853251349175 97
1753755660186 4.080229879214815 98
1753755670332 4.082887125195652 99
1753755682364 4.0750621278003365 100
