1753840946616 0.035530038275919454 0
1753840956194 0.056748211016808124 1
1753840964381 0.0779663837576968 2
1753840970067 0.09019803627891496 3
1753840979440 0.10983524712930604 4
1753840985495 0.12830753869196207 5
1753840996768 0.14428357463804292 6
1753841007704 0.145614910966883 7
1753841016701 0.16433682809119654 8
1753841023244 0.17756698285904476 9
1753841032700 0.2021134964220336 10
1753841039424 0.1943751040106507 11
1753841048233 0.20502579464137127 12
1753841056786 0.2235812947245798 13
1753841062872 0.2324013979031453 14
1753841072156 0.2416375436844733 15
1753841077820 0.24105508404060577 16
1753841084322 0.24105508404060577 17
1753841090779 0.24330171409552337 18
1753841096469 0.25495090697287404 19
1753841102385 0.26219004826094194 20
1753841108936 0.26610084872690964 21
1753841121312 0.2620236312198369 22
1753841132280 0.2740888666999501 23
1753841141275 0.27683474787818274 24
1753841153819 0.2838242636045931 25
1753841165469 0.28590447661840573 26
1753841174649 0.2909801963721085 27
1753841185043 0.2859876851389582 28
1753841193957 0.29172907305708107 29
1753841202003 0.29888500582459643 30
1753841209402 0.2982193376601764 31
1753841219878 0.29905142286570147 32
1753841229439 0.30470960226327176 33
1753841235468 0.3092860708936595 34
1753841245073 0.309202862373107 35
1753841253890 0.3118655350307872 36
1753841260349 0.31078382426360457 37
1753841267938 0.3165252121817274 38
1753841274685 0.3180229655516725 39
1753841284366 0.3256781494425029 40
1753841294767 0.32068563820935264 41
1753841301671 0.3225994341820602 42
1753841309406 0.3213513063737727 43
1753841316165 0.3196871359627226 44
1753841326121 0.3222666000998502 45
1753841335596 0.3247628557164254 46
1753841341401 0.3286736561823931 47
1753841347256 0.3310034947578632 48
1753841353284 0.3251788983191879 49
1753841362097 0.3333333333333333 50
1753841369945 0.3338325844566484 51
1753841375735 0.3380762190048261 52
1753841385695 0.3354967548676985 53
1753841397332 0.33483108670327844 54
1753841404975 0.3384922616075886 55
1753841411008 0.3345814611416209 56
1753841421344 0.3349142952238309 57
1753841430605 0.34215343651189883 58
1753841437387 0.3419038109502413 59
1753841445338 0.34082210018305875 60
1753841452608 0.34639707106007656 61
1753841462510 0.34306873023797635 62
1753841469203 0.3470627392244966 63
1753841477192 0.34048926610084873 64
1753841486660 0.3397403894158762 65
1753841495331 0.34298552171742386 66
1753841501193 0.3441504410051589 67
1753841511439 0.3491429522383092 68
1753841520529 0.34814444999167915 69
1753841531360 0.34656348810118154 70
1753841537752 0.3483940755533367 71
1753841547818 0.35163920785488434 72
1753841556781 0.35072391412880677 73
1753841566670 0.3513063737726743 74
1753841573192 0.3487269096355467 75
1753841579376 0.35022466300549177 76
1753841590954 0.346147445498419 77
1753841596644 0.3436511898818439 78
1753841606638 0.3466466966217341 79
1753841613640 0.35247129306040936 80
1753841624068 0.35322016974538195 81
1753841635801 0.3534697953070394 82
1753841641791 0.35363621234814446 83
1753841649830 0.35413546347145947 84
1753841657628 0.35363621234814446 85
1753841668719 0.35288733566317193 86
1753841678307 0.35530038275919457 87
1753841685989 0.3561324679647196 88
1753841693195 0.3563820935263771 89
1753841700356 0.35879514062239976 90
1753841705957 0.35355300382759197 91
1753841717555 0.3577966383757697 92
1753841726587 0.3568813446496921 93
1753841732301 0.35763022133466466 94
1753841741065 0.3560492594441671 95
1753841748335 0.3563820935263771 96
1753841755005 0.3578798468963222 97
1753841764401 0.3617906473622899 98
1753841774912 0.3569645531702446 99
1753841784443 0.3566317190880346 100
