1753840946617 4.539650772414947 0
1753840956195 4.392289573237416 1
1753840964382 4.20853895599033 2
1753840970068 4.065762653145202 3
1753840979441 3.921583802175492 4
1753840985496 3.804279511659146 5
1753840996769 3.6855475966441773 6
1753841007705 3.6048416629205917 7
1753841016702 3.489696802043855 8
1753841023245 3.4223457847600804 9
1753841032701 3.333972580691923 10
1753841039425 3.2960011764927244 11
1753841048234 3.2305617182978983 12
1753841056787 3.1394157624778725 13
1753841062873 3.0938994430811904 14
1753841072158 3.0494757583257615 15
1753841077821 3.0285295620607435 16
1753841084323 2.980809600627245 17
1753841090780 2.9504210193810514 18
1753841096470 2.898972921449319 19
1753841102386 2.850826843677766 20
1753841108937 2.818361962293266 21
1753841121313 2.8225315160673485 22
1753841132282 2.7570418395431115 23
1753841141276 2.7427255686092558 24
1753841153820 2.7014629150599845 25
1753841165470 2.678253804237393 26
1753841174651 2.652109910684673 27
1753841185044 2.6368642893450414 28
1753841193958 2.62284722941077 29
1753841202005 2.6046942613577526 30
1753841209404 2.5881857089300597 31
1753841219879 2.560604844578445 32
1753841229440 2.5242230013770888 33
1753841235469 2.502148218538713 34
1753841245074 2.500066367120505 35
1753841253891 2.4842219784940065 36
1753841260350 2.4929643702327344 37
1753841267939 2.470270559993378 38
1753841274686 2.4387874984456728 39
1753841284367 2.409360530575075 40
1753841294768 2.419256014032346 41
1753841301673 2.4020146321297093 42
1753841309407 2.3931095396995743 43
1753841316166 2.4007744876340715 44
1753841326122 2.37139668896629 45
1753841335597 2.362070411325175 46
1753841341402 2.3476580646289102 47
1753841347257 2.3212028187963787 48
1753841353285 2.336773364107704 49
1753841362099 2.306347650927132 50
1753841369946 2.274653920437068 51
1753841375736 2.2662367059242685 52
1753841385696 2.2617980704251157 53
1753841397333 2.249670292396837 54
1753841404976 2.2406593977419282 55
1753841411009 2.2398500320475696 56
1753841421345 2.2449655813454132 57
1753841430606 2.197609428059788 58
1753841437388 2.1869006405222082 59
1753841445339 2.1912711091887034 60
1753841452609 2.1759592652795003 61
1753841462511 2.164562506046359 62
1753841469204 2.1481410871870676 63
1753841477193 2.1611023792942023 64
1753841486661 2.1700165460168104 65
1753841495332 2.1383269839464485 66
1753841501194 2.1315274198034806 67
1753841511440 2.104617748770575 68
1753841520530 2.0950416812268866 69
1753841531362 2.104716553557286 70
1753841537753 2.0879335556228416 71
1753841547819 2.0764742410342665 72
1753841556782 2.0582329378558275 73
1753841566671 2.0568986047205127 74
1753841573193 2.0519994706233624 75
1753841579377 2.06574910100544 76
1753841590955 2.0536110377384076 77
1753841596645 2.054343367430214 78
1753841606639 2.0459587114524065 79
1753841613641 2.01866325086596 80
1753841624069 2.000026488811969 81
1753841635802 2.0053865539870404 82
1753841641792 1.9935380087029566 83
1753841649831 1.984588449579516 84
1753841657629 1.9823709753409624 85
1753841668720 1.9757781556355347 86
1753841678309 1.9677250165993732 87
1753841685990 1.9566882367547846 88
1753841693196 1.953343232867856 89
1753841700357 1.9355802564459264 90
1753841705958 1.9477834331332975 91
1753841717556 1.9391888865110438 92
1753841726588 1.9374716528881437 93
1753841732302 1.929854812926769 94
1753841741066 1.9164335426237136 95
1753841748336 1.9261661576119231 96
1753841755006 1.9051081405440609 97
1753841764402 1.8717324546697576 98
1753841774913 1.8843240877100682 99
1753841784444 1.871419572071573 100
