1752726756601 0.020840224942110488 0
1752726779623 0.05069467416473702 1
1752726804502 0.07657955673172345 2
1752726829631 0.08981144558385709 3
1752726854136 0.1057724115117433 4
1752726878946 0.11329804829639431 5
1752726902822 0.12909361561362884 6
1752726928771 0.14439298709890838 7
1752726953230 0.1568805822031095 8
1752726977537 0.16622560370492886 9
1752727000451 0.1733377439629507 10
1752727024757 0.1834270592127026 11
1752727048557 0.19194508766126364 12
1752727071778 0.200297717499173 13
1752727095274 0.20691366192523983 14
1752727119471 0.2112967251075091 15
1752727142599 0.21518359245782334 16
1752727165353 0.22113794244128349 17
1752727190071 0.22949057227919287 18
1752727215046 0.23114455838570955 19
1752727239569 0.2361892160105855 20
1752727263021 0.2385047965597089 21
1752727287948 0.2417300694674165 22
1752727313413 0.25107509096923586 23
1752727336632 0.25355607012901094 24
1752727359215 0.25760833608997685 25
1752727374869 0.26025471386040355 26
1752727391007 0.26108170691366195 27
1752727406916 0.2684419450876613 28
1752727423452 0.2688554416142904 29
1752727439594 0.26910353953026794 30
1752727455631 0.27100562355276214 31
1752727472585 0.2746443929870989 32
1752727489512 0.2765464770095931 33
1752727506273 0.2780350645054582 34
1752727523126 0.28043334435990735 35
1752727539716 0.28250082699305323 36
1752727556195 0.2818392325504466 37
1752727572533 0.28200463116109825 38
1752727589506 0.28531260337413167 39
1752727606303 0.2891994707244459 40
1752727623081 0.2915150512735693 41
1752727639113 0.2920939464108501 42
1752727656051 0.29085345683096264 43
1752727671735 0.2907707575256368 44
1752727688846 0.2943268276546477 45
1752727704880 0.29722130334105196 46
1752727721704 0.29639431028779356 47
1752727738345 0.299702282500827 48
1752727755232 0.29961958319550114 49
1752727772349 0.3028448561032087 50
1752727785893 0.30433344359907377 51
1752727799482 0.3049123387363546 52
1752727812961 0.30449884220972545 53
1752727826361 0.3045815415150513 54
1752727840012 0.30830301025471385 55
1752727853491 0.3114455838570956 56
1752727867008 0.30921270261329803 57
1752727880354 0.3126860734369831 58
1752727893058 0.3114455838570956 59
1752727905905 0.31161098246774727 60
1752727918550 0.3133476678795898 61
1752727931343 0.3128514720476348 62
1752727944068 0.3145054581541515 63
1752727956832 0.3153324512074099 64
1752727969604 0.31442275884882565 65
1752727982353 0.31739993384055576 66
1752727995211 0.3169037380086007 67
1752728008393 0.3178134303671849 68
1752728021185 0.32045980813761166 69
1752728033824 0.3189712206417466 70
1752728046456 0.32277538868673505 71
1752728059154 0.32045980813761166 72
1752728071943 0.32128680119087 73
1752728085279 0.32029440952696 74
1752728097966 0.3208733046642408 75
1752728107694 0.3255044657624876 76
1752728117596 0.3257525636784651 77
1752728127516 0.3253390671518359 78
1752728137619 0.32517366854118424 79
1752728147448 0.3245120740985776 80
1752728157172 0.3269103539530268 81
1752728166849 0.32732385047965595 82
1752728176738 0.32583526298379095 83
1752728186693 0.3285643400595435 84
1752728196753 0.32657955673172345 85
1752728206652 0.3271584518690043 86
1752728216420 0.3271584518690043 87
1752728226357 0.33005292755540855 88
1752728236309 0.3307145219980152 89
1752728246356 0.33030102547138607 90
1752728256326 0.3283989414488918 91
1752728266360 0.32980482963943103 92
1752728276372 0.32889513728084685 93
1752728286386 0.33054912338736353 94
1752728296387 0.33178961296725107 95
1752728306187 0.32980482963943103 96
1752728316115 0.32988752894475687 97
1752728326067 0.33178961296725107 98
1752728335867 0.33154151505127355 99
1752728345643 0.33096261991399273 100
