1752726756602 4.574824643048632 0
1752726779624 4.464232118329557 1
1752726804503 4.33924705546455 2
1752726829632 4.210447677901926 3
1752726854137 4.0859961176660935 4
1752726878947 3.973784137214519 5
1752726902823 3.8611019193604954 6
1752726928772 3.763639664136415 7
1752726953231 3.681272549018038 8
1752726977538 3.6044662818900557 9
1752727000452 3.5378532117809867 10
1752727024758 3.472451165505985 11
1752727048558 3.404038686619102 12
1752727071779 3.3516018231760643 13
1752727095275 3.3011775942951105 14
1752727119472 3.260844356191517 15
1752727142599 3.1997143090673794 16
1752727165354 3.168262829885322 17
1752727190072 3.13716166119607 18
1752727215047 3.1058174338414997 19
1752727239570 3.0763097683181893 20
1752727263022 3.047178344778426 21
1752727287949 3.019782885149563 22
1752727313414 2.9844682234440514 23
1752727336633 2.959918003647687 24
1752727359216 2.9308698691648574 25
1752727374870 2.91373617388745 26
1752727391008 2.903880834020158 27
1752727406917 2.8824001218647712 28
1752727423453 2.8701421335628736 29
1752727439595 2.8526461176791917 30
1752727455632 2.83993785229795 31
1752727472586 2.8212375947472688 32
1752727489513 2.809706414551795 33
1752727506274 2.7994483178499334 34
1752727523127 2.7812084961888326 35
1752727539717 2.7705328070448774 36
1752727556196 2.764595283961647 37
1752727572534 2.757212445346448 38
1752727589506 2.747128925132304 39
1752727606304 2.7307990506707696 40
1752727623081 2.7135929052040098 41
1752727639114 2.703311602821175 42
1752727656052 2.694414645884687 43
1752727671736 2.695928166977351 44
1752727688847 2.6853700298112857 45
1752727704881 2.6724808025421125 46
1752727721705 2.6565009797145676 47
1752727738346 2.6446351282478116 48
1752727755233 2.6425694003621762 49
1752727772350 2.626621309425511 50
1752727785894 2.6237450002937535 51
1752727799483 2.6163596689739217 52
1752727812962 2.6163805379214686 53
1752727826362 2.608890990568748 54
1752727840013 2.598545700648518 55
1752727853492 2.5921411172721807 56
1752727867009 2.5827834611128173 57
1752727880355 2.576216438452708 58
1752727893059 2.576616489930457 59
1752727905906 2.5698226739104864 60
1752727918551 2.5651033610950837 61
1752727931344 2.5559727880435603 62
1752727944069 2.5509356558132232 63
1752727956833 2.5471440476632927 64
1752727969604 2.5433702350908516 65
1752727982354 2.534334301122294 66
1752727995212 2.535488528962785 67
1752728008394 2.5273480637415715 68
1752728021186 2.522972945034135 69
1752728033825 2.5174073886581514 70
1752728046456 2.511896586819838 71
1752728059155 2.509382138732248 72
1752728071944 2.505754007818247 73
1752728085280 2.5009628177121344 74
1752728097967 2.499680883723247 75
1752728107695 2.4890121822292093 76
1752728117597 2.487109795234991 77
1752728127517 2.483481720137581 78
1752728137620 2.48332876312781 79
1752728147449 2.47958517066958 80
1752728157173 2.477007533790054 81
1752728166850 2.4715322585826898 82
1752728176739 2.4730255208332723 83
1752728186694 2.469589158133114 84
1752728196754 2.4668355649482163 85
1752728206653 2.4677079620074553 86
1752728216421 2.4658742829613858 87
1752728226358 2.4621341686865037 88
1752728236310 2.457802453982243 89
1752728246357 2.4559044796766107 90
1752728256327 2.455977950606628 91
1752728266361 2.4527446615795103 92
1752728276373 2.4515817066859933 93
1752728286387 2.4514581481386895 94
1752728296388 2.445716006386176 95
1752728306188 2.448392382802473 96
1752728316116 2.4455462381971445 97
1752728326067 2.4413818687257747 98
1752728335868 2.4430011758725 99
1752728345644 2.439734468215512 100
