1754602677966 0.09357254133373537 0
1754602691275 0.06713905221367908 1
1754602709040 0.08291873963515754 2
1754602728307 0.2059399969847731 3
1754602740894 0.15166591285994271 4
1754602755954 0.24287652645861602 5
1754602775367 0.525051510126137 6
1754602794788 0.13653952459922608 7
1754602813169 0.4273079049198452 8
1754602826161 0.4655510327152118 9
1754602841213 0.5174631891049801 10
1754602861643 0.4501231217649128 11
1754602875208 0.22573998693401678 12
1754602894145 0.3033820795014825 13
1754602911141 0.2084024322830293 14
1754602926986 0.3561485501784009 15
1754602944676 0.4560530679933665 16
1754602957901 0.2041811146288758 17
1754602978001 0.2590079903512739 18
1754602991226 0.2969495954570581 19
1754603008663 0.44766068646665663 20
1754603023227 0.5607819488416503 21
1754603039335 0.6088245640484446 22
1754603063913 0.4646967184280617 23
1754603088380 0.32001608121011105 24
1754603100723 0.2778531584501734 25
1754603112194 0.37489321071410625 26
1754603125319 0.414794713302176 27
1754603140357 0.5151515151515151 28
1754603161114 0.5430926177194834 29
1754603176574 0.6251067892858938 30
1754603198664 0.27267701894567564 31
1754603216376 0.45062565958088346 32
1754603234787 0.6211367405397256 33
1754603248126 0.36509372330267853 34
1754603266415 0.35896276194783655 35
1754603278414 0.5199256244032363 36
1754603297304 0.26433489120056286 37
1754603308449 0.21227197346600332 38
1754603327912 0.5571636765666617 39
1754603341284 0.6781747826523946 40
1754603354217 0.3376049047690839 41
1754603373264 0.5245489723101664 42
1754603390787 0.5796271169405498 43
1754603405272 0.6255088195386703 44
1754603417843 0.44223327805417356 45
1754603432271 0.4207749133122268 46
1754603444188 0.6257098346650586 47
1754603462162 0.36308357203879593 48
1754603475161 0.6026936026936027 49
1754603490870 0.593698175787728 50
1754603508511 0.27574249962309666 51
1754603527103 0.4970601537765717 52
1754603544118 0.5517865219357757 53
1754603562555 0.39841198050153276 54
1754603576439 0.3616764661540781 55
1754603588177 0.5709834665058545 56
1754603606489 0.43268505955073117 57
1754603617014 0.2780039197949646 58
1754603630276 0.5100256294286145 59
1754603643760 0.6218905472636815 60
1754603664221 0.4357002864465551 61
1754603677065 0.5515855068093874 62
1754603689170 0.45555053017739583 63
1754603702745 0.5483692647871752 64
1754603726744 0.26579225086687774 65
1754603745576 0.5200763857480275 66
1754603759993 0.4228855721393035 67
1754603778152 0.3258957736569677 68
1754603795934 0.5031408613498166 69
1754603812709 0.27644605256545557 70
1754603830109 0.5000251268907986 71
1754603850881 0.24835418865269612 72
1754603874967 0.5893260967887833 73
1754603898222 0.43735866123925826 74
1754603921023 0.7230514096185738 75
1754603938933 0.3968038594904267 76
1754603958301 0.3841901603095633 77
1754603979250 0.6410372380521634 78
1754603993020 0.4310769385396251 79
1754604011147 0.4922357907432534 80
1754604035826 0.344640434192673 81
1754604053282 0.45901804110759337 82
1754604064538 0.23081561887532037 83
1754604080647 0.26503844414292177 84
1754604100198 0.3914267048595407 85
1754604111778 0.6133976581737776 86
1754604126835 0.44223327805417356 87
1754604146113 0.4284637418965777 88
1754604157943 0.589878888386351 89
1754604171081 0.41484496708377305 90
1754604182846 0.6388260716618925 91
1754604203897 0.3039851248806473 92
1754604218348 0.5168098899442183 93
1754604238302 0.33087089803507713 94
1754604258375 0.6317905422383034 95
1754604275023 0.606010352279009 96
1754604292487 0.6348057691341273 97
1754604314233 0.40911603598170765 98
1754604332082 0.5549022563947937 99
1754604346646 0.4472586562138801 100
