1754602677967 3.9926819079843368 0
1754602691276 7.128143599873509 1
1754602709041 6.208578721371743 2
1754602728308 5.1695817734719665 3
1754602740895 3.264373640468478 4
1754602755955 3.9826198528150876 5
1754602775368 2.0185389866363144 6
1754602794789 5.715161771376744 7
1754602813170 2.1262209428605936 8
1754602826162 2.0629040259962146 9
1754602841214 1.5081272038634443 10
1754602861644 2.3311956628683266 11
1754602875209 4.5296119811789195 12
1754602894146 3.047446883888131 13
1754602911142 4.771367664139691 14
1754602926987 2.300617633278727 15
1754602944677 1.766780894231897 16
1754602957902 4.107391885475585 17
1754602978002 3.1587757302888364 18
1754602991227 3.4793185190297375 19
1754603008664 2.271571159314316 20
1754603023228 1.6295789949349533 21
1754603039336 1.3085534377325527 22
1754603063914 2.126534621571068 23
1754603088381 3.5152875481633683 24
1754603100725 4.41063728001437 25
1754603112195 2.8653188805821705 26
1754603125320 2.4667360334259727 27
1754603140358 1.6883326379742645 28
1754603161116 1.6142486117326047 29
1754603176575 1.4220487061747207 30
1754603198666 3.7649587338485886 31
1754603216377 2.459339919660964 32
1754603234788 1.4088658827984337 33
1754603248127 3.016968086375427 34
1754603266416 3.0359817312536217 35
1754603278415 1.6315113146043427 36
1754603297305 4.499700106978549 37
1754603308450 5.225919852249654 38
1754603327913 1.8026044956627856 39
1754603341286 1.0310382601289036 40
1754603354218 3.4957974439530037 41
1754603373265 2.052730050253786 42
1754603390789 1.6414858173173705 43
1754603405274 1.4405062209447288 44
1754603417844 2.3815844417480116 45
1754603432273 2.637052109919004 46
1754603444189 1.4533056723213669 47
1754603462163 3.4822395795288776 48
1754603475162 1.4264732662480302 49
1754603490871 1.59364405909306 50
1754603508512 3.8058952426898522 51
1754603527104 1.9862560704748224 52
1754603544119 1.6848396742556169 53
1754603562556 2.907964558865526 54
1754603576440 2.7933272394744635 55
1754603588178 1.640609071936112 56
1754603606490 2.4191707283349193 57
1754603617016 4.621307784848894 58
1754603630277 1.9572312308953248 59
1754603643762 1.3090534717404196 60
1754603664222 2.8033133003416792 61
1754603677066 2.0323181818338045 62
1754603689171 2.1065627289807676 63
1754603702746 1.7116086797536854 64
1754603726745 4.3107794943123015 65
1754603745577 1.7345327706611995 66
1754603759994 2.9229989404164867 67
1754603778153 3.553969334625138 68
1754603795935 2.18288205054884 69
1754603812710 3.508834532090792 70
1754603830110 1.8825864460927424 71
1754603850883 4.825082195858854 72
1754603874968 1.5058757419129214 73
1754603898223 2.49595739093765 74
1754603921025 0.9364775060964201 75
1754603938934 3.224366807474468 76
1754603958302 2.804160901339046 77
1754603979251 1.3768345137209526 78
1754603993021 2.549305284092148 79
1754604011148 2.2220284664445016 80
1754604035827 3.1443305980978846 81
1754604053283 2.731818486350835 82
1754604064540 4.651471779438927 83
1754604080648 4.287739540892974 84
1754604100200 3.1215645865305572 85
1754604111779 1.4599308501429826 86
1754604126836 2.897506250528637 87
1754604146115 2.2984823344973986 88
1754604157944 1.497926697356059 89
1754604171083 2.9271255493506163 90
1754604182847 1.4367365916725927 91
1754604203898 3.7094165412634528 92
1754604218349 2.344548243680311 93
1754604238303 4.332498067497571 94
1754604258376 1.3364554346572624 95
1754604275024 1.6648385796846952 96
1754604292488 1.5749209695881061 97
1754604314235 3.4759730280078216 98
1754604332084 2.2638054933244414 99
1754604346647 2.5597934823433994 100
