1754601047031 0.09357254133373537 0
1754601061776 0.06713905221367908 1
1754601079759 0.08020503542891602 2
1754601093564 0.23146891803608222 3
1754601107973 0.15176642042313684 4
1754601126030 0.2466455600783959 5
1754601140057 0.48474797728529073 6
1754601159017 0.1430222624252475 7
1754601176474 0.4338911503090608 8
1754601189102 0.47188300919644205 9
1754601201834 0.5336449067792352 10
1754601223912 0.44660535705311827 11
1754601242523 0.2299110508065732 12
1754601262349 0.08136087240564853 13
1754601280027 0.20850293984622342 14
1754601300294 0.39911553344389167 15
1754601319352 0.0650786471681994 16
1754601331494 0.16613900195989748 17
1754601343839 0.2642846374189658 18
1754601358683 0.29689934167546106 19
1754601371627 0.4648474797728529 20
1754601386476 0.07754158500427157 21
1754601397381 0.5772149354238907 22
1754601416278 0.4176089250716116 23
1754601431945 0.2987084778129554 24
1754601446503 0.27488818533594656 25
1754601461392 0.08216493291120157 26
1754601476973 0.39549726116890294 27
1754601494475 0.42786069651741293 28
1754601512126 0.5376652093070003 29
1754601523492 0.6141514648977335 30
1754601536090 0.25182169958289363 31
1754601555457 0.45047489823609227 32
1754601573619 0.6064123825317855 33
1754601594630 0.28971305090708077 34
1754601607736 0.41856374692195586 35
1754601626884 0.21583999195939493 36
1754601643563 0.24252474998743656 37
1754601661147 0.22378008945173125 38
1754601676985 0.5515352530277904 39
1754601692912 0.6308859741695563 40
1754601708470 0.37519473340368864 41
1754601720889 0.531986531986532 42
1754601743303 0.4831901100557817 43
1754601761020 0.0774913312226745 44
1754601777975 0.36217900397004876 45
1754601799444 0.3416252072968491 46
1754601815319 0.0774913312226745 47
1754601833640 0.27719985928941154 48
1754601849110 0.5287200361827228 49
1754601860762 0.5926428463741896 50
1754601877451 0.2592090054776622 51
1754601891908 0.43715764611287 52
1754601909359 0.5403789135132419 53
1754601920296 0.4038393889140158 54
1754601933017 0.4407256646062616 55
1754601948562 0.5476154580632192 56
1754601965426 0.40258304437408915 57
1754601985443 0.29277853158450173 58
1754602000741 0.5277149605507815 59
1754602012109 0.5721895572641841 60
1754602024154 0.15518367757173726 61
1754602035705 0.5895271119151716 62
1754602051453 0.4364540931705111 63
1754602061696 0.5439469320066335 64
1754602073830 0.28232574501231217 65
1754602094454 0.4984672596612895 66
1754602113012 0.4400221116639027 67
1754602125427 0.31212623749937185 68
1754602145132 0.4561535755565606 69
1754602157769 0.2548871802603146 70
1754602178695 0.46218402934820846 71
1754602189784 0.09407507914970602 72
1754602205938 0.4781144781144781 73
1754602226045 0.43811246796321424 74
1754602243339 0.7017438062214182 75
1754602257497 0.43167998391878987 76
1754602274110 0.12206643549927132 77
1754602286587 0.6116387758178803 78
1754602310812 0.37836072164430373 79
1754602324577 0.49796472184531887 80
1754602336676 0.301472435800794 81
1754602347977 0.439469320066335 82
1754602364822 0.21297552640836223 83
1754602382052 0.25750037690336197 84
1754602401225 0.42193075028895927 85
1754602419270 0.5790743253429821 86
1754602438516 0.42208151163375046 87
1754602454436 0.417106387255641 88
1754602469406 0.5571636765666617 89
1754602481338 0.4003216242022212 90
1754602493412 0.6224433388612494 91
1754602511101 0.2857430021609126 92
1754602525605 0.0777928539122569 93
1754602549238 0.20337705412332277 94
1754602567537 0.5809839690436706 95
1754602580466 0.5964118799939695 96
1754602594211 0.6131966430473893 97
1754602615600 0.4168048645660586 98
1754602631181 0.07784310769385397 99
1754602645760 0.405548017488316 100
