1753039785695 4.650428145159288 0
1753039899655 4.446389690423623 1
1753040016101 4.144657124136114 2
1753040133885 3.818851545434281 3
1753040250029 3.505637824635588 4
1753040365465 3.197228758537554 5
1753040482903 2.966574617184326 6
1753040597685 2.7532408356716673 7
1753040717741 2.584049987023796 8
1753040839775 2.4254141095219266 9
1753040958586 2.2850673768814995 10
1753041074555 2.1384162313738204 11
1753041194548 1.9896980366407697 12
1753041312823 1.8842705798129065 13
1753041429711 1.763633814784798 14
1753041549394 1.676930168638113 15
1753041663254 1.6160904814940558 16
1753041777485 1.5343846234110485 17
1753041897984 1.4536869189490185 18
1753042014675 1.3810382410320177 19
1753042127445 1.3176861412450516 20
1753042242516 1.2130346573942496 21
1753042360900 1.1764972960281241 22
1753042475736 1.1292702394822232 23
1753042597144 1.0637957887640266 24
1753042712582 0.9961449034800169 25
1753042831448 0.9594006632956175 26
1753042951345 0.9122421183193141 27
1753043067110 0.8879858542910177 28
1753043181877 0.846276833996421 29
1753043303326 0.7920691895245028 30
1753043422151 0.7558129816251474 31
1753043541713 0.7243106228586391 32
1753043658687 0.7007331765308106 33
1753043775483 0.6631853274810009 34
1753043891623 0.6366690538213684 35
1753044006967 0.6098019594456585 36
1753044124742 0.5828917642954319 37
1753044260317 0.5557659344795423 38
1753044408273 0.516371070332559 39
1753044470964 0.49512837647263486 40
1753044492644 0.4640115793084255 41
1753044567711 0.4560117331098964 42
1753044592904 0.4378714485116657 43
1753044661222 0.43242837374692467 44
1753044679326 0.4260901253120038 45
1753044721059 0.4111121488987974 46
1753044750083 0.40206678446242133 47
1753044799825 0.3938277786841891 48
1753044828172 0.38114522360034286 49
1753044844755 0.3666229452511132 50
