1753627242450 0.02442266157168965 0
1753627260866 0.04236584150191062 1
1753627282866 0.059561388935039046 2
1753627304200 0.07916597441435455 3
1753627324394 0.09062967270310683 4
1753627345524 0.10201030071440438 5
1753627363868 0.11779365343080246 6
1753627385664 0.1344077089217478 7
1753627407228 0.1437115799966772 8
1753627427029 0.15849808938361853 9
1753627446346 0.1689649443429141 10
1753627458441 0.1766904801462037 11
1753627482167 0.182671540122944 12
1753627501802 0.1944675195215152 13
1753627519472 0.20867253696627347 14
1753627541593 0.21664728360192723 15
1753627558487 0.21731184582156504 16
1753627579874 0.22271141385612228 17
1753627595976 0.2298554577172288 18
1753627614949 0.23542116630669546 19
1753627635822 0.23841169629506562 20
1753627656362 0.24123608572852634 21
1753627669072 0.2445588968267154 22
1753627681946 0.24970925402890845 23
1753627702653 0.24838012958963282 24
1753627714114 0.25436118956637316 25
1753627737198 0.2564379465027413 26
1753627760156 0.2556903140056488 27
1753627777992 0.2640804120285762 28
1753627800251 0.2646619039707593 29
1753627820019 0.2696461206180429 30
1753627834320 0.2713905964445921 31
1753627855789 0.2724705100515036 32
1753627873746 0.2742149858780528 33
1753627889855 0.27587639142714737 34
1753627911461 0.2830204352882539 35
1753627931318 0.2836019272304369 36
1753627952506 0.2847649111148031 37
1753627973347 0.28808772221299217 38
1753627983949 0.2884200033228111 39
1753628007989 0.2946502741319156 40
1753628028759 0.29689317162319323 41
1753628049552 0.29365343080245887 42
1753628070783 0.2919920252533644 43
1753628088658 0.29946835022428975 44
1753628109516 0.29664396079082905 45
1753628128449 0.29705931217810266 46
1753628145537 0.299385279946835 47
1753628167160 0.30071440438611063 48
1753628188186 0.3025419504901146 49
1753628208043 0.3002159827213823 50
1753628219698 0.30486791825884696 51
1753628238660 0.3071108157501246 52
1753628261242 0.30644625353048677 53
1753628279449 0.30603090214321316 54
1753628300976 0.30486791825884696 55
1753628321279 0.30843994018940024 56
1753628336023 0.3093537132414022 57
1753628357389 0.3093537132414022 58
1753628378206 0.30910450240903803 59
1753628399317 0.3107659079581326 60
1753628420794 0.30819072935703606 61
1753628441280 0.3108489782355873 62
1753628458062 0.3099352051835853 63
1753628477476 0.31442100016614055 64
1753628497398 0.31724538959960125 65
1753628516420 0.31741153015451073 66
1753628534120 0.3170792490446918 67
1753628556280 0.3126765243395913 68
1753628577118 0.31201196211995347 69
1753628594280 0.31383950822395745 70
1753628607273 0.3209004818076092 71
1753628627561 0.3192390762585147 72
1753628646058 0.3189067951486958 73
1753628669081 0.3226449576341585 74
1753628679544 0.32139890347233757 75
1753628699906 0.32056820069779035 76
1753628721849 0.31898986542615054 77
1753628734547 0.3216481143047018 78
1753628757751 0.321897325137066 79
1753628778659 0.3220634656919754 80
1753628790517 0.3216481143047018 81
1753628809520 0.3236418009636152 82
1753628832646 0.3217311845821565 83
1753628854017 0.32397408207343414 84
1753628874293 0.3242232929057983 85
1753628897713 0.32380794151852466 86
1753628917774 0.32098355208506396 87
1753628933082 0.32654926067453066 88
1753628947071 0.327047682339259 89
1753628966586 0.32596776873234756 90
1753628986215 0.32837680677853465 91
1753629002798 0.3263000498421665 92
1753629021038 0.32580162817743813 93
1753629043063 0.3277122445588968 94
1753629066126 0.33078584482472173 95
1753629085851 0.324306363183253 96
1753629105010 0.32895829872071775 97
1753629124662 0.3301212826050839 98
1753629138118 0.33120119621199534 99
1753629154530 0.32580162817743813 100
