1753408355497 0.028493105166971257 0
1753408384245 0.07551088220634657 1
1753408398462 0.10441933876059147 2
1753408427700 0.12610068117627513 3
1753408456264 0.146203688320319 4
1753408471193 0.16472836019272305 5
1753408488693 0.18424987539458382 6
1753408502816 0.19895331450407044 7
1753408528794 0.2140721050008307 8
1753408543743 0.2252865924572188 9
1753408558023 0.23101844160159496 10
1753408574798 0.2423990696128925 11
1753408591538 0.24746635653763083 12
1753408607029 0.25718557899983385 13
1753408620904 0.2630835686991195 14
1753408639384 0.277205515866423 15
1753408657358 0.276291742814421 16
1753408679498 0.27712244558896826 17
1753408696946 0.2859278949991693 18
1753408729022 0.28883535471008476 19
1753408742696 0.29323807941518526 20
1753408757010 0.29365343080245887 21
1753408771578 0.2914105333111813 22
1753408802461 0.2971423824555574 23
1753408834110 0.2983884366173783 24
1753408859019 0.30328958298720715 25
1753408874177 0.3031234424322977 26
1753408892254 0.30403721548429974 27
1753408911661 0.3061139724206679 28
1753408926153 0.3107659079581326 29
1753408945464 0.3101013457384948 30
1753408959823 0.31159661073267986 31
1753408990351 0.31217810267486296 32
1753409013421 0.31101511879049676 33
1753409043911 0.31259345406213657 34
1753409072305 0.3161654759926898 35
1753409086426 0.3164977571025087 36
1753409119970 0.32023591958797143 37
1753409150503 0.31882372487124105 38
1753409177566 0.3185745140388769 39
1753409191334 0.32621697956471174 40
1753409206259 0.32214653596943016 41
1753409221063 0.32040206014288086 42
1753409235346 0.32256188735670377 43
1753409250998 0.326133909287257 44
1753409265124 0.3257185578999834 45
1753409295844 0.3260508390098023 46
1753409321848 0.3284598770559894 47
1753409340299 0.32812759594617047 48
1753409355622 0.330702774547267 49
1753409370555 0.3263831201196212 50
1753409387823 0.3292075095530819 51
1753409414412 0.32995514205017445 52
1753409445164 0.33236418009636154 53
1753409461318 0.3319488287090879 54
1753409483733 0.33369330453563717 55
1753409506214 0.3318657584316332 56
1753409535440 0.33253032065127097 57
1753409553245 0.33394251536800135 58
1753409581362 0.33435786675527496 59
1753409602301 0.335271639807277 60
1753409632971 0.33394251536800135 61
1753409648003 0.33593620202691477 62
1753409662291 0.33535471008473167 63
1753409691887 0.3364346236916431 64
1753409719322 0.33959129423492274 65
1753409746509 0.3419172620036551 66
1753409760371 0.3416680511712909 67
1753409788830 0.33709918591128096 68
1753409813089 0.3351054992523675 69
1753409827302 0.3402558564545606 70
1753409846659 0.3416680511712909 71
1753409861428 0.3425818242232929 72
1753409885626 0.34042199700947 73
1753409916486 0.339508223957468 74
1753409948476 0.34033892673201527 75
1753409982805 0.34116962950656254 76
1753410010241 0.3414188403389267 77
1753410025716 0.34399401894002324 78
1753410051350 0.34590463532148197 79
1753410082086 0.34399401894002324 80
1753410110785 0.3441601594949327 81
1753410135082 0.3410865592291078 82
1753410149864 0.34557235421166305 83
1753410169379 0.344077089217478 84
1753410194899 0.3416680511712909 85
1753410212073 0.3446585811596611 86
1753410225769 0.3415849808938362 87
1753410240418 0.3454062136567536 88
1753410256463 0.34548928393420836 89
1753410271655 0.34731683003821234 90
1753410302113 0.34706761920584817 91
1753410332886 0.34955972752948994 92
1753410346828 0.3482306030902143 93
1753410373128 0.35396245223459044 94
1753410386802 0.3508057816913108 95
1753410413286 0.3469845489283934 96
1753410431996 0.35113806280112975 97
1753410446461 0.3488120950323974 98
1753410465913 0.35171955474331285 99
1753410497979 0.3478152517029407 100
