1753294049868 4.491637866554164 0
1753294081920 4.2830251981451415 1
1753294117080 4.073273212932748 2
1753294153443 3.9172368079686977 3
1753294169700 3.784456623357201 4
1753294205690 3.643861041343628 5
1753294243747 3.543063176635335 6
1753294268471 3.442209769392675 7
1753294298417 3.360509470637579 8
1753294314141 3.291927853794146 9
1753294348489 3.2300439303088657 10
1753294379421 3.186050925499354 11
1753294404700 3.133083938875836 12
1753294439615 3.079763179794486 13
1753294467370 3.046636026313496 14
1753294498670 2.996137876566241 15
1753294521779 2.9832105908939046 16
1753294556223 2.9712014501963706 17
1753294590742 2.942043272448769 18
1753294625433 2.8907651600215356 19
1753294661010 2.915155503205163 20
1753294693193 2.8793358584069666 21
1753294716355 2.8802672125001374 22
1753294744573 2.852913631091052 23
1753294779210 2.847667769493301 24
1753294812531 2.8041869817335296 25
1753294847528 2.8233036438348464 26
1753294880558 2.841043267544702 27
1753294912731 2.8035571294115993 28
1753294942126 2.777494487666242 29
1753294973816 2.7824696189793983 30
1753295009934 2.75939748608149 31
1753295027686 2.7791036377125 32
1753295062950 2.7690075919339012 33
1753295088255 2.773582210531752 34
1753295122426 2.736916765395259 35
1753295154934 2.7419927436396474 36
1753295185734 2.718901371814314 37
1753295208238 2.718552931598276 38
1753295242272 2.7086824621408616 39
1753295276110 2.6929660708827097 40
1753295312267 2.704201376866573 41
1753295347515 2.7051992555496924 42
1753295384757 2.695566010210834 43
1753295417090 2.688859166315169 44
1753295448360 2.6834379460015882 45
1753295474444 2.687502616491073 46
1753295509220 2.673126350497939 47
1753295546852 2.660169692526048 48
1753295583462 2.640916136807882 49
1753295616053 2.6358418069050162 50
1753295647566 2.6436446447578383 51
1753295684047 2.6621042917779687 52
1753295717201 2.6468602648899804 53
1753295752391 2.616463090045305 54
1753295784271 2.6288593592840166 55
1753295817162 2.6208051282250113 56
1753295841813 2.630151782061133 57
1753295877202 2.605612759074778 58
1753295913371 2.6200262298224204 59
1753295938775 2.5896099471542304 60
1753295975044 2.5953768170608997 61
1753296007955 2.585831083260248 62
1753296044031 2.576619665585881 63
1753296080028 2.593153126484559 64
1753296113756 2.5679316533218164 65
1753296147936 2.5825299231344134 66
1753296176638 2.5702308714201894 67
1753296212558 2.5789248558742353 68
1753296245695 2.5857918994135596 69
1753296279937 2.5723085663883865 70
1753296313395 2.5694346934425427 71
1753296347617 2.531587838807142 72
1753296383255 2.5437042293972256 73
1753296419845 2.5400776371810805 74
1753296452953 2.5698146867985083 75
1753296490565 2.5358228317832636 76
1753296523483 2.527351959274566 77
1753296558874 2.517557635712318 78
1753296589197 2.5052796783487103 79
1753296625666 2.540670834738525 80
1753296661429 2.5169817806041856 81
1753296695893 2.5435282530692906 82
1753296728142 2.547955018362111 83
1753296763275 2.520324983501344 84
1753296796954 2.5150503814408336 85
1753296832372 2.5202710804579986 86
1753296861396 2.4994541243839885 87
1753296899183 2.4967833805191963 88
1753296933061 2.520123159822144 89
1753296967174 2.473773036372917 90
1753296995603 2.490508917109988 91
1753297027557 2.4778770408293638 92
1753297047546 2.481196288381143 93
1753297080565 2.467511137580235 94
1753297100379 2.478666878544568 95
1753297133682 2.483516655188992 96
1753297168301 2.451734255960179 97
1753297197277 2.4728856200603637 98
1753297232312 2.47657509405869 99
1753297267483 2.4722746785741085 100
