1752476177346 0.012854536407364406 0
1752476187103 0.016420633604246143 1
1752476196800 0.018908608392768287 2
1752476206521 0.03275833471554155 3
1752476216243 0.035578039475866644 4
1752476225988 0.03872947420799469 5
1752476235649 0.04246143639077791 6
1752476245351 0.04494941117930005 7
1752476255095 0.04859844086913253 8
1752476264789 0.056559960192403384 9
1752476274463 0.059628462431580695 10
1752476284288 0.0672582517830486 11
1752476294120 0.0655166694310831 12
1752476304022 0.07671255597943274 13
1752476313616 0.0748880411345165 14
1752476323190 0.0783712058384475 15
1752476333019 0.08334715541549179 16
1752476342884 0.0888206999502405 17
1752476352773 0.09081107978105822 18
1752476362643 0.09902139658318129 19
1752476372490 0.09255266213302372 20
1752476382416 0.10192403383645712 21
1752476392460 0.10325095372366894 22
1752476402280 0.10349975120252115 23
1752476412183 0.10283629125891525 24
1752476422126 0.11320285287775751 25
1752476432054 0.11328578537070824 26
1752476442011 0.11909105987725992 27
1752476451871 0.12116437220102837 28
1752476461808 0.12041797976447172 29
1752476471665 0.12390114446840272 30
1752476481565 0.12497926687676232 31
1752476491465 0.12555979432741748 32
1752476501364 0.12879416155249626 33
1752476511275 0.12896002653839775 34
1752476521154 0.1347653010449494 35
1752476531055 0.13858019572068336 36
1752476541078 0.1353458284956046 37
1752476550933 0.14007298059379664 38
1752476560833 0.14139990048100845 39
1752476570700 0.1452147951567424 40
1752476580621 0.14687344501575716 41
1752476590498 0.14380494277657987 42
1752476600358 0.15052247470558966 43
1752476609942 0.1493614198042793 44
1752476619545 0.15176646209985073 45
1752476629212 0.15077127218444186 46
1752476638828 0.1525957870293581 47
1752476648422 0.16022557638082602 48
1752476658092 0.16039144136672748 49
1752476667811 0.16188422623984078 50
1752476677524 0.16022557638082602 51
1752476687407 0.1593133189583679 52
1752476697265 0.16354287609885554 53
1752476707176 0.1617183612539393 54
1752476717078 0.16677724332393432 55
1752476726825 0.17200199037983083 56
1752476736694 0.17332891026704264 57
1752476746380 0.16843589318294908 58
1752476756063 0.169099353126555 59
1752476765819 0.17117266545032345 60
1752476775427 0.17332891026704264 61
1752476785135 0.17606568253441698 62
1752476794798 0.18004644219605243 63
1752476804489 0.18054403715375683 64
1752476814131 0.1808757671255598 65
1752476823992 0.17888538729474207 66
1752476833771 0.1813733620832642 67
1752476843558 0.18659810913916072 68
1752476853202 0.18643224415325924 69
1752476862843 0.18850555647702769 70
1752476872505 0.18925194891358435 71
1752476882392 0.1898324763642395 72
1752476892368 0.18576878420965334 73
1752476902213 0.19207165367390944 74
1752476911968 0.19207165367390944 75
1752476921898 0.19406203350472714 76
1752476931609 0.19688173826505226 77
1752476941428 0.1956377508707912 78
1752476951127 0.19596948084259413 79
1752476960830 0.1982915906452148 80
1752476970644 0.1982915906452148 81
1752476980315 0.2006966329407862 82
1752476989975 0.20127716039144136 83
1752476999875 0.20094543041963842 84
1752477009673 0.2024382152927517 85
1752477019295 0.20716536739094377 86
1752477028971 0.20675070492619008 87
1752477038589 0.207414164869796 88
1752477048194 0.20849228727815558 89
1752477057827 0.2115607895173329 90
1752477067542 0.21454635926355947 91
1752477077214 0.21073146458782552 92
1752477086977 0.21172665450323436 93
1752477096592 0.21230718195388953 94
1752477106428 0.21305357439044617 95
1752477116201 0.21753192900978605 96
1752477125927 0.21861005141814563 97
1752477135847 0.21487808923536242 98
1752477145714 0.21587327915077129 99
1752477155688 0.22018576878420965 100
