1752476177347 4.622699326357326 0
1752476187103 4.605167118681444 1
1752476196801 4.582541975922681 2
1752476206522 4.554713688488747 3
1752476216244 4.526066621916519 4
1752476225988 4.493638131113069 5
1752476235650 4.459630097438757 6
1752476245351 4.427515356373545 7
1752476255096 4.397992299366239 8
1752476264790 4.366727707555166 9
1752476274464 4.330454937408905 10
1752476284289 4.302107429383574 11
1752476294120 4.274202854397732 12
1752476304023 4.244201678077917 13
1752476313617 4.215895614158866 14
1752476323191 4.19074947100032 15
1752476333020 4.16556471832902 16
1752476342884 4.137882481152947 17
1752476352774 4.110420813632978 18
1752476362644 4.085655715115167 19
1752476372491 4.06587275238456 20
1752476382417 4.039880615734571 21
1752476392461 4.019623332229015 22
1752476402281 4.000061333330499 23
1752476412184 3.978856217216801 24
1752476422127 3.9619174784401783 25
1752476432055 3.943727547101475 26
1752476442012 3.926812009030097 27
1752476451872 3.9102270339389107 28
1752476461809 3.89203818454533 29
1752476471666 3.8695333254196354 30
1752476481566 3.8585630436805456 31
1752476491466 3.8401033236972384 32
1752476501365 3.820159304736031 33
1752476511276 3.8110122284474404 34
1752476521155 3.7918396471319973 35
1752476531055 3.7795018179191127 36
1752476541078 3.7650652030432545 37
1752476550933 3.7464381708083927 38
1752476560834 3.732366493223487 39
1752476570701 3.719942467840942 40
1752476580622 3.7105620317161083 41
1752476590498 3.692667040319459 42
1752476600359 3.680020941320706 43
1752476609943 3.673297286486706 44
1752476619546 3.6530702421189964 45
1752476629213 3.644521535399395 46
1752476638829 3.6316426805145032 47
1752476648423 3.6167487924968875 48
1752476658092 3.6055939434649975 49
1752476667811 3.5940686426049955 50
1752476677525 3.581852210635269 51
1752476687408 3.570426627490166 52
1752476697266 3.5584444015009984 53
1752476707177 3.5496747666416137 54
1752476717079 3.5417311878220454 55
1752476726825 3.5311496381119296 56
1752476736695 3.519943267660769 57
1752476746381 3.50726932367763 58
1752476756064 3.5026232422505683 59
1752476765820 3.4954838758787594 60
1752476775428 3.4843980698166668 61
1752476785136 3.4770122666314647 62
1752476794798 3.4590375117856906 63
1752476804489 3.453100795026969 64
1752476814132 3.4447385905360854 65
1752476823993 3.4391326822239803 66
1752476833772 3.4285630837989016 67
1752476843559 3.416400905497171 68
1752476853203 3.413141900824534 69
1752476862844 3.401228983685173 70
1752476872506 3.3912481634399376 71
1752476882393 3.379703481656474 72
1752476892369 3.3751363599723256 73
1752476902213 3.363605769678346 74
1752476911969 3.3591712957147406 75
1752476921899 3.347007730170279 76
1752476931610 3.3402527968424396 77
1752476941428 3.332775889568635 78
1752476951128 3.32588283566607 79
1752476960831 3.3128342228262007 80
1752476970645 3.3104406434136466 81
1752476980316 3.3045697949474326 82
1752476989975 3.2922456490782066 83
1752476999876 3.287972557912203 84
1752477009674 3.2806275045700573 85
1752477019296 3.2752963458565443 86
1752477028972 3.2657268618963458 87
1752477038590 3.258124541516441 88
1752477048194 3.2531902431887953 89
1752477057828 3.2495885897629164 90
1752477067543 3.2365607869987554 91
1752477077215 3.235582929431788 92
1752477086978 3.225674140745321 93
1752477096593 3.2207717365157364 94
1752477106429 3.214464941766818 95
1752477116201 3.2033373936507346 96
1752477125928 3.197033193390313 97
1752477135848 3.1936521462945118 98
1752477145715 3.185636685607401 99
1752477155688 3.1779195891089134 100
