1750057117864 2.6454726246182014 0
1750057472905 2.824968980158638 1
1750057820818 2.9906168496598777 2
1750058151470 2.9663811478433484 3
1750058459294 3.0242925466606 4
1750058782588 3.106665366719612 5
1750059123592 3.1494739783239734 6
1750059442679 3.146531882796242 7
1750059745704 3.0684649522808813 8
1750060079903 3.1853722318281603 9
1750060417697 3.142104260329594 10
1750060730617 3.1000058811045066 11
1750061051962 3.155203949022385 12
1750061203281 3.0162145837935395 13
1750061405703 2.772670922067889 14
1750061593967 2.730749994143342 15
1750061760675 2.729576494237228 16
1750061927814 2.7397002011214653 17
1750062095315 2.56998243970721 18
1750062266483 2.51000905317909 19
1750062454037 2.4777912810153735 20
1750062637674 2.4744929747452793 21
1750062819485 2.465279208782468 22
1750062988101 2.4733163408631182 23
1750063173179 2.393684015134523 24
1750063328721 2.4808637394686626 25
1750063445625 2.3371328081403067 26
1750063573935 2.2363860067571304 27
1750063698715 2.2437993655082207 28
1750063813976 2.258631387875082 29
1750063938536 2.1718244892851652 30
1750064062057 2.1963360449031715 31
1750064188756 2.105202083817242 32
1750064306200 2.125124222755062 33
1750064422640 2.102520256453898 34
1750064548889 2.139420705176532 35
1750064672624 2.0848645670424166 36
1750064801396 2.1346667738774237 37
1750064916406 2.1087656674870225 38
1750064977847 1.9310880017140009 39
1750065044921 1.809840965991076 40
1750065106219 1.775937361061695 41
1750065175180 1.9333815612292153 42
1750065241890 1.8442604825420328 43
1750065303558 1.828389062610454 44
1750065368664 1.776897607985985 45
1750065432214 1.7601441102605138 46
1750065496320 1.6807794994518401 47
1750065564341 1.7251787909803253 48
1750065628284 1.7729135137574459 49
1750065691343 1.7236585444263195 50
