1750261780516 0.014038876889848811 0
1750261844938 0.02940687821897325 1
1750261909932 0.041368998172453895 2
1750261975327 0.0550755939524838 3
1750262040695 0.0588137564379465 4
1750262105957 0.06786841668051172 5
1750262170720 0.07991360691144708 6
1750262235536 0.08107659079581325 7
1750262301942 0.08606080744309685 8
1750262369035 0.092706429639475 9
1750262434905 0.091792656587473 10
1750262499869 0.08880212659910285 11
1750262565807 0.09287257019438445 12
1750262610431 0.10009968433294567 13
1750262654782 0.10608074430968599 14
1750262700006 0.11040039873733178 15
1750262744111 0.11247715567369995 16
1750262788336 0.1079913606911447 17
1750262833453 0.11023425818242233 18
1750262877777 0.11123110151187905 19
1750262921969 0.11430470177770394 20
1750262966393 0.11330785844824721 21
1750263011248 0.11098189067951487 22
1750263055394 0.11123110151187905 23
1750263100353 0.11222794484133577 24
1750263144403 0.11405549094533976 25
1750263180731 0.11438777205515867 26
1750263217304 0.11247715567369995 27
1750263253268 0.11364013955806612 28
1750263288985 0.11779365343080246 29
1750263325912 0.12045190230935371 30
1750263362428 0.1231932214653597 31
1750263398473 0.11903970759262336 32
1750263434194 0.11654759926898156 33
1750263469854 0.11646452899152683 34
1750263505496 0.11754444259843828 35
1750263541120 0.117627512875893 36
1750263576739 0.11804286426316664 37
1750263612675 0.11555075593952484 38
1750263640105 0.11787672370825719 39
1750263667538 0.12036883203189899 40
1750263694795 0.11962119953480645 41
1750263722254 0.12111646452899152 42
1750263749471 0.1210333942515368 43
1750263776658 0.12153181591626516 44
1750263803909 0.12045190230935371 45
1750263831346 0.1226117295231766 46
1750263858686 0.1241069945173617 47
1750263886114 0.12618375145372984 48
1750263913406 0.12502076756936367 49
1750263940766 0.12659910284100348 50
