1750261780517 4.570135024777477 0
1750261844939 4.521975217120093 1
1750261909933 4.473499635329213 2
1750261975327 4.434583221578257 3
1750262040696 4.395996160745721 4
1750262105958 4.3597103524178005 5
1750262170720 4.325803676038392 6
1750262235537 4.290939030901831 7
1750262301943 4.262821710726051 8
1750262369036 4.232186444019159 9
1750262434906 4.20397530873817 10
1750262499870 4.179682673151225 11
1750262565808 4.157180336254291 12
1750262610432 4.141118844951487 13
1750262654783 4.125406221964621 14
1750262700007 4.109172667059992 15
1750262744112 4.099312146955701 16
1750262788337 4.093779691982389 17
1750262833453 4.083307788170601 18
1750262877778 4.073445925395896 19
1750262921970 4.0665889705815905 20
1750262966393 4.056195814001205 21
1750263011249 4.049741551123431 22
1750263055395 4.039801417403283 23
1750263100354 4.028595856128995 24
1750263144403 4.017482514639971 25
1750263180731 4.010311346386801 26
1750263217305 4.007379978481788 27
1750263253269 4.0016916744245 28
1750263288985 3.996043997985468 29
1750263325913 3.9891698148983172 30
1750263362429 3.985567696057432 31
1750263398474 3.981911917302026 32
1750263434194 3.9771872193635938 33
1750263469855 3.9752259252451205 34
1750263505496 3.968342506920605 35
1750263541121 3.9657997874063122 36
1750263576739 3.9607784729537068 37
1750263612676 3.9589089690361168 38
1750263640105 3.951847375316147 39
1750263667539 3.947593965616583 40
1750263694796 3.9449182304828896 41
1750263722254 3.9422337736788795 42
1750263749472 3.9407679098100408 43
1750263776658 3.9378733824861807 44
1750263803910 3.935541228718896 45
1750263831347 3.9333037648094757 46
1750263858687 3.9320497438656075 47
1750263886114 3.9294994892619046 48
1750263913407 3.927354775591526 49
1750263940767 3.9253580447955008 50
