1754001098935 0.02392423990696129 0
1754001152316 0.07293570360525004 1
1754001200700 0.08979896992855955 2
1754001249782 0.10981890679514869 3
1754001296322 0.1281774381126433 4
1754001341096 0.146203688320319 5
1754001390187 0.15750124605416183 6
1754001441404 0.1751952151520186 7
1754001494505 0.18640970260840672 8
1754001545448 0.19970094700116298 9
1754001595402 0.20775876391427148 10
1754001626920 0.21814254859611232 11
1754001658052 0.23558730686160492 12
1754001709214 0.23375976075760094 13
1754001759744 0.24472503738162485 14
1754001812731 0.2535304867918259 15
1754001864989 0.2538627679016448 16
1754001913510 0.265658747300216 17
1754001964127 0.27180594783186574 18
1754002016314 0.28293736501079914 19
1754002064808 0.28069446751952154 20
1754002110442 0.2784515700282439 21
1754002157900 0.2775377969762419 22
1754002190534 0.27612560225951155 23
1754002240139 0.29448413357700615 24
1754002292599 0.29631167968101013 25
1754002328319 0.29514869579664393 26
1754002377027 0.300299052998837 27
1754002428834 0.29988370161156336 28
1754002475855 0.29722545273301215 29
1754002528668 0.30628011297557733 30
1754002575827 0.30877222129921916 31
1754002612974 0.3079415185246719 32
1754002662172 0.3033726532646619 33
1754002703743 0.300299052998837 34
1754002748169 0.31541784349559726 35
1754002799903 0.31840837348396744 36
1754002849463 0.31824223292905796 37
1754002902533 0.3214819737497923 38
1754002956321 0.320069779033062 39
1754003006422 0.3294567203854461 40
1754003058403 0.32380794151852466 41
1754003109405 0.3197374979232431 42
1754003158249 0.3170792490446918 43
1754003206432 0.31757767070942017 44
1754003258205 0.3158331948828709 45
1754003305922 0.3160824057152351 46
1754003350423 0.31259345406213657 47
1754003403798 0.3107659079581326 48
1754003450721 0.31068283768067784 49
1754003501263 0.31001827546104005 50
1754003549629 0.30985213490613056 51
1754003595908 0.30669546436285094 52
1754003645295 0.3236418009636152 53
1754003697662 0.32879215816580826 54
1754003747166 0.32463864429307193 55
1754003796441 0.3267154012294401 56
1754003848480 0.32198039541452067 57
1754003895710 0.31965442764578833 58
1754003945766 0.32040206014288086 59
1754003993337 0.31940521681342415 60
1754004042743 0.3193221465359694 61
1754004081927 0.3179099518192391 62
1754004131235 0.31541784349559726 63
1754004165467 0.3151686326632331 64
1754004214869 0.31757767070942017 65
1754004263828 0.3150855623857784 66
1754004306649 0.3397574347898322 67
1754004358470 0.34042199700947 68
1754004409406 0.3412526997840173 69
1754004455514 0.3408373483967436 70
1754004507263 0.3420003322811098 71
1754004558311 0.34058813756437945 72
1754004608864 0.34033892673201527 73
1754004648459 0.3397574347898322 74
1754004701497 0.34050506728692476 75
1754004752050 0.3436617378302044 76
1754004801613 0.34872902475494266 77
1754004853330 0.34872902475494266 78
1754004905554 0.3513872736334939 79
1754004954830 0.3499750789167636 80
1754004988588 0.3478152517029407 81
1754005038402 0.34739990031566703 82
1754005088073 0.34573849476657253 83
1754005135410 0.3432463864429307 84
1754005184332 0.34532314337929887 85
1754005231466 0.3448247217145705 86
1754005266344 0.34457551088220634 87
1754005318489 0.3447416514371158 88
1754005368402 0.35271639807276955 89
1754005419430 0.35529157667386607 90
1754005467572 0.35612227944841335 91
1754005498655 0.35454394417677354 92
1754005546563 0.35512543611895664 93
1754005601124 0.35271639807276955 94
1754005635895 0.35387938195713575 95
1754005686912 0.35354710084731683 96
1754005727063 0.3527994683502243 97
1754005776652 0.3530486791825885 98
1754005826382 0.35587306861604917 99
1754005875160 0.35171955474331285 100
1754005918121 0.3512211330785845 101
1754005966948 0.3509719222462203 102
1754006004431 0.3621864097026084 103
1754006057661 0.3631001827546104 104
1754006108215 0.3637647449742482 105
1754006159807 0.3617710583153348 106
1754006202838 0.36110649609569695 107
1754006250385 0.3637647449742482 108
1754006298937 0.3609403555407875 109
1754006345415 0.3599435122113308 110
1754006394239 0.35770061472005316 111
1754006442305 0.357451403887689 112
1754006494745 0.35786675527496264 113
1754006541463 0.3557899983385944 114
1754006587282 0.35828210666223625 115
1754006639738 0.3566207011131417 116
1754006685374 0.3575344741651437 117
1754006716843 0.35786675527496264 118
1754006765797 0.3559561388935039 119
1754006809414 0.35645456055823227 120
1754006852072 0.35554078750623025 121
1754006893389 0.3547931550091377 122
1754006943568 0.35570692806113974 123
1754006974314 0.35628842000332284 124
1754007008044 0.35512543611895664 125
1754007044062 0.3543778036218641 126
1754007092817 0.35296560890513373 127
1754007144625 0.3540455225120452 128
1754007193917 0.35412859278949993 129
1754007225059 0.35471008473168303 130
1754007275249 0.35487622528659246 131
1754007328089 0.3641800963615218 132
1754007379164 0.367170626349892 133
1754007433511 0.3677521182920751 134
1754007486997 0.3667552749626184 135
1754007538952 0.36467851802625023 136
1754007581911 0.36426316663897657 137
1754007629301 0.3645954477487955 138
1754007678316 0.3633493935869746 139
1754007709437 0.3627679016447915 140
1754007762624 0.36235255025751784 141
1754007793639 0.3603588635986044 142
1754007840855 0.36110649609569695 143
1754007894707 0.3627679016447915 144
1754007947925 0.3624356205349726 145
1754007999267 0.3627679016447915 146
1754008050786 0.3602757933211497 147
1754008091618 0.36235255025751784 148
1754008141643 0.3627679016447915 149
1754008192901 0.36143877720551587 150
1754008245401 0.360192723043695 151
1754008294327 0.3624356205349726 152
1754008331408 0.3627679016447915 153
1754008377486 0.36085728526333277 154
1754008425158 0.3627679016447915 155
1754008478064 0.3606080744309686 156
1754008524245 0.3603588635986044 157
1754008575876 0.3616049177604253 158
1754008625422 0.3617710583153348 159
1754008676240 0.36127263665060644 160
1754008727986 0.3616049177604253 161
1754008781020 0.36293404219970093 162
1754008833647 0.3630171124771557 163
1754008885548 0.36351553414188403 164
1754008937746 0.3624356205349726 165
1754008989710 0.3635986044193388 166
1754009041158 0.362601761089882 167
1754009072370 0.36285097192224625 168
1754009123600 0.36285097192224625 169
1754009175719 0.36351553414188403 170
1754009226936 0.3631001827546104 171
1754009272013 0.3624356205349726 172
1754009325113 0.36384781525170296 173
1754009361942 0.3627679016447915 174
1754009407407 0.36268483136733676 175
1754009456730 0.36285097192224625 176
1754009508101 0.3637647449742482 177
1754009559715 0.36368167469679347 178
1754009612384 0.36351553414188403 179
1754009663773 0.36326632330951986 180
1754009717209 0.3624356205349726 181
1754009770895 0.36268483136733676 182
1754009815677 0.3625186908124273 183
1754009868701 0.3631832530320651 184
1754009919900 0.36202026914769897 185
1754009968369 0.362601761089882 186
1754010015310 0.3634324638644293 187
1754010068006 0.3637647449742482 188
1754010121768 0.3624356205349726 189
1754010166202 0.3640139558066124 190
1754010214742 0.3625186908124273 191
1754010267893 0.362601761089882 192
1754010320368 0.36351553414188403 193
1754010371421 0.36368167469679347 194
1754010425484 0.3627679016447915 195
1754010477987 0.36210333942515366 196
1754010526179 0.36168798803788005 197
1754010577946 0.36326632330951986 198
1754010631938 0.36168798803788005 199
1754010683846 0.36326632330951986 200
1754010737005 0.3625186908124273 201
1754010790012 0.3631001827546104 202
1754010822264 0.36351553414188403 203
1754010855831 0.3618541285927895 204
1754010908267 0.3617710583153348 205
1754010955344 0.36285097192224625 206
1754011004192 0.36442930719388605 207
1754011056119 0.36326632330951986 208
1754011107495 0.3635986044193388 209
1754011157215 0.36509386941352384 210
1754011209507 0.36235255025751784 211
1754011258814 0.36293404219970093 212
1754011291169 0.36326632330951986 213
1754011342167 0.36484465858115966 214
1754011395027 0.36426316663897657 215
1754011446457 0.3634324638644293 216
1754011496900 0.3630171124771557 217
1754011548784 0.3631832530320651 218
1754011599180 0.3637647449742482 219
1754011635122 0.3643462369164313 220
1754011666314 0.36484465858115966 221
1754011712048 0.36567536135570694 222
1754011762050 0.36384781525170296 223
1754011813631 0.3650107991360691 224
1754011853653 0.3645954477487955 225
1754011908611 0.3634324638644293 226
1754011960239 0.3658415019106164 227
1754012011025 0.36409702608406713 228
1754012044342 0.3649277288586144 229
1754012092813 0.3658415019106164 230
1754012143715 0.36633992357534473 231
1754012174896 0.36575843163316163 232
1754012223911 0.36625685329789004 233
1754012275563 0.3664229938527995 234
1754012325384 0.36625685329789004 235
1754012367614 0.36567536135570694 236
1754012420806 0.3643462369164313 237
1754012456086 0.3659245721880711 238
1754012506014 0.36708755607243726 239
1754012560170 0.36625685329789004 240
1754012612404 0.3655922910782522 241
1754012662761 0.36733676690480144 242
1754012716377 0.3667552749626184 243
1754012767941 0.36609071274298055 244
1754012818803 0.36575843163316163 245
1754012869576 0.3655922910782522 246
1754012922681 0.3619371988702442 247
1754012966109 0.36442930719388605 248
1754013019720 0.3655922910782522 249
1754013070360 0.3650107991360691 250
1754013123499 0.3635986044193388 251
1754013175900 0.36210333942515366 252
1754013225160 0.36210333942515366 253
1754013257398 0.3633493935869746 254
1754013309051 0.36293404219970093 255
1754013359552 0.3617710583153348 256
1754013408524 0.36143877720551587 257
1754013459352 0.36077421498587803 258
1754013510894 0.3619371988702442 259
1754013563617 0.36285097192224625 260
1754013604974 0.36085728526333277 261
1754013643318 0.36202026914769897 262
1754013694746 0.36285097192224625 263
1754013726187 0.36110649609569695 264
1754013763152 0.3618541285927895 265
1754013816731 0.36285097192224625 266
1754013861068 0.3619371988702442 267
1754013914507 0.3599435122113308 268
1754013964699 0.3606080744309686 269
1754014005963 0.3609403555407875 270
1754014037424 0.3581990363847815 271
1754014086189 0.35952816082405714 272
1754014124726 0.36143877720551587 273
1754014175733 0.3616049177604253 274
1754014224720 0.3602757933211497 275
1754014275672 0.35952816082405714 276
1754014320146 0.36052500415351385 277
1754014351861 0.3613557069280611 278
1754014395241 0.3606080744309686 279
1754014447528 0.3606080744309686 280
1754014478710 0.36077421498587803 281
1754014528966 0.35969430137896663 282
1754014563289 0.35828210666223625 283
1754014611768 0.35927894999169296 284
1754014664520 0.36127263665060644 285
1754014715496 0.36102342581824226 286
1754014751015 0.3580328958298721 287
1754014782411 0.3584482472171457 288
1754014834240 0.3599435122113308 289
1754014883656 0.3606080744309686 290
1754014936389 0.35869745804950987 291
1754014985738 0.358365176939691 292
1754015037201 0.36102342581824226 293
1754015086509 0.36010965276624024 294
1754015138988 0.35986044193387606 295
1754015183477 0.36010965276624024 296
1754015236362 0.3596112311015119 297
1754015285091 0.3596112311015119 298
1754015335355 0.35911280943678353 299
1754015390465 0.35969430137896663 300
