1754001098936 4.546092767125768 0
1754001152317 4.422517116635034 1
1754001200701 4.330856061700149 2
1754001249783 4.246447346130159 3
1754001296323 4.205124878913295 4
1754001341097 4.134347508008022 5
1754001390188 4.166069174840575 6
1754001441405 4.106545779814304 7
1754001494506 4.116003158327475 8
1754001545449 4.114628594261903 9
1754001595403 4.146617426292795 10
1754001626921 4.124577481344071 11
1754001658053 4.137630640188254 12
1754001709215 4.167993884420614 13
1754001759745 4.148362181910812 14
1754001812732 4.1685076309787 15
1754001864990 4.202751311729034 16
1754001913511 4.1971158190772835 17
1754001964128 4.215027303663501 18
1754002016315 4.224952429932115 19
1754002064809 4.2170173362736225 20
1754002110443 4.268056779526147 21
1754002157901 4.288095851090693 22
1754002190536 4.28444832114401 23
1754002240140 4.300855762927595 24
1754002292601 4.3341238509663285 25
1754002328321 4.356502570197856 26
1754002377029 4.356698072157437 27
1754002428835 4.354670904020207 28
1754002475856 4.376499464008494 29
1754002528669 4.352171787449969 30
1754002575829 4.332242779129717 31
1754002612976 4.361812788975191 32
1754002662173 4.346889955107201 33
1754002703744 4.378873844308493 34
1754002748171 4.399904276133457 35
1754002799905 4.453420057250481 36
1754002849464 4.484862031036651 37
1754002902534 4.516879828199729 38
1754002956322 4.551356159130333 39
1754003006424 4.483089905349898 40
1754003058404 4.448703923912184 41
1754003109406 4.466351172388485 42
1754003158250 4.501509599373614 43
1754003206433 4.532826710268653 44
1754003258206 4.564749795520223 45
1754003305923 4.573525426629872 46
1754003350424 4.585502341280525 47
1754003403800 4.598333346616726 48
1754003450722 4.614860593337198 49
1754003501264 4.644705478729477 50
1754003549630 4.6400734011312235 51
1754003595909 4.671675826973011 52
1754003645297 4.52632771486342 53
1754003697663 4.546439911530192 54
1754003747167 4.554969182125343 55
1754003796443 4.593160790354045 56
1754003848481 4.606934021979876 57
1754003895711 4.620875946823512 58
1754003945768 4.62691764776104 59
1754003993338 4.6348268205565395 60
1754004042744 4.639484088698748 61
1754004081928 4.657065572727298 62
1754004131236 4.653997548013383 63
1754004165468 4.670562059878305 64
1754004214870 4.690355793446097 65
1754004263829 4.678291880319272 66
1754004306651 4.622787033858023 67
1754004358471 4.671898005349002 68
1754004409407 4.668310819505136 69
1754004455516 4.697459584123471 70
1754004507265 4.723600432697663 71
1754004558313 4.736262970781147 72
1754004608865 4.761327432576496 73
1754004648461 4.765383391805362 74
1754004701498 4.77665131859486 75
1754004752052 4.786506514353192 76
1754004801614 4.753672805736568 77
1754004853332 4.765675364294095 78
1754004905556 4.808223633120177 79
1754004954831 4.824044124928945 80
1754004988589 4.823252050877615 81
1754005038404 4.82465297559155 82
1754005088075 4.8509768727752896 83
1754005135411 4.854301801527811 84
1754005184333 4.855139317398267 85
1754005231467 4.883699492605367 86
1754005266345 4.9003714709869115 87
1754005318490 4.91316342340725 88
1754005368403 4.823526050481531 89
1754005419431 4.841577184382069 90
1754005467573 4.858908830475991 91
1754005498656 4.8820953911541025 92
1754005546564 4.890858201396954 93
1754005601125 4.91058334365696 94
1754005635896 4.928052664782168 95
1754005686914 4.941578517148599 96
1754005727064 4.960543186507681 97
1754005776653 4.97003261348516 98
1754005826383 4.854978224733031 99
1754005875161 4.855061801111076 100
1754005918122 4.850298248459029 101
1754005966950 4.864530792683955 102
1754006004432 4.900461639361629 103
1754006057662 4.9083520378258765 104
1754006108217 4.930009084129107 105
1754006159809 4.927723348309091 106
1754006202839 4.917160952110237 107
1754006250386 4.9344319872001545 108
1754006298938 4.955965526531395 109
1754006345417 4.971083075162019 110
1754006394240 4.981707084449259 111
1754006442307 4.991781865106477 112
1754006494746 4.989754717875772 113
1754006541464 4.997205173552698 114
1754006587283 4.989360867003862 115
1754006639739 5.010145350108962 116
1754006685375 5.022235128789249 117
1754006716844 5.014760755699383 118
1754006765799 5.015459633556076 119
1754006809415 5.0312945767566735 120
1754006852073 5.039283980057501 121
1754006893390 5.048592634144395 122
1754006943569 5.04675355947125 123
1754006974315 5.054581823774177 124
1754007008045 5.058895452455899 125
1754007044063 5.0620675551814 126
1754007092818 5.067699504488088 127
1754007144626 5.070649188325249 128
1754007193918 5.082502368415879 129
1754007225060 5.079521579061075 130
1754007275250 5.094441176257477 131
1754007328091 5.0118113818041925 132
1754007379165 5.06358301154817 133
1754007433512 5.062986244319884 134
1754007486998 5.064259356366001 135
1754007538953 5.073983202565038 136
1754007581912 5.074692627586164 137
1754007629302 5.07944159656233 138
1754007678317 5.102477696213071 139
1754007709438 5.083925859421511 140
1754007762625 5.104405860480316 141
1754007793640 5.108064457544986 142
1754007840856 5.121754614397381 143
1754007894708 5.118692053967963 144
1754007947926 5.126105810122513 145
1754007999268 5.132932221555553 146
1754008050787 5.144222470496546 147
1754008091619 5.142396283716581 148
1754008141644 5.161358887698017 149
1754008192902 5.153659631440669 150
1754008245402 5.162069645830529 151
1754008294328 5.166639189756386 152
1754008331410 5.166859393231189 153
1754008377487 5.173267972621491 154
1754008425159 5.162995286092558 155
1754008478065 5.170061155826284 156
1754008524246 5.184968537659382 157
1754008575878 5.18202659678393 158
1754008625423 5.202668000722772 159
1754008676242 5.205749711472729 160
1754008727987 5.2029034826529585 161
1754008781021 5.213889113547279 162
1754008833648 5.214631813562523 163
1754008885549 5.215084061941331 164
1754008937748 5.224418892592759 165
1754008989711 5.213122392868766 166
1754009041159 5.226204438538425 167
1754009072371 5.232564765171111 168
1754009123601 5.232285178272507 169
1754009175721 5.232387914386042 170
1754009226937 5.247259533682499 171
1754009272015 5.25461806801229 172
1754009325114 5.249627366936414 173
1754009361944 5.258345415904965 174
1754009407409 5.258511510698877 175
1754009456732 5.2692523710562185 176
1754009508102 5.259130875716233 177
1754009559716 5.280457818714251 178
1754009612385 5.281997532487308 179
1754009663774 5.278961333831869 180
1754009717210 5.277651000369615 181
1754009770896 5.291153487029323 182
1754009815678 5.299723858300999 183
1754009868703 5.302073787001386 184
1754009919901 5.3175865849291 185
1754009968370 5.312425344994946 186
1754010015311 5.282091027490917 187
1754010068007 5.305536207495299 188
1754010121769 5.312930559607343 189
1754010166203 5.316149737541709 190
1754010214743 5.31558376204415 191
1754010267895 5.325319303607723 192
1754010320369 5.334523520609557 193
1754010371423 5.335392874343815 194
1754010425485 5.343136618319578 195
1754010477988 5.348497352612538 196
1754010526180 5.35060219404676 197
1754010577947 5.3457923222135975 198
1754010631940 5.3591429885062905 199
1754010683847 5.347862239426411 200
1754010737006 5.356912890693543 201
1754010790013 5.3629501653836344 202
1754010822265 5.354006611880248 203
1754010855832 5.372407262887222 204
1754010908268 5.382277962435399 205
1754010955345 5.383823952725892 206
1754011004193 5.395533464234739 207
1754011056120 5.3928986393171705 208
1754011107496 5.390083235926454 209
1754011157217 5.388912843991259 210
1754011209508 5.405171701341998 211
1754011258816 5.39176802315772 212
1754011291170 5.396155168695427 213
1754011342169 5.39078437600758 214
1754011395028 5.378973841101249 215
1754011446458 5.395869088044059 216
1754011496901 5.3918604699683925 217
1754011548786 5.388084147519137 218
1754011599181 5.379360392163924 219
1754011635123 5.390149092262361 220
1754011666315 5.391179920705614 221
1754011712050 5.39169573819888 222
1754011762051 5.399008938796362 223
1754011813632 5.392710479778097 224
1754011853654 5.4032750354491625 225
1754011908612 5.405966127210642 226
1754011960240 5.40529697835461 227
1754012011027 5.415387227657741 228
1754012044344 5.42134679948471 229
1754012092814 5.429617585078409 230
1754012143716 5.427714348262241 231
1754012174897 5.430236111546871 232
1754012223912 5.433379956732926 233
1754012275564 5.422104108761384 234
1754012325385 5.44138355878051 235
1754012367615 5.444313066367073 236
1754012420807 5.432252212707207 237
1754012456087 5.446590030569365 238
1754012506016 5.435100923080117 239
1754012560171 5.442297499817076 240
1754012612406 5.444802159020612 241
1754012662763 5.451839870025508 242
1754012716378 5.454204678204558 243
1754012767942 5.458958535533314 244
1754012818804 5.459456466194878 245
1754012869577 5.467809735788187 246
1754012922683 5.26039670375968 247
1754012966110 5.322371634822491 248
1754013019721 5.331232937496778 249
1754013070361 5.347305528636376 250
1754013123501 5.362614865043946 251
1754013175901 5.352714080823034 252
1754013225161 5.356079301030787 253
1754013257399 5.368180296319683 254
1754013309053 5.362134231788035 255
1754013359553 5.384367611401873 256
1754013408525 5.383634484288261 257
1754013459353 5.365353074011695 258
1754013510895 5.390475810428473 259
1754013563618 5.393160284883677 260
1754013604976 5.36965975866032 261
1754013643320 5.381362430532086 262
1754013694747 5.397949781678079 263
1754013726189 5.402165672587292 264
1754013763153 5.393914044119666 265
1754013816732 5.378428643865955 266
1754013861069 5.376813013511931 267
1754013914509 5.403233668882868 268
1754013964701 5.400612318632627 269
1754014005964 5.391207298924934 270
1754014037426 5.417145732722024 271
1754014086191 5.411892861751463 272
1754014124727 5.403854039074983 273
1754014175734 5.407594180053798 274
1754014224722 5.415082837137908 275
1754014275674 5.396703609203805 276
1754014320148 5.394291514410733 277
1754014351862 5.386983398414352 278
1754014395242 5.391692075246197 279
1754014447529 5.413417543330587 280
1754014478711 5.402735459653933 281
1754014528967 5.39447957422755 282
1754014563291 5.388520283306878 283
1754014611769 5.3980187425882145 284
1754014664522 5.408061449079037 285
1754014715497 5.387527397620373 286
1754014751016 5.399065333590236 287
1754014782412 5.3937416651737715 288
1754014834241 5.391095500220752 289
1754014883658 5.394763169909564 290
1754014936390 5.399720031159869 291
1754014985739 5.407717826516824 292
1754015037202 5.391196808903056 293
1754015086510 5.398141711275049 294
1754015138990 5.41043918337973 295
1754015183479 5.396707616417082 296
1754015236363 5.413978937113563 297
1754015285092 5.405847740279899 298
1754015335356 5.3990545191925445 299
1754015390466 5.413982144474116 300
