1751591051811 0.014454228277122446 0
1751591071295 0.010716065791659743 1
1751591092913 0.009719222462203024 2
1751591116034 0.009386941352384118 3
1751591139227 0.011131417178933378 4
1751591162216 0.010051503572021931 5
1751591185503 0.011297557733842832 6
1751591208759 0.009636152184748297 7
1751591232058 0.011131417178933378 8
1751591255025 0.009719222462203024 9
1751591277661 0.010051503572021931 10
1751591300423 0.011131417178933378 11
1751591323476 0.009636152184748297 12
1751591346413 0.010383784681840837 13
1751591369196 0.010051503572021931 14
1751591392120 0.009636152184748297 15
1751591414650 0.009470011629838843 16
