1751591051811 4.617107641601723 0
1751591071296 4.459988650928881 1
1751591092914 4.287941877408006 2
1751591116034 4.188215163636979 3
1751591139228 4.239309927253675 4
1751591162216 4.614558663825219 5
1751591185503 5.096624339764336 6
1751591208760 6.968219937547609 7
1751591232059 14.44742288582337 8
1751591255026 23.0780659914142 9
1751591277662 38.023843783222866 10
1751591300424 3540.74498683357 11
1751591323477 31438.71179563531 12
1751591346414 1548980.4937276691 13
1751591369197 35915253.63093737 14
1751591392120 11850648044.4153 15
1751591414651 2.5408114668901923e+17 16
