1753752743510 0.020269147698953313 0
1753752761606 0.017444758265492608 1
1753752779407 0.02118292075095531 2
1753752797221 0.04643628509719223 3
1753752811503 0.05349725868084399 4
1753752827168 0.06861604917760425 5
1753752842630 0.07891676358199036 6
1753752858350 0.09586310018275461 7
1753752876072 0.10275793321149693 8
1753752892993 0.09943512211330786 9
1753752912593 0.11571689649443428 10
1753752929526 0.1297557733842831 11
1753752946775 0.1344077089217478 12
1753752965070 0.14744974248213988 13
1753752983953 0.14952649941850807 14
1753753002521 0.16406379797308523 15
1753753018723 0.15816580827379964 16
1753753035563 0.16888187406545938 17
1753753049995 0.17635819903638478 18
1753753066377 0.17602591792656588 19
1753753079358 0.1845821565044027 20
1753753096135 0.18640970260840672 21
1753753112783 0.19131084897823558 22
1753753123036 0.19745804950988535 23
1753753141278 0.20086393088552915 24
1753753156177 0.2016115633826217 25
1753753174892 0.20684499086226948 26
1753753192196 0.20667885030736002 27
1753753209926 0.21481973749792324 28
1753753226850 0.22304369496594117 29
1753753245284 0.22703106828376807 30
1753753263259 0.22304369496594117 31
1753753281113 0.22470510051503573 32
1753753293905 0.23591958797142382 33
1753753310579 0.22703106828376807 34
1753753327277 0.23126765243395914 35
1753753343420 0.23791327463033726 36
1753753358956 0.24015617212161489 37
1753753377423 0.24248213989034723 38
1753753396121 0.24505731849144377 39
1753753413937 0.2554411031732846 40
1753753431729 0.2560225951154677 41
1753753449069 0.25020767569363683 42
1753753465070 0.25037381624854627 43
1753753484212 0.2570194384449244 44
1753753503050 0.25818242232929056 45
1753753522242 0.2546934706761921 46
1753753537097 0.25901312510383784 47
1753753554865 0.25560724372819404 48
1753753573783 0.2630835686991195 49
1753753592189 0.2594284764911115 50
1753753612127 0.263831201196212 51
1753753629459 0.25560724372819404 52
1753753646513 0.2654926067453065 53
1753753662277 0.26416348230603093 54
1753753675086 0.27114138561222795 55
1753753692047 0.2734673533809603 56
1753753708347 0.2766240239242399 57
1753753727060 0.2824389433460708 58
1753753742659 0.27512875893005484 59
1753753756862 0.2712244558896827 60
1753753772037 0.2682339259013125 61
1753753789992 0.27795314836351553 62
1753753806886 0.28077753779697623 63
1753753824478 0.27928227280279116 64
1753753841993 0.27737165642133244 65
1753753859259 0.27894999169297224 66
1753753870302 0.2759594617046021 67
1753753889779 0.27670709420169465 68
1753753908289 0.28011297557733844 69
1753753927044 0.28418341917262 70
1753753945052 0.28418341917262 71
1753753963610 0.2780362186409703 72
1753753983496 0.2830204352882539 73
1753754001774 0.28410034889516533 74
1753754018991 0.2874231599933544 75
1753754035435 0.28368499750789167 76
1753754053167 0.27828542947333446 77
1753754069589 0.28210666223625186 78
1753754085011 0.29348729024754944 79
1753754101483 0.2884200033228111 80
1753754117635 0.2968101013457385 81
1753754135659 0.28949991692972254 82
1753754153690 0.2937365010799136 83
1753754171288 0.2891676358199036 84
1753754185835 0.2929888685828211 85
1753754204382 0.29631167968101013 86
1753754222002 0.2918258846984549 87
1753754238795 0.29074597109154343 88
1753754255910 0.2968101013457385 89
1753754273733 0.2902475494268151 90
1753754291850 0.2971423824555574 91
1753754307959 0.29489948496427976 92
1753754323860 0.29606246884864595 93
1753754340976 0.3008805449410201 94
1753754349572 0.29847150689483304 95
1753754368624 0.2980561555075594 96
1753754383279 0.29664396079082905 97
1753754399906 0.2921581658082738 98
1753754416635 0.3007974746635654 99
1753754437304 0.29381957135736836 100
