1753752743511 4.582890838321992 0
1753752761607 4.505123034601905 1
1753752779408 4.455593443307721 2
1753752797223 4.392640067529859 3
1753752811504 4.357650059619437 4
1753752827169 4.311487714249129 5
1753752842631 4.284514582172168 6
1753752858351 4.259356247822544 7
1753752876073 4.221219966971809 8
1753752892994 4.1915198895248755 9
1753752912594 4.1658888145773885 10
1753752929527 4.144204415008269 11
1753752946776 4.1532840102146835 12
1753752965071 4.11855429007557 13
1753752983954 4.089819021413385 14
1753753002522 4.08287020218678 15
1753753018724 4.085519460305891 16
1753753035564 4.079475635613349 17
1753753049996 4.077619569223435 18
1753753066378 4.065079643602078 19
1753753079359 4.082032812323176 20
1753753096136 4.051305579157024 21
1753753112784 4.05018237018946 22
1753753123038 4.044024432266696 23
1753753141279 4.050137821467497 24
1753753156178 4.031892386440872 25
1753753174893 4.057378213988878 26
1753753192197 4.0830573936178185 27
1753753209927 4.070732114118606 28
1753753226851 4.049186599334782 29
1753753245285 4.049238068759817 30
1753753263260 4.038140786300441 31
1753753281114 4.066824119123104 32
1753753293906 4.079524234745271 33
1753753310580 4.109041372220924 34
1753753327278 4.090225251119845 35
1753753343421 4.088266014125779 36
1753753358957 4.057480881874579 37
1753753377424 4.073199930938666 38
1753753396123 4.090588352481274 39
1753753413938 4.0546387260879175 40
1753753431730 4.084656591498586 41
1753753449070 4.109159982419906 42
1753753465072 4.09845843624297 43
1753753484213 4.0864812100494845 44
1753753503051 4.084560323633432 45
1753753522243 4.110161385199461 46
1753753537098 4.138257688411699 47
1753753554866 4.081879255049065 48
1753753573784 4.08513556282377 49
1753753592190 4.119363545181371 50
1753753612128 4.1032326553312855 51
1753753629460 4.107634049421 52
1753753646514 4.136794564965995 53
1753753662278 4.139475687968726 54
1753753675088 4.138849498795682 55
1753753692048 4.138855952570648 56
1753753708348 4.142498712484052 57
1753753727061 4.146514156226503 58
1753753742660 4.125259229206347 59
1753753756863 4.117174555983249 60
1753753772038 4.135331083266061 61
1753753789993 4.134152553496415 62
1753753806887 4.154032197480645 63
1753753824479 4.1916650802135065 64
1753753841994 4.163801172955691 65
1753753859260 4.175042305462698 66
1753753870303 4.1674960984833955 67
1753753889780 4.175450392158255 68
1753753908291 4.208401695326027 69
1753753927045 4.175142011205506 70
1753753945053 4.210508070131368 71
1753753963611 4.175761505717137 72
1753753983497 4.199653180833622 73
1753754001775 4.213821656291051 74
1753754018992 4.217761913434254 75
1753754035436 4.223139458128062 76
1753754053168 4.235396523080287 77
1753754069590 4.250334019405895 78
1753754085012 4.214528874458511 79
1753754101484 4.2278018762906 80
1753754117636 4.247132017149951 81
1753754135660 4.259617013934281 82
1753754153692 4.259084908087347 83
1753754171289 4.295074471910243 84
1753754185836 4.278806604573385 85
1753754204384 4.270513823010832 86
1753754222003 4.284930612633538 87
1753754238796 4.255075536527369 88
1753754255911 4.281836487969815 89
1753754273734 4.239357231957615 90
1753754291851 4.24872332518218 91
1753754307960 4.2562172275949495 92
1753754323861 4.277241268939409 93
1753754340978 4.276573637532507 94
1753754349573 4.283894695307137 95
1753754368625 4.306220898010892 96
1753754383281 4.287187676536981 97
1753754399907 4.308465082807519 98
1753754416636 4.296156845332295 99
1753754437305 4.3106083725996 100
