1753807336534 0.030569862103339424 0
1753807363253 0.06604087057650773 1
1753807397277 0.08506396411364014 2
1753807440961 0.10882206346569198 3
1753807469537 0.12311015118790497 4
1753807497628 0.14636982887522845 5
1753807566099 0.16447914936035887 6
1753807631231 0.1807609237414853 7
1753807659121 0.1860774214985878 8
1753807687460 0.1909785678684167 9
1753807722549 0.20451902309353714 10
1753807774978 0.21307526167137397 11
1753807840741 0.22462203023758098 12
1753807905921 0.23558730686160492 13
1753807933910 0.23209835520850639 14
1753807961251 0.24688486459544776 15
1753807989179 0.252284432630005 16
1753808053040 0.2452234590463532 17
1753808089665 0.2614221631500249 18
1753808116480 0.2658248878551254 19
1753808166790 0.2684831367336767 20
1753808201217 0.27371656421332446 21
1753808229380 0.27371656421332446 22
1753808263687 0.276291742814421 23
1753808303590 0.28310350556570857 24
1753808331064 0.2786177105831533 25
1753808367824 0.29107825220136235 26
1753808404758 0.2962286094035554 27
1753808441649 0.2931550091377305 28
1753808465396 0.2909121116464529 29
1753808502838 0.29980063133410867 30
1753808528115 0.29830536633992355 31
1753808566341 0.3046187074264828 32
1753808604853 0.3046187074264828 33
1753808635611 0.3058647615883037 34
1753808667514 0.30561555075593955 35
1753808701848 0.31242731350722713 36
1753808718813 0.2981392257850141 37
1753808756856 0.30727695630503404 38
1753808792348 0.32023591958797143 39
1753808830461 0.3197374979232431 40
1753808864918 0.3220634656919754 41
1753808898240 0.3234756604087058 42
1753808928480 0.3160824057152351 43
1753808965654 0.31898986542615054 44
1753809003724 0.31541784349559726 45
1753809044002 0.32522013623525503 46
1753809060697 0.32397408207343414 47
1753809100112 0.31965442764578833 48
1753809130716 0.32123276291742814 49
1753809165794 0.33053663399235755 50
1753809188315 0.32837680677853465 51
1753809213956 0.3267154012294401 52
1753809236658 0.3253032065127098 53
1753809256885 0.32239574680179434 54
1753809277109 0.3320318989865426 55
1753809301324 0.3291244392756272 56
1753809325189 0.328875228443263 57
1753809348502 0.33219803954145205 58
1753809365743 0.32995514205017445 59
1753809383596 0.3227280279116132 60
1753809407241 0.3258846984548928 61
1753809429329 0.329789001495265 62
1753809454185 0.3301212826050839 63
1753809479944 0.3351054992523675 64
1753809503657 0.3322811098189068 65
1753809528902 0.33776374813091875 66
1753809552546 0.3320318989865426 67
1753809577755 0.3320318989865426 68
1753809602282 0.33992357534474166 69
1753809627209 0.3324472503738162 70
1753809654195 0.34058813756437945 71
1753809675898 0.3326964612061804 72
1753809702372 0.33277953148363515 73
1753809729840 0.33219803954145205 74
1753809749511 0.34274796477820235 75
1753809761232 0.3438278783851138 76
1753809772812 0.3432463864429307 77
1753809785113 0.3436617378302044 78
1753809797703 0.3418341917262004 79
1753809810604 0.34432630004984216 80
1753809822776 0.34216647283601925 81
1753809834744 0.34532314337929887 82
1753809847388 0.3432463864429307 83
1753809859722 0.3484798139225785 84
1753809872180 0.3446585811596611 85
1753809884968 0.3496427978069447 86
1753809897285 0.3474829705931218 87
1753809908886 0.342249543113474 88
1753809920341 0.3488120950323974 89
1753809933015 0.33992357534474166 90
1753809945952 0.34590463532148197 91
1753809958599 0.34332945672038545 92
1753809969443 0.3483967436451238 93
1753809980369 0.34955972752948994 94
1753809991712 0.35130420335603924 95
1753810004773 0.34914437614221633 96
1753810016805 0.34332945672038545 97
1753810028057 0.34789832198039544 98
1753810038664 0.3493935869745805 99
1753810051494 0.3480644625353049 100
