1754704702722 0.24819902026702526 0
1754704711381 0.4521179521659783 1
1754704726126 0.47469023148592837 2
1754704737701 0.5670924983190856 3
1754704754414 0.5921621362020939 4
1754704766044 0.7098261454231102 5
1754704773379 0.7509365094611469 6
1754704788547 0.7945442320622419 7
1754704801056 0.8016520987417155 8
1754704815841 0.8295072519450581 9
1754704831584 0.8534242627989627 10
1754704847168 0.8548650465853425 11
1754704860895 0.8599558159638844 12
1754704874871 0.8425703582749016 13
1754704890662 0.859859763711459 14
1754704900066 0.8866583421381231 15
1754704912321 0.873114974546153 16
1754704925333 0.8936701565651715 17
1754704940335 0.8948227835942753 18
1754704953648 0.9038516953222553 19
1754704968769 0.9145134953414658 20
1754704981344 0.9168187493996734 21
1754704993038 0.9123042935356834 22
1754705006785 0.9269042359043319 23
1754705020494 0.9304581692440688 24
1754705034722 0.9272884449140333 25
1754705045735 0.9278647584285852 26
1754705059449 0.9366055133992892 27
1754705072662 0.9385265584477956 28
1754705085682 0.9347805206032082 29
1754705095729 0.9321871097877246 30
1754705108131 0.9441936413408895 31
1754705119517 0.9453462683699932 32
1754705134768 0.9459225818845451 33
1754705150613 0.9464028431466718 34
1754705164147 0.9496686197291326 35
1754705176406 0.9513015080203631 36
1754705190239 0.9501488809912593 37
1754705200794 0.9552396503698012 38
1754705213988 0.9558159638843531 39
1754705228710 0.9580251656901354 40
1754705241971 0.9588896359619633 41
1754705253918 0.961194890020171 42
1754705270995 0.9612909422725963 43
1754705285111 0.9619633080395735 44
1754705301814 0.9591777927192393 45
1754705313404 0.9595620017289406 46
1754705327328 0.9629238305638267 47
1754705340970 0.9589856882143887 48
1754705354753 0.9608106810104697 49
1754705369817 0.9642685620977812 50
1754705385313 0.9590817404668139 51
1754705397345 0.965133032369609 52
1754705408094 0.9665738161559888 53
1754705421234 0.9670540774181154 54
1754705436861 0.9670540774181154 55
1754705449133 0.9670540774181154 56
1754705462876 0.9639804053405052 57
1754705476885 0.9667659206608396 58
1754705492586 0.967822495437518 59
1754705506238 0.9652290846220344 60
1754705519887 0.969935644990875 61
1754705529838 0.9680145999423686 62
1754705545602 0.9684948612044952 63
1754705559580 0.967822495437518 64
1754705575493 0.9683027566996446 65
1754705589854 0.9714724810296801 66
1754705601081 0.969935644990875 67
1754705613831 0.9711843242724042 68
1754705628002 0.9727211603112093 69
1754705641032 0.9721448467966574 70
1754705656711 0.9737777350878878 71
1754705670625 0.9730093170684853 72
1754705686555 0.9733935260781865 73
1754705698495 0.9738737873403132 74
1754705711251 0.9739698395927384 75
1754705725024 0.9754106233791182 76
1754705739785 0.9754106233791182 77
1754705751509 0.9754106233791182 78
1754705767731 0.9751224666218423 79
1754705782585 0.9739698395927384 80
1754705796971 0.9756027278839688 81
1754705811914 0.9756027278839688 82
1754705824427 0.9731053693209106 83
1754705837361 0.9759869368936701 84
1754705849614 0.9759869368936701 85
1754705863366 0.9765632504082221 86
1754705879075 0.9767553549130727 87
1754705895075 0.9763711459033715 88
1754705909615 0.9766593026606474 89
1754705920866 0.9757948323888195 90
1754705932431 0.9762750936509461 91
1754705945165 0.9776198251849005 92
1754705958224 0.9762750936509461 93
1754705972192 0.9772356161751993 94
1754705987171 0.9757948323888195 95
1754706002167 0.9785803477091538 96
1754706018380 0.9773316684276246 97
1754706031586 0.9793487657285563 98
1754706043995 0.9781000864470272 99
1754706056868 0.9781000864470272 100
