1754704702723 3.188992035260827 0
1754704711383 2.709255984164938 1
1754704726128 2.3607663563768866 2
1754704737702 2.0591794936960945 3
1754704754415 1.895773421002995 4
1754704766045 1.6961186075656804 5
1754704773380 1.5421066429274013 6
1754704788549 1.415587925606029 7
1754704801057 1.3493043568993508 8
1754704815842 1.2697333180680908 9
1754704831585 1.2311034081660714 10
1754704847169 1.1768868989804802 11
1754704860897 1.1496280042630218 12
1754704874872 1.1409328617044083 13
1754704890663 1.1121975451229666 14
1754704900067 1.0917955431436577 15
1754704912323 1.087995762445745 16
1754704925334 1.0752364586102428 17
1754704940336 1.0416265937041775 18
1754704953649 1.0303513912210385 19
1754704968770 1.0397250453603026 20
1754704981345 1.050326387761693 21
1754704993039 1.0530965609440597 22
1754705006786 1.0174638540481167 23
1754705020495 1.0133166850898137 24
1754705034724 1.0138042713086084 25
1754705045736 1.0128926927753614 26
1754705059450 1.0129865153283077 27
1754705072664 1.021700215688918 28
1754705085683 1.0008748521606115 29
1754705095730 1.0510075123835392 30
1754705108132 1.0096203437895443 31
1754705119519 1.0036108732592832 32
1754705134769 1.0501036179221486 33
1754705150614 1.05189115494226 34
1754705164148 1.053418385009038 35
1754705176407 1.057453049038506 36
1754705190240 1.0693802153595395 37
1754705200795 1.063071767776566 38
1754705213989 1.060224732869922 39
1754705228711 1.0669644185993554 40
1754705241972 1.0743024050980137 41
1754705253919 1.0757203210427544 42
1754705270997 1.0738506345404932 43
1754705285112 1.0753272478300946 44
1754705301815 1.079583967018892 45
1754705313405 1.0903185358588188 46
1754705327329 1.0803035640508056 47
1754705340972 1.0977785216203755 48
1754705354754 1.106826549919873 49
1754705369818 1.1097537656577772 50
1754705385315 1.1157939338075626 51
1754705397346 1.1147034339948472 52
1754705408096 1.1129844877422523 53
1754705421235 1.1193546322978032 54
1754705436862 1.1110868183106217 55
1754705449135 1.119064595178816 56
1754705462877 1.1370449147618997 57
1754705476886 1.1291128632133074 58
1754705492587 1.1309814622593355 59
1754705506240 1.141184185215532 60
1754705519889 1.1373169959992355 61
1754705529839 1.1505587906595247 62
1754705545603 1.1586886321798626 63
1754705559581 1.1571169435326205 64
1754705575494 1.1675758892683994 65
1754705589855 1.1758135979923174 66
1754705601082 1.1745414952795439 67
1754705613832 1.17707235068385 68
1754705628003 1.173511515842146 69
1754705641034 1.170981645157665 70
1754705656712 1.171413854997743 71
1754705670626 1.1745735406278925 72
1754705686556 1.186777660789269 73
1754705698496 1.1872617987391152 74
1754705711253 1.1837798086073414 75
1754705725025 1.1940920625481433 76
1754705739786 1.1979530260733093 77
1754705751510 1.2073980353152964 78
1754705767732 1.204479920623719 79
1754705782586 1.2108812778542526 80
1754705796973 1.216981877304182 81
1754705811916 1.2246294933930986 82
1754705824429 1.2235614745620749 83
1754705837362 1.2214388210163227 84
1754705849615 1.2170270060056316 85
1754705863367 1.2299254462798832 86
1754705879076 1.2198809604813299 87
1754705895076 1.2277674883801557 88
1754705909616 1.2405338201620466 89
1754705920867 1.238970615872404 90
1754705932432 1.236656741316845 91
1754705945166 1.2426501427163492 92
1754705958225 1.2415483356621853 93
1754705972193 1.246529093121381 94
1754705987172 1.2548978612906805 95
1754706002168 1.2554758960018255 96
1754706018381 1.2528361311671903 97
1754706031587 1.2557214136728254 98
1754706043996 1.2604764894827583 99
1754706056869 1.2721331075790134 100
