1754452857049 0.022262834357866756 0
1754452886340 0.03613557069280612 1
1754452917635 0.0693636816746968 2
1754452945636 0.05798305366339924 3
1754452976184 0.09104502409038046 4
1754453002998 0.08730686160491775 5
1754453028130 0.11472005316497758 6
1754453055888 0.11455391261006811 7
1754453087681 0.1294234922744642 8
1754453114986 0.13548762252865926 9
1754453142642 0.14952649941850807 10
1754453173672 0.15160325635487623 11
1754453202346 0.1676358199036385 12
1754453229486 0.16788503073600267 13
1754453258705 0.17968101013457385 14
1754453287340 0.18184083734839673 15
1754453313192 0.19405216813424156 16
1754453342876 0.19455058979896994 17
1754453370873 0.20435288253862768 18
1754453399342 0.20426981226117294 19
1754453427289 0.21390596444592125 20
1754453452387 0.21182920750955309 21
1754453482766 0.2217976408041203 22
1754453511858 0.22046851636484466 23
1754453539657 0.22694799800631335 24
1754453562016 0.2290247549426815 25
1754453588201 0.2367502907459711 26
1754453614264 0.23641800963615217 27
1754453643987 0.24347898321980396 28
1754453674420 0.24214985878052833 29
1754453703635 0.24879548097690646 30
1754453731292 0.24630337265326466 31
1754453759649 0.2558564545605582 32
1754453791245 0.2548596112311015 33
1754453817483 0.2614221631500249 34
1754453848034 0.2579332114969264 35
1754453877394 0.26648945007476327 36
1754453907311 0.25934540621365676 37
1754453929284 0.26815085562385776 38
1754453958023 0.26399734175112144 39
1754453986217 0.272636650606413 40
1754454018029 0.263831201196212 41
1754454046085 0.2796145539126101 42
1754454075448 0.2712244558896827 43
1754454105027 0.28385113806280116 44
1754454137128 0.27512875893005484 45
1754454167804 0.28609403555407875 46
1754454195673 0.2770393753115135 47
1754454227844 0.2885861438777205 48
1754454259606 0.2793653430802459 49
1754454289230 0.29332114969263995 50
1754454317062 0.2812759594617046 51
1754454347747 0.2959793985711912 52
1754454376649 0.2865924572188071 53
1754454404275 0.2995514205017445 54
1754454433338 0.28709087888353546 55
1754454464711 0.2995514205017445 56
1754454493933 0.29008140887190564 57
1754454522310 0.301212826050839 58
1754454553073 0.29174281442100014 59
1754454579999 0.303040372154843 60
1754454608051 0.29249044691809273 61
1754454639319 0.3045356371490281 62
1754454670486 0.29448413357700615 63
1754454699662 0.30544941020103006 64
1754454728035 0.2965608905133743 65
1754454758981 0.30902143213158334 66
1754454788767 0.29747466356537633 67
1754454817637 0.3083568699119455 68
1754454849004 0.2995514205017445 69
1754454879973 0.3096859943512211 70
1754454908114 0.3011297557733843 71
1754454937367 0.3108489782355873 72
1754454968232 0.30328958298720715 73
1754454997350 0.3111812593454062 74
1754455025466 0.3047017777039375 75
1754455055577 0.3126765243395913 76
1754455085017 0.3047017777039375 77
1754455113012 0.3126765243395913 78
1754455142859 0.3063631832530321 79
1754455172684 0.3149194218308689 80
1754455203043 0.3049509885363017 81
1754455232590 0.31483635155341416 82
1754455261434 0.3075261671373982 83
1754455291311 0.3143379298886858 84
1754455320323 0.30785844824721714 85
1754455349013 0.3160824057152351 86
1754455374891 0.3092706429639475 87
1754455405490 0.31840837348396744 88
1754455430772 0.308523010466855 89
1754455457732 0.3176607409868749 90
1754455485952 0.31217810267486296 91
1754455513930 0.31757767070942017 92
1754455545170 0.3107659079581326 93
1754455573697 0.31782688154178435 94
1754455604051 0.31043362684831366 95
1754455630211 0.3186575843163316 96
1754455659520 0.31143047017777037 97
1754455686305 0.3179099518192391 98
1754455716352 0.3145040704435953 99
1754455744923 0.3189067951486958 100
