1754452857050 4.587602472946693 0
1754452886340 4.495484803192953 1
1754452917636 4.432566141621211 2
1754452945636 4.33184974411046 3
1754452976185 4.296099982476124 4
1754453002999 4.2079452965228485 5
1754453028131 4.196890217158513 6
1754453055888 4.105741298113514 7
1754453087681 4.117624191538333 8
1754453114987 4.028570580251982 9
1754453142643 4.054745849715205 10
1754453173673 3.9647181028075056 11
1754453202347 4.001141675032703 12
1754453229486 3.9099397532526012 13
1754453258705 3.968051595139674 14
1754453287341 3.8703234398650643 15
1754453313192 3.9236201234302786 16
1754453342877 3.8357201338114986 17
1754453370874 3.900877170148844 18
1754453399343 3.811837785155796 19
1754453427290 3.880823499768559 20
1754453452388 3.7847094389759928 21
1754453482767 3.862796993604374 22
1754453511859 3.7687619613619 23
1754453539657 3.8518831667753766 24
1754453562017 3.7495405277117504 25
1754453588201 3.835494620878188 26
1754453614265 3.7391317806708906 27
1754453643988 3.8339579449625965 28
1754453674420 3.728050758378653 29
1754453703636 3.8193320309278995 30
1754453731293 3.7173564602167177 31
1754453759650 3.816884214535337 32
1754453791246 3.7134742242741754 33
1754453817483 3.812741912892006 34
1754453848034 3.7079880860434105 35
1754453877395 3.8162152689763005 36
1754453907311 3.707414282726209 37
1754453929284 3.8154721722576785 38
1754453958023 3.7021368377446224 39
1754453986218 3.8046297012832597 40
1754454018030 3.7078155606872345 41
1754454046086 3.8035729345201994 42
1754454075448 3.7001577250693916 43
1754454105028 3.808037800290796 44
1754454137129 3.697245046740673 45
1754454167805 3.81733338541722 46
1754454195674 3.698372680357195 47
1754454227845 3.8129373461246088 48
1754454259607 3.703631872838162 49
1754454289231 3.8131582917987723 50
1754454317063 3.7049930272557345 51
1754454347748 3.8177589528973535 52
1754454376650 3.7069401906011685 53
1754454404275 3.824536217303775 54
1754454433339 3.712952357385278 55
1754454464711 3.8233270751623207 56
1754454493933 3.7103748799447707 57
1754454522311 3.8246178931802097 58
1754454553074 3.713377347021055 59
1754454580000 3.836828471370082 60
1754454608051 3.714653927208045 61
1754454639320 3.843692660644907 62
1754454670487 3.7163045163312947 63
1754454699663 3.846840645746806 64
1754454728035 3.7201338161836905 65
1754454758982 3.841977109085767 66
1754454788768 3.7213056145369783 67
1754454817637 3.8531671931584275 68
1754454849004 3.7236936067447486 69
1754454879974 3.8536616506109023 70
1754454908114 3.726143577122398 71
1754454937367 3.8635732800758102 72
1754454968233 3.7321768139855807 73
1754454997350 3.8655343819636667 74
1754455025466 3.7350982827341523 75
1754455055578 3.8677953680857433 76
1754455085017 3.738998861386025 77
1754455113013 3.8694431309554194 78
1754455142859 3.7418176469531264 79
1754455172684 3.8766931991158238 80
1754455203043 3.743061115381947 81
1754455232591 3.8735000495652083 82
1754455261434 3.7457549958707106 83
1754455291311 3.8777825799921373 84
1754455320324 3.7485648086838683 85
1754455349014 3.885061846905869 86
1754455374891 3.7475418560441778 87
1754455405491 3.8862375284554127 88
1754455430772 3.7522790081338653 89
1754455457733 3.884446553281497 90
1754455485952 3.752592220871125 91
1754455513930 3.890949806780212 92
1754455545171 3.753134405364906 93
1754455573697 3.8868057934388034 94
1754455604052 3.7557931075130204 95
1754455630211 3.8940317411039898 96
1754455659521 3.7590074232267 97
1754455686305 3.8994484522128214 98
1754455716353 3.7678761152772156 99
1754455744924 3.904456959915993 100
