1750282303778 0.011380628011297557 0
1750282376271 0.012377471340754278 1
1750282449735 0.018275461040039874 2
1750282523088 0.01628177438112643 3
1750282595489 0.011795979398571192 4
1750282668436 0.014537298554577173 5
1750282741029 0.013789666057484632 6
1750282813116 0.013540455225120452 7
1750282886763 0.012543611895663732 8
1750282961177 0.014288087722212992 9
1750283035195 0.01761089882040206 10
1750283109220 0.01761089882040206 11
1750283182979 0.01885695298222296 12
1750283232047 0.014371157999667719 13
1750283280941 0.02159827213822894 14
1750283330791 0.021515201860774213 15
1750283379974 0.021930553248047848 16
1750283428566 0.0208506396411364 17
1750283478491 0.01661405549094534 18
1750283527622 0.013374314670210998 19
1750283576427 0.012958963282937365 20
1750283626090 0.01204519023093537 21
