1750282303779 4.60486696797692 0
1750282376271 4.60418303236334 1
1750282449736 4.603503882759707 2
1750282523089 4.60284349035445 3
1750282595490 4.602051634004809 4
1750282668437 4.601376450928684 5
1750282741030 4.600628431227189 6
1750282813116 4.5999295552170745 7
1750282886764 4.599285803907506 8
1750282961178 4.5986068379032154 9
1750283035195 4.598035601118424 10
1750283109221 4.597354906955252 11
1750283182979 4.596688525523394 12
1750283232048 4.596395386422868 13
1750283280941 4.596012327138894 14
1750283330792 4.5955275511130305 15
1750283379975 4.5951834052688385 16
1750283428567 4.594755498437934 17
1750283478492 4.594404676873527 18
1750283527623 4.59409211683093 19
1750283576427 4.593657570258065 20
1750283626090 4.593258955840455 21
