1752321187384 0.1861007290086223 0
1752321286890 0.1486881545350257 1
1752321384123 0.22984124634570552 2
1752321484396 0.32426081486141434 3
1752321573835 0.3178403582133738 4
1752321664662 0.3809902675498649 5
1752321763260 0.3736446730562854 6
1752321854221 0.42772823150649447 7
1752321944774 0.37110979535950855 8
1752322038097 0.3708692595196684 9
1752322132169 0.452799467120601 10
1752322219349 0.4494319653628391 11
1752322312675 0.42016060392998555 12
1752322390255 0.43548088665211115 13
1752322493260 0.41744069866410094 14
1752322588333 0.3944972800947341 15
1752322674496 0.4328719979276912 16
1752322760095 0.44399215483106985 17
1752322846325 0.44040261999037855 18
1752322937057 0.43768271472449394 19
1752323032189 0.45200384857343745 20
1752323125068 0.4452133367871813 21
1752323217216 0.41427672723235764 22
1752323303236 0.42415719942271396 23
1752323395857 0.45711060948081267 24
1752323479395 0.4365170410391148 25
1752323568095 0.4818858009843467 26
1752323662965 0.47726011175665173 27
1752323755590 0.46242090071420644 28
1752323842920 0.43831180845946044 29
1752323937849 0.4419198460570625 30
1752324033418 0.4515412796506679 31
1752324132277 0.4679902305443511 32
1752324222364 0.46576989971505756 33
1752324307143 0.4742441623801946 34
1752324404905 0.46212485660363395 35
1752324498927 0.4523183954409207 36
1752324597835 0.4371831402879029 37
1752324687588 0.46856381600858527 38
1752324773776 0.47898086814935426 39
1752324871289 0.48517929171446544 40
1752324953123 0.47169078192650704 41
1752325054674 0.4743181734078378 42
1752325150441 0.4344262295081967 43
1752325236628 0.4874366280575806 44
1752325328727 0.44282648114569073 45
1752325417942 0.4751878029826444 46
1752325507783 0.4854013247973948 47
1752325605948 0.4619028235207046 48
1752325695007 0.47555785812086 49
1752325779005 0.4398845427968767 50
1752325866638 0.48423565111201566 51
1752325967807 0.46950745661103505 52
1752326060650 0.4672131147540984 53
1752326152035 0.43242793176183253 54
1752326245413 0.4916182511194168 55
1752326330394 0.4791103874477297 56
1752326432004 0.4892869037486586 57
1752326522985 0.4663434851792917 58
1752326613869 0.43905191873589167 59
1752326703792 0.409540021463198 60
1752326804440 0.4722088591200089 61
1752326898631 0.4877511749250638 62
1752326990460 0.4764089849387559 63
1752327081417 0.4800355252932687 64
1752327174983 0.4634940606150316 65
1752327275807 0.4689708766606224 66
1752327370051 0.46238389520038486 67
1752327457051 0.48793620249417163 68
1752327541058 0.4838655959738001 69
1752327624065 0.478499796469674 70
1752327720976 0.46826777189801283 71
1752327808619 0.4629759834215298 72
1752327894281 0.46403064056544424 73
1752327989832 0.4451393257595382 74
1752328093978 0.4877141694112423 75
1752328179007 0.4607371498353255 76
1752328271600 0.458424305221478 77
1752328369772 0.44621248566036337 78
1752328452972 0.4889353513673537 79
1752328543631 0.47411464308181916 80
1752328623506 0.49678052029752434 81
1752328713327 0.4907116160307886 82
1752328815467 0.47772268067942125 83
1752328909777 0.48786219146652854 84
1752328989550 0.47161677089886395 85
1752329083596 0.5035525293268697 86
1752329165564 0.46667653480368576 87
1752329255162 0.46175480146541836 88
1752329343943 0.4864189764274877 89
1752329439575 0.46060763053695003 90
1752329530300 0.4916182511194168 91
1752329618531 0.4732820190208341 92
1752329711610 0.5009251378455389 93
1752329795907 0.49158124560559524 94
1752329885135 0.4837545794323354 95
1752329962369 0.4861784405876476 96
1752330051872 0.4787403323095141 97
1752330145390 0.49777966917070643 98
1752330238767 0.494874736335714 99
1752330334875 0.4561669688783629 100
1752330427935 0.4846612145209636 101
1752330509130 0.4800170225363579 102
1752330600888 0.4935055323243163 103
1752330696318 0.49894534285608555 104
1752330798676 0.4734670465899419 105
1752330886072 0.4769455648891685 106
1752330977361 0.4680642415719942 107
1752331066432 0.4919513007438108 108
1752331160258 0.4878066831957962 109
1752331254797 0.487399622543759 110
1752331345998 0.49137771527957663 111
1752331443869 0.4764089849387559 112
1752331536962 0.4850312696591792 113
1752331636230 0.4509306886726122 114
1752331721665 0.47261591977204603 115
1752331809255 0.4677311919476002 116
1752331915602 0.4880472190356363 117
1752332008165 0.5006105909780557 118
1752332100922 0.482533397476224 119
1752332196457 0.47411464308181916 120
1752332289872 0.4867520260518817 121
1752332379620 0.5061799208082004 122
1752332460061 0.46828627465492356 123
1752332555677 0.4715612626281316 124
1752332641955 0.4861784405876476 125
1752332723418 0.47524331125337677 126
1752332814092 0.48443918143803427 127
1752332904494 0.4634570551012101 128
1752332996662 0.4940791177885505 129
1752333087567 0.4987233097731562 130
1752333185501 0.4967065092698812 131
1752333275680 0.48573437442178885 132
1752333365982 0.4757798912037894 133
1752333460091 0.4904340746771269 134
1752333558193 0.47774118343633204 135
1752333656463 0.48421714835510493 136
1752333756756 0.47970247566887464 137
1752333846966 0.4813122155201125 138
1752333948228 0.49219183658365095 139
1752334046160 0.47231987566147354 140
1752334137786 0.4871035784331865 141
1752334229168 0.5050142471228213 142
1752334324953 0.4868445398364356 143
1752334426502 0.4879547052510824 144
1752334521753 0.46678755134515043 145
1752334621086 0.46917440698664103 146
1752334705907 0.4923768641527588 147
1752334807408 0.4803130666469304 148
1752334909834 0.5003515523813048 149
1752334993340 0.4719128150094364 150
1752335080081 0.5095844280797839 151
1752335182037 0.46428967916219516 152
1752335272392 0.4911371794397365 153
1752335374893 0.45929393479628466 154
1752335467857 0.4978721829552603 155
1752335561644 0.4944676756836769 156
1752335648930 0.4565370240165785 157
1752335742789 0.4818487954705251 158
1752335843538 0.491766273174703 159
1752335942859 0.4992783924804796 160
1752336028584 0.5011471709284684 161
1752336126530 0.48447618695185585 162
1752336220513 0.48110868519409394 163
1752336323452 0.445990452577434 164
1752336411581 0.47661251526477444 165
1752336504860 0.5020723087740073 166
1752336597406 0.43002257336343114 167
1752336696073 0.4993339007512119 168
1752336789322 0.49304296340154685 169
1752336882830 0.4905265884616808 170
1752336977724 0.4816822706583281 171
1752337068724 0.5061429152943788 172
1752337155216 0.5058468711838063 173
1752337245850 0.49567035488287753 174
1752337335246 0.494208637086926 175
1752337432323 0.4858453909632535 176
1752337518018 0.49548532731376976 177
1752337619031 0.4866040039965955 178
1752337716986 0.4797949894534286 179
1752337817226 0.501258187469933 180
1752337907422 0.4933390075121193 181
1752337999616 0.4751137919550013 182
1752338088302 0.5040521037634608 183
1752338176708 0.5021463198016505 184
1752338260502 0.4917107649039707 185
1752338359102 0.4377567257521371 186
1752338461380 0.4755393553639492 187
1752338550766 0.48976797542833883 188
1752338639353 0.49084113532916407 189
1752338739249 0.47165377641268547 190
1752338838898 0.48967546164378495 191
1752338924161 0.5061614180512897 192
1752339014171 0.49459719498205235 193
1752339104912 0.4968730340820782 194
1752339196339 0.5022758391000259 195
1752339292099 0.4928949413462606 196
1752339379654 0.47936942604448063 197
1752339477192 0.5064944676756836 198
1752339569121 0.5111571624172002 199
1752339667906 0.4844021759242127 200
