1752321187385 2.207956328479869 0
1752321286891 2.1968858499512263 1
1752321384123 2.206965070143691 2
1752321484397 2.0444164992970473 3
1752321573835 2.070945362123938 4
1752321664663 2.0642644265614485 5
1752321763261 2.106584742834347 6
1752321854222 2.1152008694123516 7
1752321944775 2.2379018720865154 8
1752322038098 2.2232340746513612 9
1752322132170 2.186904590370666 10
1752322219350 2.2033594737672004 11
1752322312676 2.2981196116056415 12
1752322390255 2.2606316411091685 13
1752322493261 2.3081434611204297 14
1752322588334 2.4220633798467155 15
1752322674496 2.3568196897426286 16
1752322760096 2.4054403775206747 17
1752322846326 2.3756523991955136 18
1752322937057 2.460936500778128 19
1752323032190 2.450341753184022 20
1752323125068 2.458989753613925 21
1752323217217 2.5307035929511783 22
1752323303237 2.619551439789272 23
1752323395858 2.570020976202346 24
1752323479396 2.5910981917978275 25
1752323568096 2.6102546756391094 26
1752323662965 2.5543997131420633 27
1752323755591 2.562144856464717 28
1752323842921 2.66781971706749 29
1752323937850 2.6955255150948743 30
1752324033419 2.5809384013701724 31
1752324132278 2.643343098813397 32
1752324222365 2.634794862262478 33
1752324307144 2.6681513968658255 34
1752324404906 2.671786473678257 35
1752324498928 2.667337971515921 36
1752324597836 2.670777112578314 37
1752324687589 2.670471267114681 38
1752324773777 2.783233139448552 39
1752324871290 2.692121399810349 40
1752324953124 2.705961331320111 41
1752325054674 2.7334686856668298 42
1752325150442 2.8316901013880047 43
1752325236629 2.7545555578081906 44
1752325328728 2.783430465543014 45
1752325417943 2.7256216989797033 46
1752325507784 2.722151870600882 47
1752325605949 2.7110907757089278 48
1752325695007 2.729501885826572 49
1752325779006 2.829566813605076 50
1752325866639 2.770905166558434 51
1752325967808 2.76379258591369 52
1752326060651 2.7605180578798274 53
1752326152036 2.896361757932599 54
1752326245414 2.8287041193626856 55
1752326330395 2.777956593109892 56
1752326432005 2.799882489524363 57
1752326522986 2.839225670622384 58
1752326613870 2.8008383636713408 59
1752326703793 2.946729431861856 60
1752326804440 2.7844712495575488 61
1752326898632 2.748634238267801 62
1752326990461 2.848267703654149 63
1752327081418 2.891402925550972 64
1752327174984 2.8144734416607826 65
1752327275808 2.854438358358719 66
1752327370052 2.831111790379585 67
1752327457052 2.889849584771487 68
1752327541059 2.8720150146810393 69
1752327624066 2.7940171658397266 70
1752327720977 2.8523184880531307 71
1752327808620 2.828507030910508 72
1752327894282 2.8933776719772335 73
1752327989833 2.926813425809193 74
1752328093979 2.9823189946974895 75
1752328179008 2.999632666876446 76
1752328271601 2.873331475527979 77
1752328369773 2.852352891413637 78
1752328452973 2.8703262790077155 79
1752328543632 2.792022928369292 80
1752328623507 2.816821808127244 81
1752328713328 3.0148019498004706 82
1752328815468 2.8553314652219766 83
1752328909778 2.8184509344452042 84
1752328989551 2.8327977082367415 85
1752329083597 2.988832844036915 86
1752329165565 2.8975201960316896 87
1752329255163 2.867291320669601 88
1752329343944 2.9080787533950794 89
1752329439576 2.8503931746602915 90
1752329530300 2.880196657915604 91
1752329618532 2.8709667836967867 92
1752329711611 2.9800363173203137 93
1752329795908 2.8997539649689634 94
1752329885136 2.942800831672752 95
1752329962370 2.9650902392123673 96
1752330051873 2.9085630997989043 97
1752330145391 2.9853397450667347 98
1752330238768 2.9066526421483756 99
1752330334876 2.90615013241991 100
1752330427935 2.885293447383726 101
1752330509131 2.9012390767570455 102
1752330600889 2.99621662328006 103
1752330696318 2.9378882229178114 104
1752330798677 2.9580436704879456 105
1752330886073 2.9485135028514033 106
1752330977362 2.8315025782117327 107
1752331066433 2.903693505965258 108
1752331160259 2.9033925266356304 109
1752331254798 2.9218970182887243 110
1752331345999 2.8135834215152276 111
1752331443870 2.8354791717591357 112
1752331536963 2.832046665029239 113
1752331636231 2.9561246659841762 114
1752331721666 2.8964724565792763 115
1752331809256 2.9965986442312427 116
1752331915603 2.8436643460762543 117
1752332008166 2.905761513644861 118
1752332100923 2.9329056931330024 119
1752332196457 2.884730129945158 120
1752332289873 2.7992625836073635 121
1752332379621 3.0359468171685453 122
1752332460061 2.8554481233750044 123
1752332555678 2.887678522313689 124
1752332641956 2.8746686815839286 125
1752332723419 2.8497111946110367 126
1752332814092 2.887204882607836 127
1752332904495 2.9027794001843388 128
1752332996662 2.8880299088519603 129
1752333087568 2.910515150068945 130
1752333185502 2.8951281556589747 131
1752333275681 2.9554891396883436 132
1752333365982 2.867832212072833 133
1752333460092 2.8637398519641035 134
1752333558194 2.9014043697769836 135
1752333656463 2.8677235370988736 136
1752333756757 2.847536934384016 137
1752333846966 2.9982982808248897 138
1752333948229 2.9636373283799347 139
1752334046161 2.8438777119171883 140
1752334137787 2.946167933933273 141
1752334229169 3.1053407603642222 142
1752334324954 2.945840860448937 143
1752334426503 2.843546636798887 144
1752334521754 2.86749331438657 145
1752334621087 2.8576347957241666 146
1752334705908 2.8919039549664975 147
1752334807409 2.8804552216875545 148
1752334909835 2.8803340757690834 149
1752334993341 2.9439737807731596 150
1752335080081 3.0064803522340684 151
1752335182038 2.871009000866399 152
1752335272393 2.875322681927754 153
1752335374894 2.963329602514021 154
1752335467858 2.9674630679126115 155
1752335561645 2.9631766497795495 156
1752335648931 3.0555325680210204 157
1752335742790 3.012689803925867 158
1752335843539 2.8715599301879564 159
1752335942860 2.9568731061042555 160
1752336028584 3.0012843040171218 161
1752336126531 2.843861376368572 162
1752336220514 2.931597942254536 163
1752336323453 2.9497822397086284 164
1752336411582 2.8458672568331145 165
1752336504860 2.854676025359768 166
1752336597407 2.967709887553775 167
1752336696074 2.889992196440526 168
1752336789323 2.9374616256548616 169
1752336882831 2.779522033889006 170
1752336977725 2.907853100128344 171
1752337068725 2.906266553600775 172
1752337155217 2.932131728581468 173
1752337245851 2.859863775311721 174
1752337335247 2.8348904963329344 175
1752337432324 2.9271048645978843 176
1752337518019 3.017331804545824 177
1752337619031 2.953553182066412 178
1752337716986 2.920898698809577 179
1752337817227 2.8867935449336817 180
1752337907423 2.9980891398651384 181
1752337999617 2.983560490267844 182
1752338088303 2.9987398862349033 183
1752338176709 2.9433439635035077 184
1752338260503 2.941769915683746 185
1752338359103 3.0197185235959645 186
1752338461381 2.889403885201684 187
1752338550767 2.8703864609171945 188
1752338639354 2.9452744585249815 189
1752338739250 2.907622055652919 190
1752338838899 3.025243088470048 191
1752338924162 3.021914591165666 192
1752339014171 3.017420619540314 193
1752339104913 3.00735961674681 194
1752339196340 2.913109405872061 195
1752339292099 2.907073807351764 196
1752339379655 2.974361706800101 197
1752339477193 2.9390685715086033 198
1752339569121 3.043547360172969 199
1752339667907 2.866570270585066 200
