1753388135584 4.619892991055155 0
1753388142888 4.595574429226603 1
1753388149724 4.564401916216882 2
1753388156878 4.529539742756411 3
1753388164254 4.500591398488077 4
1753388171027 4.477823630958708 5
1753388177015 4.442760089256524 6
1753388183642 4.418735902416651 7
1753388190714 4.3900768453707055 8
1753388196866 4.358093528649345 9
1753388204014 4.333768948781085 10
1753388210276 4.312098974137308 11
1753388216611 4.292770857167575 12
1753388223804 4.260694494213363 13
1753388230669 4.231182289604582 14
1753388237592 4.217278301791015 15
1753388244527 4.20506145223543 16
1753388251084 4.199823480836981 17
1753388257813 4.1835152427405555 18
1753388264799 4.168871125036451 19
1753388271581 4.1618563654343586 20
1753388278435 4.13218430913562 21
1753388285062 4.127242038108662 22
1753388291611 4.1135520378848796 23
1753388298985 4.101943754107574 24
1753388306207 4.078015045590539 25
1753388313428 4.072037416578793 26
1753388320459 4.064290603703438 27
1753388326806 4.042825070686228 28
1753388333724 4.04188559064348 29
1753388340933 4.020865330028654 30
1753388347569 4.009675215953235 31
1753388353921 4.001232192916197 32
1753388360213 3.995007376853234 33
1753388366396 3.992636916265612 34
1753388372301 3.9758620312756077 35
1753388378749 3.9782996479830555 36
1753388385546 3.9525915488018213 37
1753388391831 3.96530828720484 38
1753388397697 3.94753263662121 39
1753388404579 3.940743427659444 40
1753388411515 3.9341242903668925 41
1753388418042 3.9321969835985704 42
1753388424099 3.924637427596597 43
1753388430915 3.9190928519598924 44
1753388437913 3.893319848857541 45
1753388444595 3.9059373649943523 46
1753388451262 3.9019750285018335 47
1753388458125 3.885236688299608 48
1753388464974 3.871001920563777 49
1753388471808 3.8650487173550667 50
1753388477532 3.8529595476882506 51
1753388483964 3.8474876595024505 52
1753388490856 3.8421134334143696 53
1753388497107 3.8368827809100896 54
1753388503080 3.8417219328950463 55
1753388510303 3.8267989440743992 56
1753388517106 3.82540214089297 57
1753388523618 3.8082812660980143 58
1753388529524 3.805398824386308 59
1753388536500 3.7942579917769415 60
1753388543046 3.788195067240742 61
1753388550459 3.779518123583014 62
1753388556966 3.7830792802529656 63
1753388563167 3.7828734642119404 64
1753388569706 3.763134164687915 65
1753388576803 3.7695419049002434 66
1753388583832 3.7658319078407754 67
1753388590749 3.770640181613199 68
1753388597187 3.774413223675491 69
1753388603046 3.74732957173416 70
1753388610213 3.7529257882438123 71
1753388617144 3.739531926268938 72
1753388623678 3.7460543810193805 73
1753388630838 3.731477580585616 74
1753388637751 3.72665871517555 75
1753388643849 3.723578663772272 76
1753388650991 3.7181832009927223 77
1753388657655 3.711478893498304 78
1753388664554 3.707134230916567 79
1753388671502 3.70282484298496 80
1753388678042 3.6978780486444407 81
1753388684721 3.7044085180022828 82
1753388691113 3.6927052370486715 83
1753388697452 3.682736019544012 84
1753388704518 3.6920277669230344 85
1753388710614 3.698675782578289 86
1753388717464 3.682993795326549 87
1753388723961 3.6598024309157524 88
1753388731271 3.668076385215031 89
1753388738247 3.653173878344231 90
1753388745032 3.664754637578497 91
1753388751715 3.6481097706880528 92
1753388758645 3.645761830358758 93
1753388765598 3.6443500305835617 94
1753388772579 3.635157728205212 95
1753388779047 3.6404592928239006 96
1753388785493 3.6301869048998103 97
1753388792192 3.6262327836761457 98
1753388798821 3.63068419920391 99
1753388805913 3.6185084806615038 100
