1753738518786 0.029489948496427977 0
1753738546282 0.04111978734008972 1
1753738558788 0.06321648114304702 2
1753738571714 0.09038046187074265 3
1753738599348 0.10832364180096361 4
1753738623399 0.12427313507227114 5
1753738638161 0.14769895331450408 6
1753738656849 0.1602425652101678 7
1753738686259 0.17818574514038876 8
1753738702173 0.17693969097856788 9
1753738734491 0.1953812925735172 10
1753738762502 0.20983552085063964 11
1753738781042 0.2168134241568367 12
1753738808132 0.22603422495431136 13
1753738831463 0.23625186908124274 14
1753738852821 0.24131915600598106 15
1753738872952 0.24032231267652435 16
1753738898886 0.24040538295397906 17
1753738927140 0.24497424821398903 18
1753738956522 0.2606745306529324 19
1753738970917 0.2622528659245722 20
1753739004423 0.2648280445256687 21
1753739021285 0.2650772553580329 22
1753739040206 0.2704768233925901 23
1753739074305 0.2692307692307692 24
1753739094257 0.27554411031732845 25
1753739111288 0.2803621864097026 26
1753739128682 0.2766240239242399 27
1753739145879 0.2840172786177106 28
1753739162645 0.2871739491609902 29
1753739180162 0.28393420834025584 30
1753739196954 0.28734008971589964 31
1753739215251 0.28700780860608077 32
1753739233709 0.28692473832862603 33
1753739252879 0.2877554411031733 34
1753739268754 0.28426648945007477 35
1753739287787 0.28725701943844495 36
1753739305410 0.2909121116464529 37
1753739321728 0.29066290081408874 38
1753739339060 0.29348729024754944 39
1753739355561 0.2987207177271972 40
1753739374085 0.2980561555075594 41
1753739394360 0.3002159827213823 42
1753739411487 0.2981392257850141 43
1753739429734 0.30445256687157335 44
1753739445287 0.2977238743977405 45
1753739464179 0.2995514205017445 46
1753739481020 0.30387107492939025 47
1753739498425 0.3011297557733843 48
1753739515186 0.30320651270975246 49
1753739531657 0.3009636152184748 50
1753739543504 0.3037049343744808 51
1753739554741 0.3027911613224788 52
1753739567517 0.305781691310849 53
1753739579233 0.3041202857617544 54
1753739591494 0.30819072935703606 55
1753739602818 0.3055324804784848 56
1753739612160 0.3071108157501246 57
1753739624944 0.30827379963449075 58
1753739636981 0.31126432962286094 59
1753739647759 0.30877222129921916 60
1753739659934 0.30561555075593955 61
1753739672347 0.30877222129921916 62
1753739682852 0.3083568699119455 63
1753739695258 0.31184582156504403 64
1753739706420 0.31101511879049676 65
1753739718600 0.31201196211995347 66
1753739730208 0.31143047017777037 67
1753739743657 0.3093537132414022 68
1753739754705 0.3116796810101346 69
1753739766555 0.313673367669048 70
1753739778633 0.31458714072105 71
1753739789315 0.31201196211995347 72
1753739802102 0.31242731350722713 73
1753739814871 0.31558398405050675 74
1753739827745 0.31467021099850473 75
1753739834590 0.3177438112643296 76
1753739840843 0.3174946004319654 77
1753739848156 0.31658082737996346 78
1753739854874 0.3167469679348729 79
1753739861944 0.3141717893337764 80
1753739868174 0.3169131084897824 81
1753739875246 0.3220634656919754 82
1753739882113 0.3217311845821565 83
1753739888434 0.32056820069779035 84
1753739895875 0.3176607409868749 85
1753739903086 0.32081741153015453 86
1753739909400 0.31724538959960125 87
1753739916423 0.32156504402724706 88
1753739923165 0.32397408207343414 89
1753739930098 0.3227280279116132 90
1753739936722 0.32239574680179434 91
1753739943424 0.3230603090214321 92
1753739950488 0.3234756604087058 93
1753739957242 0.32480478484798136 94
1753739964257 0.32621697956471174 95
1753739971246 0.3203189898654262 96
1753739978191 0.32405715235088883 97
1753739984414 0.3214819737497923 98
1753739991635 0.3235587306861605 99
1753739998019 0.32123276291742814 100
