1753738518787 4.5048608807968265 0
1753738546283 4.376434719176691 1
1753738558789 4.249659024802212 2
1753738571715 4.120996780333373 3
1753738599349 4.035591812482548 4
1753738623400 3.9344864383421307 5
1753738638162 3.8600673974186694 6
1753738656850 3.782336709553477 7
1753738686260 3.7300699255255 8
1753738702174 3.6763089785509724 9
1753738734492 3.6533558232887495 10
1753738762503 3.63472722096822 11
1753738781043 3.601133079677131 12
1753738808133 3.5569435830324725 13
1753738831464 3.5294907681828738 14
1753738852822 3.531402757384287 15
1753738872953 3.547848081553669 16
1753738898887 3.5418716033199544 17
1753738927141 3.530122255968316 18
1753738956523 3.508415567945061 19
1753738970918 3.5301944455488132 20
1753739004424 3.4996584021979995 21
1753739021286 3.5087958932073238 22
1753739040207 3.4917991602806646 23
1753739074306 3.4977491836479704 24
1753739094258 3.4801248086506003 25
1753739111289 3.4915014521797048 26
1753739128683 3.5017038708902697 27
1753739145880 3.4743157711761645 28
1753739162646 3.4422013622314402 29
1753739180163 3.431776541504052 30
1753739196955 3.412719760235742 31
1753739215253 3.4115837509013764 32
1753739233710 3.436182108169446 33
1753739252880 3.424446260881504 34
1753739268755 3.4057767347735286 35
1753739287788 3.427622148197907 36
1753739305412 3.390125166084547 37
1753739321729 3.387768248554136 38
1753739339061 3.401875197448967 39
1753739355562 3.3788595600081073 40
1753739374086 3.408173695638832 41
1753739394361 3.3948675136122195 42
1753739411488 3.3871832408039144 43
1753739429735 3.384565210006677 44
1753739445288 3.3770629937857226 45
1753739464181 3.3814928922872673 46
1753739481021 3.369732304637098 47
1753739498426 3.3543271255397955 48
1753739515187 3.3446540125231126 49
1753739531659 3.347275921605925 50
1753739543505 3.3324613965650025 51
1753739554742 3.3362110586615357 52
1753739567519 3.3189534258571878 53
1753739579234 3.3060137773447047 54
1753739591495 3.3145744728535953 55
1753739602819 3.301500599892413 56
1753739612162 3.319354437595408 57
1753739624945 3.291717206795409 58
1753739636982 3.2826906176939286 59
1753739647760 3.264060235990602 60
1753739659935 3.268610403386421 61
1753739672348 3.267314854265512 62
1753739682853 3.273437126193191 63
1753739695259 3.2755104780648123 64
1753739706422 3.275370072133404 65
1753739718601 3.260792549929733 66
1753739730209 3.254878891245965 67
1753739743658 3.2608039336903047 68
1753739754706 3.2685315493852864 69
1753739766556 3.2686467558809467 70
1753739778634 3.256169458718899 71
1753739789316 3.228027213704641 72
1753739802103 3.237098929522768 73
1753739814872 3.2282796864401346 74
1753739827746 3.238636868341523 75
1753739834591 3.1909138287576924 76
1753739840844 3.1809704338504567 77
1753739848157 3.1639514679716334 78
1753739854875 3.154340874640167 79
1753739861945 3.152419194021662 80
1753739868175 3.144009905985896 81
1753739875247 3.167190475278965 82
1753739882114 3.1524433380618424 83
1753739888435 3.1388884398580448 84
1753739895876 3.125790819531982 85
1753739903087 3.1398398804534327 86
1753739909401 3.1193287758428343 87
1753739916424 3.11005058942246 88
1753739923166 3.120406406198344 89
1753739930099 3.09211035687265 90
1753739936723 3.1082773519920273 91
1753739943425 3.10874311141153 92
1753739950489 3.110472935257764 93
1753739957243 3.106573403670839 94
1753739964258 3.1068395781336635 95
1753739971247 3.102891426193659 96
1753739978193 3.097653640135841 97
1753739984415 3.0952981216108766 98
1753739991636 3.095112644333256 99
1753739998020 3.083088840003673 100
