1750968764904 0.03588635986044193 0
1750968787249 0.07742149858780528 1
1750968810775 0.10940355540787507 2
1750968834700 0.12742980561555076 3
1750968857450 0.1359860441933876 4
1750968879765 0.16755274962618374 5
1750968902378 0.18059478318657585 6
1750968924306 0.19812261172952317 7
1750968946816 0.20734341252699784 8
1750968971028 0.21606579165974416 9
1750968994150 0.22952317660740987 10
1750969017740 0.2414022262834358 11
1750969042973 0.2452234590463532 12
1750969059169 0.2571025087223791 13
1750969075352 0.26183751453729853 14
1750969090855 0.26557567702276125 15
1750969105900 0.27055989367004485 16
1750969121512 0.2742149858780528 17
1750969137905 0.2806113972420668 18
1750969153091 0.28310350556570857 19
1750969168374 0.28077753779697623 20
1750969183320 0.28833693304535635 21
1750969199182 0.2862601761089882 22
1750969215320 0.2935703605250041 23
1750969231808 0.2902475494268151 24
1750969246999 0.29764080412028576 25
1750969259573 0.2973915932879216 26
1750969271628 0.2971423824555574 27
1750969284286 0.2997175610566539 28
1750969296891 0.30727695630503404 29
1750969309215 0.3091875726864928 30
1750969322145 0.3076923076923077 31
1750969334144 0.30503405881375645 32
1750969346175 0.30561555075593955 33
1750969358170 0.3031234424322977 34
1750969370121 0.31226117295231764 35
1750969382159 0.308523010466855 36
1750969394267 0.31342415683668384 37
1750969406286 0.3143379298886858 38
1750969415321 0.31458714072105 39
1750969424441 0.32056820069779035 40
1750969433502 0.3192390762585147 41
1750969442727 0.31658082737996346 42
1750969451961 0.3184914437614222 43
1750969461243 0.31982056820069776 44
1750969470377 0.31824223292905796 45
1750969479597 0.3179099518192391 46
1750969488680 0.3216481143047018 47
1750969497850 0.32023591958797143 48
1750969506934 0.32214653596943016 49
1750969516136 0.3197374979232431 50
