1750968764904 4.505389512662579 0
1750968787250 4.275892214346152 1
1750968810776 4.041229410450115 2
1750968834701 3.8577266197437097 3
1750968857451 3.7329147827630287 4
1750968879766 3.5434390768978763 5
1750968902379 3.4059964813771195 6
1750968924306 3.277731247913341 7
1750968946816 3.183275523056449 8
1750968971028 3.106622409800513 9
1750968994151 3.0181150294342376 10
1750969017741 2.9501493340181972 11
1750969042974 2.930510613987455 12
1750969059169 2.8550520958570735 13
1750969075353 2.8291228402307325 14
1750969090855 2.797321613369092 15
1750969105900 2.7609611185547083 16
1750969121513 2.7441646230726895 17
1750969137906 2.720838435323061 18
1750969153092 2.6858451757525237 19
1750969168375 2.689049785028941 20
1750969183321 2.6446812414055665 21
1750969199183 2.6411365182548074 22
1750969215321 2.6145404193796193 23
1750969231809 2.600806545727691 24
1750969247000 2.5648252724999887 25
1750969259573 2.555607395895693 26
1750969271629 2.561817462565068 27
1750969284287 2.535497273051874 28
1750969296892 2.512767279371087 29
1750969309215 2.5076369704344335 30
1750969322146 2.5053856707185496 31
1750969334145 2.4954757368729967 32
1750969346176 2.491102642988447 33
1750969358171 2.481812537868968 34
1750969370122 2.4546353920085333 35
1750969382160 2.460979915444417 36
1750969394268 2.438250530174471 37
1750969406286 2.4315146441943707 38
1750969415322 2.4234360516722737 39
1750969424442 2.406511763631421 40
1750969433502 2.403030108283076 41
1750969442727 2.4158221530082495 42
1750969451962 2.3987669290590308 43
1750969461244 2.3963573665967655 44
1750969470378 2.39571027168961 45
1750969479597 2.397682840255891 46
1750969488681 2.388134669435781 47
1750969497851 2.381650967951731 48
1750969506934 2.37296791337728 49
1750969516137 2.3768697644718157 50
