1751884125091 0.20256836659275684 0
1751884218767 0.2534922394678492 1
1751884313270 0.2699926090169993 2
1751884401293 0.2908167036215817 3
1751884497387 0.3139320029563932 4
1751884586350 0.3380820399113082 5
1751884677821 0.3525683665927568 6
1751884766314 0.34482631189948265 7
1751884853659 0.38593865484109385 8
1751884943470 0.38205838876570586 9
1751885029764 0.40465631929046564 10
1751885119592 0.4154841093865484 11
1751885208194 0.4100332594235033 12
1751885303368 0.41936437546193644 13
1751885392123 0.4210088691796009 14
1751885482635 0.4306171470805617 15
1751885573639 0.4347560975609756 16
1751885669055 0.4319660014781966 17
1751885760351 0.43586474501108646 18
1751885846059 0.44490022172949 19
1751885935986 0.4530118255728012 20
1751886020761 0.4506282335550628 21
1751886112242 0.4469327420546933 22
1751886206461 0.4570583887657058 23
1751886299486 0.45299334811529934 24
1751886394690 0.4571507760532151 25
1751886493628 0.45740946045824094 26
1751886584035 0.46197339246119734 27
1751886668006 0.46402439024390246 28
1751886763407 0.46274944567627496 29
1751886852873 0.4660569105691057 30
1751886947327 0.4649852180339985 31
1751887035380 0.4661308203991131 32
1751887119534 0.468810051736881 33
1751887205519 0.4740761271249076 34
1751887294939 0.4732261640798226 35
1751887387375 0.4707132298595713 36
1751887483025 0.4787509238728751 37
1751887573442 0.4734663710273466 38
1751887659127 0.46433850702143387 39
1751887754705 0.48322246858832224 40
1751887838242 0.47311529933481156 41
1751887929174 0.48342572062084255 42
1751888011036 0.4840169992609017 43
1751888102547 0.4725240206947524 44
1751888197531 0.4816149297856615 45
1751888289688 0.4819105691056911 46
1751888375448 0.4849039172209904 47
1751888462034 0.4829637841832964 48
1751888552423 0.4827420546932742 49
1751888646957 0.4811160384331116 50
1751888701076 0.4897450110864745 51
1751888757844 0.4864929785661493 52
1751888819638 0.49277531411677755 53
1751888878645 0.4921470805617147 54
1751888937032 0.4921655580192166 55
1751888989832 0.48941241685144127 56
1751889052484 0.4967110125646711 57
1751889110121 0.4915558019216556 58
1751889164504 0.49351441241685146 59
1751889219163 0.4891906873614191 60
1751889275137 0.4903547671840355 61
1751889329515 0.4893569844789357 62
1751889386868 0.4913155949741316 63
1751889440786 0.4872135994087214 64
1751889493386 0.4903917220990392 65
1751889548997 0.4929970436067997 66
1751889605994 0.49358832224685883 67
1751889659841 0.4969142645971914 68
1751889716440 0.49486326681448634 69
1751889775660 0.4932187730968219 70
1751889830543 0.49329268292682926 71
1751889891379 0.4923688100517369 72
1751889949211 0.49719142645971914 73
1751890002528 0.49571322985957134 74
1751890058918 0.5001662971175166 75
1751890111533 0.49486326681448634 76
1751890165793 0.4973392461197339 77
1751890224782 0.48915373244641536 78
1751890277786 0.4977827050997783 79
1751890329725 0.5023466371027346 80
1751890386137 0.4955469327420547 81
1751890442284 0.49223946784922396 82
1751890495682 0.5018292682926829 83
1751890548506 0.5000923872875093 84
1751890606951 0.4990391722099039 85
1751890657822 0.49730229120473024 86
1751890712486 0.5036954915003695 87
1751890763613 0.4977827050997783 88
1751890817397 0.5020879526977088 89
1751890872945 0.49698817442719884 90
1751890934259 0.49881744271988177 91
1751890990121 0.5039726533628973 92
1751891046533 0.4984109386548411 93
1751891102892 0.49839246119733926 94
1751891160296 0.5002586844050259 95
1751891216446 0.4973762010347376 96
1751891271647 0.500480413895048 97
1751891330796 0.50169992609017 98
1751891384471 0.5030857354028085 99
1751891443091 0.5050443458980044 100
1751891488714 0.5076311899482632 101
1751891531601 0.5052291204730229 102
1751891575040 0.5060421286031042 103
1751891616879 0.5050073909830007 104
1751891659355 0.5030672579453067 105
1751891700684 0.5079822616407982 106
1751891739121 0.5102919438285292 107
1751891778304 0.5029933481152994 108
1751891818856 0.5058758314855876 109
1751891861522 0.5094604582409461 110
1751891902284 0.5097560975609756 111
1751891944148 0.5082963784183296 112
1751891989140 0.5084626755358462 113
1751892029768 0.5082039911308204 114
1751892073756 0.5112158167036216 115
1751892116953 0.5115299334811529 116
1751892155831 0.508019216555802 117
1751892193394 0.5075572801182557 118
1751892233732 0.5101810790835181 119
1751892275983 0.5135070214338507 120
1751892318108 0.5058203991130821 121
1751892360188 0.5083887657058389 122
1751892398802 0.5098484848484849 123
1751892442029 0.5066888396156689 124
1751892485196 0.509719142645972 125
1751892527822 0.5149482631189948 126
1751892570619 0.513950480413895 127
1751892611873 0.513710273466371 128
1751892651181 0.509959349593496 129
1751892692139 0.5074279379157428 130
1751892734997 0.5042313377679232 131
1751892779354 0.5118625277161862 132
1751892820097 0.5095158906134516 133
1751892863223 0.5115299334811529 134
1751892905431 0.5116962305986696 135
1751892948953 0.5128048780487805 136
1751892992301 0.512860310421286 137
1751893033647 0.5155764966740577 138
1751893074312 0.5159460458240946 139
1751893112536 0.5096637102734664 140
1751893153316 0.5104767184035477 141
1751893193942 0.5131929046563193 142
1751893234484 0.5104767184035477 143
1751893278427 0.5117147080561715 144
1751893321669 0.5118255728011826 145
1751893362810 0.5136548410938655 146
1751893405664 0.5139874353288988 147
1751893446568 0.5141537324464154 148
1751893490175 0.5144124168514412 149
1751893532452 0.510310421286031 150
1751893559874 0.5109386548410939 151
1751893587524 0.5158721359940872 152
1751893615027 0.5221914264597192 153
1751893642596 0.5125646711012565 154
1751893669802 0.5204175905395417 155
1751893695576 0.5210273466371027 156
1751893722451 0.5237804878048781 157
1751893749352 0.5240761271249076 158
1751893776313 0.5226718403547672 159
1751893803650 0.5226348854397634 160
1751893831636 0.5185144124168515 161
1751893859421 0.5240946045824094 162
1751893888351 0.5246858832224686 163
1751893916581 0.5200110864745011 164
1751893945215 0.5241869918699187 165
1751893973381 0.5229120473022912 166
1751894000892 0.5249445676274944 167
1751894028419 0.5298041389504804 168
1751894056336 0.5220066518847006 169
1751894084803 0.5197339246119734 170
1751894112454 0.5209164818920916 171
1751894140093 0.5289541759053954 172
1751894167228 0.5299334811529933 173
1751894195021 0.5263673318551367 174
1751894222972 0.527069475240207 175
1751894250651 0.5271803399852181 176
1751894278498 0.5245934959349593 177
1751894306656 0.5257575757575758 178
1751894334026 0.5217664449371766 179
1751894361502 0.523059866962306 180
1751894389388 0.527919438285292 181
1751894416816 0.5295639320029564 182
1751894444636 0.5286215816703621 183
1751894473323 0.5279563932002956 184
1751894500536 0.5197524020694753 185
1751894528334 0.5300258684405026 186
1751894557378 0.5255912786400592 187
1751894585104 0.5270325203252032 188
1751894612525 0.5259977827050998 189
1751894639843 0.5321138211382114 190
1751894667125 0.5302660753880266 191
1751894693921 0.5279933481152993 192
1751894720484 0.5302660753880266 193
1751894747393 0.5289911308203991 194
1751894775555 0.5293422025129342 195
1751894803012 0.526090169992609 196
1751894831021 0.5269955654101995 197
1751894859500 0.5328898743532889 198
1751894887556 0.5249630450849962 199
1751894915281 0.5271064301552106 200
