1754353937401 0.19133700921437294 0
1754353972529 0.23526255412056396 1
1754354012827 0.32050475520852606 2
1754354048376 0.326222107093957 3
1754354094233 0.3782888650408911 4
1754354137102 0.335880546201384 5
1754354173010 0.40632054176072235 6
1754354220327 0.37514339636605853 7
1754354258633 0.41279650667949525 8
1754354297939 0.4196055212226622 9
1754354340151 0.4285423528105688 10
1754354377795 0.4202716204714502 11
1754354416240 0.4543166931872849 12
1754354452667 0.46575139695814677 13
1754354488195 0.4546312400547682 14
1754354528285 0.45938644858083855 15
1754354573088 0.47013655034600155 16
1754354613821 0.4729304666395293 17
1754354650488 0.4770565814306332 18
1754354686369 0.4672501202679199 19
1754354738448 0.4694519483403027 20
1754354778023 0.47318950523628023 21
1754354817649 0.48205232579654367 22
1754354854612 0.4841431373274618 23
1754354891076 0.4847537283055175 24
1754354930524 0.49154424009177367 25
1754354966328 0.47590941050216484 26
1754355005268 0.48912037893646154 27
1754355046702 0.49713207267882914 28
1754355083580 0.4880472190356363 29
1754355116611 0.4820338230396329 30
1754355150713 0.48849128520149504 31
1754355189416 0.5006290937349666 32
1754355237727 0.4812937127632017 33
1754355276000 0.49639196240239797 34
1754355314020 0.4975206305739555 35
1754355351876 0.5018132701772564 36
1754355389642 0.484124634570551 37
1754355426267 0.4994449172926766 38
1754355462489 0.5004440661658587 39
1754355500804 0.5085297709358695 40
1754355540944 0.5130074381082781 41
1754355578478 0.5039780927358176 42
1754355616567 0.5045146726862303 43
1754355653167 0.5055878325870554 44
1754355691062 0.5050142471228213 45
1754355729023 0.5120637975058284 46
1754355765877 0.5149687303408208 47
1754355801978 0.5106575879806091 48
1754355841970 0.501850275691078 49
1754355880069 0.502183325315472 50
1754355915599 0.5034600155423158 51
1754355951744 0.5082707323391186 52
1754355988333 0.5075491248195981 53
1754356024218 0.5054953188025015 54
1754356061847 0.5112681789586648 55
1754356100919 0.5116012285830589 56
1754356147307 0.4988158235577101 57
1754356182089 0.503867076194353 58
1754356221473 0.5113606927432187 59
1754356257669 0.5048662250675351 60
1754356298084 0.509325389483033 61
1754356337000 0.50545831328868 62
1754356375617 0.5076046330903304 63
1754356414134 0.4917107649039707 64
1754356451413 0.49282093031861746 65
1754356489944 0.5067350035155238 66
1754356527258 0.5136735373570662 67
1754356567309 0.5155978240757872 68
1754356604510 0.5166524812197018 69
1754356639642 0.5058653739407172 70
1754356678667 0.5093994005106761 71
1754356718810 0.501091662657736 72
1754356759662 0.5034045072715835 73
1754356799710 0.5053657995041261 74
1754356837012 0.5057543573992525 75
1754356873524 0.5075306220626873 76
1754356912024 0.5073455944935795 77
1754356951342 0.4996114421048736 78
1754356990102 0.5193723864855864 79
1754357027316 0.5046256892276949 80
1754357062051 0.510583576952966 81
1754357100617 0.5126558857269733 82
1754357144953 0.5140805980091033 83
1754357181659 0.5131554601635644 84
1754357220539 0.5105650741960552 85
1754357254549 0.5028864300780816 86
1754357291508 0.5063464456203974 87
1754357327490 0.5111201569033786 88
1754357362983 0.5136735373570662 89
1754357400979 0.5098249639196241 90
1754357438379 0.5131739629204751 91
1754357474166 0.5088628205602634 92
1754357509839 0.5062539318358436 93
1754357547239 0.5138030566554417 94
1754357585128 0.5126558857269733 95
1754357623990 0.5089553343448173 96
1754357660508 0.5070680531399179 97
1754357696280 0.5134515042741369 98
1754357735062 0.5132849794619398 99
1754357770862 0.5064019538911297 100
