1751277898023 0.03131749460043196 0
1751278021659 0.03331118125934541 1
1751278146962 0.04444259843827878 2
1751278272928 0.05814919421830869 3
1751278398531 0.07044359528160823 4
1751278524748 0.0905466024256521 5
1751278649391 0.11779365343080246 6
1751278773793 0.13374314670211 7
1751278900695 0.14196710417012792 8
1751279030265 0.1527662402392424 9
1751279155162 0.1639807276956305 10
1751279277562 0.16780196045854792 11
1751279403508 0.18225618873567037 12
1751279530009 0.19388602757933213 13
1751279656012 0.20518358531317496 14
1751279783563 0.2199700947001163 15
1751279907960 0.21731184582156504 16
1751280031824 0.2302708091045024 17
1751280159770 0.23907625851470343 18
1751280284526 0.246801794317993 19
1751280407593 0.24904469180927064 20
1751280533548 0.2530320651270975 21
1751280661984 0.2536135570692806 22
1751280786514 0.2492108323641801 23
1751280915502 0.25718557899983385 24
1751281041041 0.2663233095198538 25
1751281168555 0.2713905964445921 26
1751281295248 0.265658747300216 27
1751281420402 0.26615716896494435 28
1751281541032 0.2728027911613225 29
1751281670150 0.2825220136235255 30
1751281794727 0.27338428310350554 31
1751281920710 0.27870078086060807 32
1751282046638 0.27994683502242895 33
1751282172255 0.28767237082571856 34
1751282297478 0.296976241900648 35
1751282423111 0.29049676025917925 36
1751282548872 0.29207509553081906 37
1751282672292 0.29390264163482305 38
1751282799505 0.30503405881375645 39
1751282925089 0.30146203688320317 40
1751283050212 0.3065293238079415 41
1751283180365 0.3081076590795813 42
1751283305560 0.31724538959960125 43
1751283430053 0.31724538959960125 44
1751283556715 0.3130088054494102 45
1751283683377 0.30877222129921916 46
1751283808437 0.3076923076923077 47
1751283934537 0.29863764744974247 48
1751284057667 0.2980561555075594 49
1751284183621 0.3011297557733843 50
1751284258990 0.3145040704435953 51
1751284330866 0.3130088054494102 52
1751284403686 0.3180760923741485 53
1751284476570 0.3141717893337764 54
1751284551332 0.3235587306861605 55
1751284624051 0.3310350556570859 56
1751284697366 0.33053663399235755 57
1751284771651 0.3322811098189068 58
1751284845706 0.33377637481309186 59
1751284919774 0.33095198537963116 60
1751284990778 0.33053663399235755 61
1751285064860 0.3329456720385446 62
1751285138482 0.3282106662236252 63
1751285211031 0.3366838345240073 64
1751285283913 0.3410865592291078 65
1751285356431 0.34208340255856456 66
1751285429597 0.3364346236916431 67
1751285504324 0.33153347732181426 68
1751285577057 0.3381790995181924 69
1751285650800 0.34033892673201527 70
1751285723312 0.335271639807277 71
1751285794315 0.3308689151021764 72
1751285865976 0.3375145372985546 73
1751285939373 0.3385113806280113 74
1751286012547 0.3420003322811098 75
1751286086603 0.3346901478650939 76
1751286158818 0.34532314337929887 77
1751286231373 0.33834524007310185 78
1751286304867 0.3429141053331118 79
1751286377723 0.3412526997840173 80
1751286451564 0.33834524007310185 81
1751286525505 0.3369330453563715 82
1751286599626 0.3472337597607576 83
1751286672179 0.34499086226948 84
1751286745732 0.3494766572520352 85
1751286819733 0.3518856952982223 86
1751286891778 0.34391094866256855 87
1751286965512 0.346818408373484 88
1751287036960 0.3410034889516531 89
1751287109023 0.3424987539458382 90
1751287182352 0.33892673201528495 91
1751287254795 0.3410865592291078 92
1751287328922 0.3388436617378302 93
1751287400262 0.34490779199202526 94
1751287472646 0.3472337597607576 95
1751287546443 0.3476491111480312 96
1751287620537 0.3414188403389267 97
1751287694482 0.3444924406047516 98
1751287767781 0.3483967436451238 99
1751287842687 0.3462369164313009 100
1751287895134 0.34017278617710583 101
1751287947123 0.33743146702109983 102
1751288000004 0.3379298886858282 103
1751288052403 0.34208340255856456 104
1751288105574 0.34233261339092874 105
1751288157531 0.3375976075760093 106
1751288209761 0.34798139225785013 107
1751288261864 0.3454062136567536 108
1751288312652 0.3460707758763914 109
1751288364896 0.34432630004984216 110
1751288415828 0.3494766572520352 111
1751288468272 0.3509719222462203 112
1751288521085 0.34557235421166305 113
1751288573189 0.3475660408705765 114
1751288625878 0.3441601594949327 115
1751288678840 0.3459877055989367 116
1751288731515 0.34831367336766905 117
1751288784901 0.34731683003821234 118
1751288837849 0.3441601594949327 119
1751288890282 0.3460707758763914 120
1751288943071 0.35014121947167304 121
1751288994764 0.34914437614221633 122
1751289046621 0.3494766572520352 123
1751289099363 0.3499750789167636 124
1751289151091 0.3429141053331118 125
1751289203994 0.34590463532148197 126
1751289255929 0.34050506728692476 127
1751289307799 0.3509719222462203 128
1751289360483 0.3534640305698621 129
1751289411921 0.3567868416680512 130
1751289463430 0.360192723043695 131
1751289516166 0.3527994683502243 132
1751289568301 0.35329789001495265 133
1751289620672 0.3515534141884034 134
1751289672378 0.3546270144542283 135
1751289724316 0.349227446419671 136
1751289777076 0.35230104668549594 137
1751289829334 0.35055657085894665 138
1751289881190 0.3549592955640472 139
1751289932218 0.35205183585313177 140
1751289983994 0.3543778036218641 141
1751290035641 0.35545771722877556 142
1751290086918 0.3549592955640472 143
1751290139425 0.35587306861604917 144
1751290192753 0.3522179764080412 145
1751290243674 0.34955972752948994 146
1751290296599 0.35454394417677354 147
1751290348923 0.3502242897491278 148
1751290400584 0.3478152517029407 149
1751290452450 0.35072271141385614 150
1751290483305 0.35703605250041537 151
1751290514619 0.35986044193387606 152
1751290545704 0.36069114470842334 153
1751290577214 0.35828210666223625 154
1751290607692 0.3597773716564213 155
1751290638644 0.36110649609569695 156
1751290669520 0.3580328958298721 157
1751290700390 0.35487622528659246 158
1751290731458 0.3596112311015119 159
1751290762655 0.35927894999169296 160
1751290793675 0.358365176939691 161
1751290824614 0.35545771722877556 162
1751290855491 0.3546270144542283 163
1751290886947 0.35786675527496264 164
1751290918184 0.35412859278949993 165
1751290949597 0.3621864097026084 166
1751290980626 0.36384781525170296 167
1751291011587 0.36293404219970093 168
1751291042506 0.36168798803788005 169
1751291073689 0.35728526333277955 170
1751291104804 0.36127263665060644 171
1751291135313 0.3603588635986044 172
1751291166493 0.3640139558066124 173
1751291197469 0.3667552749626184 174
1751291228285 0.3637647449742482 175
1751291258980 0.3650107991360691 176
1751291289880 0.36484465858115966 177
1751291321377 0.36226947998006315 178
1751291352666 0.36052500415351385 179
1751291383356 0.35952816082405714 180
1751291414408 0.36426316663897657 181
1751291445676 0.36567536135570694 182
1751291476461 0.36625685329789004 183
1751291507278 0.36783518856952985 184
1751291538482 0.36550922080079745 185
1751291569664 0.3659245721880711 186
1751291600752 0.3647615883037049 187
1751291631603 0.36891510217644125 188
1751291662415 0.369911945505898 189
1751291693415 0.36949659411862434 190
1751291724118 0.36908124273135073 191
1751291754777 0.3668383452400731 192
1751291785550 0.3677521182920751 193
1751291816572 0.36393088552915764 194
1751291847345 0.3643462369164313 195
1751291878626 0.36451237747134074 196
1751291909945 0.3618541285927895 197
1751291941089 0.3621864097026084 198
1751291971957 0.3665891344077089 199
1751292002935 0.36509386941352384 200
