1752101760691 2.294810823209171 0
1752101850303 2.2255878011766135 1
1752101944085 2.1967847192145022 2
1752102037969 2.144459211132493 3
1752102131589 2.145297211924832 4
1752102212096 2.103665036010995 5
1752102297836 2.104736584647198 6
1752102388143 2.161467290357989 7
1752102478832 2.246384223673274 8
1752102566306 2.1268763931450896 9
1752102653269 2.174599402493432 10
1752102733443 2.199070894201676 11
1752102830460 2.197139143702719 12
1752102917912 2.2497991510741766 13
1752103013163 2.1861196091688413 14
1752103101480 2.2456456163633924 15
1752103191986 2.176752807214433 16
1752103286768 2.2302460492205896 17
1752103371622 2.2626663429371554 18
1752103471331 2.2336785469886 19
1752103570133 2.2331100087480382 20
1752103665147 2.3604304322333944 21
1752103755472 2.285628458323863 22
1752103843646 2.281531834099716 23
1752103937918 2.353430468224522 24
1752104027558 2.3602270797313434 25
1752104124005 2.348026992729682 26
1752104218415 2.340330256216973 27
1752104308203 2.33369298703024 28
1752104400546 2.292515953892162 29
1752104496082 2.3683426965754193 30
1752104590852 2.4122633742413857 31
1752104694071 2.3692726168496985 32
1752104791907 2.3711024159801526 33
1752104876132 2.3989617836874517 34
1752104966443 2.334691793990736 35
1752105054812 2.341646387769246 36
1752105149487 2.338231959668772 37
1752105241542 2.386637918175896 38
1752105332868 2.3667771832394107 39
1752105416050 2.3827203372047014 40
1752105501322 2.3786930413641785 41
1752105588278 2.3666494774498936 42
1752105680842 2.4085962834077135 43
1752105778930 2.40204928963469 44
1752105877707 2.3679263081188053 45
1752105980938 2.4252654334528416 46
1752106059360 2.420483641373186 47
1752106145510 2.4124420848727244 48
1752106242616 2.477366754173939 49
1752106328573 2.43203789152506 50
1752106381729 2.3386485688109526 51
1752106433912 2.3172056840223627 52
1752106490875 2.2902495253736417 53
1752106546389 2.312648297927989 54
1752106606225 2.2755567173673863 55
1752106661835 2.3361099556245697 56
1752106723117 2.355736697675665 57
1752106781740 2.3599200761883883 58
1752106836464 2.284057156997857 59
1752106894309 2.3239909090217057 60
1752106951392 2.293207207636894 61
1752107007451 2.3903724682877088 62
1752107064011 2.3005505809124434 63
1752107117383 2.375634049699469 64
1752107174199 2.3001369885706477 65
1752107230607 2.338814616258726 66
1752107284778 2.326148924175384 67
1752107341054 2.3748960995757535 68
1752107395400 2.2923094924897987 69
1752107446321 2.2575110194452233 70
1752107504855 2.3344686121083797 71
1752107564079 2.2763211580998592 72
1752107618746 2.3329891267102147 73
1752107671166 2.2993522430619215 74
1752107734230 2.313496035816951 75
1752107794286 2.3463063899440293 76
1752107847451 2.371377095070257 77
1752107904473 2.3689608111711573 78
1752107962112 2.2862692478844866 79
1752108021883 2.3471050684423296 80
1752108076081 2.3014926088332333 81
1752108129787 2.332012612561923 82
1752108184590 2.3419298452725776 83
1752108238229 2.267936305220221 84
1752108294079 2.31684859868143 85
1752108350416 2.3709090950134537 86
1752108412627 2.3891768991357667 87
1752108469783 2.4093043713141453 88
1752108525433 2.407717939069308 89
1752108580308 2.3385134942784234 90
1752108632859 2.336409835362652 91
1752108691586 2.3199937151380676 92
1752108747626 2.4068368831133777 93
1752108803297 2.324663280711298 94
1752108861582 2.360420616432719 95
1752108915039 2.338155623822386 96
1752108971091 2.33354038511267 97
1752109027649 2.3405159228964916 98
1752109083199 2.329388261435033 99
1752109139489 2.3468440816791443 100
1752109180120 2.240352400404728 101
1752109219586 2.2040353975516416 102
1752109261928 2.2205452077521266 103
1752109306439 2.1592699119348495 104
1752109347237 2.210029469615334 105
1752109388398 2.177645031873482 106
1752109429598 2.20818920420983 107
1752109471545 2.1672510946679773 108
1752109513749 2.1814897411119865 109
1752109555450 2.2229131134894096 110
1752109595065 2.1931450722583152 111
1752109635638 2.199665528562998 112
1752109675989 2.228062589493034 113
1752109716362 2.1835102391641437 114
1752109761388 2.1985285558316683 115
1752109800483 2.2425089680726247 116
1752109843349 2.16921709973891 117
1752109883321 2.183411043411457 118
1752109923061 2.178586641240043 119
1752109963221 2.1764587141093026 120
1752110006677 2.258219000041959 121
1752110049053 2.2256725915176374 122
1752110092739 2.2158688550120447 123
1752110135538 2.1622505591914973 124
1752110175395 2.1847953279366092 125
1752110217321 2.189529649643149 126
1752110258449 2.189604695701936 127
1752110296992 2.2095000845398354 128
1752110338558 2.1696631229721537 129
1752110378939 2.2318580010348654 130
1752110419344 2.187513792030172 131
1752110461968 2.24889947045623 132
1752110503803 2.22213673431768 133
1752110544217 2.244038781819913 134
1752110586711 2.2014436259083676 135
1752110628944 2.171011612230052 136
1752110668269 2.2032551090428507 137
1752110713732 2.2266533127449684 138
1752110753955 2.2245790660118083 139
1752110796184 2.1986384839072346 140
1752110836211 2.2440677776812876 141
1752110876092 2.2317461618374046 142
1752110919495 2.2199350689830024 143
1752110962593 2.240554818584715 144
1752111004991 2.202713119634402 145
1752111049172 2.2163006895072876 146
1752111092209 2.2432253356162466 147
1752111134448 2.231712785803215 148
1752111175812 2.2475299787109333 149
1752111219498 2.2331369876429314 150
1752111247825 2.0408603220313535 151
1752111275064 1.9725757026775164 152
1752111302175 2.025626241743085 153
1752111330270 1.9627192711206412 154
1752111356676 1.9986275404762355 155
1752111385839 1.9613432661997745 156
1752111413372 1.9679295710488836 157
1752111439606 1.9524578297002717 158
1752111466446 1.9646396957596588 159
1752111493973 1.9465936085400701 160
1752111520925 1.9667466832277671 161
1752111548672 1.9634165226870082 162
1752111576132 1.9667489636041902 163
1752111602502 1.9516731004746886 164
1752111629943 1.9456100441589221 165
1752111657247 2.0022180735404054 166
1752111683324 1.9603731759381944 167
1752111710256 1.9465701154521815 168
1752111738557 1.9609018155940323 169
1752111767056 1.9506718786428576 170
1752111795793 1.957187275989114 171
1752111823475 1.9629637723189675 172
1752111851142 1.949781088972351 173
1752111880483 1.9467329618533027 174
1752111908109 1.9381346593499544 175
1752111934805 1.9528102062226593 176
1752111962671 1.9615088895480728 177
1752111989689 1.951426028213343 178
1752112017020 1.971066006494668 179
1752112045380 1.9719190754141498 180
1752112073618 1.9637946702838138 181
1752112102118 1.9759446162520733 182
1752112129589 1.9574486980957053 183
1752112157326 1.95421932529696 184
1752112183791 1.937358534718196 185
1752112211339 1.921838395399704 186
1752112238663 1.965694545336938 187
1752112265469 1.9408772877659914 188
1752112292924 1.9690956504377581 189
1752112319606 1.9476520744783654 190
1752112347775 1.9484979815631835 191
1752112376756 1.9648114618825412 192
1752112405367 1.9398275078566336 193
1752112433390 1.9512927594790481 194
1752112461302 1.9480530330832049 195
1752112489090 1.9524516390419135 196
1752112516608 1.9580618771492124 197
1752112544433 1.9828710955087125 198
1752112571825 1.9716277615896334 199
1752112599736 1.9454473360474487 200
