1753396199477 0.02442266157168965 0
1753396224753 0.048429971756105666 1
1753396253173 0.06753613557069281 2
1753396281396 0.0834025585645456 3
1753396299002 0.10109652766240239 4
1753396316549 0.11472005316497758 5
1753396337466 0.14038876889848811 6
1753396361839 0.15260009968433294 7
1753396377000 0.1627346735338096 8
1753396410754 0.18001329124439275 9
1753396435070 0.1795979398571191 10
1753396459533 0.19579664396079083 11
1753396480864 0.20310682837680677 12
1753396498245 0.21756105665392922 13
1753396526011 0.2283601927230437 14
1753396556737 0.2293570360525004 15
1753396587063 0.23608572852633328 16
1753396614062 0.23708257185579 17
1753396638126 0.2442266157168965 18
1753396658777 0.25062302708091044 19
1753396682479 0.2523675029074597 20
1753396708824 0.25461040039873734 21
1753396731616 0.25502575178601095 22
1753396748997 0.2650772553580329 23
1753396774310 0.26275128758930055 24
1753396790750 0.26648945007476327 25
1753396800977 0.2679016447914936 26
1753396817501 0.2680677853464031 27
1753396834557 0.2706429639474996 28
1753396853172 0.27712244558896826 29
1753396871318 0.27388270476823395 30
1753396889468 0.2757933211496926 31
1753396903240 0.275377969762419 32
1753396923078 0.27894999169297224 33
1753396940246 0.2794484133577006 34
1753396958442 0.2837680677853464 35
1753396974357 0.28418341917262 36
1753396992486 0.28891842498753945 37
1753397003950 0.2875893005482638 38
1753397020829 0.2908290413689982 39
1753397040486 0.2929888685828211 40
1753397056204 0.29332114969263995 41
1753397070519 0.2927396577504569 42
1753397089057 0.29323807941518526 43
1753397107098 0.29481641468682507 44
1753397123039 0.29381957135736836 45
1753397139174 0.2963947499584649 46
1753397153888 0.29423492274464197 47
1753397163046 0.29830536633992355 48
1753397179219 0.29880378800465196 49
1753397199456 0.29980063133410867 50
1753397211380 0.2971423824555574 51
1753397222134 0.29789001495264994 52
1753397234964 0.30013291244392754 53
1753397247116 0.29863764744974247 54
1753397260732 0.30603090214321316 55
1753397274235 0.3027080910450241 56
1753397286732 0.3042864263166639 57
1753397299806 0.3025419504901146 58
1753397312707 0.30503405881375645 59
1753397325733 0.303040372154843 60
1753397338972 0.30162817743811265 61
1753397349950 0.3031234424322977 62
1753397362153 0.3013789666057485 63
1753397373366 0.30486791825884696 64
1753397386187 0.30536633992357537 65
1753397396901 0.3076923076923077 66
1753397409525 0.30229273965775044 67
1753397422871 0.3045356371490281 68
1753397435846 0.3059478318657584 69
1753397448297 0.3093537132414022 70
1753397460524 0.3076923076923077 71
1753397473406 0.30403721548429974 72
1753397487084 0.3041202857617544 73
1753397500322 0.30569862103339424 74
1753397513921 0.3116796810101346 75
1753397521331 0.3149194218308689 76
1753397528022 0.3061139724206679 77
1753397534728 0.3105166971257684 78
1753397541948 0.31201196211995347 79
1753397549537 0.31408871905632163 80
1753397556696 0.31101511879049676 81
1753397564081 0.3130088054494102 82
1753397571000 0.31624854627014454 83
1753397577002 0.3117627512875893 84
1753397584724 0.313673367669048 85
1753397591787 0.31500249210832365 86
1753397598858 0.3091875726864928 87
1753397606257 0.31408871905632163 88
1753397612935 0.3117627512875893 89
1753397620651 0.31483635155341416 90
1753397626791 0.3130088054494102 91
1753397634510 0.3177438112643296 92
1753397641991 0.31558398405050675 93
1753397647817 0.31940521681342415 94
1753397655017 0.3204851304203356 95
1753397662212 0.3139225785014122 96
1753397668035 0.31458714072105 97
1753397674542 0.31566705432796144 98
1753397680285 0.31467021099850473 99
1753397686735 0.31400564877886694 100
