1753123176269 0.017777039375311512 0
1753123188292 0.029822229606246885 1
1753123200794 0.05108822063465692 2
1753123213006 0.06371490280777538 3
1753123225673 0.07177271972088387 4
1753123237307 0.07883369330453564 5
1753123249830 0.08738993188237248 6
1753123262040 0.09868748961621532 7
1753123274304 0.11081575012460541 8
1753123286470 0.12178102674862934 9
1753123298429 0.1306695464362851 10
1753123310150 0.13000498421664727 11
1753123322934 0.13573683336102343 12
1753123334592 0.1512709752450573 13
1753123345569 0.15260009968433294 14
1753123357606 0.16547599268981558 15
1753123370103 0.16348230603090214 16
1753123382616 0.16406379797308523 17
1753123395234 0.17320152849310516 18
1753123407213 0.18474829705931217 19
1753123419255 0.18474829705931217 20
1753123431341 0.18773882704768233 21
1753123443744 0.18690812427313508 22
1753123455437 0.19313839508223957 23
1753123468058 0.19421830868915102 24
1753123480178 0.20202691476989534 25
1753123492024 0.20726034224954312 26
1753123503442 0.20260840671207841 27
1753123514011 0.2134075427811929 28
1753123524537 0.22071772719720884 29
1753123537277 0.21972088386775213 30
1753123550402 0.22445588968267155 31
1753123562898 0.22420667885030737 32
1753123575653 0.23043694965941186 33
1753123586347 0.22603422495431136 34
1753123599112 0.23500581491942182 35
1753123610405 0.23766406379797309 36
1753123622326 0.24306363183253032 37
1753123634385 0.24414354543944178 38
1753123645654 0.24339591294234922 39
1753123657964 0.2525336434623692 40
1753123670470 0.2535304867918259 41
1753123683475 0.25120451902309354 42
1753123696169 0.2528659245721881 43
1753123708717 0.2595115467685662 44
1753123720023 0.2622528659245722 45
1753123732154 0.2589300548263831 46
1753123744108 0.2619205848147533 47
1753123756711 0.2676524339591294 48
1753123769219 0.2700614720053165 49
1753123781400 0.27180594783186574 50
