1755724316379 0.020518358531317494 0
1755724368033 0.047183917594284766 1
1755724398060 0.09004818076092375 2
1755724427597 0.08257185578999834 3
1755724477158 0.11430470177770394 4
1755724528300 0.10981890679514869 5
1755724561946 0.14088719056321647 6
1755724611556 0.13914271473666723 7
1755724660997 0.1626516032563549 8
1755724704334 0.1621531815916265 9
1755724754870 0.18391759428476492 10
1755724798383 0.18308689151021765 11
1755724847348 0.19895331450407044 12
1755724894293 0.2003655092208008 13
1755724942404 0.21606579165974416 14
1755724972177 0.21457052666555906 15
1755725022861 0.22968931716231933 16
1755725073623 0.22877554411031734 17
1755725121743 0.2399069612892507 18
1755725170043 0.23907625851470343 19
1755725220411 0.24754942681508557 20
1755725250323 0.24896162153181592 21
1755725300856 0.2580993520518359 22
1755725351481 0.2605083900980229 23
1755725403604 0.26557567702276125 24
1755725452711 0.2669878717394916 25
1755725503243 0.27396577504568864 26
1755725555207 0.27230436949659415 27
1755725604384 0.2809436783518857 28
1755725633724 0.280860608074431 29
1755725676679 0.2861771058315335 30
1755725705988 0.2859278949991693 31
1755725741001 0.2945672038544609 32
1755725772348 0.2903306197042698 33
1755725818814 0.2987207177271972 34
1755725869530 0.29481641468682507 35
1755725899233 0.3029573018773883 36
1755725948862 0.29888685828210665 37
1755725978780 0.3077753779697624 38
1755726016531 0.3047017777039375 39
1755726065285 0.3108489782355873 40
1755726113053 0.30819072935703606 41
1755726142977 0.3149194218308689 42
1755726191257 0.3111812593454062 43
1755726240599 0.3194882870908789 44
1755726289701 0.31566705432796144 45
1755726329629 0.3242232929057983 46
1755726366522 0.3139225785014122 47
1755726401879 0.3251370659578003 48
1755726451981 0.3179099518192391 49
1755726491314 0.3274630337265326 50
1755726530762 0.32214653596943016 51
1755726579804 0.33219803954145205 52
1755726629006 0.3248878551254361 53
1755726674552 0.33311181259345407 54
1755726719192 0.3298720717727197 55
1755726770389 0.3338594450905466 56
1755726814703 0.3292075095530819 57
1755726864754 0.3378468184083735 58
1755726894112 0.33211496926399736 59
1755726941570 0.33801295896328293 60
1755726971683 0.3354377803621864 61
1755727018798 0.3378468184083735 62
1755727065961 0.3347732181425486 63
1755727095813 0.3410865592291078 64
1755727141323 0.3332779531483635 65
1755727190831 0.3412526997840173 66
1755727241792 0.3366838345240073 67
1755727285086 0.3410034889516531 68
1755727335399 0.3372653264661904 69
1755727386391 0.343163316165476 70
1755727428862 0.34150191061638147 71
1755727478596 0.346818408373484 72
1755727524244 0.3397574347898322 73
1755727557808 0.3472337597607576 74
1755727607721 0.34399401894002324 75
1755727660920 0.348645954477488 76
1755727711529 0.3444093703272969 77
1755727759472 0.3484798139225785 78
1755727806358 0.3465691975411198 79
1755727853507 0.35072271141385614 80
1755727901968 0.34673533809602924 81
1755727948003 0.35055657085894665 82
1755727992663 0.3458215650440272 83
1755728043947 0.35271639807276955 84
1755728092305 0.35072271141385614 85
1755728139893 0.3526333277953148 86
1755728178472 0.34931051669712576 87
1755728229189 0.3526333277953148 88
1755728258599 0.34897823558730684 89
1755728300854 0.3532148197374979 90
1755728349668 0.35230104668549594 91
1755728397136 0.3542116630669546 92
1755728436460 0.35296560890513373 93
1755728483767 0.35487622528659246 94
1755728529843 0.35454394417677354 95
1755728580011 0.3559561388935039 96
1755728610772 0.3560392091709586 97
1755728659125 0.3569529822229606 98
1755728703771 0.35512543611895664 99
1755728753305 0.3575344741651437 100
1755728802212 0.35628842000332284 101
1755728852129 0.35728526333277955 102
1755728900144 0.35487622528659246 103
1755728948971 0.35927894999169296 104
1755728990244 0.3577836849975079 105
1755729039835 0.3603588635986044 106
1755729082752 0.35794982555241733 107
1755729132441 0.3602757933211497 108
1755729169531 0.35786675527496264 109
1755729216082 0.3611895663731517 110
1755729257173 0.3586143877720552 111
1755729304831 0.36110649609569695 112
1755729347416 0.3581990363847815 113
1755729384329 0.36143877720551587 114
1755729432491 0.3581990363847815 115
1755729472895 0.36226947998006315 116
1755729521713 0.3599435122113308 117
1755729559779 0.36268483136733676 118
1755729604536 0.35911280943678353 119
1755729647433 0.36451237747134074 120
1755729695598 0.36168798803788005 121
1755729731682 0.36442930719388605 122
1755729761980 0.3627679016447915 123
1755729809769 0.36484465858115966 124
1755729861551 0.3624356205349726 125
1755729891255 0.36542615052334276 126
1755729940965 0.36210333942515366 127
1755729987421 0.36667220468516365 128
1755730036576 0.3625186908124273 129
1755730087158 0.36550922080079745 130
1755730122354 0.3634324638644293 131
1755730170949 0.3658415019106164 132
1755730220366 0.36409702608406713 133
1755730268474 0.3665060641302542 134
1755730313171 0.36633992357534473 135
1755730362217 0.36708755607243726 136
1755730408614 0.36625685329789004 137
1755730456062 0.3675029074597109 138
1755730505096 0.3664229938527995 139
1755730546326 0.36667220468516365 140
1755730594797 0.36700448579498257 141
1755730643045 0.36883203189898656 142
1755730690535 0.3647615883037049 143
1755730723426 0.36725369662734675 144
1755730772087 0.365343080245888 145
1755730821058 0.36866589134407707 146
1755730869172 0.3674198371822562 147
1755730917733 0.3695796643960791 148
1755730966563 0.367170626349892 149
1755731017752 0.3695796643960791 150
