1755724316379 4.542303689081416 0
1755724368034 4.417428228565279 1
1755724398061 4.314062767733239 2
1755724427598 4.225452865384867 3
1755724477159 4.204746781046058 4
1755724528301 4.124058176294284 5
1755724561947 4.1478525232660095 6
1755724611556 4.06353525179753 7
1755724660998 4.106330759419535 8
1755724704334 4.023633628391426 9
1755724754870 4.077960972382848 10
1755724798383 4.00246542718376 11
1755724847349 4.069082111937153 12
1755724894294 3.9909226562992304 13
1755724942405 4.073448701093426 14
1755724972178 3.987164319684052 15
1755725022862 4.079050693571331 16
1755725073623 3.9908996158175998 17
1755725121743 4.098984450064436 18
1755725170044 3.999649483006628 19
1755725220412 4.120781284199023 20
1755725250324 4.016728187310793 21
1755725300857 4.135286707406913 22
1755725351481 4.028200641926125 23
1755725403605 4.157099378248667 24
1755725452711 4.044869141832858 25
1755725503244 4.180252606903916 26
1755725555208 4.063785037577315 27
1755725604384 4.2069876513226205 28
1755725633725 4.081585892338363 29
1755725676680 4.22512868970327 30
1755725705989 4.100540257411962 31
1755725741001 4.241707492689129 32
1755725772348 4.117748554031278 33
1755725818815 4.265391459360759 34
1755725869531 4.131392681971582 35
1755725899233 4.289228017692737 36
1755725948863 4.15323066348173 37
1755725978780 4.30432861001952 38
1755726016532 4.163286193927778 39
1755726065286 4.321758113213727 40
1755726113053 4.184255543535762 41
1755726142977 4.344981097818344 42
1755726191258 4.200975246535706 43
1755726240599 4.3620372215782055 44
1755726289701 4.2179332305993915 45
1755726329629 4.384171487908903 46
1755726366522 4.232890811262582 47
1755726401880 4.401483940333596 48
1755726451982 4.2488731974823555 49
1755726491315 4.418239252762231 50
1755726530762 4.264534073092744 51
1755726579805 4.429264329877402 52
1755726629007 4.266192896454921 53
1755726674552 4.448627201305146 54
1755726719192 4.285741170428243 55
1755726770389 4.465639327953839 56
1755726814704 4.294054264633394 57
1755726864755 4.478445467049792 58
1755726894113 4.301097705034213 59
1755726941571 4.491758633128243 60
1755726971684 4.315423753897524 61
1755727018798 4.501625682824225 62
1755727065962 4.327893294607603 63
1755727095813 4.521921936975261 64
1755727141324 4.338635380091241 65
1755727190831 4.525889081775606 66
1755727241793 4.3526449191377585 67
1755727285087 4.544014801216889 68
1755727335400 4.355396872392182 69
1755727386392 4.548351503900839 70
1755727428862 4.356266823475844 71
1755727478597 4.559950849614674 72
1755727524244 4.372437673330706 73
1755727557808 4.5714415268160655 74
1755727607722 4.3869659419924325 75
1755727660921 4.585957564065885 76
1755727711529 4.3894452216327 77
1755727759472 4.591625126487579 78
1755727806358 4.393144434069671 79
1755727853507 4.6004804785024875 80
1755727901968 4.407214880401207 81
1755727948004 4.606467485508926 82
1755727992664 4.411969126937441 83
1755728043948 4.619142276911736 84
1755728092306 4.412885232024685 85
1755728139893 4.6261756428024166 86
1755728178473 4.421412272364381 87
1755728229190 4.63279969795999 88
1755728258600 4.425552355255335 89
1755728300855 4.635941844189559 90
1755728349669 4.418059297319136 91
1755728397136 4.640549184940404 92
1755728436460 4.426623674962754 93
1755728483767 4.6522506026792385 94
1755728529843 4.445045326912994 95
1755728580011 4.66165714851419 96
1755728610773 4.4467032268895945 97
1755728659126 4.66905197765905 98
1755728703771 4.440830081146266 99
1755728753305 4.672220357437467 100
1755728802213 4.449143027315755 101
1755728852130 4.677216376855948 102
1755728900144 4.453945712932584 103
1755728948971 4.6855914351904735 104
1755728990244 4.465659217159478 105
1755729039835 4.685928395376168 106
1755729082752 4.460201192041538 107
1755729132442 4.696316387244762 108
1755729169531 4.463912925119179 109
1755729216083 4.702076222938545 110
1755729257174 4.457416406597807 111
1755729304831 4.695668300772391 112
1755729347416 4.454096893360361 113
1755729384330 4.695436038502492 114
1755729432491 4.460847007461886 115
1755729472896 4.703448681774674 116
1755729521713 4.464238644644016 117
1755729559779 4.712424313798812 118
1755729604536 4.478933595334493 119
1755729647434 4.712623758853841 120
1755729695598 4.483433433142098 121
1755729731683 4.715054202863027 122
1755729761980 4.471617652135655 123
1755729809769 4.719068854055686 124
1755729861551 4.475028164056486 125
1755729891256 4.723885287423342 126
1755729940965 4.489057424886503 127
1755729987421 4.725364314840039 128
1755730036577 4.471715357986348 129
1755730087159 4.728485317828672 130
1755730122354 4.482506574459918 131
1755730170949 4.736231738237263 132
1755730220366 4.489980321133529 133
1755730268474 4.739454968633463 134
1755730313171 4.48438296111764 135
1755730362218 4.737965983196978 136
1755730408615 4.4859191309875035 137
1755730456063 4.742848931127923 138
1755730505096 4.493995266824456 139
1755730546326 4.7398327692959645 140
1755730594798 4.4851252142216005 141
1755730643046 4.7452355859141315 142
1755730690536 4.506618296669465 143
1755730723426 4.747147828172156 144
1755730772088 4.50068759174558 145
1755730821058 4.746567859174655 146
1755730869172 4.492905361909551 147
1755730917733 4.756114106753938 148
1755730966564 4.4865668723385035 149
1755731017752 4.757709062223087 150
