1753121960538 0.026748629340421996 0
1753121984463 0.06404718391759429 1
1753122008254 0.08614387772055158 2
1753122031615 0.10782522013623526 3
1753122054669 0.11937198870244227 4
1753122076225 0.145289915268317 5
1753122101972 0.16323309519853796 6
1753122126735 0.18059478318657585 7
1753122150602 0.1957135736833361 8
1753122175279 0.2059312178102675 9
1753122199188 0.21216148861937198 10
1753122222587 0.2178102674862934 11
1753122245656 0.2302708091045024 12
1753122270251 0.2423159993354378 13
1753122294885 0.24646951320817412 14
1753122320180 0.2616713739823891 15
1753122343718 0.2616713739823891 16
1753122365565 0.26748629340422 17
1753122389239 0.2743811264329623 18
1753122413283 0.2861771058315335 19
1753122437532 0.28069446751952154 20
1753122461110 0.2881707924904469 21
1753122484732 0.28700780860608077 22
1753122509650 0.29539790662900817 23
1753122535810 0.2937365010799136 24
1753122556363 0.30245888021265993 25
1753122579809 0.30287423159993354 26
1753122604195 0.30262502076756936 27
1753122629331 0.31143047017777037 28
1753122652758 0.3201528493105167 29
1753122675258 0.32081741153015453 30
1753122697583 0.32281109818906795 31
1753122722683 0.32405715235088883 32
1753122747391 0.3217311845821565 33
1753122766527 0.3263831201196212 34
1753122789064 0.33153347732181426 35
1753122813004 0.3314504070443595 36
1753122835888 0.3412526997840173 37
1753122858161 0.34017278617710583 38
1753122882881 0.3379298886858282 39
1753122908779 0.34648612726366507 40
1753122933496 0.34897823558730684 41
1753122957629 0.3444924406047516 42
1753122983280 0.3434125269978402 43
1753123007237 0.3509719222462203 44
1753123032528 0.3496427978069447 45
1753123056630 0.3499750789167636 46
1753123079357 0.3552085063964114 47
1753123103830 0.35886359860441935 48
1753123128392 0.35927894999169296 49
1753123153266 0.36268483136733676 50
