1753121960539 4.521600880141936 0
1753121984464 4.331854736413335 1
1753122008255 4.138865819608948 2
1753122031616 3.9797150109646884 3
1753122054670 3.842136753431098 4
1753122076226 3.71429890355547 5
1753122101973 3.60933528114348 6
1753122126736 3.5090953759205195 7
1753122150603 3.4263394017004023 8
1753122175280 3.3432971002492327 9
1753122199189 3.276747305364782 10
1753122222588 3.208743157933561 11
1753122245657 3.153421405407394 12
1753122270252 3.090407194665197 13
1753122294886 3.0469590542106406 14
1753122320181 2.9827651103237827 15
1753122343719 2.9517250865117903 16
1753122365566 2.9195689487142977 17
1753122389240 2.8765622894493053 18
1753122413283 2.8279610641158808 19
1753122437533 2.825229094564279 20
1753122461111 2.777768509685806 21
1753122484733 2.7620529909342446 22
1753122509651 2.728291000530894 23
1753122535811 2.7072266067052193 24
1753122556364 2.6625920135771834 25
1753122579810 2.650246167481008 26
1753122604196 2.6483197395124054 27
1753122629332 2.610737512696111 28
1753122652759 2.5736809054299563 29
1753122675259 2.5680655111052246 30
1753122697584 2.5507870398447787 31
1753122722684 2.5271415248167117 32
1753122747392 2.5202327014687023 33
1753122766528 2.501376084008958 34
1753122789065 2.47083272867109 35
1753122813005 2.4739791667655964 36
1753122835889 2.4379659910896976 37
1753122858162 2.424626039782686 38
1753122882882 2.4121687710721713 39
1753122908780 2.3871707928233077 40
1753122933497 2.372806620874722 41
1753122957630 2.3839615049859075 42
1753122983281 2.3621046741117517 43
1753123007238 2.3402089142579867 44
1753123032529 2.335265231334557 45
1753123056631 2.335070964858656 46
1753123079358 2.3123083889708904 47
1753123103831 2.2913567839706013 48
1753123128393 2.2728453594275315 49
1753123153267 2.2748477567150194 50
