1749908221337 0.1293712763201717 0
1749908438003 0.12306183621359583 1
1749908649454 0.13653184324464346 2
1749908851928 0.1788846538134182 3
1749909045888 0.17592421270769346 4
1749909242711 0.19762794656403804 5
1749909446177 0.22743588794730416 6
1749909642620 0.2270103245383562 7
1749909831958 0.2283795285497539 8
1749910036868 0.23533656514820708 9
1749910244339 0.2466417496206935 10
1749910439205 0.2614994634200496 11
1749910638846 0.2755245531584206 12
1749910812451 0.2790030714576472 13
1749911039440 0.2755060504015098 14
1749911248881 0.28185249602190726 15
1749911436312 0.2869592569292825 16
1749911623406 0.2826666173259816 17
1749911812146 0.29443437072123746 18
1749912005231 0.30699774266365687 19
1749912215200 0.3086444880287163 20
1749912419237 0.3124745587092477 21
1749912622142 0.31952410909225476 22
1749912813783 0.3245753617288976 23
1749913018581 0.3210413351589387 24
1749913194163 0.3102357251230433 25
1749913385832 0.32875698479073384 26
1749913594620 0.3385264404396255 27
1749913797961 0.3480183547348555 28
1749913988614 0.34714872516004885 29
1749914190669 0.3567516559967435 30
1749914392127 0.36711319986678015 31
1749914601139 0.36805684046922993 32
1749914792702 0.36903748658550123 33
1749914982568 0.36528142693261295 34
1749915190851 0.3653369352033453 35
1749915392431 0.3604152018650779 36
1749915605633 0.3645968249269141 37
1749915796026 0.3706287236798283 38
1749915977311 0.37605003145468674 39
1749916185323 0.3865595973800096 40
1749916368059 0.38459830514746696 41
1749916584992 0.38087925100840025 42
1749916790325 0.39103726455241833 43
1749916973810 0.3853754209377197 44
1749917172837 0.3944787773378233 45
1749917366050 0.39538541242645153 46
1749917559902 0.3927580209451208 47
1749917775357 0.38674462494911743 48
1749917968093 0.39338711468008736 49
1749918157976 0.3948118269622174 50
