1749908221338 2.3132279743025803 0
1749908438004 2.414629501860234 1
1749908649454 2.437042945286253 2
1749908851929 2.3775496117134205 3
1749909045889 2.4090919487161386 4
1749909242712 2.4073388598246352 5
1749909446178 2.3679040950897106 6
1749909642621 2.4551778637274837 7
1749909831959 2.454751249596191 8
1749910036869 2.492729293855347 9
1749910244340 2.429650485595801 10
1749910439206 2.3896428370792724 11
1749910638847 2.3452190273414106 12
1749910812452 2.3634241875443434 13
1749911039440 2.3832162242854844 14
1749911248882 2.3785472222208055 15
1749911436313 2.342853145190643 16
1749911623407 2.435552998466628 17
1749911812147 2.372080253800944 18
1749912005232 2.252730806607292 19
1749912215201 2.2606613956166055 20
1749912419238 2.281209559522147 21
1749912622143 2.2159002428091927 22
1749912813784 2.203330488157192 23
1749913018582 2.1610093598097286 24
1749913194164 2.2388257671232803 25
1749913385833 2.118092302738594 26
1749913594622 2.08004512747481 27
1749913797962 2.057899569609158 28
1749913988615 2.046134796703154 29
1749914190670 1.9954196950088414 30
1749914392128 1.960814198099371 31
1749914601140 1.8826331704475365 32
1749914792703 1.9089989020177103 33
1749914982569 1.906720930933942 34
1749915190852 1.9069771314062558 35
1749915392432 1.9801325607205371 36
1749915605635 1.952512342446159 37
1749915796027 1.9104404669026152 38
1749915977312 1.9027601099873808 39
1749916185324 1.828223626108975 40
1749916368060 1.8563279199148746 41
1749916584993 1.8279118684388538 42
1749916790326 1.8076938301333314 43
1749916973811 1.8229326870166065 44
1749917172838 1.7609205402976305 45
1749917366051 1.7441258996028979 46
1749917559903 1.7865713542510688 47
1749917775359 1.8254632684786563 48
1749917968094 1.807564552530161 49
1749918157977 1.8086236674161786 50
