1753199375185 4.393789225678285 0
1753199402423 4.041166653117267 1
1753199431085 3.735140663481427 2
1753199459412 3.5188880591218905 3
1753199486799 3.3371326023126953 4
1753199515146 3.174974055875418 5
1753199542250 3.0594209607462175 6
1753199583941 2.9456896926349465 7
1753199613355 2.8717305067818293 8
1753199641323 2.8034357284434446 9
1753199668563 2.7427768474668857 10
1753199695937 2.6894138468860906 11
1753199729697 2.647896575738157 12
1753199769762 2.5960011316670313 13
1753199800652 2.5742850290803534 14
1753199828263 2.5257821018649933 15
1753199862132 2.5163579034017056 16
1753199889696 2.49660720152819 17
1753199957606 2.4755151812302865 18
1753199987456 2.431134977776477 19
1753200042201 2.4522998307783452 20
1753200090975 2.403629337950565 21
1753200129447 2.414784517833742 22
1753200173162 2.3858179753514905 23
1753200203032 2.3759862882905387 24
1753200229668 2.338141626700818 25
1753200269896 2.338058329063196 26
1753200298428 2.3472225333973813 27
1753200329801 2.3234602643430646 28
1753200392868 2.296303031580621 29
1753200422556 2.2959834290432566 30
1753200455773 2.2892383110743983 31
1753200489850 2.276176801652533 32
1753200522939 2.275604206795073 33
1753200552050 2.2736334501137967 34
1753200602873 2.236950224873086 35
1753200652836 2.250165684174783 36
1753200683222 2.219692529158304 37
1753200726670 2.2091300068701827 38
1753200798459 2.204132548374944 39
1753200826131 2.1882044796596687 40
1753200887447 2.17303969623604 41
1753200951952 2.2022857645093508 42
1753201019892 2.1841681595376454 43
1753201087450 2.1657767627660287 44
1753201128719 2.1630968783244873 45
1753201168999 2.1704478561691123 46
1753201196198 2.151757762380152 47
1753201232728 2.134465817652828 48
1753201282591 2.113671981906711 49
1753201349622 2.1223108164185036 50
1753201386441 2.093534819134785 51
1753201403284 2.0957615037615716 52
1753201420434 2.080961645285588 53
1753201457383 2.071543137017317 54
1753201497477 2.0594801408731556 55
1753201522851 2.0424391369137163 56
1753201558189 2.042198998123551 57
1753201593327 2.042763490520603 58
1753201632890 2.0424955144764665 59
1753201664166 2.0163266232607877 60
1753201697553 2.01886611252861 61
1753201735756 2.0157523647396602 62
1753201759474 2.0110200062646704 63
1753201794901 1.9939107095850364 64
1753201812249 1.980155695897811 65
1753201846894 1.9860830141968446 66
1753201878174 1.9691939492571375 67
1753201914537 1.9675927023167739 68
1753201949894 1.968777179130265 69
1753201988283 1.952070869227899 70
1753202007744 1.953363197259909 71
1753202045400 1.9333736459286324 72
1753202072595 1.938946798615287 73
1753202089301 1.9312072124976847 74
1753202106232 1.9251574523081263 75
1753202140530 1.925224785404765 76
1753202176090 1.9161700593110007 77
1753202213668 1.9077202854559159 78
1753202251180 1.89558757163723 79
1753202288313 1.9110534997895863 80
1753202321937 1.8905282854616057 81
1753202357932 1.8889396302581307 82
1753202396676 1.8989295799812904 83
1753202423141 1.8918449216325255 84
1753202460786 1.8743052395369735 85
1753202495340 1.8714352413594137 86
1753202512113 1.8633765525637274 87
1753202551445 1.8548389054783394 88
1753202586251 1.8611225947826557 89
1753202617825 1.8383850892707565 90
1753202652722 1.8507066776133727 91
1753202688959 1.8348329582410043 92
1753202727193 1.835875367966749 93
1753202762977 1.8212565599665353 94
1753202796697 1.8147820217398876 95
1753202832096 1.8193873663415943 96
1753202865147 1.8094046749930721 97
1753202886345 1.8085718645220596 98
1753202922568 1.8024794529920019 99
1753202960115 1.8063762952238602 100
1753202983337 1.7816163074738887 101
1753203007125 1.7715266160425294 102
1753203031227 1.7750875182920642 103
1753203058046 1.781550916453165 104
1753203083448 1.7733989138172546 105
1753203097418 1.7627384900309333 106
1753203122143 1.7650941405324514 107
1753203145181 1.7639243328114838 108
1753203168911 1.7448746732904412 109
1753203193262 1.7344293890372433 110
1753203216069 1.7253456712938373 111
1753203240007 1.7289996855296108 112
1753203263513 1.7255128117133618 113
1753203288645 1.7151910290449428 114
1753203310424 1.7112566645713774 115
1753203323868 1.7077396315734714 116
1753203346693 1.7008721829240205 117
1753203371720 1.6988790745555196 118
1753203395116 1.6958037021613366 119
1753203419094 1.6888244780761523 120
1753203443252 1.6911084287119575 121
1753203467974 1.6859378378793868 122
1753203492072 1.676210690335727 123
1753203517896 1.6851414993395988 124
1753203538877 1.6756281085759808 125
1753203564362 1.6734403819360226 126
1753203588116 1.6573275019930955 127
1753203611602 1.675137249701821 128
1753203636113 1.6713056415849512 129
1753203660654 1.6542267567456879 130
1753203686592 1.6467216339014543 131
1753203712553 1.6554372122526468 132
1753203736081 1.6433343276939623 133
1753203759819 1.6388467637162174 134
1753203784828 1.6333950533059807 135
1753203810472 1.6383041345576133 136
1753203836183 1.6364840611029703 137
1753203862680 1.6198051004813017 138
1753203887441 1.6174118991447781 139
1753203912193 1.624829825105079 140
1753203938882 1.6132764908025008 141
1753203962705 1.6000782880432425 142
1753203986889 1.6068504399168464 143
1753204009693 1.6162013279152891 144
1753204031639 1.6080208354658614 145
1753204054997 1.599189371699212 146
1753204079780 1.5994660952963522 147
1753204102409 1.5943685194127049 148
1753204125040 1.5938441378137922 149
1753204147180 1.5772285772240806 150
1753204160441 1.5547938704612265 151
1753204173001 1.5550134724298763 152
1753204186292 1.5344719470792934 153
1753204199410 1.5430980548488655 154
1753204211106 1.541666126944675 155
1753204222925 1.531935060880478 156
1753204234555 1.5379442908095875 157
1753204247504 1.5306970361673975 158
1753204259072 1.5234363676310148 159
1753204272267 1.5234099978522218 160
1753204285090 1.5079712657642603 161
1753204296770 1.5117475769682693 162
1753204308970 1.507208613114056 163
1753204321884 1.5069539332803286 164
1753204334040 1.510387265006695 165
1753204345581 1.4977006307267375 166
1753204357938 1.500449940493651 167
1753204369771 1.4938066335175546 168
1753204381153 1.492408135689547 169
1753204394507 1.4829060637703324 170
1753204407040 1.4801597910753714 171
1753204418555 1.4830506739054024 172
1753204431392 1.4853104561798043 173
1753204442212 1.4695376365001818 174
1753204455349 1.4878257395230743 175
1753204467561 1.4769688961202316 176
1753204480166 1.4654975157464167 177
1753204493147 1.4719536094597927 178
1753204505481 1.4583195635846629 179
1753204518491 1.461984373364059 180
1753204531386 1.470561320974341 181
1753204543676 1.4620963084080973 182
1753204555541 1.4502257715351763 183
1753204567330 1.4493470904874326 184
1753204579769 1.4507234763142816 185
1753204592694 1.4488710028437621 186
1753204604943 1.447933098869946 187
1753204615928 1.445760891644382 188
1753204629160 1.4464103355341176 189
1753204642153 1.4439389222820114 190
1753204654799 1.4385328876436518 191
1753204666904 1.4334903054015735 192
1753204678589 1.4317067926240956 193
1753204691479 1.4251633003201287 194
1753204704602 1.4370452891688363 195
1753204717102 1.434198110923093 196
1753204729065 1.4175218910798915 197
1753204741353 1.418938492738345 198
1753204753748 1.4122937759858067 199
1753204766070 1.4083853439868532 200
