1753264030894 0.035637149028077755 0
1753264065542 0.08007974746635654 1
1753264101213 0.10234258182422329 2
1753264117675 0.1306695464362851 3
1753264151421 0.15633826216979566 4
1753264187764 0.17793653430802459 5
1753264220852 0.19928559561388934 6
1753264254856 0.21008473168300382 7
1753264285093 0.22794484133577006 8
1753264310596 0.23567037713905964 9
1753264346856 0.2427313507227114 10
1753264365787 0.2452234590463532 11
1753264382332 0.2604253198205682 12
1753264417219 0.27213822894168466 13
1753264432655 0.2762086725369663 14
1753264454307 0.28850307360026584 15
1753264488205 0.2902475494268151 16
1753264512199 0.29323807941518526 17
1753264536291 0.29863764744974247 18
1753264570544 0.3107659079581326 19
1753264602945 0.308523010466855 20
1753264635945 0.31242731350722713 21
1753264665054 0.31342415683668384 22
1753264700384 0.32156504402724706 23
1753264735905 0.3201528493105167 24
1753264762150 0.32837680677853465 25
1753264780484 0.3298720717727197 26
1753264801090 0.32480478484798136 27
1753264818661 0.33377637481309186 28
1753264838024 0.33801295896328293 29
1753264859826 0.339508223957468 30
1753264879373 0.3418341917262004 31
1753264900061 0.3394251536800133 32
1753264916938 0.3438278783851138 33
1753264937088 0.34058813756437945 34
1753264957116 0.3475660408705765 35
1753264968183 0.34274796477820235 36
1753264990391 0.3474829705931218 37
1753265011144 0.35030736002658247 38
1753265031364 0.3518856952982223 39
1753265051155 0.35570692806113974 40
1753265068826 0.35554078750623025 41
1753265087286 0.35288253862767904 42
1753265106138 0.351968765575677 43
1753265125075 0.3593620202691477 44
1753265144625 0.3557899983385944 45
1753265165469 0.3576175444425984 46
1753265184714 0.36052500415351385 47
1753265205082 0.3631001827546104 48
1753265225069 0.36550922080079745 49
1753265244433 0.36484465858115966 50
1753265258503 0.36550922080079745 51
1753265273131 0.3651769396909786 52
1753265286986 0.3649277288586144 53
1753265300576 0.3695796643960791 54
1753265314784 0.3699950157833527 55
1753265329419 0.3697458049509885 56
1753265342850 0.368998172453896 57
1753265356880 0.37165642133244725 58
1753265371591 0.3734008971589965 59
1753265385174 0.37406545937863434 60
1753265398451 0.36442930719388605 61
1753265411065 0.369911945505898 62
1753265424735 0.36949659411862434 63
1753265438306 0.374148529656089 64
1753265453217 0.37257019438444927 65
1753265465782 0.37780362186409705 66
1753265480058 0.37788669214155174 67
1753265493357 0.3733178268815418 68
1753265506804 0.37622528659245724 69
1753265520201 0.3769729190895498 70
1753265534500 0.37979730852301047 71
1753265546930 0.3781359029739159 72
1753265560565 0.38062801129755774 73
1753265574504 0.3789666057484632 74
1753265587621 0.38004651935537465 75
1753265595097 0.381458714072105 76
1753265601952 0.3808772221299219 77
1753265609306 0.38361854128592787 78
1753265616574 0.38503073600265825 79
1753265623751 0.38378468184083736 80
1753265631632 0.38204020601428806 81
1753265639869 0.38204020601428806 82
1753265647988 0.38162485462701445 83
1753265655309 0.38544608738993186 84
1753265663212 0.3851968765575677 85
1753265671278 0.381458714072105 86
1753265678900 0.38478152517029407 87
1753265686165 0.38685828210666223 88
1753265693305 0.3861106496095697 89
1753265701063 0.38843661737830204 90
1753265708564 0.3906795148695797 91
1753265715836 0.3895165309852135 92
1753265723233 0.38876889848812096 93
1753265730278 0.3905133743146702 94
1753265737815 0.38943346070775875 95
1753265745780 0.38743977404884533 96
1753265753427 0.39001495264994185 97
1753265760696 0.3875228443263001 98
1753265768251 0.38685828210666223 99
1753265775696 0.38935039043030406 100
