1753264030896 4.498008431031354 0
1753264065543 4.30055402747319 1
1753264101214 4.088409632983053 2
1753264117676 3.9258382857071346 3
1753264151422 3.7991174911941585 4
1753264187765 3.6611013182976406 5
1753264220853 3.555822009271611 6
1753264254857 3.4641145623597143 7
1753264285094 3.3793092281089807 8
1753264310597 3.3063036520574314 9
1753264346857 3.253660347091896 10
1753264365788 3.2002015042926346 11
1753264382333 3.1525596550854877 12
1753264417220 3.0998424301632514 13
1753264432656 3.072760320701936 14
1753264454308 3.030171110205111 15
1753264488206 3.014721312120513 16
1753264512200 3.0041050605410136 17
1753264536292 2.9726169818887795 18
1753264570545 2.9200697357837972 19
1753264602946 2.947911635110137 20
1753264635946 2.9126424461465366 21
1753264665055 2.9198131597107224 22
1753264700385 2.892912822468234 23
1753264735906 2.8791451893681086 24
1753264762151 2.8333304039491933 25
1753264780485 2.841298706845207 26
1753264801091 2.8493449407347415 27
1753264818662 2.8285468430041063 28
1753264838025 2.7906513282760645 29
1753264859827 2.790616616161995 30
1753264879374 2.7745933655732418 31
1753264900062 2.7723157225586177 32
1753264916939 2.766880944358696 33
1753264937089 2.772955518690364 34
1753264957117 2.736951129571286 35
1753264968184 2.7604315757701356 36
1753264990392 2.7308594112688875 37
1753265011145 2.7256314148856293 38
1753265031365 2.7203608046200856 39
1753265051156 2.7038902584158007 40
1753265068827 2.7010841411971005 41
1753265087287 2.7141511074669373 42
1753265106139 2.6947823022533335 43
1753265125076 2.6904988300655006 44
1753265144626 2.6799115412886176 45
1753265165470 2.6899346440667213 46
1753265184715 2.6807687153656876 47
1753265205083 2.663374475605501 48
1753265225070 2.6481742826127967 49
1753265244434 2.6388226422180194 50
1753265258504 2.622788205623827 51
1753265273132 2.632066417130015 52
1753265286987 2.6268743145059967 53
1753265300577 2.5989597346062117 54
1753265314785 2.6089585354131226 55
1753265329420 2.593750009288954 56
1753265342851 2.596388670653042 57
1753265356881 2.5880067946844214 58
1753265371592 2.5913080790805534 59
1753265385175 2.5598101951260186 60
1753265398452 2.574968719041463 61
1753265411066 2.5659557622099887 62
1753265424736 2.5664769709861894 63
1753265438307 2.5580682157843793 64
1753265453218 2.539960951345866 65
1753265465783 2.550015984543886 66
1753265480059 2.53277827766123 67
1753265493358 2.5487506896470364 68
1753265506805 2.5402740710495197 69
1753265520202 2.524763012142831 70
1753265534501 2.5194076082256975 71
1753265546931 2.496715059734884 72
1753265560566 2.5092164389272353 73
1753265574505 2.5020109858832074 74
1753265587622 2.519648060415562 75
1753265595098 2.486293752198963 76
1753265601953 2.469541691303153 77
1753265609307 2.4576000893952816 78
1753265616576 2.454617624537892 79
1753265623752 2.455813539145924 80
1753265631633 2.446775063346193 81
1753265639870 2.4603964751598064 82
1753265647989 2.461481292178121 83
1753265655310 2.452254590440969 84
1753265663213 2.4444686049809223 85
1753265671279 2.4582438437802896 86
1753265678901 2.4259548084281883 87
1753265686166 2.4288999637030613 88
1753265693306 2.444431387436094 89
1753265701064 2.409819509024478 90
1753265708565 2.4244920141171287 91
1753265715837 2.4182761668870807 92
1753265723234 2.4207185560499935 93
1753265730279 2.409691037300907 94
1753265737816 2.4103183675997393 95
1753265745781 2.4195011758400944 96
1753265753428 2.4020954524458533 97
1753265760697 2.403043504389408 98
1753265768252 2.399240589733132 99
1753265775697 2.3951972935469326 100
