1750251827294 0.0755939524838013 0
1750251892692 0.14454228277122447 1
1750251959383 0.183585313174946 2
1750252023890 0.2199700947001163 3
1750252089321 0.2452234590463532 4
1750252155537 0.27014454228277124 5
1750252221410 0.2875893005482638 6
1750252284009 0.3042864263166639 7
1750252347420 0.3139225785014122 8
1750252411988 0.3251370659578003 9
1750252475377 0.3366838345240073 10
1750252538324 0.34058813756437945 11
1750252601884 0.34789832198039544 12
1750252638895 0.3522179764080412 13
1750252675624 0.36293404219970093 14
1750252712886 0.3617710583153348 15
1750252749441 0.371739491609902 16
1750252785661 0.37041036717062636 17
1750252822983 0.37630835686991193 18
1750252859502 0.38785512543611894 19
1750252895622 0.3900980229273966 20
1750252932452 0.39300548263831203 21
1750252971400 0.3905133743146702 22
1750253009356 0.39740820734341253 23
1750253048470 0.40372154842997177 24
1750253086666 0.4162651603256355 25
1750253114613 0.41933876059146036 26
1750253142025 0.4154344575510882 27
1750253169108 0.4273965775045689 28
1750253195981 0.4259843827878385 29
1750253224133 0.4324638644293072 30
1750253251079 0.4356205349725868 31
1750253277530 0.4373650107991361 32
1750253303826 0.44168466522678185 33
1750253330226 0.4409370327296893 34
1750253356402 0.44293071938860273 35
1750253382729 0.4457551088220635 36
1750253410090 0.4480810765907958 37
1750253437324 0.45979398571191227 38
1750253453752 0.45821565044027246 39
1750253469979 0.457135736833361 40
1750253486335 0.45480976906462867 41
1750253503061 0.45564047183917594 42
1750253519290 0.4613723209835521 43
1750253535446 0.46153846153846156 44
1750253551754 0.46303372653264663 45
1750253567889 0.46785180262502074 46
1750253584097 0.47590961953812927 47
1750253600178 0.47316830038212326 48
1750253616041 0.47831865758431635 49
1750253632317 0.48255524173450737 50
