1754325516532 0.1905598934241202 0
1754325548877 0.10226473744587944 1
1754325582659 0.18393590645006105 2
1754325616716 0.24860304185323615 3
1754325644400 0.3035377271213411 4
1754325676532 0.3127335973059986 5
1754325706108 0.3074603115864264 6
1754325735878 0.3362320985826888 7
1754325767114 0.3292195537135033 8
1754325797053 0.3607482514894719 9
1754325826636 0.3142508233726825 10
1754325854224 0.3470377086185842 11
1754325885158 0.3439292454575732 12
1754325918937 0.35360618732191096 13
1754325953208 0.3567701587536543 14
1754325985596 0.3585834289309107 15
1754326013244 0.3685194093919994 16
1754326040308 0.36955556377900306 17
1754326071975 0.3729045627798542 18
1754326102354 0.3244088369167006 19
1754326132452 0.35880546201384006 20
1754326164351 0.38089775376531104 21
1754326197162 0.4024904710801909 22
1754326228529 0.3903341597898087 23
1754326261667 0.3687599452318395 24
1754326286947 0.37532842393516636 25
1754326315083 0.416848610442956 26
1754326346566 0.3810827813344188 27
1754326375721 0.4108167116900418 28
1754326408975 0.40726418236317213 29
1754326437291 0.3725345076416386 30
1754326471296 0.4080412981534249 31
1754326504886 0.4015098249639196 32
1754326535954 0.3928690374865855 33
1754326568045 0.3930355622987825 34
1754326603419 0.351589386818636 35
1754326632424 0.3597676053732006 36
1754326663905 0.36894497280094735 37
1754326694646 0.39183288309958186 38
1754326722020 0.3997335603004848 39
1754326755706 0.36254301890981755 40
1754326782798 0.4092624801095363 41
1754326814704 0.3932946008955334 42
1754326844386 0.4095585242201088 43
1754326870949 0.4144062465307331 44
1754326905300 0.3721459497465122 45
1754326934397 0.3652444214187914 46
1754326963855 0.3887429226954816 47
1754326997268 0.33739777226806794 48
1754327025543 0.39766125152647747 49
1754327054734 0.3997520630573956 50
1754327084298 0.3681678570106946 51
1754327120538 0.3580838544943197 52
1754327153156 0.39001961292232545 53
1754327183988 0.3515708840617252 54
1754327214084 0.4139251748510528 55
1754327244257 0.34413277578359175 56
1754327282381 0.4012877918809903 57
1754327316700 0.39199940791177884 58
1754327346124 0.39446027458091254 59
1754327374386 0.37147985049772414 60
1754327407050 0.38119379787588353 61
1754327441064 0.3417829256559227 62
1754327475745 0.396606594382563 63
1754327505523 0.4052473818598971 64
1754327534454 0.36922251415460905 65
1754327564829 0.30858897975798394 66
1754327592709 0.3828405432409429 67
1754327626119 0.38091625652222183 68
1754327654332 0.40633904451763314 69
1754327681747 0.38800281241905044 70
1754327711148 0.4125559708396551 71
1754327738926 0.3280353772712134 72
1754327772761 0.33682418680383375 73
1754327805694 0.3736446730562854 74
1754327851418 0.3290345261443955 75
1754327877938 0.3594900640195389 76
1754327906816 0.3512193316804204 77
1754327936500 0.3670576915960478 78
1754327962640 0.38944602745809126 79
1754327990814 0.36639159234725976 80
1754328016616 0.38826185101580135 81
1754328048919 0.384764829959664 82
1754328081588 0.38433926655071604 83
1754328110672 0.37445879436035967 84
1754328137177 0.3542167782999667 85
1754328177472 0.3440217592421271 86
1754328205663 0.3584169041187137 87
1754328238070 0.38578248158975686 88
1754328271438 0.40550642045664803 89
1754328305630 0.350072160751952 90
1754328345254 0.41492432372423493 91
1754328378332 0.3936276505199275 92
1754328415364 0.3961625282167043 93
1754328441887 0.39599600340450725 94
1754328478428 0.38818783998815826 95
1754328507598 0.38272952669947824 96
1754328537420 0.38215594123524405 97
1754328568368 0.38526440439625503 98
1754328599916 0.37136883395625947 99
1754328628747 0.3084409577026977 100
