1754325516534 2.319353998971314 0
1754325548878 2.3711987003876955 1
1754325582660 2.220216543567932 2
1754325616717 2.1951924042078654 3
1754325644401 2.0727957754886086 4
1754325676533 2.147066090666862 5
1754325706109 2.2894173647974503 6
1754325735879 2.1644005992562914 7
1754325767115 2.2552021171237846 8
1754325797054 2.1695159015027805 9
1754325826637 2.374185243982831 10
1754325854225 2.2206489374165104 11
1754325885159 2.34463083347579 12
1754325918938 2.2733836456795182 13
1754325953209 2.265617079254613 14
1754325985597 2.4990926235063764 15
1754326013245 2.262076598484109 16
1754326040309 2.347176242960804 17
1754326071976 2.3316630578739153 18
1754326102355 2.502502007269482 19
1754326132453 2.396389930501382 20
1754326164352 2.478234311921415 21
1754326197163 2.254156939599952 22
1754326228530 2.3809246243001922 23
1754326261669 2.364623518471989 24
1754326286948 2.2123169984296327 25
1754326315084 2.322721123735477 26
1754326346567 2.4812236542095554 27
1754326375722 2.226397937989546 28
1754326408976 2.18264410819807 29
1754326437292 2.3075463178442566 30
1754326471297 2.2966427324841643 31
1754326504887 2.23016535780982 32
1754326535955 2.43197725816692 33
1754326568046 2.36926401937896 34
1754326603420 2.3459847539768415 35
1754326632426 2.401728195334514 36
1754326663907 2.2947825391239136 37
1754326694647 2.421248900967653 38
1754326722021 2.3665296073540927 39
1754326755707 2.4598970577604096 40
1754326782799 2.329833414818891 41
1754326814705 2.3616261540284915 42
1754326844387 2.253188092812801 43
1754326870950 2.3120091876600974 44
1754326905301 2.353586758642975 45
1754326934398 2.4002342943492265 46
1754326963857 2.3898567787085625 47
1754326997269 2.3634352582670144 48
1754327025544 2.282796571509428 49
1754327054735 2.3232156387224956 50
1754327084299 2.421280560938174 51
1754327120539 2.3720563045794445 52
1754327153158 2.3145033152361965 53
1754327183989 2.380353044202519 54
1754327214085 2.256086987997671 55
1754327244258 2.6311224697843216 56
1754327282382 2.2374368554121116 57
1754327316701 2.5654556297779108 58
1754327346125 2.3023361760963392 59
1754327374387 2.2820968913085267 60
1754327407051 2.301965041904307 61
1754327441065 2.4812993617114443 62
1754327475746 2.410470536108233 63
1754327505524 2.625590407816483 64
1754327534455 2.4679092610912874 65
1754327564830 2.864625805709308 66
1754327592710 2.2371938731247387 67
1754327626120 2.35969438127996 68
1754327654333 2.3998537260208774 69
1754327681749 2.4195787801002053 70
1754327711149 2.322675236665751 71
1754327738927 2.356486983065909 72
1754327772762 2.696521493719449 73
1754327805695 2.3247527481100354 74
1754327851419 2.769231541205252 75
1754327877939 2.4762569479732455 76
1754327906817 2.4541155900359346 77
1754327936501 2.3961623315094607 78
1754327962641 2.3301023920944997 79
1754327990815 2.430255072021005 80
1754328016617 2.3593610154078415 81
1754328048921 2.432969689430394 82
1754328081589 2.3226357544664937 83
1754328110673 2.4546687629886814 84
1754328137178 2.60077591088843 85
1754328177473 2.73462792719589 86
1754328205664 2.5434740435799297 87
1754328238071 2.293917643124889 88
1754328271439 2.337491417436178 89
1754328305631 2.432736658856662 90
1754328345255 2.6618442897827523 91
1754328378333 2.497842483658954 92
1754328415365 2.5118338801480133 93
1754328441888 2.528606128360184 94
1754328478429 2.4359017303748907 95
1754328507599 2.4467663153273773 96
1754328537421 2.3667742690530145 97
1754328568369 2.458209572997338 98
1754328599917 2.3919809974287842 99
1754328628748 2.6286045100019098 100
