1753803641926 0.022595115467685663 0
1753803663384 0.03339425153680013 1
1753803687062 0.06055823226449576 2
1753803710224 0.07193886027579333 3
1753803734214 0.08149194218308689 4
1753803758932 0.09586310018275461 5
1753803782540 0.10624688486459545 6
1753803808395 0.11737830204352882 7
1753803833020 0.1262668217311846 8
1753803857661 0.13174946004319654 9
1753803882769 0.13764744974248214 10
1753803906417 0.1515201860774215 11
1753803930239 0.15608905133743148 12
1753803954829 0.17976408041202857 13
1753803978238 0.17968101013457385 14
1753804003376 0.1841668051171291 15
1753804029092 0.18549592955640473 16
1753804053817 0.19048014620368833 17
1753804079120 0.20219305532480478 18
1753804104586 0.20435288253862768 19
1753804128404 0.21133078584482473 20
1753804152731 0.21814254859611232 21
1753804172391 0.22163150024921083 22
1753804197437 0.22329290579830538 23
1753804216500 0.22561887356703772 24
1753804241192 0.22271141385612228 25
1753804265985 0.23475660408705765 26
1753804288915 0.24223292905798305 27
1753804313363 0.2482970593121781 28
1753804336485 0.25402890845655424 29
1753804360216 0.25618873567037714 30
1753804385668 0.25062302708091044 31
1753804409164 0.25593952483801297 32
1753804430117 0.25776707094201695 33
1753804455311 0.2539458381790995 34
1753804479309 0.26017610898820404 35
1753804498554 0.2648280445256687 36
1753804524567 0.27155673699950156 37
1753804549207 0.27313507227114137 38
1753804572715 0.27836849975078914 39
1753804597468 0.2809436783518857 40
1753804620021 0.2820235919587971 41
1753804643744 0.2837680677853464 42
1753804663370 0.28310350556570857 43
1753804689583 0.29190895497590963 44
1753804710990 0.29406878218973254 45
1753804735654 0.29132746303372653 46
1753804758696 0.29207509553081906 47
1753804783815 0.2953148363515534 48
1753804807840 0.2968101013457385 49
1753804831426 0.296976241900648 50
1753804856986 0.29888685828210665 51
1753804881859 0.2987207177271972 52
1753804905232 0.30013291244392754 53
1753804927721 0.30162817743811265 54
1753804952306 0.3125103837846818 55
1753804974144 0.3143379298886858 56
1753804999142 0.31143047017777037 57
1753805025609 0.3149194218308689 58
1753805048140 0.3117627512875893 59
1753805074541 0.30785844824721714 60
1753805100097 0.30536633992357537 61
1753805127568 0.3107659079581326 62
1753805151667 0.3110981890679515 63
1753805173707 0.3186575843163316 64
1753805196341 0.32040206014288086 65
1753805220580 0.3177438112643296 66
1753805244549 0.31699617876723707 67
1753805271130 0.3177438112643296 68
1753805291028 0.32056820069779035 69
1753805314313 0.3217311845821565 70
1753805340683 0.32713075261671376 71
1753805363222 0.3189067951486958 72
1753805387709 0.3177438112643296 73
1753805411521 0.3189067951486958 74
1753805437292 0.3338594450905466 75
1753805459343 0.3322811098189068 76
1753805482674 0.3253032065127098 77
1753805505739 0.32621697956471174 78
1753805530263 0.3351054992523675 79
1753805552891 0.3362684831367337 80
1753805576495 0.33153347732181426 81
1753805602749 0.3300382123276292 82
1753805627112 0.3342747964778202 83
1753805650397 0.33635155341418843 84
1753805673957 0.33535471008473167 85
1753805690872 0.34017278617710583 86
1753805715946 0.3388436617378302 87
1753805743067 0.3391759428476491 88
1753805765110 0.3366838345240073 89
1753805789086 0.33178268815417844 90
1753805813370 0.33593620202691477 91
1753805839056 0.3341086559229108 92
1753805862924 0.3375145372985546 93
1753805886173 0.34133577006147203 94
1753805902804 0.3391759428476491 95
1753805925585 0.3361023425818242 96
1753805949932 0.3432463864429307 97
1753805975212 0.344077089217478 98
1753805999847 0.34789832198039544 99
1753806025898 0.3416680511712909 100
