1753449600016 0.014952649941850806 0
1753449620752 0.027828542947333446 1
1753449642811 0.038046187074264826 2
1753449661237 0.04485794982555242 3
1753449681384 0.06180428642631666 4
1753449700208 0.07293570360525004 5
1753449720744 0.08547931550091377 6
1753449740892 0.10026582488785513 7
1753449758719 0.10940355540787507 8
1753449776881 0.10649609569695963 9
1753449798258 0.12394085396245223 10
1753449819356 0.13681674696793486 11
1753449841881 0.14354543944176773 12
1753449864342 0.15035720219305532 13
1753449883867 0.1545937863432464 14
1753449905816 0.16074098687489616 15
1753449925275 0.17527828542947332 16
1753449942948 0.17793653430802459 17
1753449960098 0.1825884698454893 18
1753449980593 0.1860774214985878 19
1753450001414 0.19621199534806447 20
1753450022784 0.1944675195215152 21
1753450044417 0.2003655092208008 22
1753450060316 0.21025087223791328 23
1753450077212 0.2090878883535471 24
1753450098810 0.20584814753281275 25
1753450120294 0.21805947831865757 26
1753450134473 0.22071772719720884 27
1753450156831 0.22105000830702776 28
1753450168767 0.22952317660740987 29
1753450186454 0.2348396743645124 30
1753450211359 0.22944010632995515 31
1753450233832 0.23650107991360692 32
1753450251691 0.23749792324306362 33
1753450272924 0.2374148529656089 34
1753450294579 0.2399069612892507 35
1753450313932 0.2436451237747134 36
1753450334646 0.24165143711579998 37
1753450356699 0.25319820568200696 38
1753450378322 0.25344741651437114 39
1753450397729 0.25377969762419006 40
1753450417238 0.2608406712078418 41
1753450436155 0.26275128758930055 42
1753450459230 0.26000996843329455 43
1753450478945 0.2620867253696627 44
1753450500557 0.2650772553580329 45
1753450522361 0.2660740986874896 46
1753450542400 0.26856620701113143 47
1753450563464 0.2659910284100349 48
1753450582277 0.26732015284931054 49
1753450601735 0.2654095364678518 50
1753450622589 0.2710583153347732 51
1753450642159 0.26275128758930055 52
1753450665724 0.27313507227114137 53
1753450683958 0.2702276125602259 54
1753450701067 0.28011297557733844 55
1753450720241 0.27645788336933047 56
1753450741991 0.2800299052998837 57
1753450765352 0.28518026250207673 58
1753450786922 0.27986376474497426 59
1753450809334 0.28235587306861604 60
1753450830051 0.27712244558896826 61
1753450853432 0.286010965276624 62
1753450875212 0.28725701943844495 63
1753450895079 0.29174281442100014 64
1753450913048 0.2884200033228111 65
1753450925109 0.287838511380628 66
1753450944992 0.2881707924904469 67
1753450968555 0.287838511380628 68
1753450987355 0.28509719222462204 69
1753450997889 0.28700780860608077 70
1753451019083 0.2899983385944509 71
1753451039011 0.28734008971589964 72
1753451058734 0.2881707924904469 73
1753451079051 0.28609403555407875 74
1753451098338 0.29332114969263995 75
1753451118126 0.2891676358199036 76
1753451139759 0.2880046519355375 77
1753451161678 0.29390264163482305 78
1753451180545 0.29631167968101013 79
1753451200675 0.2931550091377305 80
1753451223110 0.2953148363515534 81
1753451243615 0.2980561555075594 82
1753451265190 0.29888685828210665 83
1753451285637 0.2991360691144708 84
1753451304147 0.2993022096693803 85
1753451325390 0.3002159827213823 86
1753451346588 0.301212826050839 87
1753451369432 0.2991360691144708 88
1753451389425 0.29946835022428975 89
1753451405181 0.2978069446751952 90
1753451426756 0.3029573018773883 91
1753451448017 0.29988370161156336 92
1753451467742 0.29705931217810266 93
1753451478840 0.30328958298720715 94
1753451500917 0.29888685828210665 95
1753451512277 0.30187738827047683 96
1753451533015 0.29747466356537633 97
1753451556631 0.3023758099352052 98
1753451571525 0.30785844824721714 99
1753451592670 0.3049509885363017 100
