1753449600017 4.567432127928829 0
1753449620753 4.494483436094365 1
1753449642812 4.437254189621781 2
1753449661238 4.376432286019255 3
1753449681385 4.342369734654743 4
1753449700209 4.297588061752567 5
1753449720745 4.26793574423789 6
1753449740893 4.24565234309486 7
1753449758720 4.210865873501225 8
1753449776882 4.202123672574553 9
1753449798259 4.182771869971927 10
1753449819357 4.161867475654321 11
1753449841882 4.15669840151457 12
1753449864343 4.125836095205783 13
1753449883868 4.114049320665956 14
1753449905817 4.129420577906045 15
1753449925276 4.1345743699461925 16
1753449942949 4.156811205942677 17
1753449960099 4.119016994115921 18
1753449980594 4.118702223495999 19
1753450001415 4.160567055987773 20
1753450022785 4.143254853736709 21
1753450044418 4.143179374051458 22
1753450060317 4.1487658154044 23
1753450077213 4.158107790407662 24
1753450098811 4.136887804038556 25
1753450120295 4.173485657988694 26
1753450134474 4.197780183180278 27
1753450156832 4.159200726817108 28
1753450168768 4.141982947078851 29
1753450186455 4.135161078270571 30
1753450211360 4.149001464144808 31
1753450233833 4.150181585100062 32
1753450251692 4.19293403170253 33
1753450272925 4.200479002209931 34
1753450294580 4.187318940552041 35
1753450313933 4.1923380930270575 36
1753450334647 4.164557356668781 37
1753450356700 4.202444225038338 38
1753450378323 4.208500646103074 39
1753450397730 4.187320745192105 40
1753450417239 4.204425518458846 41
1753450436156 4.254683488107271 42
1753450459231 4.2462610518690385 43
1753450478946 4.231394186325965 44
1753450500558 4.216909609752161 45
1753450522362 4.272350879537683 46
1753450542401 4.257561756367712 47
1753450563466 4.2124679946866985 48
1753450582278 4.240551832412471 49
1753450601736 4.253721680070447 50
1753450622590 4.240603848764851 51
1753450642160 4.2556700468325275 52
1753450665725 4.274062113498489 53
1753450683959 4.27852423180095 54
1753450701068 4.284259411568521 55
1753450720242 4.2792227650055406 56
1753450741992 4.281786644289149 57
1753450765353 4.294093586861476 58
1753450786923 4.289119284649129 59
1753450809335 4.2627977688433765 60
1753450830052 4.282802909481697 61
1753450853433 4.2831260373488105 62
1753450875214 4.324988838892448 63
1753450895080 4.349082890982956 64
1753450913049 4.304504373596662 65
1753450925110 4.3180602850413115 66
1753450944993 4.313431873172366 67
1753450968556 4.314522963234709 68
1753450987356 4.346165835077879 69
1753450997890 4.29907152574914 70
1753451019084 4.325405924633023 71
1753451039012 4.2949183705424785 72
1753451058735 4.365771713024104 73
1753451079052 4.355003499578148 74
1753451098339 4.377731181832382 75
1753451118127 4.351757111846715 76
1753451139760 4.3669110081589455 77
1753451161679 4.3687862694625155 78
1753451180546 4.367060885357168 79
1753451200676 4.3702241313908985 80
1753451223111 4.375589755725651 81
1753451243616 4.404668114154901 82
1753451265191 4.4158077534209434 83
1753451285638 4.424598747977005 84
1753451304148 4.441878255172164 85
1753451325391 4.415783683490145 86
1753451346589 4.420563688092861 87
1753451369433 4.431639737016762 88
1753451389426 4.4756393098206315 89
1753451405182 4.414466822027636 90
1753451426757 4.424581552180418 91
1753451448018 4.43094015986407 92
1753451467743 4.436598495942924 93
1753451478841 4.424133578618218 94
1753451500918 4.4313495343363565 95
1753451512278 4.469685539235304 96
1753451533016 4.426191021886473 97
1753451556632 4.455489902207357 98
1753451571526 4.501371271211399 99
1753451592671 4.475697954467686 100
