1751589798761 0.014371157999667719 0
1751589816530 0.013208174115301546 1
1751589834070 0.011214487456388105 2
1751589851319 0.011131417178933378 3
1751589868922 0.011131417178933378 4
1751589886230 0.010965276624023924 5
1751589903699 0.010466854959295564 6
1751589921000 0.010051503572021931 7
1751589938353 0.010134573849476657 8
1751589955676 0.01030071440438611 9
1751589972975 0.010716065791659743 10
1751589990138 0.010217644126931383 11
1751590007329 0.010466854959295564 12
1751590024568 0.010549925236750291 13
1751590041903 0.011629838843661738 14
1751590059170 0.011131417178933378 15
1751590076394 0.012128260508390097 16
1751590093811 0.012792822728027911 17
1751590111077 0.013291244392756273 18
1751590128312 0.011048346901478651 19
1751590145674 0.013623525502575179 20
1751590163278 0.014121947167303538 21
1751590180880 0.013540455225120452 22
1751590198463 0.014620368832031898 23
1751590215823 0.016780196045854793 24
1751590233023 0.01387273633493936 25
1751590250273 0.01511879049676026 26
1751590268026 0.015534141884033893 27
1751590285251 0.016530985213490612 28
1751590302679 0.01761089882040206 29
1751590320312 0.017777039375311512 30
1751590337695 0.017444758265492608 31
1751590355067 0.016530985213490612 32
1751590372429 0.01661405549094534 33
1751590390132 0.02035221797640804 34
1751590407797 0.014620368832031898 35
1751590425334 0.017527828542947335 36
1751590442714 0.019853796311679682 37
