1751589798761 4.629021542169507 0
1751589816531 4.4635237218352515 1
1751589834071 4.314808961572442 2
1751589851319 4.263331295763459 3
1751589868923 4.189070246484211 4
1751589886231 4.174335564370414 5
1751589903700 4.182788171829322 6
1751589921000 4.197358612104242 7
1751589938354 4.199876334698273 8
1751589955677 4.199816407852686 9
1751589972976 4.202175863228109 10
1751589990139 4.195480812668249 11
1751590007330 4.1775933883429675 12
1751590024569 4.175621193439432 13
1751590041904 4.173101576099179 14
1751590059171 4.173677760971449 15
1751590076395 4.177662665751763 16
1751590093812 4.1715193582763685 17
1751590111077 4.14810738732906 18
1751590128313 4.1641152885191675 19
1751590145674 4.1570757266201355 20
1751590163279 4.144079657876727 21
1751590180881 4.131936472145736 22
1751590198464 4.139098051442174 23
1751590215824 4.123712229272707 24
1751590233024 4.115623779810993 25
1751590250274 4.126211951865324 26
1751590268027 4.109244936677076 27
1751590285252 4.108561756907515 28
1751590302680 4.107973693172788 29
1751590320312 4.107717025149715 30
1751590337696 4.1042733570516186 31
1751590355068 4.084432755237168 32
1751590372430 4.101255252387355 33
1751590390132 4.086288805166279 34
1751590407798 4.089447317678621 35
1751590425335 4.089382867945398 36
1751590442715 4.065722678102531 37
