1753918839945 0.01611563382621698 0
1753918895254 0.03140056487788669 1
1753918921991 0.047183917594284766 2
1753918948686 0.047516198704103674 3
1753918973983 0.06820069779033062 4
1753918999704 0.06886526000996843 5
1753919025189 0.07318491443761423 6
1753919051789 0.07783684997507892 7
1753919078022 0.06396411364013956 8
1753919103836 0.08780528326964612 9
1753919129394 0.09403555407875062 10
1753919155660 0.09287257019438445 11
1753919181383 0.10757600930387108 12
1753919208093 0.10034889516530986 13
1753919234367 0.10159494932713076 14
1753919259692 0.09910284100348896 15
1753919286088 0.09877055989367005 16
