1752793355201 4.580655516953768 0
1752793379770 4.486104991173816 1
1752793405049 4.378434090875488 2
1752793430089 4.259920658491899 3
1752793454251 4.146383767256535 4
1752793478174 4.032515190736218 5
1752793501803 3.94517844423148 6
1752793525514 3.8518188519512533 7
1752793551386 3.7679409559435144 8
1752793576184 3.690874390383791 9
1752793600627 3.623330736088865 10
1752793624703 3.5626264149478524 11
1752793648425 3.5008007925598346 12
1752793672578 3.4373766856413903 13
1752793696235 3.384960210445757 14
1752793720616 3.3453421134646755 15
1752793747071 3.306556979050022 16
1752793771126 3.2679070658187963 17
1752793796752 3.231363831445811 18
1752793821264 3.1946062648403477 19
1752793845746 3.1565259137518855 20
1752793869595 3.12073532579595 21
1752793893377 3.0870186037164395 22
1752793917051 3.0623833990576537 23
1752793943363 3.0379303380317753 24
1752793969294 3.017357082819908 25
1752793985805 3.0005122262491954 26
1752794002174 2.9881541516773713 27
1752794018931 2.9702411551836674 28
1752794035846 2.9587471294872363 29
1752794053826 2.9486037765143007 30
1752794071504 2.929574765784648 31
1752794088343 2.9181141171335 32
1752794106275 2.9043332286048353 33
1752794123667 2.894463945516522 34
1752794140119 2.8841910770319954 35
1752794156520 2.8693591387138238 36
1752794172964 2.8524931878119286 37
1752794189533 2.839805421611923 38
1752794207199 2.827420763036967 39
1752794224536 2.8165612182762056 40
1752794241024 2.804687564118989 41
1752794257393 2.7897752758321164 42
1752794275139 2.7849837481643993 43
1752794291928 2.7713542588000935 44
1752794308434 2.762589972882277 45
1752794325072 2.753682615464194 46
1752794341961 2.7482110426167825 47
1752794358587 2.7361688174699483 48
1752794375214 2.725955472091451 49
1752794391773 2.7151685650398654 50
1752794405500 2.7130600183398794 51
1752794419128 2.708222414955503 52
1752794432669 2.6963326942476904 53
1752794446502 2.6881014902111193 54
1752794460447 2.681857961056627 55
1752794474839 2.6815537285309956 56
1752794489115 2.6691566073695565 57
1752794502810 2.665652449461554 58
1752794516801 2.6593664958403567 59
1752794530445 2.656230961251167 60
1752794544180 2.6446836470894493 61
1752794557720 2.643533468807565 62
1752794572039 2.6424215722400306 63
1752794585745 2.638886111015737 64
1752794600217 2.6264674987199217 65
1752794614677 2.621382844412383 66
1752794629097 2.6215900726868244 67
1752794643575 2.614585786343743 68
1752794657122 2.6056133709914877 69
1752794670718 2.599195658433728 70
1752794684616 2.5937631131111174 71
1752794698647 2.588353346964718 72
1752794712118 2.5847595674924273 73
1752794726150 2.578762925482225 74
1752794740032 2.574885689158903 75
1752794751016 2.5743636065917896 76
1752794761954 2.571619412559294 77
1752794772935 2.56679364574685 78
1752794783922 2.565345521915862 79
1752794794723 2.565757035699011 80
1752794805531 2.562282007425118 81
1752794816356 2.5596865285371275 82
1752794827095 2.5613661200050415 83
1752794837774 2.560923782765075 84
1752794848381 2.5583736042105136 85
1752794859253 2.5578578621416863 86
1752794870166 2.5540121508348586 87
1752794881119 2.549183119207965 88
1752794892102 2.5453865752931226 89
1752794903070 2.5441289909206297 90
1752794913980 2.545045343700718 91
1752794924858 2.5412060106902437 92
1752794935516 2.5410957701143975 93
1752794946226 2.536518175746316 94
1752794956870 2.533504297986314 95
1752794967595 2.536609118355611 96
1752794978272 2.5349307004641304 97
1752794988902 2.531287499304556 98
1752794999649 2.526102289512824 99
1752795010436 2.526419559999771 100
