1753945198407 0.02899152683169962 0
1753945252047 0.06055823226449576 1
1753945301104 0.09195879714238246 2
1753945353765 0.12344243229772388 3
1753945405352 0.13648446585811597 4
1753945445613 0.15592291078252202 5
1753945499555 0.16589134407708922 6
1753945552207 0.18616049177604252 7
1753945603920 0.19621199534806447 8
1753945651630 0.2010300714404386 9
1753945695925 0.20759262335936202 10
1753945745024 0.220966938029573 11
1753945779710 0.22553580328958298 12
1753945829438 0.23068616049177604 13
1753945881100 0.2367502907459711 14
1753945921145 0.2442266157168965 15
1753945975558 0.2575178601096528 16
1753946027745 0.26241900647948163 17
1753946077236 0.26574181757767074 18
1753946113540 0.25901312510383784 19
1753946159987 0.26474497424821397 20
1753946212027 0.27496261837514535 21
1753946266476 0.27853464030569863 22
1753946319107 0.28351885695298223 23
1753946368901 0.2824389433460708 24
1753946400775 0.29041368998172457 25
1753946452407 0.2864263166638977 26
1753946504300 0.29049676025917925 27
1753946554542 0.2939857119122778 28
1753946609341 0.29390264163482305 29
1753946655436 0.29722545273301215 30
1753946706492 0.2978069446751952 31
1753946751222 0.2987207177271972 32
1753946798986 0.30129589632829373 33
1753946852014 0.30478484798139227 34
1753946903328 0.3041202857617544 35
1753946955389 0.3065293238079415 36
1753946998185 0.30644625353048677 37
1753947043320 0.30727695630503404 38
1753947096007 0.30644625353048677 39
1753947145951 0.30819072935703606 40
1753947196291 0.3095198537963117 41
1753947246215 0.31068283768067784 42
1753947285873 0.3117627512875893 43
1753947337756 0.3147532812759595 44
1753947387425 0.31408871905632163 45
1753947438326 0.3167469679348729 46
1753947491248 0.31907293570360523 47
1753947541129 0.3179930220966938 48
1753947572671 0.3197374979232431 49
1753947617550 0.32156504402724706 50
1753947666366 0.3220634656919754 51
1753947700805 0.32380794151852466 52
1753947732720 0.32538627679016446 53
1753947764781 0.3257185578999834 54
1753947809067 0.3284598770559894 55
1753947851878 0.32779531483635155 56
1753947896885 0.3285429473334441 57
1753947942952 0.32995514205017445 58
1753947989113 0.3331948828709088 59
1753948022637 0.33535471008473167 60
1753948070432 0.33336102342581825 61
1753948119011 0.3331948828709088 62
1753948164684 0.33394251536800135 63
1753948208480 0.33552085063964115 64
1753948259128 0.3361023425818242 65
1753948309169 0.3361023425818242 66
1753948359252 0.3362684831367337 67
1753948411583 0.33676690480146204 68
1753948462022 0.337680677853464 69
1753948514168 0.33959129423492274 70
1753948564458 0.3408373483967436 71
1753948612457 0.3406712078418342 72
1753948661903 0.34058813756437945 73
1753948704178 0.3400897158996511 74
1753948750755 0.3408373483967436 75
1753948796514 0.3414188403389267 76
1753948847232 0.34241568366838343 77
1753948897885 0.343163316165476 78
1753948947618 0.3434955972752949 79
1753948998755 0.3447416514371158 80
1753949042123 0.34548928393420836 81
1753949090579 0.34499086226948 82
1753949142334 0.3450739325469347 83
1753949189650 0.34573849476657253 84
1753949239557 0.34648612726366507 85
1753949288938 0.3469014786509387 86
1753949340703 0.34831367336766905 87
1753949392029 0.3466522678185745 88
1753949441263 0.34856288420003323 89
1753949489617 0.34831367336766905 90
1753949537241 0.34739990031566703 91
1753949585442 0.34872902475494266 92
1753949637914 0.34789832198039544 93
1753949685118 0.34889516530985215 94
1753949734424 0.34955972752948994 95
1753949771519 0.35055657085894665 96
1753949824160 0.3494766572520352 97
1753949876566 0.3526333277953148 98
1753949928046 0.3515534141884034 99
1753949978580 0.35230104668549594 100
