1753437490985 4.547944310819487 0
1753437520810 4.458674618678503 1
1753437535294 4.349850240100949 2
1753437563379 4.242674721337482 3
1753437592943 4.179529919786966 4
1753437608610 4.100018726404952 5
1753437632820 4.040553612461098 6
1753437658140 4.001621093291522 7
1753437681709 3.9731080519227606 8
1753437711311 3.9216427744170765 9
1753437728420 3.912698965076124 10
1753437747498 3.8880446636669306 11
1753437777993 3.8745984247873757 12
1753437806570 3.8422717713716015 13
1753437830739 3.8326051596019726 14
1753437848343 3.852070799917076 15
1753437862944 3.8551442971736423 16
1753437889794 3.8612715473706865 17
1753437903922 3.850779467021653 18
1753437918149 3.8412076547495566 19
1753437949282 3.880064901197573 20
1753437975065 3.8729217979268915 21
1753437994383 3.879415321715533 22
1753438023574 3.883580558493088 23
1753438041676 3.9012531576408054 24
1753438064357 3.8764650402183336 25
1753438086154 3.9148903634289263 26
1753438101271 3.959525778406358 27
1753438118313 3.926449992936584 28
1753438144225 3.924664622515309 29
1753438158104 3.92599339979317 30
1753438177356 3.9342660314681566 31
1753438191025 3.9525686048156774 32
1753438204597 3.9777224938735776 33
1753438218525 3.9784008530137127 34
1753438247489 3.9604368966714336 35
1753438272059 3.979377003363621 36
1753438289444 3.9556690264032537 37
1753438319443 3.958972587891517 38
1753438335969 3.967349558816118 39
1753438350467 3.972066890637753 40
1753438365501 4.016774635075226 41
1753438397763 4.044492062052615 42
1753438415057 4.033694575579502 43
1753438435407 4.054440441553651 44
1753438451026 4.032484185854045 45
1753438464894 4.050597272674567 46
1753438494560 4.050208472979819 47
1753438511002 4.02341568706973 48
1753438543056 4.005602908642079 49
1753438557111 4.035093428519112 50
1753438575364 4.02942053128995 51
1753438593496 4.0486027630309875 52
1753438625152 4.059052220452752 53
1753438649552 4.060905952805578 54
1753438668384 4.048417005351983 55
1753438698535 4.060667938207278 56
1753438716453 4.0717039953392655 57
1753438737185 4.072972810943148 58
1753438756684 4.068212824227995 59
1753438770700 4.0340491155933 60
1753438787446 4.038120993069461 61
1753438803595 4.04784868964405 62
1753438827963 4.07757868918509 63
1753438855460 4.093743070258483 64
1753438887857 4.0944273988056645 65
1753438901736 4.07464672922215 66
1753438915772 4.052890956994254 67
1753438947297 4.049522993610254 68
1753438964697 4.102972728259695 69
1753438980947 4.09216738000378 70
1753439013483 4.110190623489153 71
1753439027822 4.071189956557529 72
1753439043659 4.1027994745507055 73
1753439057554 4.102341197095897 74
1753439083669 4.121255297273815 75
1753439110640 4.091172956768989 76
1753439124284 4.125161428391921 77
1753439146369 4.125443384494086 78
1753439160682 4.094599028381625 79
1753439190240 4.11319506036472 80
1753439215927 4.080375868893364 81
1753439229627 4.109536084751625 82
1753439246555 4.111111894327867 83
1753439278005 4.120497200966231 84
1753439308751 4.119947533423892 85
1753439329273 4.122519249842116 86
1753439357341 4.090817497795684 87
1753439384337 4.076897286391578 88
1753439403237 4.103479389005387 89
1753439419233 4.107170385056197 90
1753439435334 4.1287890646398555 91
1753439450578 4.112635195822764 92
1753439464863 4.096948821369662 93
1753439480106 4.117561145980853 94
1753439493956 4.105295692631504 95
1753439510976 4.104492751486657 96
1753439524983 4.102371959562555 97
1753439539150 4.115855763131392 98
1753439559174 4.1257965101572625 99
1753439582537 4.129111150538829 100
