1753693084175 0.03397574347898322 0
1753693103749 0.023758099352051837 1
1753693121145 0.034806446253530486 2
1753693138578 0.03721548429971756 3
1753693156511 0.009470011629838843 4
1753693166425 0.010549925236750291 5
1753693179212 0.04070443595281608 6
1753693194712 0.05216813424156837 7
1753693210029 0.05299883701611564 8
1753693227341 0.04726698787173949 9
1753693245158 0.00905466024256521 10
1753693258819 0.049177604253198205 11
1753693276523 0.00980229273965775 12
1753693296515 0.009885363017112478 13
1753693314354 0.04942681508556238 14
1753693332099 0.059478318657584316 15
1753693349940 0.00905466024256521 16
1753693366635 0.010134573849476657 17
1753693385170 0.07127429805615551 18
1753693395717 0.05407875062302708 19
1753693408226 0.05682006977903306 20
1753693428121 0.01030071440438611 21
1753693444386 0.052915766738660906 22
1753693454306 0.038959960126266825 23
1753693473185 0.009968433294567204 24
1753693490613 0.04286426316663897 25
1753693506336 0.009885363017112478 26
1753693524029 0.054909453397574345 27
1753693539438 0.06570858946668882 28
1753693555524 0.06271805947831866 29
1753693572005 0.04726698787173949 30
1753693587584 0.06986210333942515 31
1753693603484 0.08032895829872072 32
1753693620730 0.06961289250706097 33
1753693635140 0.011214487456388105 34
1753693651921 0.06928061139724206 35
1753693671429 0.008473168300382123 36
1753693689175 0.0830702774547267 37
1753693704516 0.09237414852965609 38
1753693721713 0.09935205183585313 39
1753693739786 0.09312178102674863 40
1753693758394 0.0818242232929058 41
1753693777539 0.10990197707260342 42
1753693796187 0.09237414852965609 43
1753693810730 0.010383784681840837 44
1753693827832 0.10915434457551088 45
1753693844981 0.10466854959295564 46
1753693859912 0.011214487456388105 47
1753693877474 0.009968433294567204 48
1753693898494 0.07875062302708091 49
1753693913141 0.0563216481143047 50
1753693931319 0.08547931550091377 51
1753693949473 0.09528160824057152 52
1753693967712 0.00955308190729357 53
1753693985283 0.00905466024256521 54
1753694004824 0.10848978235587307 55
1753694017702 0.0768400066456222 56
1753694035375 0.10848978235587307 57
1753694052479 0.11106496095696959 58
1753694067357 0.00930387107492939 59
1753694080075 0.010549925236750291 60
1753694097969 0.00930387107492939 61
1753694114004 0.08390098022927396 62
1753694130664 0.011214487456388105 63
1753694149267 0.011048346901478651 64
1753694163307 0.12219637813590298 65
1753694183730 0.09993354377803622 66
1753694202933 0.11721216148861938 67
1753694221126 0.00980229273965775 68
1753694236917 0.1054992523675029 69
1753694255940 0.11231101511879049 70
1753694270436 0.011214487456388105 71
1753694285575 0.009220800797474664 72
1753694305068 0.11073267984715068 73
1753694324774 0.10632995514205018 74
1753694340337 0.11870742648280445 75
1753694360524 0.09320485130420336 76
1753694380361 0.010549925236750291 77
1753694397229 0.13548762252865926 78
1753694414166 0.09968433294567204 79
1753694430306 0.10533311181259346 80
1753694445557 0.12394085396245223 81
1753694462365 0.009137730520019937 82
1753694481226 0.10441933876059147 83
1753694498915 0.12144874563881043 84
1753694518503 0.1138893503904303 85
1753694534456 0.11214487456388104 86
1753694544891 0.10333942515368001 87
1753694560716 0.1117295231766074 88
1753694577626 0.0980229273965775 89
1753694597136 0.13116796810101347 90
1753694615991 0.11031732845987706 91
1753694632622 0.010965276624023924 92
1753694647876 0.00830702774547267 93
1753694664214 0.010134573849476657 94
1753694679252 0.00955308190729357 95
1753694696800 0.09611231101511879 96
1753694715008 0.10848978235587307 97
1753694732723 0.01030071440438611 98
1753694750365 0.008390098022927396 99
1753694768333 0.1378966605748463 100
