1753470514886 0.023508888519687656 0
1753470535467 0.03464030569862103 1
1753470557264 0.05981059976740322 2
1753470577886 0.079332114969264 3
1753470599783 0.08846984548928394 4
1753470611702 0.10109652766240239 5
1753470635014 0.11654759926898156 6
1753470654858 0.13249709254028907 7
1753470671262 0.14595447748795481 8
1753470693484 0.15102176441269313 9
1753470711701 0.17087556072437282 10
1753470731392 0.1705432796145539 11
1753470750988 0.18150855623857784 12
1753470772938 0.19139391925569033 13
1753470790334 0.20277454726698788 14
1753470812101 0.21614886193719887 15
1753470827349 0.21315833194882872 16
1753470847503 0.22138228941684665 17
1753470865930 0.22578501412194718 18
1753470887022 0.2318491443761422 19
1753470902569 0.23758099352051837 20
1753470924621 0.24015617212161489 21
1753470944011 0.2395746801794318 22
1753470961471 0.24813091875726864 23
1753470972385 0.2461372320983552 24
1753470989608 0.2488785512543612 25
1753471010948 0.2560225951154677 26
1753471034191 0.2536966273467353 27
1753471056289 0.2598438278783851 28
1753471079792 0.26333277953148365 29
1753471100444 0.26715401229440106 30
1753471111403 0.2690646286758598 31
1753471132298 0.26682173118458213 32
1753471148322 0.27238743977404883 33
1753471160820 0.27338428310350554 34
1753471181975 0.27853464030569863 35
1753471203327 0.28177438112643294 36
1753471214957 0.2796145539126101 37
1753471236551 0.2852633327795315 38
1753471254737 0.2874231599933544 39
1753471273721 0.28883535471008476 40
1753471294150 0.2944010632995514 41
1753471318681 0.2929888685828211 42
1753471331551 0.28734008971589964 43
1753471351921 0.29705931217810266 44
1753471374414 0.296976241900648 45
1753471394797 0.29514869579664393 46
1753471416506 0.2993022096693803 47
1753471438700 0.2981392257850141 48
1753471459092 0.2963947499584649 49
1753471474552 0.2999667718890181 50
1753471494791 0.3037049343744808 51
1753471513203 0.30569862103339424 52
1753471525241 0.30644625353048677 53
1753471543538 0.3086060807443097 54
1753471564700 0.30760923741485297 55
1753471586005 0.3077753779697624 56
1753471604411 0.3095198537963117 57
1753471623079 0.31184582156504403 58
1753471641795 0.31043362684831366 59
1753471662145 0.3079415185246719 60
1753471684245 0.308523010466855 61
1753471703748 0.30885529157667385 62
1753471722290 0.3113473999003157 63
1753471740943 0.31599933543778036 64
1753471761316 0.3161654759926898 65
1753471781556 0.3157501246054162 66
1753471799372 0.3130088054494102 67
1753471817349 0.31059976740322315 68
1753471838710 0.3135902973915933 69
1753471860333 0.3133410865592291 70
1753471883202 0.3170792490446918 71
1753471900621 0.31724538959960125 72
1753471918710 0.31741153015451073 73
1753471931967 0.3177438112643296 74
1753471942648 0.3176607409868749 75
1753471963986 0.3217311845821565 76
1753471982270 0.31724538959960125 77
1753472004909 0.3194882870908789 78
1753472024739 0.3248878551254361 79
1753472043911 0.3229772387439774 80
1753472063496 0.32098355208506396 81
1753472085036 0.32156504402724706 82
1753472105327 0.32156504402724706 83
1753472123459 0.32023591958797143 84
1753472143821 0.32438943346070775 85
1753472163401 0.3258846984548928 86
1753472183198 0.3211496926399734 87
1753472206351 0.3227280279116132 88
1753472228397 0.321897325137066 89
1753472243043 0.3220634656919754 90
1753472262737 0.32522013623525503 91
1753472281066 0.3236418009636152 92
1753472300265 0.3263000498421665 93
1753472320667 0.32713075261671376 94
1753472341868 0.32812759594617047 95
1753472363669 0.3230603090214321 96
1753472382736 0.32696461206180427 97
1753472401842 0.3272968931716232 98
1753472421695 0.3298720717727197 99
1753472438246 0.3297059312178103 100
