1753470514887 4.578194082244766 0
1753470535468 4.480296468480308 1
1753470557265 4.388882432953786 2
1753470577887 4.290005570202348 3
1753470599784 4.218411006172174 4
1753470611703 4.141983961031312 5
1753470635015 4.081951674568925 6
1753470654859 4.015936688489808 7
1753470671263 3.972374524649129 8
1753470693485 3.921585339398832 9
1753470711702 3.870775022474785 10
1753470731394 3.840469627144397 11
1753470750989 3.8164320215442533 12
1753470772939 3.7701587526836664 13
1753470790335 3.7299763448918357 14
1753470812102 3.720098108471026 15
1753470827350 3.7074445165657903 16
1753470847504 3.7011249354255327 17
1753470865931 3.6796714590044295 18
1753470887023 3.650914441007629 19
1753470902570 3.666510574012951 20
1753470924622 3.6526974968068093 21
1753470944013 3.63737294612307 22
1753470961472 3.6286292546936396 23
1753470972386 3.6327936053026617 24
1753470989609 3.6082308395658735 25
1753471010949 3.6156633229067596 26
1753471034192 3.6120360734373436 27
1753471056290 3.5959139109580778 28
1753471079794 3.578445007010817 29
1753471100445 3.5677908260245084 30
1753471111404 3.5558196595833125 31
1753471132299 3.571175977341374 32
1753471148323 3.5848129622593015 33
1753471160821 3.5924818143669497 34
1753471181976 3.551769078127084 35
1753471203328 3.5713478482575267 36
1753471214959 3.5453672363347004 37
1753471236552 3.5493331864915847 38
1753471254738 3.5628572292384257 39
1753471273722 3.531068595676997 40
1753471294151 3.548370951868096 41
1753471318682 3.549478407858006 42
1753471331552 3.5532559198573885 43
1753471351922 3.572784298788082 44
1753471374415 3.538078036741573 45
1753471394798 3.553540707376617 46
1753471416507 3.5492569312288014 47
1753471438701 3.5243331155634294 48
1753471459093 3.5261720559928276 49
1753471474553 3.5383632371467537 50
1753471494792 3.5243734503969733 51
1753471513205 3.532730017734337 52
1753471525242 3.5387768472717704 53
1753471543539 3.5297291230509336 54
1753471564701 3.524294158321815 55
1753471586006 3.518412328534706 56
1753471604412 3.5200833014287967 57
1753471623080 3.5171039244836284 58
1753471641796 3.521325267516162 59
1753471662147 3.5074045798174383 60
1753471684247 3.5186349598214974 61
1753471703749 3.502840428234868 62
1753471722291 3.508197541452896 63
1753471740945 3.5330176332626015 64
1753471761317 3.511185260192199 65
1753471781557 3.521995802795221 66
1753471799373 3.5202763296989596 67
1753471817350 3.5267812272548973 68
1753471838711 3.5349773933670963 69
1753471860334 3.504253091878735 70
1753471883203 3.526888897246111 71
1753471900622 3.5067176323295963 72
1753471918711 3.519930184950737 73
1753471931968 3.511019274374136 74
1753471942649 3.5203993387565524 75
1753471963987 3.5117345479466873 76
1753471982271 3.5145582040687264 77
1753472004910 3.510521184203265 78
1753472024740 3.4920068621155256 79
1753472043912 3.5061546948027678 80
1753472063497 3.50342201298252 81
1753472085037 3.5280404441568436 82
1753472105328 3.5157443308124336 83
1753472123460 3.5190321167260192 84
1753472143822 3.504466650606474 85
1753472163402 3.541027140791358 86
1753472183199 3.499233100308387 87
1753472206352 3.4867857213323648 88
1753472228398 3.515918359715436 89
1753472243045 3.489173278689609 90
1753472262739 3.505243141183072 91
1753472281067 3.4960230001066988 92
1753472300266 3.5100379320156576 93
1753472320668 3.494293574481535 94
1753472341869 3.4833719904114946 95
1753472363670 3.5249677249722513 96
1753472382737 3.4930543242032916 97
1753472401843 3.5087500170393953 98
1753472421696 3.506183083504158 99
1753472438247 3.495844818388201 100
