1753842356972 0.053835912797470464 0
1753842375173 0.08861707438841737 1
1753842386673 0.12955566650024963 2
1753842397946 0.1529372607755034 3
1753842410239 0.1888001331336329 4
1753842422074 0.20602429688800133 5
1753842433593 0.2306540189715427 6
1753842445555 0.23830920286237312 7
1753842457464 0.26094192045265435 8
1753842469594 0.2621068397403894 9
1753842481004 0.2872358129472458 10
1753842494723 0.2855716425361957 11
1753842506166 0.2886503577966384 12
1753842518473 0.3011316358795141 13
1753842530180 0.3079547345648194 14
1753842542177 0.3126976202363122 15
1753842553559 0.30695623231818936 16
1753842565549 0.31161590946912965 17
1753842577742 0.3101181560991846 18
1753842589364 0.3175237144283575 19
1753842601009 0.3196871359627226 20
1753842612349 0.3217673489765352 21
1753842623667 0.3218505574970877 22
1753842635285 0.32975536694957563 23
1753842646970 0.33141953736062574 24
1753842659143 0.3325844566483608 25
1753842667076 0.3306706606756532 26
1753842674514 0.3344982526210684 27
1753842681857 0.33150274588117823 28
1753842689282 0.3337493759360959 29
1753842696527 0.3329172907305708 30
1753842705628 0.33058745215510066 31
1753842712844 0.3337493759360959 32
1753842720341 0.33782659344316857 33
1753842728231 0.336744882675986 34
1753842740550 0.3371609252787485 35
1753842747643 0.3379930104842736 36
1753842765327 0.335912797470461 37
1753842772581 0.33915792977200865 38
1753842779834 0.33749375936095855 39
1753842787509 0.34265268763521384 40
1753842795135 0.33915792977200865 41
1753842802773 0.3410717257447163 42
1753842811830 0.34248627059410885 43
1753842819086 0.335912797470461 44
1753842834608 0.3405724746214012 45
1753842842257 0.3397403894158762 46
1753842849854 0.3414877683474788 47
1753842857483 0.34115493426526877 48
1753842867170 0.3415709768680313 49
1753842875004 0.34381760692294894 50
1753842883861 0.3470627392244966 51
1753842889588 0.3471459477450491 52
1753842899295 0.34772840738891664 53
1753842908506 0.345315360292894 54
1753842919472 0.34423364952571145 55
1753842925061 0.34473290064902645 56
1753842930600 0.34423364952571145 57
1753842936175 0.34639707106007656 58
1753842946966 0.34972541188217676 59
1753842955915 0.3440672324846064 60
1753842964147 0.34939257779996674 61
1753842970961 0.3483940755533367 62
1753842976452 0.34764519886836415 63
1753842985424 0.3453985688134465 64
1753842994115 0.3433183557996339 65
1753843005096 0.3472291562656016 66
1753843013204 0.3472291562656016 67
1753843018711 0.3478948244300216 68
1753843029872 0.3488933266766517 69
1753843035852 0.3458978199367615 70
1753843043797 0.34847728407388917 71
1753843053393 0.34847728407388917 72
1753843060654 0.3505574970877018 73
1753843068958 0.35163920785488434 74
1753843078237 0.3478948244300216 75
1753843083864 0.3483940755533367 76
1753843089687 0.3491429522383092 77
1753843094726 0.346147445498419 78
1753843099880 0.3510567482110168 79
1753843105011 0.3512231652521218 80
1753843110892 0.35322016974538195 81
1753843116804 0.34997503744383424 82
1753843122472 0.3531369612248294 83
1753843127234 0.35371942086869695 84
1753843131812 0.3523048760193044 85
1753843137804 0.3522216674987519 86
1753843142834 0.3506407056082543 87
1753843148735 0.35505075719753704 88
1753843153084 0.35555000832085204 89
1753843158486 0.35671492760858714 90
1753843164867 0.354717923115327 91
1753843170888 0.354717923115327 92
1753843176274 0.3513063737726743 93
1753843182379 0.35330337826593444 94
1753843187693 0.3534697953070394 95
1753843193693 0.355217174238642 96
1753843199077 0.3513063737726743 97
1753843204955 0.35729738725245463 98
1753843210340 0.3527209186220669 99
1753843215720 0.35363621234814446 100
