1753842356973 4.426995466562502 0
1753842375174 4.108185905428993 1
1753842386674 3.764272997013465 2
1753842397947 3.52756578460108 3
1753842410241 3.3058085901756677 4
1753842422075 3.1520045376582604 5
1753842433595 2.9979525660779753 6
1753842445557 2.926520860417258 7
1753842457465 2.7818594808256076 8
1753842469595 2.7406688795594807 9
1753842481005 2.649422750404147 10
1753842494724 2.6325522741064606 11
1753842506167 2.582539120540475 12
1753842518474 2.4896857402976997 13
1753842530182 2.46413051006508 14
1753842542178 2.450219824245741 15
1753842553560 2.4434581678957277 16
1753842565550 2.4111802154363935 17
1753842577743 2.3988928580436344 18
1753842589365 2.364961967910961 19
1753842601010 2.3272242357173374 20
1753842612350 2.3074177029319007 21
1753842623668 2.328519529806712 22
1753842635286 2.272542147543332 23
1753842646971 2.279935859419797 24
1753842659144 2.2461946371561416 25
1753842667077 2.201589545171481 26
1753842674515 2.185181354163755 27
1753842681858 2.1901500866032304 28
1753842689283 2.1690978393885088 29
1753842696529 2.1674600737861494 30
1753842705629 2.1687326621617484 31
1753842712845 2.136845823933396 32
1753842720342 2.1110135290895715 33
1753842728232 2.093032356795342 34
1753842740551 2.0979944365479244 35
1753842747644 2.090589695416511 36
1753842765328 2.100871841478777 37
1753842772582 2.084362109635249 38
1753842779835 2.065322723302827 39
1753842787510 2.0358480046565046 40
1753842795136 2.0581881006517144 41
1753842802774 2.040776826452206 42
1753842811831 2.02676944753129 43
1753842819087 2.056400724795665 44
1753842834609 2.019109275030596 45
1753842842258 2.0215477906986337 46
1753842849855 2.010311370742403 47
1753842857484 1.9812394294350473 48
1753842867171 1.9971980059311583 49
1753842875006 1.9716863910323885 50
1753842883862 1.9262157281447785 51
1753842889589 1.9174265979797191 52
1753842899296 1.91995797045989 53
1753842908507 1.9076347900267947 54
1753842919473 1.9016135812229957 55
1753842925062 1.902137677574572 56
1753842930601 1.9078874718339367 57
1753842936176 1.8722815598769245 58
1753842946967 1.8639408706158855 59
1753842955916 1.8704253749534727 60
1753842964148 1.8528253391731326 61
1753842970962 1.8428394150691525 62
1753842976453 1.8335880138602296 63
1753842985426 1.8486294379375559 64
1753842994116 1.857216409934922 65
1753843005097 1.828470470529983 66
1753843013205 1.8261303943783662 67
1753843018712 1.8017948568553537 68
1753843029874 1.8006350455646962 69
1753843035853 1.8165753624642371 70
1753843043799 1.7961247993957954 71
1753843053394 1.792219381103312 72
1753843060656 1.773803890967983 73
1753843068959 1.771062469888562 74
1753843078238 1.7791973032885475 75
1753843083865 1.7666639015655625 76
1753843089688 1.740140605869966 77
1753843094727 1.7426836433858834 78
1753843099882 1.7337934458595154 79
1753843105012 1.7129578159703653 80
1753843110893 1.704680775876122 81
1753843116805 1.7160718351452826 82
1753843122474 1.702830015764542 83
1753843127235 1.6882423380815212 84
1753843131813 1.694291676197537 85
1753843137805 1.6938986207729156 86
1753843142835 1.705569730646969 87
1753843148736 1.6762608126139626 88
1753843153085 1.6800725772721088 89
1753843158487 1.6709095711410606 90
1753843164868 1.6769535302248664 91
1753843170889 1.6803574595637019 92
1753843176275 1.6681243398522942 93
1753843182380 1.6653868225308575 94
1753843187694 1.6653479348516425 95
1753843193694 1.6647198212204155 96
1753843199078 1.6609120832992843 97
1753843204956 1.6331139473653573 98
1753843210341 1.6418599311667106 99
1753843215721 1.627774558900564 100
