1752193217344 0.17083595455722903 0
1752193246072 0.17000333049624394 1
1752193274402 0.23598416164008437 2
1752193303110 0.25430189098175626 3
1752193330623 0.2768937571698183 4
1752193358089 0.28466491507234576 5
1752193386366 0.31260407800762313 6
1752193413886 0.33304962439403474 7
1752193440853 0.31008770306775707 8
1752193469139 0.3210413351589387 9
1752193497540 0.3550123968471302 10
1752193524857 0.3618029086333864 11
1752193552411 0.3712948229286164 12
1752193578453 0.3586019316878215 13
1752193608562 0.3531621211560523 14
1752193636834 0.33092180734929505 15
1752193663539 0.34104281537949155 16
1752193690349 0.36591052066757945 17
1752193717173 0.3622469747992451 18
1752193745301 0.3743662805758058 19
1752193774234 0.35736224697479924 20
1752193802159 0.37847389260999886 21
1752193830184 0.3569551863227621 22
1752193857940 0.36256152166672834 23
1752193885975 0.3774747437368168 24
1752193911584 0.3706102209229175 25
1752193938343 0.4191244495429819 26
1752193966822 0.42134478037227546 27
1752193995012 0.40395218887614254 28
1752194021717 0.40348961995337307 29
1752194049441 0.4189579247307849 30
1752194077128 0.40659808311438406 31
1752194105567 0.4097435517892166 32
1752194133162 0.40633904451763314 33
1752194160225 0.41279650667949525 34
1752194189363 0.37960256078155646 35
1752194217731 0.40110276431188246 36
1752194246803 0.4141842134478037 37
1752194273436 0.42530437035118235 38
1752194299880 0.42837582799837176 39
1752194328952 0.434148688154535 40
1752194355450 0.43649853828220403 41
1752194384991 0.42443474077637566 42
1752194413269 0.40350812271028386 43
1752194439502 0.4467675683676868 44
1752194467195 0.4325204455463864 45
1752194494538 0.43002257336343114 46
1752194521755 0.46221737038818783 47
1752194550709 0.4476001924286719 48
1752194577665 0.43731265958627835 49
1752194604512 0.40323058135662215 50
1752194631954 0.4530215002035303 51
1752194661717 0.4525219257669393 52
1752194689479 0.46308699996299446 53
1752194717865 0.41625652222181103 54
1752194746496 0.4632350220182807 55
1752194773821 0.4641786626207305 56
1752194802304 0.4672686230248307 57
1752194829725 0.438940902194427 58
1752194857894 0.4353328645968249 59
1752194886119 0.42080820042186284 60
1752194915304 0.4512267327831847 61
1752194943885 0.47009954483217997 62
1752194971863 0.45270695333604705 63
1752195000058 0.4481922806498168 64
1752195027710 0.4623653924434741 65
1752195056694 0.4530770084742627 66
1752195084272 0.45392813529215853 67
1752195110977 0.4788698516078896 68
1752195137790 0.45685157088406175 69
1752195164354 0.4755023498501277 70
1752195192230 0.469933020019983 71
1752195219844 0.4509306886726122 72
1752195246590 0.4571476149946342 73
1752195274528 0.4451208230026274 74
1752195303590 0.47165377641268547 75
1752195330690 0.4528179698775118 76
1752195358271 0.4640676460792658 77
1752195386211 0.46060763053695003 78
1752195412799 0.47096917440698666 79
1752195441242 0.4867705288087925 80
1752195467222 0.49430115087147986 81
1752195495574 0.47287495836879695 82
1752195524940 0.4829589608851719 83
1752195553571 0.48852829071531656 84
1752195580545 0.48419864559819414 85
1752195609185 0.4963364541316656 86
1752195636208 0.4634385523442993 87
1752195663904 0.47570588017614623 88
1752195691150 0.4835140435924953 89
1752195719824 0.46641749620693485 90
1752195748183 0.5040891092772823 91
1752195775180 0.4781112385745476 92
1752195802682 0.49245087518040187 93
1752195829504 0.49209932279909707 94
1752195856819 0.4705436109980387 95
1752195882371 0.49256189172186654 96
1752195909726 0.47034008067202016 97
1752195938506 0.5023313473707582 98
1752195967053 0.4932464937275654 99
1752195995385 0.4758539022314325 100
1752196023356 0.5008881323317175 101
1752196050030 0.49148873182104136 102
1752196078442 0.49433815638530143 103
1752196106941 0.5048107167968027 104
1752196137266 0.4743181734078378 105
1752196165186 0.49428264811456907 106
1752196193822 0.4962809458609333 107
1752196221782 0.4969840506235429 108
1752196249611 0.49250638345113423 109
1752196276975 0.5 110
1752196305193 0.5000555082707323 111
1752196333409 0.49457869222514156 112
1752196362234 0.5188543092920845 113
1752196390625 0.502682899752063 114
1752196418127 0.49615142656255784 115
1752196445206 0.4873256115161159 116
1752196475161 0.5133774932464937 117
1752196503624 0.5128224105391703 118
1752196532056 0.49554083558450207 119
1752196559944 0.4785553047404063 120
1752196586733 0.5085852792066018 121
1752196615060 0.5093438922399437 122
1752196642054 0.5052547829626615 123
1752196669749 0.4913407097657551 124
1752196696358 0.5043111423602117 125
1752196723182 0.511934278207453 126
1752196750510 0.4800355252932687 127
1752196778084 0.4919513007438108 128
1752196806056 0.5170040336010066 129
1752196833637 0.5226103689449728 130
1752196862764 0.5277356326092588 131
1752196889712 0.5072715834659364 132
1752196917212 0.5274765940125079 133
1752196946250 0.5198719609221774 134
1752196975264 0.5190023313473707 135
1752197003658 0.5030529548902787 136
1752197032513 0.5084187543944048 137
1752197059923 0.51755911630833 138
1752197088739 0.5081227102838323 139
1752197118068 0.5074011027643118 140
1752197146359 0.5037930651667099 141
1752197174064 0.5086592902342449 142
1752197202319 0.5090848536431928 143
1752197231024 0.5131739629204751 144
1752197258889 0.49646597343004106 145
1752197287721 0.5011101654146468 146
1752197314952 0.5228694075417237 147
1752197343701 0.5140435924952818 148
1752197372886 0.5142101173074788 149
1752197399317 0.5030344521333678 150
1752197427046 0.5323243163231322 151
1752197455577 0.5206305739555194 152
1752197482908 0.5200384857343744 153
1752197512131 0.4877326721681531 154
1752197540377 0.513192465677386 155
1752197567846 0.5183547348554934 156
1752197594739 0.5115642230692373 157
1752197622940 0.5118972726936314 158
1752197652254 0.5143766421196758 159
1752197681053 0.5122118195611146 160
1752197707605 0.522425341375865 161
1752197735921 0.5345631499093365 162
1752197764609 0.524941716315731 163
1752197795107 0.4984457684194945 164
1752197822862 0.5201865077896607 165
1752197851525 0.5267734892498982 166
1752197880020 0.5098249639196241 167
1752197908508 0.5364504311142361 168
1752197936967 0.5173185804684898 169
1752197964989 0.5244791473929615 170
1752197993114 0.5304370351182326 171
1752198020660 0.5396884135736225 172
1752198047693 0.5384487288606002 173
1752198074998 0.5283647263442253 174
1752198102689 0.5270695333604707 175
1752198131226 0.5167079894904341 176
1752198158622 0.522092291751471 177
1752198187790 0.5061614180512897 178
1752198216387 0.5140991007660142 179
1752198244719 0.5273285719572216 180
1752198272004 0.5257188321059838 181
1752198299850 0.5196314250823373 182
1752198327350 0.5295489027865152 183
1752198354903 0.5353772712134108 184
1752198381406 0.5291788476482996 185
1752198410581 0.5008696295748066 186
1752198439874 0.5309366095548237 187
1752198467395 0.5219072641823632 188
1752198494567 0.5313806757206824 189
1752198522484 0.5041446175480147 190
1752198551415 0.5254042852385006 191
1752198577817 0.5316212115605226 192
1752198605497 0.5264959478962365 193
1752198632149 0.5416682085630758 194
1752198659196 0.5457018095696259 195
1752198687108 0.5285127483995116 196
1752198714772 0.5188358065351737 197
1752198742820 0.5458683343818229 198
1752198771310 0.5501239684713022 199
1752198799422 0.5459053398956445 200
