1753827527850 4.583902580964064 0
1753827539552 4.531163298627227 1
1753827550058 4.482494866132088 2
1753827562745 4.437146581648583 3
1753827573663 4.383764950369511 4
1753827584673 4.34258402825699 5
1753827596607 4.318906212930625 6
1753827608678 4.279585479966615 7
1753827620663 4.242201948071105 8
1753827632926 4.202478358375899 9
1753827645340 4.184133807917872 10
1753827658297 4.1600563749655395 11
1753827670468 4.141363993078177 12
1753827681916 4.110410782776509 13
1753827693289 4.084315460405232 14
1753827705745 4.0778081786759754 15
1753827717284 4.07405806191423 16
1753827728879 4.0681686051646695 17
1753827741658 4.035604565082222 18
1753827752694 4.035737224043252 19
1753827764762 4.037301196690807 20
1753827775036 4.018211668369336 21
1753827788002 4.018861106485222 22
1753827800471 3.991067663449377 23
1753827813213 3.983559362333074 24
1753827824592 3.958338439140292 25
1753827837145 3.9613590909736778 26
1753827848997 3.9798790790291854 27
1753827860746 3.9579752697358948 28
1753827872620 3.940920627187001 29
1753827884614 3.9206149474201055 30
1753827896691 3.9209642937727667 31
1753827909191 3.9200872124476174 32
1753827920599 3.9366838890879094 33
1753827933103 3.934776048800965 34
1753827944511 3.9136254960683927 35
1753827955799 3.9151359400905856 36
1753827967879 3.8912324026354836 37
1753827980988 3.887272877694673 38
1753827992972 3.8875492337384117 39
1753828003992 3.8711540699753457 40
1753828016741 3.881368209924576 41
1753828030042 3.8989444500009593 42
1753828042820 3.870389640119241 43
1753828054592 3.853284198722971 44
1753828067048 3.853545654603292 45
1753828078898 3.863883615038988 46
1753828090886 3.8570143376640957 47
1753828103422 3.8265067604476624 48
1753828115966 3.8310636767385193 49
1753828128249 3.8395304368439764 50
1753828140374 3.821691772882398 51
1753828152439 3.8288747982191578 52
1753828164666 3.819684640486686 53
1753828175273 3.815461216723228 54
1753828187394 3.805803312756921 55
1753828198770 3.811929373891814 56
1753828210143 3.798618840856965 57
1753828220331 3.7946585951851213 58
1753828231672 3.78164702847204 59
1753828243692 3.7727134119992876 60
1753828255308 3.778508109174829 61
1753828267557 3.7768894566928872 62
1753828280029 3.790543843585344 63
1753828292325 3.7814460593702703 64
1753828304924 3.7644743481972496 65
1753828316271 3.7649562960889305 66
1753828328099 3.7436790260018404 67
1753828339613 3.7620368681709295 68
1753828350724 3.7923222389847795 69
1753828362090 3.766888895302194 70
1753828374859 3.78063187359217 71
1753828386510 3.7459950603733354 72
1753828398695 3.7620322597054265 73
1753828410201 3.7525956257351476 74
1753828421939 3.762561113945633 75
1753828434656 3.7593574040752746 76
1753828446814 3.7637899742637324 77
1753828457903 3.7629640990968376 78
1753828469979 3.7408613585158608 79
1753828481145 3.749015257595024 80
1753828493731 3.729290360348273 81
1753828506229 3.7478016481835565 82
1753828518863 3.741514381784404 83
1753828531422 3.7365583640358193 84
1753828543300 3.7459762289225242 85
1753828556196 3.7407746834719022 86
1753828568655 3.7348982710597856 87
1753828580469 3.724370968044989 88
1753828592453 3.7323333259456 89
1753828604279 3.707672171237005 90
1753828617126 3.722936101446443 91
1753828630526 3.728499897268682 92
1753828642244 3.7158012433976504 93
1753828654313 3.7136744784121483 94
1753828666233 3.7192267846502403 95
1753828677936 3.726192248244245 96
1753828690150 3.700919255386663 97
1753828701886 3.71867223437248 98
1753828713354 3.7229437361977844 99
1753828724976 3.7200077954359347 100
