1754692890495 2.260293806471844 0
1754692915731 1.91875605324421 1
1754692941837 1.807225119296118 2
1754692967378 1.3928460910229394 3
1754692993725 1.2603473229618722 4
1754693023062 1.1811663543875306 5
1754693048495 1.1068539361945016 6
1754693082286 1.0864969070332282 7
1754693105676 1.0470489338349378 8
1754693131548 1.0688348508554604 9
1754693160108 1.0127624892327733 10
1754693182921 1.015096942539961 11
1754693212856 1.0138228743811484 12
1754693249697 1.0160344056263773 13
1754693276788 1.0391834649262552 14
1754693306973 1.0244393069529434 15
1754693336937 1.0299974919397412 16
1754693365673 1.0386030796606032 17
1754693400622 1.0438711479355878 18
1754693434407 1.0456921492590676 19
1754693469711 1.0535717839033676 20
1754693495001 1.0614852041633045 21
1754693521262 1.0653374121811776 22
1754693554949 1.0708285622542753 23
1754693584641 1.0751604108780952 24
1754693608746 1.0806560851157332 25
1754693642049 1.1422259966859225 26
1754693675312 1.1715756246208293 27
1754693703417 1.0834429543937096 28
1754693733251 1.0917493447422641 29
1754693761067 1.1132010927617433 30
1754693787867 1.0830225477992013 31
1754693813865 1.097766841347945 32
1754693843902 1.0961099497606155 33
1754693877615 1.1099316828241423 34
1754693907987 1.1104615765217623 35
1754693940293 1.1158104779889813 36
1754693966165 1.1215960645739664 37
1754693993221 1.1229600611383002 38
1754694026351 1.1269835622384017 39
1754694051289 1.1344633774142983 40
1754694083890 1.138210157131305 41
1754694111421 1.1412246530664945 42
1754694140121 1.1452022374819428 43
1754694173634 1.148091599261751 44
1754694201317 1.1530422907625228 45
1754694229023 1.1556374630801587 46
1754694259676 1.1638247385485827 47
1754694291600 1.1623403185979284 48
1754694316692 1.1629947851332942 49
1754694342167 1.165937331242227 50
1754694377978 1.171623022679299 51
1754694402756 1.1738322920827442 52
1754694434572 1.1759453312318677 53
1754694459093 1.1820308597407412 54
1754694489085 1.1783846297739295 55
1754694517030 1.183677589187622 56
1754694548199 1.1864346513496207 57
1754694572727 1.1877476297550564 58
1754694600494 1.193765750408328 59
1754694627202 1.1950821012192832 60
1754694655996 1.1940127391746147 61
1754694687415 1.1979228594712283 62
1754694710324 1.1997326257543803 63
1754694742110 1.2015411491447032 64
1754694776573 1.2023262218346402 65
1754694806561 1.206248582077368 66
1754694842432 1.2107129443598914 67
1754694872452 1.2142452158443144 68
1754694899767 1.217378887884665 69
1754694927700 1.2158042967733251 70
1754694955684 1.2161848194356055 71
1754694987641 1.2189132702847116 72
1754695010640 1.221432739048676 73
1754695033902 1.2223083105748702 74
1754695064755 1.228280101223441 75
1754695088577 1.2260714768388226 76
1754695116058 1.2295545572158677 77
1754695153239 1.2344608771740022 78
1754695180097 1.2339889696526714 79
1754695204577 1.235289119642559 80
1754695229382 1.236476413843045 81
1754695253419 1.2348937807492077 82
1754695280826 1.2378818373004463 83
1754695307889 1.2439271567272328 84
1754695334657 1.2454314829430988 85
1754695368038 1.243918130291557 86
1754695392690 1.245279686900057 87
1754695420274 1.2460786413062506 88
1754695448246 1.2503158445133624 89
1754695471865 1.2512898202354499 90
1754695506747 1.2557964217323283 91
1754695531312 1.256531630905686 92
1754695554627 1.2570165219608798 93
1754695586163 1.258423315928829 94
1754695609671 1.2599792117100148 95
1754695643657 1.2603447024271461 96
1754695670391 1.2599752645274023 97
1754695707816 1.2636429183342184 98
1754695741747 1.2631338046150398 99
1754695764099 1.2662931654279665 100
