1749136777422 0.02865924572188071 0
1749136797811 0.07451403887688984 1
1749136818284 0.1039209170958631 2
1749136838724 0.12427313507227114 3
1749136859175 0.14346236916431301 4
1749136879718 0.1651437115799967 5
1749136900125 0.1866589134407709 6
1749136920478 0.20078086060807443 7
1749136941122 0.21207841834191726 8
1749136964067 0.2274464196710417 9
1749136987777 0.23517195547433128 10
1749137011282 0.24406047516198703 11
1749137032095 0.24713407542781193 12
1749137052801 0.2571025087223791 13
1749137074726 0.26432962286094036 14
1749137097793 0.2759594617046021 15
1749137121063 0.27230436949659415 16
1749137141552 0.27836849975078914 17
1749137163576 0.2826050839009802 18
1749137185962 0.2903306197042698 19
1749137206395 0.289666057484632 20
1749137228413 0.2919920252533644 21
1749137247405 0.2915766738660907 22
1749137265266 0.299385279946835 23
1749137284405 0.2980561555075594 24
1749137301928 0.3013789666057485 25
1749137319799 0.30129589632829373 26
1749137337241 0.29863764744974247 27
1749137354508 0.3052001993686659 28
1749137369819 0.3111812593454062 29
1749137385209 0.3096029240737664 30
1749137400268 0.3093537132414022 31
1749137415735 0.3096859943512211 32
1749137429868 0.3095198537963117 33
1749137444440 0.30910450240903803 34
1749137459585 0.3130918757268649 35
1749137474718 0.3135902973915933 36
1749137488952 0.3163316165475993 37
1749137502526 0.3177438112643296 38
1749137516039 0.31541784349559726 39
1749137529426 0.3242232929057983 40
1749137542807 0.32081741153015453 41
1749137556840 0.31716231932214656 42
1749137569863 0.3179099518192391 43
1749137583211 0.3226449576341585 44
1749137597552 0.32239574680179434 45
1749137610573 0.3185745140388769 46
1749137623301 0.3253032065127098 47
1749137636044 0.32214653596943016 48
1749137648333 0.3282106662236252 49
1749137660796 0.3267154012294401 50
