1753576234550 0.027911613224788172 0
1753576250365 0.060225951154676854 1
1753576264757 0.08282106662236252 2
1753576293140 0.09661073267984716 3
1753576322945 0.11114803123442432 4
1753576337456 0.1354045522512045 5
1753576366738 0.1536800132912444 6
1753576385235 0.16663897657418175 7
1753576406875 0.18192390762585148 8
1753576428895 0.18906795148695796 9
1753576459421 0.20451902309353714 10
1753576475215 0.20917095863100182 11
1753576489109 0.21947167303538795 12
1753576506856 0.22977238743977405 13
1753576523585 0.24223292905798305 14
1753576538756 0.24439275627180596 15
1753576570778 0.2528659245721881 16
1753576596936 0.2525336434623692 17
1753576611865 0.2626682173118458 18
1753576640918 0.2688984881209503 19
1753576658289 0.26856620701113143 20
1753576672578 0.27114138561222795 21
1753576700765 0.27454726698787174 22
1753576724943 0.2810267486293404 23
1753576750777 0.2774547266987872 24
1753576779426 0.28019604585479313 25
1753576799276 0.28368499750789167 26
1753576821262 0.2825220136235255 27
1753576838533 0.28825386276790166 28
1753576867046 0.2874231599933544 29
1753576893469 0.2918258846984549 30
1753576907538 0.2912443927562718 31
1753576921298 0.29232430636318324 32
1753576952360 0.2911613224788171 33
1753576966835 0.2894168466522678 34
1753576982035 0.2931550091377305 35
1753577006597 0.2962286094035554 36
1753577037705 0.2983884366173783 37
1753577067418 0.2983884366173783 38
1753577087016 0.2995514205017445 39
1753577111993 0.30760923741485297 40
1753577136146 0.30985213490613056 41
1753577159481 0.30661239408539626 42
1753577175501 0.30702774547266987 43
1753577195275 0.30744309685994353 44
1753577222995 0.3079415185246719 45
1753577239055 0.3092706429639475 46
1753577268323 0.30985213490613056 47
1753577285532 0.3110981890679515 48
1753577305736 0.3107659079581326 49
1753577326193 0.3115135404552251 50
1753577357613 0.310932048513042 51
1753577372423 0.3102674862934042 52
1753577401201 0.31184582156504403 53
1753577415530 0.3130088054494102 54
1753577441908 0.3167469679348729 55
1753577459310 0.31226117295231764 56
1753577481082 0.3166638976574182 57
1753577508280 0.3177438112643296 58
1753577527034 0.317328459877056 59
1753577556415 0.31599933543778036 60
1753577569768 0.3149194218308689 61
1753577594510 0.31824223292905796 62
1753577626048 0.31699617876723707 63
1753577656456 0.32198039541452067 64
1753577676075 0.3242232929057983 65
1753577698334 0.3195713573683336 66
1753577724634 0.32214653596943016 67
1753577744871 0.3195713573683336 68
1753577765536 0.32339259013125105 69
1753577781171 0.32314337929888687 70
1753577798252 0.32522013623525503 71
1753577811938 0.3227280279116132 72
1753577837296 0.31965442764578833 73
1753577866385 0.32372487124106997 74
1753577883048 0.32397408207343414 75
1753577901284 0.3257185578999834 76
1753577932904 0.32679847150689484 77
1753577950096 0.322478817079249 78
1753577974179 0.32497092540289085 79
1753577993960 0.322478817079249 80
1753578026591 0.3245555740156172 81
1753578040480 0.32438943346070775 82
1753578061580 0.327961455391261 83
1753578081643 0.32621697956471174 84
1753578096236 0.3247217145705267 85
1753578116103 0.32812759594617047 86
1753578144644 0.3264661903970759 87
1753578176169 0.32654926067453066 88
1753578206627 0.32779531483635155 89
1753578231537 0.32405715235088883 90
1753578249630 0.3314504070443595 91
1753578277962 0.3312842664894501 92
1753578295421 0.33236418009636154 93
1753578326209 0.3320318989865426 94
1753578342047 0.3338594450905466 95
1753578356703 0.32596776873234756 96
1753578389593 0.3330287423159993 97
1753578421968 0.3320318989865426 98
1753578445024 0.3316996178767237 99
1753578458905 0.32895829872071775 100
