1753576234551 4.54526676725558 0
1753576250366 4.427802232200317 1
1753576264759 4.297782540994849 2
1753576293141 4.156168487162289 3
1753576322947 4.073194476844227 4
1753576337457 3.97192062329338 5
1753576366739 3.8981306916326877 6
1753576385237 3.8408082095143383 7
1753576406877 3.775855657931625 8
1753576428896 3.70860274582883 9
1753576459422 3.6753037897182024 10
1753576475216 3.6563427216663946 11
1753576489110 3.624536562649419 12
1753576506857 3.5771841363418946 13
1753576523586 3.5418844655558366 14
1753576538757 3.5388693306505443 15
1753576570779 3.5418554032963923 16
1753576596937 3.5452934504116547 17
1753576611866 3.5334904611946323 18
1753576640920 3.5145155997437447 19
1753576658290 3.543852482468894 20
1753576672579 3.510005243697858 21
1753576700766 3.5213099366939073 22
1753576724944 3.5191891372241244 23
1753576750778 3.5214302437678118 24
1753576779427 3.507921659677042 25
1753576799277 3.5390484381929355 26
1753576821263 3.563411929089047 27
1753576838534 3.5339487105308653 28
1753576867047 3.523596079959658 29
1753576893470 3.5208099926021914 30
1753576907539 3.506395541148646 31
1753576921300 3.5245599847417117 32
1753576952361 3.5364023969559573 33
1753576966836 3.5372562576260718 34
1753576982036 3.5112467884057037 35
1753577006598 3.5510485829307235 36
1753577037706 3.5124264623947186 37
1753577067419 3.543964119851402 38
1753577087017 3.5415047009910694 39
1753577111994 3.5244088230191175 40
1753577136147 3.5391483845870897 41
1753577159482 3.5530339400528566 42
1753577175502 3.5502385865023105 43
1753577195276 3.5666706464852616 44
1753577222996 3.5551962838633884 45
1753577239056 3.568698028717163 46
1753577268324 3.570797014495872 47
1753577285533 3.546148815837134 48
1753577305737 3.529617617730317 49
1753577326194 3.538448885990551 50
1753577357614 3.5355007975239663 51
1753577372424 3.556521779430988 52
1753577401202 3.5659365384654538 53
1753577415531 3.54176324471242 54
1753577441909 3.5476902766279106 55
1753577459311 3.54776610999046 56
1753577481083 3.5580535756541387 57
1753577508281 3.5408885394536593 58
1753577527035 3.554070892335107 59
1753577556416 3.5397025338649053 60
1753577569769 3.556819650104266 61
1753577594511 3.5432733414118998 62
1753577626049 3.536302517727719 63
1753577656457 3.5668600230448715 64
1753577676076 3.5423284405181787 65
1753577698335 3.546017795832343 66
1753577724635 3.568864713608283 67
1753577744872 3.5714792838703264 68
1753577765537 3.5707037248142997 69
1753577781172 3.565929682085419 70
1753577798253 3.5632399474945893 71
1753577811939 3.5267664275831145 72
1753577837297 3.556152618684063 73
1753577866386 3.5429616703145745 74
1753577883049 3.578007515968077 75
1753577901285 3.5501813699751876 76
1753577932905 3.5447525389946186 77
1753577950097 3.5423244050660876 78
1753577974180 3.5268973854701122 79
1753577993961 3.548545354179419 80
1753578026592 3.5497160089186828 81
1753578040481 3.566189625764472 82
1753578061581 3.5620412023983183 83
1753578081644 3.5585342224833107 84
1753578096237 3.5583615343730104 85
1753578116104 3.5809256740913753 86
1753578144645 3.5363423301195045 87
1753578176170 3.5140127168462025 88
1753578206628 3.544994325293834 89
1753578231538 3.5263034257430563 90
1753578249631 3.5478754810026985 91
1753578277963 3.5364349917603177 92
1753578295422 3.5457833562280925 93
1753578326210 3.5478064904597844 94
1753578342048 3.5321993708180246 95
1753578356704 3.5543806171144094 96
1753578389594 3.5453677284752483 97
1753578421969 3.539232147930431 98
1753578445025 3.541905067479119 99
1753578458906 3.522770319652373 100
