1753794425451 0.03164977571025087 0
1753794457448 0.06388104336268483 1
1753794491568 0.07476324970925403 2
1753794524304 0.1079913606911447 3
1753794545375 0.12751287589300547 4
1753794582506 0.14960956969596279 5
1753794599493 0.17070942016946336 6
1753794622467 0.19272304369496593 7
1753794649688 0.20210998504735006 8
1753794682311 0.21257684000664562 9
1753794719617 0.22196378135902975 10
1753794754364 0.23093537132414022 11
1753794789891 0.24040538295397906 12
1753794826444 0.2526997840172786 13
1753794864983 0.2644957634158498 14
1753794900736 0.270809104502409 15
1753794935394 0.27413191560059813 16
1753794968498 0.27986376474497426 17
1753795004422 0.28650938694135236 18
1753795039755 0.29514869579664393 19
1753795075651 0.2875893005482638 20
1753795103898 0.2983884366173783 21
1753795141792 0.29606246884864595 22
1753795180943 0.30561555075593955 23
1753795216950 0.30478484798139227 24
1753795252714 0.3096029240737664 25
1753795291386 0.31217810267486296 26
1753795327490 0.31201196211995347 27
1753795344406 0.31533477321814257 28
1753795371040 0.3195713573683336 29
1753795408155 0.3228941684665227 30
1753795444660 0.32065127097524504 31
1753795482003 0.32438943346070775 32
1753795509431 0.328875228443263 33
1753795534851 0.3286260176108988 34
1753795568237 0.33311181259345407 35
1753795603251 0.33535471008473167 36
1753795632918 0.3368499750789168 37
1753795658820 0.3402558564545606 38
1753795692927 0.3425818242232929 39
1753795729318 0.34631998670875563 40
1753795760763 0.3459877055989367 41
1753795785552 0.342249543113474 42
1753795822920 0.3456554244891178 43
1753795857413 0.3472337597607576 44
1753795889468 0.35088885196876557 45
1753795926091 0.35030736002658247 46
1753795960986 0.3483967436451238 47
1753795999679 0.34856288420003323 48
1753796034217 0.3547931550091377 49
1753796069411 0.3550423658415019 50
1753796101885 0.3562053497258681 51
1753796133894 0.3576175444425984 52
1753796170527 0.3550423658415019 53
1753796206441 0.36010965276624024 54
1753796241692 0.35986044193387606 55
1753796274982 0.36102342581824226 56
1753796306971 0.3631001827546104 57
1753796324096 0.36077421498587803 58
1753796359033 0.36102342581824226 59
1753796394070 0.35786675527496264 60
1753796428095 0.35911280943678353 61
1753796466995 0.3600265824887855 62
1753796503279 0.3586143877720552 63
1753796532828 0.3643462369164313 64
1753796551754 0.36667220468516365 65
1753796584144 0.36883203189898656 66
1753796622071 0.36966273467353383 67
1753796656814 0.36966273467353383 68
1753796674201 0.37049343744808105 69
1753796713682 0.36708755607243726 70
1753796754849 0.3695796643960791 71
1753796790633 0.3697458049509885 72
1753796826590 0.36891510217644125 73
1753796865453 0.36791825884698454 74
1753796901365 0.37165642133244725 75
1753796936725 0.374148529656089 76
1753796972184 0.365343080245888 77
1753797008314 0.3708257185579 78
1753797033450 0.37290247549426814 79
1753797072841 0.37597607576009306 80
1753797109678 0.3749792324306363 81
1753797148227 0.3769729190895498 82
1753797185619 0.3773882704768234 83
1753797222137 0.3755607243728194 84
1753797248508 0.37547765409536465 85
1753797285366 0.3763914271473667 86
1753797320723 0.3767237082571856 87
1753797354057 0.3733178268815418 88
1753797377041 0.3763914271473667 89
1753797413365 0.37863432463864427 90
1753797449579 0.37880046519355376 91
1753797484082 0.37946502741319155 92
1753797522218 0.37846818408373484 93
1753797546299 0.3764744974248214 94
1753797583191 0.38361854128592787 95
1753797599869 0.37622528659245724 96
1753797637702 0.3829539790662901 97
1753797675236 0.3811264329622861 98
1753797711764 0.38420003322811097 99
1753797748189 0.3842831035055657 100
