1754088119049 0.021764412693138394 0
1754088159071 0.057069280611397245 1
1754088197725 0.07326798471506894 2
1754088234697 0.09470011629838844 3
1754088273672 0.10533311181259346 4
1754088311703 0.12759594617046022 5
1754088348748 0.13590297391593287 6
1754088383953 0.15534141884033892 7
1754088419906 0.15791659744143546 8
1754088457916 0.18117627512875892 9
1754088495756 0.18840338926732014 10
1754088532083 0.19870410367170627 11
1754088570986 0.2010300714404386 12
1754088603314 0.21673035387938197 13
1754088642414 0.21855789998338596 14
1754088679862 0.2299385279946835 15
1754088714825 0.2323475660408706 16
1754088753925 0.24464196710417013 17
1754088793499 0.24248213989034723 18
1754088833242 0.2585147034391095 19
1754088871136 0.2556903140056488 20
1754088909859 0.2662402392423991 21
1754088947358 0.2616713739823891 22
1754088987647 0.27612560225951155 23
1754089026033 0.27571025087223794 24
1754089066004 0.28493105166971255 25
1754089101622 0.27994683502242895 26
1754089140150 0.2941518524671872 27
1754089178219 0.29348729024754944 28
1754089214158 0.29988370161156336 29
1754089252894 0.2980561555075594 30
1754089292674 0.30628011297557733 31
1754089331276 0.3063631832530321 32
1754089369765 0.30719388602757935 33
1754089407675 0.31126432962286094 34
1754089447395 0.3141717893337764 35
1754089488406 0.3179099518192391 36
1754089525694 0.3201528493105167 37
1754089566128 0.321897325137066 38
1754089602434 0.3235587306861605 39
1754089639324 0.32696461206180427 40
1754089676879 0.33402558564545604 41
1754089716245 0.33178268815417844 42
1754089754305 0.33651769396909786 43
1754089791655 0.3332779531483635 44
1754089829590 0.33959129423492274 45
1754089867382 0.33651769396909786 46
1754089905824 0.34017278617710583 47
1754089945308 0.3400897158996511 48
1754089982048 0.34731683003821234 49
1754090020385 0.3466522678185745 50
1754090058474 0.3498089383618541 51
1754090096717 0.35014121947167304 52
1754090135175 0.35446087389931885 53
1754090172499 0.35238411696295063 54
1754090209781 0.3562053497258681 55
1754090246963 0.3549592955640472 56
1754090285455 0.35554078750623025 57
1754090324741 0.35645456055823227 58
1754090362200 0.35828210666223625 59
1754090401494 0.3586143877720552 60
1754090439049 0.3615218474829706 61
1754090477861 0.36168798803788005 62
1754090516375 0.3635986044193388 63
1754090552682 0.3637647449742482 64
1754090590922 0.3658415019106164 65
1754090629000 0.3647615883037049 66
1754090668688 0.3655922910782522 67
1754090705823 0.3687489616215318 68
1754090744320 0.36941352384116966 69
1754090781049 0.37065957800299054 70
1754090819661 0.3677521182920751 71
1754090858190 0.3697458049509885 72
1754090896705 0.37099185911280946 73
1754090936018 0.37207177271972086 74
1754090973949 0.371739491609902 75
1754091012346 0.37257019438444927 76
1754091051031 0.371739491609902 77
1754091090068 0.3758930054826383 78
1754091129371 0.3769729190895498 79
1754091168057 0.37464695132081743 80
1754091206724 0.3758930054826383 81
1754091246722 0.378717394916099 82
1754091282593 0.37747134075427813 83
1754091321893 0.3763914271473667 84
1754091361399 0.37722212992191395 85
1754091400300 0.3765575677022761 86
1754091438948 0.38287090878883534 87
1754091478298 0.37730520019936864 88
1754091516391 0.3821232762917428 89
1754091554955 0.37979730852301047 90
1754091592718 0.37821897325137066 91
1754091631547 0.37597607576009306 92
1754091670600 0.37597607576009306 93
1754091708944 0.37630835686991193 94
1754091747317 0.3751453729855458 95
1754091785830 0.38303704934374483 96
1754091824017 0.3835354710084732 97
1754091863698 0.38727363349393584 98
1754091901535 0.38378468184083736 99
1754091938836 0.38361854128592787 100
