1754088119050 4.548089888177032 0
1754088159073 4.418554400185068 1
1754088197727 4.284465101698258 2
1754088234698 4.1687913091807065 3
1754088273673 4.076955188618532 4
1754088311704 3.9966480523009618 5
1754088348750 3.9338701845668553 6
1754088383954 3.8727787621836045 7
1754088419907 3.832407788550869 8
1754088457917 3.7731624155196886 9
1754088495758 3.737894407211607 10
1754088532085 3.6928583407863043 11
1754088570987 3.6665260291189745 12
1754088603316 3.626113727193963 13
1754088642416 3.6012039962762943 14
1754088679863 3.580624844357465 15
1754088714826 3.553903335029711 16
1754088753926 3.538796439146785 17
1754088793500 3.5172802693656435 18
1754088833243 3.500117567443407 19
1754088871137 3.471405302816802 20
1754088909860 3.469052008742693 21
1754088947359 3.462933240016001 22
1754088987648 3.438162753565966 23
1754089026034 3.418408812720919 24
1754089066005 3.4191230300997124 25
1754089101623 3.415805275122525 26
1754089140151 3.3959791662062653 27
1754089178221 3.3902214384720373 28
1754089214159 3.3781009550954475 29
1754089252895 3.3770359736648414 30
1754089292675 3.3578342066035645 31
1754089331277 3.355043365355047 32
1754089369766 3.3668211075050984 33
1754089407677 3.360149942899061 34
1754089447397 3.3416992749497387 35
1754089488408 3.3343796626065347 36
1754089525696 3.329667546158831 37
1754089566129 3.3341539694437112 38
1754089602435 3.33023327466268 39
1754089639325 3.3354397845298314 40
1754089676880 3.3170799870934995 41
1754089716246 3.304285482004341 42
1754089754307 3.3055952566042826 43
1754089791657 3.308209696378263 44
1754089829591 3.2993338914065866 45
1754089867383 3.300152341925632 46
1754089905825 3.2915463795890925 47
1754089945309 3.2957879975469435 48
1754089982050 3.2903455220109628 49
1754090020386 3.278865838461736 50
1754090058476 3.2869776398720187 51
1754090096718 3.277204693666573 52
1754090135176 3.276084851985621 53
1754090172500 3.2566827581228455 54
1754090209783 3.2686015627949416 55
1754090246964 3.2448052508132506 56
1754090285457 3.2656764290747695 57
1754090324742 3.2540874108640825 58
1754090362201 3.268466104124213 59
1754090401495 3.24703643979922 60
1754090439050 3.26053780809001 61
1754090477863 3.24395665230747 62
1754090516376 3.2528038635229852 63
1754090552683 3.2508989466607146 64
1754090590923 3.2421223876066896 65
1754090629001 3.263680217558218 66
1754090668689 3.2487761153424173 67
1754090705824 3.2424771162630783 68
1754090744322 3.2564731347443128 69
1754090781050 3.2385991015332545 70
1754090819662 3.2321374014539845 71
1754090858192 3.2488517427755133 72
1754090896706 3.241950643988355 73
1754090936020 3.2442151781088566 74
1754090973950 3.2311291710425447 75
1754091012347 3.2343091979315925 76
1754091051032 3.2276792149989233 77
1754091090069 3.2193967783811863 78
1754091129372 3.212110209873415 79
1754091168058 3.232025588771384 80
1754091206725 3.223419620334075 81
1754091246723 3.2068146665577832 82
1754091282594 3.2138320952340704 83
1754091321894 3.2144174058931423 84
1754091361400 3.232078354772824 85
1754091400301 3.2203437437237987 86
1754091438949 3.2082453293051727 87
1754091478299 3.20055563672093 88
1754091516393 3.212448205452799 89
1754091554956 3.236045080305599 90
1754091592719 3.252046588678328 91
1754091631549 3.2636781638788044 92
1754091670602 3.2586482211966232 93
1754091708945 3.256094151407092 94
1754091747318 3.2657932482343504 95
1754091785831 3.2106552049486314 96
1754091824019 3.2203851692369128 97
1754091863699 3.219599879473235 98
1754091901536 3.202758270105603 99
1754091938837 3.2019367977419337 100
