1753154111481 4.4686602806533875 0
1753154138731 4.203561835601682 1
1753154170973 3.9526899089929484 2
1753154203986 3.75631334978074 3
1753154240084 3.5817708919758853 4
1753154275752 3.4206653414979207 5
1753154309502 3.2876718058812613 6
1753154345169 3.170000955406083 7
1753154378297 3.071295023189968 8
1753154408639 2.9815544547178807 9
1753154446343 2.9076166856985424 10
1753154477653 2.829046169991952 11
1753154515354 2.770847075849383 12
1753154544541 2.706015529302851 13
1753154574839 2.6641532284038916 14
1753154597415 2.6025768203262323 15
1753154618945 2.5779840481436618 16
1753154646123 2.5449351183302817 17
1753154678426 2.5116938202758954 18
1753154706521 2.462372519580092 19
1753154740446 2.470917977333169 20
1753154761027 2.420350237158779 21
1753154796865 2.4163559508353734 22
1753154828663 2.384732639804614 23
1753154857281 2.365712662281084 24
1753154893729 2.324500711200216 25
1753154929388 2.3114447222882433 26
1753154949092 2.318231630082289 27
1753154973671 2.29026096414723 28
1753155002293 2.2575473890754543 29
1753155018137 2.2539385056335317 30
1753155045297 2.239668843931839 31
1753155083749 2.2226565610578253 32
1753155120397 2.2211487055664154 33
1753155151670 2.210725565726339 34
1753155182678 2.1758623992309394 35
1753155217801 2.1846296337408497 36
1753155246453 2.149389259595488 37
1753155281867 2.1421579085587954 38
1753155316901 2.1304749392596247 39
1753155354763 2.1123570030591927 40
1753155391040 2.102701415508647 41
1753155427613 2.1178158791238593 42
1753155462100 2.0969271971153183 43
1753155498137 2.080556305818269 44
1753155520897 2.075007292510532 45
1753155556228 2.0752556506401856 46
1753155588253 2.056810676882426 47
1753155619118 2.0433876167743232 48
1753155652308 2.018246413335774 49
1753155688270 2.024206289170469 50
1753155704272 2.0075373954197198 51
1753155736398 2.016755168968612 52
1753155751877 2.0018933288136065 53
1753155784823 1.9932939009588273 54
1753155817296 1.982765966175283 55
1753155850606 1.966236206927987 56
1753155883563 1.9661821858153317 57
1753155899248 1.9638383101144223 58
1753155933762 1.9658390227587796 59
1753155969638 1.9363059860510503 60
1753156005602 1.9409542151199464 61
1753156021680 1.9359290945136582 62
1753156058033 1.9340412811465804 63
1753156082712 1.9158987714531241 64
1753156117131 1.9014168985754865 65
1753156152950 1.9039124382010726 66
1753156185850 1.8877553348376652 67
1753156202189 1.8907286765389755 68
1753156236099 1.8899565977915438 69
1753156265835 1.8723710700086607 70
1753156299741 1.869497012927934 71
1753156332411 1.8554267374005524 72
1753156347945 1.85525512666813 73
1753156364259 1.8489778074848897 74
1753156395825 1.842137433137524 75
1753156431021 1.8446170840789762 76
1753156462388 1.8328347953804505 77
1753156498091 1.8185812724036245 78
1753156531457 1.807950316538025 79
1753156567176 1.8218961573037944 80
1753156603920 1.8103643408802288 81
1753156638973 1.8038362773552619 82
1753156672977 1.8098496100440553 83
1753156697053 1.8061412669508434 84
1753156733160 1.7847104545255177 85
1753156768816 1.7871818183637458 86
1753156801648 1.774393345830244 87
1753156841637 1.7657308281845985 88
1753156875934 1.7731963797445405 89
1753156912167 1.7539643205705437 90
1753156930946 1.7636986442502178 91
1753156964135 1.7507594379965574 92
1753156998661 1.748610139801353 93
1753157034226 1.7361118136621314 94
1753157065104 1.7241647139085146 95
1753157101797 1.7319736353216826 96
1753157135578 1.720281525105927 97
1753157151962 1.7252946370925257 98
1753157186306 1.7173601782224217 99
1753157222508 1.7180462406964652 100
1753157257629 1.7131455599848289 101
1753157291115 1.7042052881551821 102
1753157326858 1.7026658068313574 103
1753157361533 1.7132889552996309 104
1753157394272 1.7032853928639289 105
1753157426588 1.695869049579594 106
1753157459534 1.6997778689619523 107
1753157474876 1.6956464720842166 108
1753157508279 1.6763331565493893 109
1753157543270 1.6657682798361266 110
1753157577696 1.6564841453313277 111
1753157610591 1.6603197491108845 112
1753157647469 1.6589642151557582 113
1753157682656 1.647718413123417 114
1753157718412 1.6460115981999568 115
1753157753301 1.6402791849642477 116
1753157773385 1.6275142630395418 117
1753157806663 1.6262868163232644 118
1753157837366 1.622069925069809 119
1753157867268 1.6177174907511225 120
1753157902053 1.6225674536209138 121
1753157935716 1.615791636727008 122
1753157952920 1.6061210441502918 123
1753157984283 1.6136110500941863 124
1753158018148 1.601655824408217 125
1753158034751 1.6015203879342053 126
1753158069336 1.5910418193948626 127
1753158103472 1.6050420550926237 128
1753158140572 1.6001816209297612 129
1753158158919 1.5833238802032843 130
1753158187552 1.5802023341803302 131
1753158221137 1.5838168984018313 132
1753158253813 1.572714174530395 133
1753158292542 1.5662101465925267 134
1753158325323 1.5628718996264694 135
1753158341175 1.5623143551172003 136
1753158377196 1.5604493116733655 137
1753158411809 1.5486726687485903 138
1753158445608 1.546914478548626 139
1753158478018 1.5495239768088014 140
1753158512863 1.5408703922245146 141
1753158542154 1.5257280439470384 142
1753158576788 1.5323047268354326 143
1753158600226 1.5435609666723797 144
1753158633918 1.528146111564934 145
1753158669350 1.519045108020268 146
1753158705505 1.5200150829026207 147
1753158738378 1.5164022364517804 148
1753158766709 1.5210711599717925 149
1753158802657 1.50494719692868 150
1753158833668 1.5115846199409808 151
1753158872269 1.5159212327857838 152
1753158901440 1.5037524425598843 153
1753158936775 1.5053666560586108 154
1753158967571 1.4997758666141887 155
1753158999115 1.4917512698151476 156
1753159036552 1.502692180575694 157
1753159070712 1.4986801470100204 158
1753159104428 1.4817518210770604 159
1753159140497 1.4806776748278803 160
1753159163878 1.4633591879830985 161
1753159200490 1.471448144729446 162
1753159235644 1.4625987103330258 163
1753159261283 1.4655344414627693 164
1753159297507 1.4711192850369574 165
1753159327963 1.4562046484643545 166
1753159348547 1.4508018587731975 167
1753159385566 1.4502475691654693 168
1753159418964 1.4406147304000023 169
1753159450778 1.4416034088876002 170
1753159484098 1.4366095705445623 171
1753159515368 1.4380660784853987 172
1753159548284 1.4421477541859884 173
1753159580538 1.4236427368521816 174
1753159610024 1.4423918219321588 175
1753159641527 1.4373219535850887 176
1753159676119 1.414710114432476 177
1753159692727 1.4210900567650495 178
1753159726570 1.4103988763344242 179
1753159760581 1.406569016429495 180
1753159795495 1.420042695874562 181
1753159831117 1.4111710913939703 182
1753159860708 1.3923636107741157 183
1753159895886 1.3936199860732663 184
1753159932535 1.3970565129292267 185
1753159966480 1.392806778100921 186
1753159994924 1.3917716404563267 187
1753160023600 1.3848304588311657 188
1753160039029 1.384308895842337 189
1753160074038 1.3855952823134519 190
1753160108949 1.3763286925323022 191
1753160125375 1.370740911695901 192
1753160160000 1.3653065044309172 193
1753160194067 1.3604645524009555 194
1753160209934 1.3735646208659749 195
1753160244608 1.3704369393298297 196
1753160266319 1.3548930729165856 197
1753160301317 1.3607636690233724 198
1753160335390 1.346378136250829 199
1753160369670 1.345084118969604 200
