1750294505667 0.013706595780029905 0
1750294629687 0.02367502907459711 1
1750294753577 0.027330121282605084 2
1750294878475 0.04003987373317827 3
1750295002412 0.05432796145539126 4
1750295128899 0.06554244891177936 5
1750295254274 0.0780860608074431 6
1750295377639 0.08664229938527995 7
1750295504428 0.09611231101511879 8
1750295633869 0.10533311181259346 9
1750295761555 0.11040039873733178 10
1750295887519 0.11505233427479648 11
1750296016223 0.1219471673035388 12
1750296091234 0.12842664894500747 13
1750296165492 0.13797973085230106 14
1750296240879 0.1496926399734175 15
1750296314503 0.15068948330287424 16
1750296387592 0.1496926399734175 17
1750296462910 0.15542448911779366 18
1750296536767 0.15592291078252202 19
1750296609839 0.16190397075926233 20
1750296684242 0.16572520352217976 21
1750296758455 0.16971257684000665 22
1750296831972 0.17336766904801462 23
1750296907986 0.1746137232098355 24
1750296981952 0.17885030736002658 25
1750297036164 0.18042864263166639 26
1750297090057 0.182671540122944 27
1750297143281 0.1907293570360525 28
1750297196049 0.19305532480478485 29
1750297250877 0.19928559561388934 30
1750297304617 0.19671041701279282 31
1750297358608 0.19961787672370826 32
1750297412225 0.19928559561388934 33
1750297466060 0.20119621199534807 34
1750297519667 0.20526665559062968 35
1750297573045 0.20759262335936202 36
1750297626149 0.2053497258680844 37
1750297679480 0.2050174447582655 38
1750297712592 0.2115799966771889 39
1750297745750 0.2159827213822894 40
1750297778914 0.22038544608738994 41
1750297812469 0.2249543113473999 42
1750297845185 0.2242897491277621 43
1750297877911 0.22570194384449244 44
1750297910727 0.23076923076923078 45
1750297943584 0.2324306363183253 46
1750297976338 0.23475660408705765 47
1750298009046 0.23575344741651438 48
1750298041296 0.23807941518524672 49
1750298073903 0.2386609071274298 50
