1752786385232 0.019476768176941488 0
1752786409016 0.038375835602872 1
1752786434275 0.05463398530989519 2
1752786460224 0.06899397540645374 3
1752786485477 0.08855327226211109 4
1752786511991 0.10836015515391599 5
1752786538215 0.1142196913427416 6
1752786563118 0.12692910786498307 7
1752786586894 0.14013369645951967 8
1752786611354 0.1483040356523892 9
1752786635308 0.1590327638854502 10
1752786659387 0.16406701328711729 11
1752786684579 0.17504332755632582 12
1752786709449 0.1843690682512173 13
1752786736021 0.19154906329949659 14
1752786762669 0.19344722290996122 15
1752786787451 0.19625319798630023 16
1752786811372 0.20136997606668317 17
1752786835458 0.20921020054468928 18
1752786860068 0.21325410580176613 19
1752786884281 0.21820582652471734 20
1752786908145 0.226293637038871 21
1752786932795 0.22951225550878931 22
1752786956899 0.23421639019559296 23
1752786980865 0.23817776677395394 24
1752787005948 0.23958075431212347 25
1752787031347 0.24354213089048443 26
1752787055932 0.24766856482627714 27
1752787079913 0.24832879425600396 28
1752787104871 0.2513823553684906 29
1752787131804 0.25262028554922833 30
1752787158440 0.2572418915573162 31
1752787182785 0.2629363703887101 32
1752787207170 0.264669472641743 33
1752787230892 0.2675579763967979 34
1752787254977 0.26615498885862837 35
1752787280251 0.26937360732854665 36
1752787304645 0.2731699265494759 37
1752787330619 0.27457291408764545 38
1752787355066 0.2777915325575638 39
1752787379707 0.2771313031278369 40
1752787404295 0.27762647520013206 41
1752787429233 0.28158785177849305 42
1752787455397 0.2834860113889577 43
1752787480913 0.28604440042914914 44
1752787505403 0.28653957250144424 45
1752787530752 0.2850540562845589 46
1752787554913 0.2884377321119089 47
1752787579137 0.2905834777585211 48
1752787603477 0.2937195675497235 49
1752787627628 0.2952050837666089 50
1752787651760 0.296277956589915 51
1752787676128 0.2959478418750516 52
1752787699972 0.2989188743088223 53
1752787724558 0.2999917471321284 54
1752787749887 0.3007345052405711 55
1752787776881 0.3013947346702979 56
1752787800902 0.30213749277874064 57
1752787825225 0.30436576710406865 58
1752787850111 0.30783197161013454 59
1752787874365 0.3065940414293967 60
1752787900123 0.30799702896756626 61
1752787926047 0.3085747297185772 62
1752787952862 0.3075018568952711 63
1752787979575 0.30898737311215646 64
1752788004459 0.31138070479491625 65
1752788029487 0.3115457621523479 66
1752788054162 0.3104728893290418 67
1752788079310 0.31072047536518943 68
1752788104232 0.3150119666584138 69
1752788128165 0.31369150779896016 70
1752788152026 0.314351737228687 71
1752788176354 0.3157547247668565 72
1752788199931 0.31765288437732114 73
1752788223750 0.3172402409837419 74
1752788248113 0.31831311380704796 75
1752788272585 0.3184781711644797 76
1752788297827 0.31740529834117354 77
1752788322911 0.3178179417347528 78
1752788349376 0.32153173227696624 79
1752788375013 0.32062391681109187 80
1752788399601 0.3188908145580589 81
1752788425461 0.3228521911364199 82
1752788450018 0.32169678963439796 83
1752788474190 0.3216142609556821 84
1752788497825 0.3230172484938516 85
1752788521714 0.32334736320871504 86
1752788545827 0.3234298918874309 87
1752788569856 0.3251629941404638 88
1752788594876 0.32458529338945286 89
1752788621442 0.32631839564248577 90
1752788647932 0.3274737971445077 91
1752788671824 0.3265659816786333 92
1752788697180 0.32722621110836014 93
1752788721840 0.3275563258232236 94
1752788746215 0.3277213831806553 95
1752788770752 0.32458529338945286 96
1752788795610 0.3287942560039614 97
1752788822409 0.32904184204010894 98
1752788847413 0.33027977222084676 99
1752788871535 0.3291243707188248 100
