1752786385233 4.580655516953768 0
1752786409017 4.486104991173816 1
1752786434276 4.378434090875488 2
1752786460225 4.259920658491899 3
1752786485478 4.146383767256535 4
1752786511992 4.032515190736218 5
1752786538216 3.94517844423148 6
1752786563119 3.8518188519512533 7
1752786586895 3.7679409559435144 8
1752786611355 3.690874390383791 9
1752786635309 3.623330736088865 10
1752786659388 3.5626264149478524 11
1752786684580 3.5008007925598346 12
1752786709450 3.4373766856413903 13
1752786736022 3.384960210445757 14
1752786762669 3.3453421134646755 15
1752786787452 3.306556979050022 16
1752786811373 3.2679070658187963 17
1752786835459 3.231363831445811 18
1752786860069 3.1946062648403477 19
1752786884282 3.1565259137518855 20
1752786908146 3.12073532579595 21
1752786932796 3.0870186037164395 22
1752786956900 3.0623833990576537 23
1752786980866 3.0379303380317753 24
1752787005949 3.017357082819908 25
1752787031348 2.99479587497903 26
1752787055933 2.9739117055914575 27
1752787079914 2.9505190650367004 28
1752787104872 2.9346299241075773 29
1752787131805 2.9197179866898098 30
1752787158441 2.896473992008606 31
1752787182786 2.8803553066551557 32
1752787207171 2.8656260455373928 33
1752787230893 2.8514335881097734 34
1752787254978 2.8368496461000308 35
1752787280252 2.8246319562541045 36
1752787304646 2.803976071074726 37
1752787330620 2.7935199246709552 38
1752787355067 2.7786980196610442 39
1752787379708 2.766422572595521 40
1752787404296 2.755173448012535 41
1752787429233 2.7403674248349326 42
1752787455398 2.7375215473060788 43
1752787480914 2.724872954747694 44
1752787505403 2.712318221166902 45
1752787530752 2.7035995463963802 46
1752787554914 2.6980508718293703 47
1752787579138 2.683857810716625 48
1752787603478 2.674018662851694 49
1752787627629 2.6679647899510566 50
1752787651761 2.663423615347181 51
1752787676129 2.6525705884703723 52
1752787699973 2.634263975119356 53
1752787724559 2.62584148527824 54
1752787749888 2.6233068549153535 55
1752787776882 2.622157058439859 56
1752787800903 2.6114082863354304 57
1752787825226 2.599942693227777 58
1752787850112 2.5938291297185407 59
1752787874366 2.590829648686414 60
1752787900124 2.5793190969072146 61
1752787926048 2.5804448986364625 62
1752787952863 2.5754598480389066 63
1752787979576 2.572459667308952 64
1752788004460 2.5574792556442354 65
1752788029488 2.5578127683968845 66
1752788054163 2.5608814212823967 67
1752788079311 2.549145527104307 68
1752788104233 2.539734573141346 69
1752788128166 2.5330273844158238 70
1752788152026 2.521739265744789 71
1752788176355 2.5191362413219474 72
1752788199932 2.5124669808146787 73
1752788223751 2.507172515454025 74
1752788248114 2.5024873263493124 75
1752788272586 2.5067424787177353 76
1752788297828 2.5031942455978746 77
1752788322912 2.4918045096281096 78
1752788349377 2.4865721860246164 79
1752788375014 2.486430612623462 80
1752788399602 2.4850988946743486 81
1752788425462 2.4831656003462537 82
1752788450019 2.4803509835534796 83
1752788474190 2.4773535091983083 84
1752788497826 2.4623069220187066 85
1752788521715 2.4657554902426444 86
1752788545828 2.4576634775893424 87
1752788569857 2.452244656013024 88
1752788594877 2.4502005827671756 89
1752788621443 2.449865621088609 90
1752788647933 2.4423672909480567 91
1752788671825 2.437697165163858 92
1752788697181 2.4303666763214866 93
1752788721841 2.428111206569578 94
1752788746216 2.425492627081526 95
1752788770753 2.42792753976637 96
1752788795611 2.421305973215087 97
1752788822410 2.4203808003503338 98
1752788847414 2.4084387028707006 99
1752788871535 2.4093151747427997 100
