1753558025569 0.022512045190230937 0
1753558046151 0.0342249543113474 1
1753558067310 0.04560558232264496 2
1753558090018 0.05565708589466689 3
1753558110439 0.06977903306197043 4
1753558133204 0.08390098022927396 5
1753558153444 0.09187572686492773 6
1753558168067 0.10998504735005815 7
1753558189387 0.11771058315334773 8
1753558209782 0.12551918923409205 9
1753558230462 0.131001827546104 10
1753558253207 0.14753281275959462 11
1753558264468 0.1511879049676026 12
1753558286353 0.16040870576507726 13
1753558305678 0.16539292241236087 14
1753558319793 0.17818574514038876 15
1753558342094 0.1870742648280445 16
1753558363804 0.18815417843495597 17
1753558385555 0.19463366007642466 18
1753558408125 0.19405216813424156 19
1753558427240 0.20568200697790331 20
1753558438361 0.20526665559062968 21
1753558461672 0.21265991028410036 22
1753558483220 0.21731184582156504 23
1753558500586 0.21324140222628343 24
1753558521404 0.21398903472337596 25
1753558538789 0.22262834357866756 26
1753558560503 0.22952317660740987 27
1753558580159 0.23035387938195714 28
1753558600739 0.23699950157833527 29
1753558620038 0.23915932879215818 30
1753558638188 0.23625186908124274 31
1753558660756 0.2383286260176109 32
1753558679694 0.24563881043362684 33
1753558700087 0.2448081076590796 34
