1753558025570 4.611174040619962 0
1753558046152 4.545504703185478 1
1753558067311 4.472635174076984 2
1753558090019 4.415790189133201 3
1753558110440 4.360374643603587 4
1753558133205 4.3115681747583 5
1753558153445 4.2564508539783725 6
1753558168068 4.211401215904701 7
1753558189388 4.186605759733615 8
1753558209783 4.167512018652136 9
1753558230463 4.1591026377892435 10
1753558253208 4.121218006439752 11
1753558264469 4.104730992280781 12
1753558286354 4.068517785836623 13
1753558305680 4.044643141305903 14
1753558319794 4.047943366499321 15
1753558342095 4.046633653497067 16
1753558363805 4.046400547613781 17
1753558385556 4.023665186001382 18
1753558408126 3.9992201702693038 19
1753558427241 4.025158241219689 20
1753558438362 3.9961798497512517 21
1753558461673 3.982801430281248 22
1753558483221 4.008067530539525 23
1753558500587 4.0433754346988815 24
1753558521405 4.011897274217588 25
1753558538790 4.018914347164899 26
1753558560504 4.030625860844229 27
1753558580160 4.02568095134227 28
1753558600740 3.973984218998219 29
1753558620039 3.9705239994976407 30
1753558638189 3.9946633314557545 31
1753558660757 4.014661225546202 32
1753558679695 4.037201077949554 33
1753558700088 4.049063804696409 34
1753558719598 4.0261084403570635 35
1753558734152 4.034508375548797 36
1753558748383 3.9816790886642695 37
1753558766818 3.9838706267805475 38
1753558785453 4.037888755220129 39
1753558802466 3.993479952368933 40
1753558823366 4.0293887812588896 41
1753558843138 4.05617420378777 42
1753558864224 4.055939349345668 43
1753558883135 4.047547986833439 44
1753558902307 4.037946967861347 45
1753558925946 4.0812261991980785 46
1753558944947 4.070212207857748 47
1753558964171 4.026365053176032 48
1753558985362 4.025285121205462 49
1753559008106 4.082045483836122 50
1753559028999 4.051435557119416 51
1753559050187 4.05638228387707 52
1753559072545 4.076121701359075 53
1753559084273 4.0939947951785385 54
1753559104730 4.096389291307172 55
1753559123300 4.081866960460408 56
1753559134164 4.083086130502559 57
1753559145168 4.0914373596509295 58
1753559169497 4.112681991599 59
1753559192171 4.079626922709444 60
1753559214035 4.0957403497407565 61
1753559234794 4.078782297709817 62
1753559248544 4.101264054405063 63
1753559268342 4.143996080879039 64
1753559290586 4.1079286384480245 65
1753559301421 4.120857673407 66
1753559318053 4.105483872499095 67
1753559338787 4.111915634395089 68
1753559357978 4.160213248859168 69
1753559376020 4.157143934111287 70
1753559396975 4.1662184495909935 71
1753559415987 4.129308302143324 72
1753559434077 4.151925088780448 73
1753559458032 4.138229762386592 74
1753559478494 4.157268547873338 75
1753559497517 4.16864327448735 76
1753559512103 4.1894240268642715 77
1753559529999 4.177284182826703 78
1753559550247 4.147225820249932 79
1753559569445 4.187311912891281 80
1753559592797 4.17182974626789 81
1753559608708 4.1783349703585015 82
1753559629576 4.176697640485483 83
1753559648324 4.200815563135552 84
1753559668736 4.178670434547434 85
1753559687736 4.194310223951478 86
1753559707049 4.197530744774655 87
1753559729739 4.173664550211021 88
1753559752989 4.21715830133335 89
1753559769536 4.184738119649049 90
1753559789382 4.198867079558845 91
1753559810339 4.198266941926973 92
1753559829708 4.200356847903398 93
1753559848184 4.223544934549749 94
1753559864710 4.235211318186896 95
1753559885968 4.236978651390188 96
1753559909190 4.227516743335596 97
1753559934075 4.231383177077428 98
1753559950341 4.251402351366822 99
1753559969927 4.261021616877834 100
