1753825118556 4.55709656316582 0
1753825140734 4.459680211845864 1
1753825164448 4.36328590425095 2
1753825189603 4.277680661519169 3
1753825215157 4.222408422792175 4
1753825233420 4.160974564999311 5
1753825257953 4.104946998203866 6
1753825283169 4.058583735821012 7
1753825307784 4.032052257715047 8
1753825334920 3.9885615207181613 9
1753825358333 3.9620566495693637 10
1753825381896 3.9431512528918584 11
1753825408149 3.9124882559343273 12
1753825432609 3.873435561603072 13
1753825456180 3.8510252414175743 14
1753825482542 3.860260435741151 15
1753825507274 3.8452751408887473 16
1753825532112 3.8275265380612327 17
1753825557554 3.7981896690056147 18
1753825583141 3.7831393177600603 19
1753825605538 3.8029776897907355 20
1753825631251 3.7867404142416876 21
1753825655001 3.7905356071688288 22
1753825680417 3.774345053566827 23
1753825706633 3.76719835415548 24
1753825728501 3.756801841136276 25
1753825753983 3.7526422181085053 26
1753825777796 3.7757227963472317 27
1753825802795 3.7579902438320207 28
1753825828078 3.7312336361016607 29
1753825852850 3.743683329621826 30
1753825875754 3.734308033576693 31
1753825897233 3.7271284327880685 32
1753825918700 3.750484029838644 33
1753825941994 3.7600444087200917 34
1753825964877 3.7466939854170396 35
1753825990057 3.746233240471497 36
1753826015384 3.710776480964398 37
1753826035102 3.7314346855867604 38
1753826050437 3.7354752529450703 39
1753826073278 3.720547263262835 40
1753826096483 3.743660659383695 41
1753826122844 3.7546607194759525 42
1753826144268 3.7383127451242326 43
1753826170569 3.735686134309244 44
1753826194853 3.717799222894632 45
1753826218596 3.7460909349807614 46
1753826239856 3.7454811038519953 47
1753826264315 3.7253834429234236 48
1753826289080 3.7184882383948716 49
1753826312869 3.738190176453793 50
1753826335772 3.7325132427529377 51
1753826359952 3.736720567400372 52
1753826380900 3.730389591533286 53
1753826403864 3.742096865288157 54
1753826425487 3.735933353067018 55
1753826449729 3.7405156074370467 56
1753826474000 3.73667671075424 57
1753826499266 3.7499202306137396 58
1753826524194 3.7332359799332986 59
1753826547633 3.7098686541067205 60
1753826571605 3.716630193878602 61
1753826596338 3.7288955954745564 62
1753826619401 3.7430660868070196 63
1753826644095 3.7468204862042733 64
1753826666663 3.7200916309901975 65
1753826689539 3.738104630745737 66
1753826713629 3.723380199434568 67
1753826738590 3.7384848372909807 68
1753826761861 3.7748169495822945 69
1753826784620 3.756947508945104 70
1753826808756 3.7611936119952745 71
1753826833775 3.725653429900934 72
1753826858949 3.769141185062903 73
1753826883634 3.738228542132716 74
1753826902560 3.770172090532516 75
1753826928679 3.747943566914482 76
1753826949621 3.756543766375889 77
1753826971924 3.7474105627367402 78
1753826996271 3.733783064305246 79
1753827019098 3.758261383549517 80
1753827042196 3.737440275114484 81
1753827064863 3.7846089569837336 82
1753827091369 3.7723413528876466 83
1753827113599 3.7771411578876997 84
1753827137654 3.7572585068866036 85
1753827163700 3.7766277323734014 86
1753827188326 3.765683038092777 87
1753827213463 3.757831479146606 88
1753827238799 3.7800088746231153 89
1753827264245 3.7454807622072512 90
1753827289462 3.7572739332365575 91
1753827313714 3.746073766236376 92
1753827337146 3.780380832335769 93
1753827360140 3.7756620893158606 94
1753827384111 3.7955924985541736 95
1753827408208 3.7683354947146173 96
1753827433393 3.77735319765112 97
1753827458138 3.7812492549388224 98
1753827481237 3.8102477201079195 99
1753827504389 3.7938325631584826 100
