1752530589515 4.61276258088639 0
1752530603698 4.568714165857646 1
1752530617997 4.513782919928951 2
1752530631986 4.452942694228985 3
1752530645981 4.393076301896667 4
1752530660066 4.336633317144388 5
1752530674091 4.2786957530028875 6
1752530688206 4.229779469181498 7
1752530702125 4.185618834514554 8
1752530715951 4.13932247913239 9
1752530729765 4.086574905492956 10
1752530743917 4.048884028428951 11
1752530757961 4.012280441661167 12
1752530771985 3.9751080042966715 13
1752530785925 3.9414009314047607 14
1752530800040 3.9071910253753694 15
1752530814116 3.876638180485204 16
1752530827961 3.8406435615667216 17
1752530842229 3.8062163671174574 18
1752530856188 3.7783720844991557 19
1752530870381 3.7557165380340636 20
1752530884299 3.726455413089597 21
1752530898277 3.7038943021926767 22
1752530912373 3.6797907654347664 23
1752530926465 3.6574987259373364 24
1752530940475 3.6382185258237043 25
1752530954452 3.616278541248184 26
1752530968836 3.5972398991375676 27
1752530982923 3.5769134795170494 28
1752530996879 3.5594318013355304 29
1752531010757 3.531815685109836 30
1752531024841 3.51881146325917 31
1752531038668 3.499504600184533 32
1752531052519 3.478282737909522 33
1752531066471 3.4693440005677214 34
1752531080248 3.44782719803967 35
1752531094179 3.4313666842912256 36
1752531108141 3.419481744685695 37
1752531121959 3.3964150356761156 38
1752531135941 3.3796573557425487 39
1752531149723 3.3687017084768827 40
1752531163570 3.3566886372692286 41
1752531177458 3.3388068400983095 42
1752531191267 3.327353913157215 43
1752531205108 3.3160207219800175 44
1752531218944 3.3000801868714857 45
1752531232795 3.2942137076006284 46
1752531246755 3.274963869100051 47
1752531260704 3.2612514245850273 48
1752531274517 3.250428091814375 49
1752531288601 3.233452834554745 50
1752531302508 3.22504151357706 51
1752531316387 3.2174974096156546 52
1752531330439 3.1979563687711114 53
1752531344374 3.189015961511266 54
1752531358183 3.1823971920212526 55
1752531372068 3.167767776244336 56
1752531386151 3.1577151840442474 57
1752531400591 3.148481913539376 58
1752531415009 3.139825284330974 59
1752531429670 3.1378379979655864 60
1752531443555 3.13006578701612 61
1752531457403 3.1197908414770863 62
1752531471651 3.100823054631818 63
1752531485657 3.0935967917383294 64
1752531499896 3.086920758642872 65
1752531513726 3.0839037227370487 66
1752531527729 3.0685240957624913 67
1752531541802 3.0547266948563285 68
1752531555745 3.052537687263517 69
1752531569568 3.0380792151565967 70
1752531583808 3.0284901426786943 71
1752531597719 3.0190080228569225 72
1752531612107 3.0167058702656764 73
1752531626512 3.0015684372854494 74
1752531640399 3.001604172408556 75
1752531654336 2.9836481423424015 76
1752531668250 2.9803692240125734 77
1752531682143 2.974232833824686 78
1752531695988 2.9673043647159614 79
1752531710180 2.9507948323127557 80
1752531724685 2.9500887969112477 81
1752531738721 2.9433891855514807 82
1752531752594 2.934911238824526 83
1752531766548 2.9313667108919557 84
1752531780536 2.9226056454164664 85
1752531794785 2.918652065701711 86
1752531809242 2.9059332340417967 87
1752531823056 2.900070269468998 88
1752531836895 2.896134235530754 89
1752531850942 2.8906600735378127 90
1752531864760 2.8841065498419884 91
1752531878822 2.882834724791151 92
1752531892721 2.869639517990321 93
1752531906758 2.8688316400492337 94
1752531920837 2.8586639953019786 95
1752531934688 2.8551885297305435 96
1752531948930 2.8484615769348274 97
1752531962876 2.8470965411374913 98
1752531976695 2.8373069244988365 99
1752531990712 2.8269070824979483 100
