1751307190586 0.029489948496427977 0
1751307314106 0.03505565708589467 1
1751307441647 0.04901146369828875 2
1751307568515 0.06894833028742316 3
1751307691807 0.09960126266821731 4
1751307819511 0.11987041036717062 5
1751307946525 0.1393919255690314 6
1751308069433 0.15210167801960459 7
1751308196812 0.17477986376474497 8
1751308327995 0.17137398238910118 9
1751308455416 0.19745804950988535 10
1751308580797 0.20809104502409037 11
1751308708477 0.21506894833028742 12
1751308836861 0.22944010632995515 13
1751308965073 0.24073766406379798 14
1751309094441 0.2523675029074597 15
1751309219011 0.26017610898820404 16
1751309341468 0.2644126931383951 17
1751309468543 0.26989533145040706 18
1751309594623 0.2796976241900648 19
1751309719285 0.2865924572188071 20
1751309846909 0.28767237082571856 21
1751309975501 0.29365343080245887 22
1751310097807 0.29631167968101013 23
1751310227743 0.2997175610566539 24
1751310350379 0.2929888685828211 25
1751310479509 0.3025419504901146 26
1751310607859 0.3081076590795813 27
1751310732027 0.3113473999003157 28
1751310857684 0.3183253032065127 29
1751310987019 0.3189067951486958 30
1751311115809 0.32314337929888687 31
1751311243827 0.3236418009636152 32
1751311371072 0.3398405050672869 33
1751311499090 0.327047682339259 34
1751311624645 0.33211496926399736 35
1751311752134 0.3385113806280113 36
1751311879421 0.34216647283601925 37
1751312006419 0.3481475328127596 38
1751312135195 0.35828210666223625 39
1751312263731 0.3625186908124273 40
1751312390284 0.36143877720551587 41
1751312521120 0.3606080744309686 42
1751312646705 0.36733676690480144 43
1751312768437 0.36667220468516365 44
1751312894144 0.36966273467353383 45
1751313023040 0.373567037713906 46
1751313148878 0.37946502741319155 47
1751313277356 0.3734008971589965 48
1751313402755 0.381458714072105 49
1751313531114 0.3864429307193886 50
1751313606211 0.3863598604419339 51
1751313679313 0.3910948662568533 52
1751313750856 0.38702442266157167 53
1751313822514 0.3910948662568533 54
1751313898180 0.39657750456886526 55
1751313972015 0.3997341751121449 56
1751314046793 0.40255856454560557 57
1751314121882 0.40837348396743645 58
1751314196607 0.4116962950656255 59
1751314271532 0.4098687489616215 60
1751314343876 0.40870576507725537 61
1751314418539 0.41294234922744644 62
1751314493460 0.4110317328459877 63
1751314566877 0.4141053331118126 64
1751314640882 0.41177936534308024 65
1751314714124 0.41252699784017277 66
1751314788699 0.4219970094700116 67
1751314864231 0.4237414852965609 68
1751314938372 0.4274796477820236 69
1751315013016 0.4182588469845489 70
1751315087602 0.4221631500249211 71
1751315161122 0.42332613390928725 72
1751315235285 0.4216647283601927 73
1751315310640 0.419754111978734 74
1751315384888 0.4255690314005649 75
1751315460624 0.4275627180594783 76
1751315534310 0.4316331616547599 77
1751315607819 0.42590131251038377 78
1751315680920 0.4256521016780196 79
1751315752928 0.4274796477820236 80
1751315827182 0.4288087722212992 81
1751315901931 0.4239906961289251 82
1751315977804 0.4308024588802127 83
1751316051524 0.43686658913440773 84
1751316124749 0.4381126432962286 85
1751316199206 0.43503904303040375 86
1751316274529 0.4363681674696793 87
1751316350857 0.4355374646951321 88
1751316425450 0.43603588635986046 89
1751316499263 0.4386941352384117 90
1751316572510 0.436783518856953 91
1751316646056 0.4401894002325968 92
1751316721265 0.4352882538627679 93
1751316794689 0.4198371822561887 94
1751316867757 0.42789499916929724 95
1751316942475 0.43503904303040375 96
1751317016735 0.4473334440937033 97
1751317091936 0.4430968599435122 98
1751317166162 0.44450905466024254 99
1751317241376 0.4357866755274963 100
1751317294550 0.4325469347067619 101
1751317347220 0.4356205349725868 102
1751317400692 0.44284764911114805 103
1751317453948 0.4427645788336933 104
1751317506883 0.4424322977238744 105
1751317558251 0.4514869579664396 106
1751317610434 0.45663731516863265 107
1751317663288 0.4489948496427978 108
1751317714932 0.4524007310184416 109
1751317768536 0.4520684499086227 110
1751317820914 0.4520684499086227 111
1751317873809 0.4558896826715401 112
1751317927418 0.4543113473999003 113
1751317979451 0.455308190729357 114
1751318032145 0.4529822229606247 115
1751318084536 0.4543113473999003 116
1751318137979 0.45406213656753613 117
1751318191181 0.45780029905299885 118
1751318244497 0.4524838012958963 119
1751318297639 0.45962784515700283 120
1751318351096 0.4592955640471839 121
1751318403337 0.45979398571191227 122
1751318455605 0.4551420501744476 123
1751318509156 0.45281608240571525 124
1751318561317 0.4569695962784516 125
1751318614761 0.45846486127263664 126
1751318667192 0.4623691643130088 127
1751318719721 0.46120618042864264 128
1751318772626 0.45962784515700283 129
1751318825408 0.4619538129257352 130
1751318877784 0.45813258016281777 131
1751318931444 0.46104003987373315 132
1751318983705 0.4570526665559063 133
1751319037212 0.46153846153846156 134
1751319089379 0.4641136401395581 135
1751319142834 0.4645289915268317 136
1751319196728 0.4639474995846486 137
1751319249757 0.4613723209835521 138
1751319302402 0.46560890513374315 139
1751319355084 0.46519355374646953 140
1751319406689 0.47001162983884365 141
1751319458477 0.4772387439774049 142
1751319511206 0.46943013789666055 143
1751319564283 0.47117461372320985 144
1751319617175 0.4722545273301213 145
1751319667768 0.47150689483302877 146
1751319721417 0.4621199534806446 147
1751319774301 0.4636982887522844 148
1751319826210 0.4657750456886526 149
1751319878447 0.4663565376308357 150
1751319910063 0.46685495929556403 151
1751319942162 0.4690978567868417 152
1751319973698 0.47092540289084567 153
1751320005682 0.4722545273301213 154
1751320037184 0.4725037381624855 155
1751320068299 0.47175610566539294 156
1751320099653 0.47433128426648946 157
1751320131075 0.4766572520352218 158
1751320162564 0.47898321980395414 159
1751320194382 0.47399900315667054 160
1751320225847 0.4739159328792158 161
1751320257328 0.47300215982721383 162
1751320288825 0.4713407542781193 163
1751320320911 0.4798139225785014 164
1751320352649 0.4779033061970427 165
1751320384643 0.48114304701777705 166
1751320416064 0.47856786841668053 167
1751320447918 0.4808107659079581 168
1751320479568 0.4789001495264994 169
1751320511164 0.4806446253530487 170
1751320542398 0.4773218142548596 171
1751320573079 0.4766572520352218 172
1751320604528 0.4790662900814089 173
1751320636530 0.477820235919588 174
1751320668021 0.47458049509885364 175
1751320699586 0.4758265492606745 176
1751320731074 0.476906462867586 177
1751320762783 0.477820235919588 178
1751320794174 0.4791493603588636 179
1751320825402 0.47815251702940686 180
1751320857186 0.47939857119122775 181
1751320889016 0.48114304701777705 182
1751320920408 0.48297059312178103 183
1751320952124 0.48313673367669047 184
1751320983739 0.47989699285595616 185
1751321015421 0.4800631334108656 186
1751321047075 0.4792324306363183 187
1751321078475 0.482056820069779 188
1751321109856 0.483884366173783 189
1751321141252 0.4842166472836019 190
1751321172714 0.483884366173783 191
1751321203954 0.4828875228443263 192
1751321235566 0.48180760923741484 193
1751321267583 0.4838012958963283 194
1751321299095 0.48355208506396413 195
1751321330927 0.4816414686825054 196
1751321362915 0.4754942681508556 197
1751321394543 0.4788170792490447 198
1751321425930 0.4830536633992358 199
1751321457026 0.479647782023592 200
