1751307190587 4.557402924962182 0
1751307314106 4.4242108638369775 1
1751307441648 4.315704424274023 2
1751307568516 4.168678211183696 3
1751307691808 4.056056027504615 4
1751307819511 3.922192904216595 5
1751307946526 3.828937509371584 6
1751308069434 3.688235222967596 7
1751308196813 3.603571895167025 8
1751308327996 3.4839694974000537 9
1751308455417 3.430085270156275 10
1751308580798 3.3721502040954836 11
1751308708477 3.352800395194098 12
1751308836862 3.2276521281015476 13
1751308965074 3.1177124314670954 14
1751309094442 3.0969020616812784 15
1751309219011 3.0323825975885508 16
1751309341468 2.9549219079281213 17
1751309468544 2.938792923484945 18
1751309594624 2.8535724224889916 19
1751309719285 2.8059610406382336 20
1751309846910 2.765948967366922 21
1751309975502 2.7146397993789093 22
1751310097808 2.66991695691528 23
1751310227744 2.6586208082438016 24
1751310350380 2.6350130689474853 25
1751310479510 2.6161800081512414 26
1751310607859 2.5388336334723594 27
1751310732027 2.531706989105883 28
1751310857685 2.4563778055571066 29
1751310987020 2.468234347195974 30
1751311115810 2.388566988632678 31
1751311243827 2.323255093565454 32
1751311371073 2.2507603287934854 33
1751311499090 2.2806401095279076 34
1751311624645 2.2784841035082843 35
1751311752135 2.232852927629514 36
1751311879422 2.128361704746381 37
1751312006420 2.1450615937078936 38
1751312135196 2.0685993467323316 39
1751312263732 2.009826395286387 40
1751312390284 2.046939038783124 41
1751312521121 2.0325636261742925 42
1751312646706 1.9603956032946812 43
1751312768438 1.9798342344774298 44
1751312894145 1.8450144026311017 45
1751313023041 1.8452273828673131 46
1751313148879 1.8161990119973468 47
1751313277357 1.8225176910759773 48
1751313402756 1.727245309523621 49
1751313531115 1.6882593194402506 50
1751313606212 1.6497316284167034 51
1751313679314 1.6286528993878684 52
1751313750856 1.664151467613096 53
1751313822515 1.6051613045476625 54
1751313898181 1.5802170946558343 55
1751313972016 1.5209769424287498 56
1751314046794 1.5373724105698614 57
1751314121883 1.4841639414529884 58
1751314196608 1.4034215606194727 59
1751314271533 1.4179224813190228 60
1751314343877 1.3940191076690283 61
1751314418540 1.3826288398810924 62
1751314493460 1.3996216468481695 63
1751314566878 1.4115973375972553 64
1751314640883 1.3502071067446568 65
1751314714125 1.3816114811883624 66
1751314788700 1.3134662943800968 67
1751314864232 1.3411434733728906 68
1751314938372 1.3620798245711254 69
1751315013016 1.3506934439051723 70
1751315087603 1.2670534662714446 71
1751315161123 1.2375062666058276 72
1751315235286 1.2856420836230946 73
1751315310640 1.2676680056270981 74
1751315384889 1.2544034352598883 75
1751315460625 1.2382477511396963 76
1751315534311 1.22023571027774 77
1751315607820 1.206120268692673 78
1751315680921 1.2417855169553624 79
1751315752929 1.2361135821900682 80
1751315827183 1.185274895707309 81
1751315901932 1.2279268805526382 82
1751315977805 1.1656781789944979 83
1751316051525 1.127673151703593 84
1751316124750 1.1402056791152948 85
1751316199207 1.187077614220001 86
1751316274530 1.1216144062372762 87
1751316350858 1.1307930432854298 88
1751316425450 1.0743392021847422 89
1751316499264 1.0384839093214753 90
1751316572510 1.0885817841166718 91
1751316646056 1.0567796709683042 92
1751316721266 1.0807441366901414 93
1751316794689 1.2411524768137365 94
1751316867758 1.1922326169781992 95
1751316942476 1.149512029194225 96
1751317016735 1.0443391689949266 97
1751317091937 1.099427420788058 98
1751317166162 1.062000196777087 99
1751317241377 1.094288205924456 100
1751317294551 1.1050871338228647 101
1751317347220 1.0608612409949039 102
1751317400693 1.041051097506655 103
1751317453949 1.0695688157419103 104
1751317506884 1.033368195984129 105
1751317558252 0.9442520353644804 106
1751317610435 0.9433636122605145 107
1751317663289 0.946342924440271 108
1751317714933 0.9441126759119799 109
1751317768537 0.9308051309998908 110
1751317820915 0.9090193843579811 111
1751317873810 0.8963849304857366 112
1751317927419 0.8863921663727801 113
1751317979452 0.9136073542721632 114
1751318032146 0.9055039871103526 115
1751318084537 0.913253352910393 116
1751318137979 0.884922678315579 117
1751318191182 0.8662748367939819 118
1751318244498 0.889823189462696 119
1751318297640 0.8720442771840372 120
1751318351097 0.8341837900492256 121
1751318403338 0.8763082661496076 122
1751318455606 0.8772590047481754 123
1751318509157 0.8390848565861949 124
1751318561318 0.840307152101135 125
1751318614762 0.852170018623585 126
1751318667193 0.8279535831461147 127
1751318719721 0.8088842214291861 128
1751318772627 0.7957736947595253 129
1751318825409 0.7994187965825867 130
1751318877785 0.7913907253046016 131
1751318931445 0.8127918951565689 132
1751318983706 0.8073950418507576 133
1751319037213 0.8076642161538999 134
1751319089380 0.8015178145075231 135
1751319142834 0.809390707890033 136
1751319196729 0.8161133315647902 137
1751319249758 0.8359937430044284 138
1751319302402 0.8327381056848915 139
1751319355085 0.8200137014455777 140
1751319406690 0.7805269331242239 141
1751319458478 0.7955965101632778 142
1751319511207 0.8112265909605039 143
1751319564284 0.7883170691068069 144
1751319617176 0.7611842409669632 145
1751319667768 0.7335520923081292 146
1751319721418 0.761607899553698 147
1751319774302 0.7537355103095255 148
1751319826211 0.7732785745446945 149
1751319878448 0.7740916450119986 150
1751319910063 0.7921473128141145 151
1751319942162 0.8090686262763345 152
1751319973699 0.775286417172618 153
1751320005683 0.7681031227006118 154
1751320037184 0.744497891463427 155
1751320068300 0.7727892163880804 156
1751320099654 0.7564715363437403 157
1751320131076 0.7272143998104428 158
1751320162565 0.6983983613051629 159
1751320194383 0.7246346925601587 160
1751320225848 0.737184425261022 161
1751320257329 0.7298100489951567 162
1751320288826 0.7267202005391614 163
1751320320912 0.6826845738809155 164
1751320352650 0.7290452783850984 165
1751320384644 0.7078035881061862 166
1751320416065 0.7102549169163646 167
1751320447919 0.7103369068570659 168
1751320479569 0.7211166764710321 169
1751320511165 0.7178874001119907 170
1751320542399 0.713786374980536 171
1751320573080 0.7219547524929051 172
1751320604529 0.7033128737005749 173
1751320636531 0.6989630246498733 174
1751320668022 0.7383897157222308 175
1751320699587 0.7499606533613355 176
1751320731075 0.7382867862559999 177
1751320762783 0.705088482326777 178
1751320794174 0.7022570433170848 179
1751320825403 0.7325381226487263 180
1751320857187 0.6959363369189144 181
1751320889017 0.6871002794015556 182
1751320920409 0.6808216616200317 183
1751320952124 0.6597406173239612 184
1751320983740 0.7234149190155651 185
1751321015422 0.7018590289710842 186
1751321047076 0.692703959807339 187
1751321078476 0.6805001279042063 188
1751321109856 0.6857584423846328 189
1751321141252 0.6653639189339157 190
1751321172715 0.6744992851365605 191
1751321203955 0.6945157144941936 192
1751321235567 0.6761398839822236 193
1751321267584 0.6772430331230722 194
1751321299096 0.6855776701943644 195
1751321330928 0.6873582984903532 196
1751321362916 0.6962794299184972 197
1751321394544 0.6801520378671206 198
1751321425930 0.6880360482544993 199
1751321457027 0.6698242622073258 200
