1753106963041 0.020518358531317494 0
1753106974566 0.03380960292407376 1
1753106986839 0.04186741983718226 2
1753106998185 0.05648778866921415 3
1753107009801 0.06188735670377139 4
1753107020581 0.07144043861106496 5
1753107032132 0.08157501246054162 6
1753107043142 0.0914603754776541 7
1753107054540 0.09669380295730187 8
1753107066238 0.10857285263332779 9
1753107077684 0.1163814587140721 10
1753107088688 0.11804286426316664 11
1753107099203 0.12128260508390099 12
1753107108533 0.13366007642465527 13
1753107120146 0.13249709254028907 14
1753107130481 0.14429307193886026 15
1753107140316 0.14080412028576175 16
1753107150567 0.14387772055158665 17
1753107161204 0.15567369995015784 18
1753107171083 0.1639807276956305 19
1753107182112 0.16547599268981558 20
1753107193436 0.16854959295564048 21
1753107203454 0.1648945007476325 22
1753107214603 0.17502907459710915 23
1753107225470 0.17569363681674696 24
1753107236895 0.18499750789167635 25
1753107248052 0.18524671872404053 26
1753107259170 0.1820069779033062 27
1753107270054 0.19247383286260175 28
1753107281505 0.20186077421498588 29
1753107290517 0.20584814753281275 30
1753107302909 0.2059312178102675 31
1753107314040 0.20817411530154512 32
1753107323327 0.20701113141717895 33
1753107333257 0.20684499086226948 34
1753107344516 0.21506894833028742 35
1753107355583 0.2168964944342914 36
1753107366285 0.22329290579830538 37
1753107376967 0.22478817079249044 38
1753107388627 0.22312676524339592 39
1753107400086 0.23359362020269148 40
1753107411023 0.23575344741651438 41
1753107422100 0.23010466854959297 42
1753107432675 0.23267984715068948 43
1753107444384 0.2386609071274298 44
1753107456296 0.23915932879215818 45
1753107467625 0.23766406379797309 46
1753107479055 0.24356205349725868 47
1753107490142 0.24414354543944178 48
1753107500924 0.2482139890347234 49
1753107510507 0.24696793487290247 50
1753107522107 0.251370659578003 51
1753107532419 0.25535803289582987 52
1753107543808 0.2558564545605582 53
1753107554892 0.2573517195547433 54
1753107566853 0.2605083900980229 55
1753107576735 0.25776707094201695 56
1753107588397 0.2582654926067453 57
1753107597637 0.2644957634158498 58
1753107608098 0.26275128758930055 59
1753107617726 0.26557567702276125 60
1753107629238 0.2654926067453065 61
1753107640605 0.27089217477986377 62
1753107651552 0.2686492772885861 63
1753107662389 0.27388270476823395 64
1753107672733 0.27587639142714737 65
1753107684085 0.2747964778202359 66
1753107694312 0.27670709420169465 67
1753107703305 0.2774547266987872 68
1753107712689 0.27355042365841503 69
1753107723703 0.27737165642133244 70
1753107734964 0.2818574514038877 71
1753107745677 0.2840172786177106 72
1753107756126 0.2810267486293404 73
1753107767337 0.2813590297391593 74
1753107778650 0.2836019272304369 75
1753107790921 0.2865924572188071 76
1753107799965 0.28410034889516533 77
1753107809744 0.28883535471008476 78
1753107820440 0.2890014952649942 79
1753107832595 0.28875228443263 80
1753107844439 0.29323807941518526 81
1753107854953 0.2877554411031733 82
1753107865573 0.29190895497590963 83
1753107875946 0.2925735171955474 84
1753107885085 0.2937365010799136 85
1753107896967 0.2925735171955474 86
1753107908561 0.29489948496427976 87
1753107918223 0.29764080412028576 88
1753107927717 0.29672703106828374 89
1753107938509 0.3007974746635654 90
1753107949649 0.29988370161156336 91
1753107961852 0.3035387938195714 92
1753107973328 0.3035387938195714 93
1753107984145 0.303954145206845 94
1753107994740 0.3073600265824888 95
1753108006060 0.3025419504901146 96
1753108017139 0.30943678351885695 97
1753108028548 0.305781691310849 98
1753108040180 0.3067785346403057 99
1753108051472 0.3086060807443097 100
1753108062565 0.3108489782355873 101
1753108072493 0.30910450240903803 102
1753108083962 0.3120950323974082 103
1753108095624 0.308523010466855 104
1753108107215 0.3095198537963117 105
1753108116050 0.313673367669048 106
1753108126893 0.3110981890679515 107
1753108137831 0.3135072271141386 108
1753108148509 0.3135902973915933 109
1753108158596 0.3163316165475993 110
1753108169783 0.3194882870908789 111
1753108179020 0.3193221465359694 112
1753108189547 0.3204851304203356 113
1753108200877 0.31940521681342415 114
1753108211877 0.3227280279116132 115
1753108223202 0.3213158331948829 116
1753108234565 0.32397408207343414 117
1753108245230 0.32065127097524504 118
1753108254393 0.32314337929888687 119
1753108263382 0.3266323309519854 120
1753108274129 0.3276291742814421 121
1753108285452 0.32405715235088883 122
1753108295989 0.32713075261671376 123
1753108307714 0.32538627679016446 124
1753108318415 0.3267154012294401 125
1753108330441 0.3234756604087058 126
1753108342710 0.33095198537963116 127
1753108353330 0.3291244392756272 128
1753108365278 0.3248878551254361 129
1753108374572 0.3319488287090879 130
1753108385382 0.3286260176108988 131
1753108396330 0.32621697956471174 132
1753108406460 0.33153347732181426 133
1753108417683 0.33377637481309186 134
1753108427492 0.3342747964778202 135
1753108439063 0.33253032065127097 136
1753108450163 0.33369330453563717 137
1753108461380 0.338594450905466 138
1753108471785 0.3347732181425486 139
1753108482771 0.33585313174946 140
1753108492267 0.33253032065127097 141
1753108503047 0.34017278617710583 142
1753108514078 0.337680677853464 143
1753108525998 0.33377637481309186 144
1753108536903 0.3381790995181924 145
1753108546533 0.33959129423492274 146
1753108556762 0.337680677853464 147
1753108566416 0.3378468184083735 148
1753108575275 0.3378468184083735 149
1753108585614 0.3394251536800133 150
1753108596038 0.33867752118292077 151
1753108606836 0.3385113806280113 152
1753108618280 0.34432630004984216 153
1753108627843 0.34150191061638147 154
1753108639209 0.34357866755274963 155
1753108650689 0.33934208340255856 156
1753108662203 0.33892673201528495 157
1753108673946 0.33992357534474166 158
1753108684882 0.34457551088220634 159
1753108696753 0.34216647283601925 160
1753108708330 0.3432463864429307 161
1753108718597 0.3446585811596611 162
1753108727539 0.34631998670875563 163
1753108737724 0.3464030569862103 164
1753108747919 0.3412526997840173 165
1753108758290 0.34590463532148197 166
1753108768813 0.34648612726366507 167
1753108779287 0.3472337597607576 168
1753108788777 0.3481475328127596 169
1753108799616 0.3462369164313009 170
1753108810892 0.3478152517029407 171
1753108822577 0.3397574347898322 172
1753108831544 0.3454062136567536 173
1753108841542 0.34731683003821234 174
1753108851071 0.3498089383618541 175
1753108863083 0.3465691975411198 176
1753108874190 0.3516364844658581 177
1753108884835 0.34773218142548595 178
1753108894941 0.3503904303040372 179
1753108905035 0.3530486791825885 180
1753108913796 0.3527994683502243 181
1753108923222 0.3513872736334939 182
1753108932082 0.3530486791825885 183
1753108942665 0.351054992523675 184
1753108954371 0.35147034391094867 185
1753108965153 0.3527994683502243 186
1753108975657 0.35055657085894665 187
1753108987657 0.35088885196876557 188
1753108998206 0.34897823558730684 189
1753109008147 0.35288253862767904 190
1753109016614 0.3546270144542283 191
1753109026387 0.3526333277953148 192
1753109037105 0.35612227944841335 193
1753109045970 0.35371324140222626 194
1753109057101 0.35171955474331285 195
1753109068243 0.3515534141884034 196
1753109078709 0.35371324140222626 197
1753109088478 0.3524671872404054 198
1753109100464 0.35429473334440936 199
1753109110554 0.3516364844658581 200
