1753106963042 4.600951060861642 0
1753106974567 4.5389796048184525 1
1753106986840 4.464198979654928 2
1753106998186 4.387960890442488 3
1753107009802 4.316489503782248 4
1753107020582 4.243034873055623 5
1753107032133 4.176707254465865 6
1753107043143 4.112356165807899 7
1753107054541 4.056375877132324 8
1753107066239 3.99726496552992 9
1753107077685 3.9468785141721185 10
1753107088689 3.8983776009863553 11
1753107099204 3.8559734750477483 12
1753107108534 3.8106042036179044 13
1753107120147 3.772621789196092 14
1753107130482 3.724996544721611 15
1753107140317 3.695082118756154 16
1753107150568 3.67041093795762 17
1753107161205 3.632533795066797 18
1753107171084 3.5968633096920044 19
1753107182113 3.583224576221497 20
1753107193437 3.5460225803554244 21
1753107203455 3.5296880049445085 22
1753107214604 3.499853046413345 23
1753107225471 3.474447077813321 24
1753107236896 3.4409127539235396 25
1753107248053 3.4176992948371065 26
1753107259171 3.408611318660496 27
1753107270055 3.3837358014906367 28
1753107281506 3.3496448678884527 29
1753107290518 3.3370555359266074 30
1753107302910 3.3183446295292813 31
1753107314041 3.299655182350627 32
1753107323328 3.284157367213098 33
1753107333258 3.269549270820159 34
1753107344517 3.240964848717328 35
1753107355584 3.233481054351928 36
1753107366286 3.209426279308956 37
1753107376968 3.1947465429098494 38
1753107388628 3.180420282583502 39
1753107400087 3.1519124172277144 40
1753107411024 3.1389254503705106 41
1753107422101 3.1400913103127186 42
1753107432676 3.1205693824093172 43
1753107444385 3.0978152535155767 44
1753107456297 3.0917447712611494 45
1753107467626 3.08954419905632 46
1753107479056 3.0690860308895402 47
1753107490143 3.0538318094086714 48
1753107500925 3.035864396383633 49
1753107510508 3.032399427082579 50
1753107522108 3.0165232479958934 51
1753107532420 3.012749058291313 52
1753107543809 2.997490249547681 53
1753107554893 2.988345704484769 54
1753107566853 2.971702634028546 55
1753107576736 2.9585437988930603 56
1753107588398 2.9495786040815557 57
1753107597638 2.938294260739831 58
1753107608099 2.938437108490651 59
1753107617727 2.9221332586317987 60
1753107629239 2.9155255810040566 61
1753107640606 2.909857379527091 62
1753107651553 2.9054357015729875 63
1753107662390 2.8856866333768516 64
1753107672734 2.868862991678238 65
1753107684086 2.8619255724874195 66
1753107694313 2.855068980113411 67
1753107703306 2.8523986221332636 68
1753107712690 2.8520846571925293 69
1753107723704 2.8302152087609125 70
1753107734965 2.8242531226291945 71
1753107745678 2.8099840218288974 72
1753107756127 2.8108325765880737 73
1753107767338 2.805813081981897 74
1753107778651 2.7968849616585527 75
1753107790922 2.796978992032915 76
1753107799966 2.788134811138553 77
1753107809745 2.7721685302334866 78
1753107820441 2.7655888378283398 79
1753107832596 2.7652649772444087 80
1753107844440 2.7563266505641804 81
1753107854954 2.752809562987926 82
1753107865574 2.7448825612305647 83
1753107875946 2.7413089359796903 84
1753107885086 2.7297956832821186 85
1753107896968 2.7227086663296043 86
1753107908562 2.7156889319519637 87
1753107918223 2.7043795265470947 88
1753107927718 2.708801654529362 89
1753107938510 2.6916807779808827 90
1753107949650 2.692058690186948 91
1753107961853 2.679289886862395 92
1753107973329 2.679586270553194 93
1753107984146 2.667002831705945 94
1753107994741 2.659890124353312 95
1753108006061 2.667534271321004 96
1753108017140 2.6490487125434243 97
1753108028549 2.6544349192575223 98
1753108040181 2.6423169704293277 99
1753108051473 2.641589880937511 100
1753108062566 2.632339031695322 101
1753108072494 2.6291038541146268 102
1753108083963 2.6211745438153686 103
1753108095625 2.628111319839767 104
1753108107216 2.6247101416957506 105
1753108116051 2.612848893715313 106
1753108126894 2.6149978648982652 107
1753108137832 2.61297052176983 108
1753108148510 2.604048885051165 109
1753108158597 2.5870942372137296 110
1753108169784 2.5779184653722087 111
1753108179021 2.575201468435035 112
1753108189548 2.5668382684190196 113
1753108200878 2.567052930992601 114
1753108211878 2.559494169337352 115
1753108223203 2.557207156553456 116
1753108234566 2.5458641208772206 117
1753108245231 2.54651657326198 118
1753108254394 2.5438358183809093 119
1753108263383 2.533455343501142 120
1753108274130 2.5379478828905517 121
1753108285453 2.531881812277836 122
1753108295990 2.5210521128679524 123
1753108307715 2.529158223046995 124
1753108318416 2.518382891379632 125
1753108330442 2.5193939048342435 126
1753108342711 2.5035965343752924 127
1753108353331 2.51692126914282 128
1753108365279 2.514062352791868 129
1753108374573 2.4926091496865603 130
1753108385383 2.493179426841293 131
1753108396331 2.4929934575994737 132
1753108406461 2.48206879023005 133
1753108417684 2.478640477448783 134
1753108427493 2.4722495814463814 135
1753108439064 2.469376204059473 136
1753108450164 2.4671012806228876 137
1753108461381 2.4581738164245794 138
1753108471786 2.4603985803138264 139
1753108482772 2.4575889299643743 140
1753108492268 2.448613421616132 141
1753108503048 2.4332277908325692 142
1753108514079 2.439110958992774 143
1753108525999 2.4505140892592254 144
1753108536904 2.433711322244677 145
1753108546534 2.427147168286502 146
1753108556763 2.4287603160818145 147
1753108566417 2.4261868410552987 148
1753108575276 2.424321369992362 149
1753108585615 2.414076805301829 150
1753108596039 2.4203618902196244 151
1753108606837 2.4219898465139194 152
1753108618281 2.4047148171504387 153
1753108627844 2.4052149790130066 154
1753108639210 2.4055194784829648 155
1753108650690 2.3972262504067623 156
1753108662204 2.408732110266906 157
1753108673947 2.4032055769512457 158
1753108684883 2.3832302680509962 159
1753108696754 2.3888455438149925 160
1753108708331 2.3765185979725203 161
1753108718598 2.3744673257431343 162
1753108727540 2.3715353541218054 163
1753108737725 2.367727780022814 164
1753108747920 2.3776853284306494 165
1753108758291 2.3614019780671356 166
1753108768814 2.3585935568093603 167
1753108779288 2.357356880213282 168
1753108788778 2.3482036625872498 169
1753108799617 2.3468806310774117 170
1753108810893 2.3433677803574557 171
1753108822578 2.349561881304386 172
1753108831545 2.3452272061075368 173
1753108841543 2.3362683727230382 174
1753108851072 2.342363868673418 175
1753108863084 2.3364488381138653 176
1753108874191 2.323420656422088 177
1753108884836 2.330853166671746 178
1753108894942 2.3118030058337347 179
1753108905036 2.307203879408019 180
1753108913797 2.318846044193179 181
1753108923223 2.314340112485704 182
1753108932083 2.3017126766769525 183
1753108942666 2.2964462696395924 184
1753108954372 2.30713270864344 185
1753108965154 2.3026197277170066 186
1753108975658 2.3006394037793285 187
1753108987658 2.294360120112139 188
1753108998207 2.2961738006973595 189
1753109008147 2.2881636566062133 190
1753109016615 2.278715660801416 191
1753109026388 2.2777581642077642 192
1753109037106 2.270514733623226 193
1753109045971 2.2677364420643857 194
1753109057102 2.281697818189766 195
1753109068244 2.280318105893046 196
1753109078710 2.2644201636089893 197
1753109088479 2.261571196481807 198
1753109100465 2.2583924649019425 199
1753109110555 2.2560889614840685 200
