1754080509577 0.01860774214985878 0
1754080546971 0.05482638312011962 1
1754080584158 0.07276956305034059 2
1754080623596 0.08199036384781525 3
1754080659644 0.08954975909619538 4
1754080696767 0.11106496095696959 5
1754080735889 0.11272636650606413 6
1754080770075 0.13490613058647616 7
1754080807959 0.13523841169629505 8
1754080840472 0.1543445755108822 9
1754080877795 0.15268316996178768 10
1754080917642 0.17120784183419172 11
1754080954811 0.17644126931383952 12
1754080993417 0.18483136733676692 13
1754081032354 0.18782189732513707 14
1754081070483 0.19621199534806447 15
1754081109516 0.2034391094866257 16
1754081146343 0.21448745638810435 17
1754081182915 0.21423824555574017 18
1754081219738 0.22387439774048845 19
1754081256737 0.2233759760757601 20
1754081295850 0.23500581491942182 21
1754081333373 0.2336766904801462 22
1754081372029 0.2438943346070776 23
1754081410572 0.23974082073434125 24
1754081446375 0.25319820568200696 25
1754081484263 0.24962618375145373 26
1754081520343 0.26092374148529657 27
1754081555640 0.2564379465027413 28
1754081595134 0.26798471506894833 29
1754081633128 0.25976075760093037 30
1754081669782 0.2752948994849643 31
1754081705659 0.2686492772885861 32
1754081741591 0.27355042365841503 33
1754081780467 0.27487954809769066 34
1754081819123 0.27213822894168466 35
1754081857344 0.2803621864097026 36
1754081894345 0.28567868416680514 37
1754081932589 0.29448413357700615 38
1754081969333 0.2955640471839176 39
1754082006045 0.29390264163482305 40
1754082045019 0.30544941020103006 41
1754082083972 0.2946502741319156 42
1754082122157 0.30902143213158334 43
1754082160439 0.30628011297557733 44
1754082199047 0.31035055657085897 45
1754082233726 0.30004984216647285 46
1754082269839 0.31400564877886694 47
1754082307140 0.3051171290912112 48
1754082345089 0.31624854627014454 49
1754082382184 0.3079415185246719 50
1754082419476 0.31940521681342415 51
1754082457733 0.31400564877886694 52
1754082492293 0.3211496926399734 53
1754082530697 0.3166638976574182 54
1754082568834 0.3238910117959794 55
1754082607085 0.3130088054494102 56
1754082645089 0.32754610400398737 57
1754082682784 0.315500913773052 58
1754082719366 0.3242232929057983 59
1754082757806 0.32721382289416845 60
1754082795074 0.3295397906629008 61
1754082832788 0.33053663399235755 62
1754082870278 0.33253032065127097 63
1754082907818 0.33618541285927894 64
1754082944964 0.33635155341418843 65
1754082983053 0.33560392091709584 66
1754083021997 0.330702774547267 67
1754083060908 0.338594450905466 68
1754083098324 0.33743146702109983 69
1754083134459 0.34116962950656254 70
1754083173143 0.3420003322811098 71
1754083209330 0.34033892673201527 72
1754083247028 0.3364346236916431 73
1754083284330 0.3346901478650939 74
1754083324359 0.3397574347898322 75
1754083362542 0.3381790995181924 76
1754083398556 0.34274796477820235 77
1754083435366 0.3481475328127596 78
1754083467403 0.34299717561056653 79
1754083504676 0.3512211330785845 80
1754083543934 0.3462369164313009 81
1754083578456 0.34515700282438944 82
1754083616120 0.3508057816913108 83
1754083654524 0.3496427978069447 84
1754083694064 0.34931051669712576 85
1754083731075 0.35171955474331285 86
1754083770392 0.34872902475494266 87
1754083805113 0.3483967436451238 88
1754083843349 0.3482306030902143 89
1754083882304 0.3469845489283934 90
1754083918785 0.3450739325469347 91
1754083956244 0.3469845489283934 92
1754083995133 0.34499086226948 93
1754084031900 0.343163316165476 94
1754084070631 0.34150191061638147 95
1754084106685 0.3400897158996511 96
1754084145306 0.330702774547267 97
1754084181217 0.3397574347898322 98
1754084218366 0.34116962950656254 99
1754084254190 0.342249543113474 100
