1752530275320 4.622895360194348 0
1752530284781 4.605882469463992 1
1752530294204 4.583588498569018 2
1752530303728 4.55621945294174 3
1752530313104 4.52794281775887 4
1752530322639 4.4958570367983866 5
1752530332212 4.462009644739934 6
1752530341925 4.430145138673283 7
1752530351544 4.400753094990914 8
1752530361166 4.369523230084294 9
1752530370754 4.33319845382829 10
1752530380139 4.304777058646889 11
1752530389667 4.277024676519874 12
1752530399118 4.247170281369944 13
1752530408509 4.218635178095585 14
1752530417974 4.193348118682971 15
1752530427670 4.168343495778941 16
