1753492420118 0.020269147698953313 0
1753492431694 0.020767569363681675 1
1753492441717 0.02591792656587473 2
1753492452074 0.03655092208007975 3
1753492463285 0.045854793155009135 4
1753492474885 0.0463532148197375 5
1753492486660 0.04942681508556238 6
1753492496971 0.061056653929224124 7
1753492507805 0.0609735836517694 8
1753492519409 0.06263498920086392 9
1753492532052 0.07127429805615551 10
1753492542563 0.0780860608074431 11
1753492553658 0.07692307692307693 12
1753492564603 0.08140887190563216 13
1753492576354 0.08223957468017944 14
1753492587290 0.08913440770892175 15
1753492596278 0.09594617046020934 16
1753492606218 0.10558232264495764 17
1753492617862 0.10333942515368001 18
1753492627305 0.10225951154676857 19
1753492637260 0.10840671207841834 20
1753492648308 0.10450240903804618 21
1753492659812 0.11364013955806612 22
1753492670239 0.11314171789333777 23
1753492680232 0.11347399900315668 24
1753492691047 0.12144874563881043 25
1753492702094 0.13216481143047018 26
1753492712238 0.131915600598106 27
1753492723345 0.13374314670211 28
1753492733980 0.1322478817079249 29
1753492746047 0.14288087722212992 30
1753492758426 0.13831201196211995 31
1753492769602 0.145289915268317 32
1753492780458 0.14736667220468516 33
1753492791971 0.14911114803123443 34
1753492802947 0.14229938527994684 35
1753492814151 0.15044027247051006 36
1753492825049 0.15417843495597275 37
1753492836349 0.15891344077089217 38
1753492848135 0.16605748463199868 39
1753492858283 0.1639807276956305 40
1753492868857 0.16788503073600267 41
1753492879567 0.1705432796145539 42
1753492889874 0.1698787173949161 43
1753492900966 0.1782688154178435 44
1753492912046 0.1850805781691311 45
1753492923353 0.18491443761422163 46
1753492934273 0.1885695298222296 47
1753492945722 0.18566207011131416 48
1753492957557 0.182671540122944 49
1753492965954 0.17968101013457385 50
1753492976724 0.18483136733676692 51
1753492987164 0.19023093537132413 52
1753492998262 0.19380295730187738 53
1753493009258 0.18981558398405052 54
1753493019618 0.19961787672370826 55
1753493030112 0.2009470011629839 56
1753493039510 0.20053164977571025 57
1753493050793 0.20543279614553914 58
1753493061595 0.20543279614553914 59
1753493073079 0.20493437448081075 60
1753493084439 0.1953812925735172 61
1753493095046 0.2010300714404386 62
1753493105741 0.20667885030736002 63
1753493116437 0.20867253696627347 64
1753493126217 0.21506894833028742 65
1753493135851 0.21307526167137397 66
1753493145328 0.2134075427811929 67
1753493155253 0.20975245057318492 68
1753493164763 0.2165642133244725 69
1753493174978 0.21814254859611232 70
1753493186661 0.22046851636484466 71
1753493197712 0.21880711081575013 72
1753493207171 0.21673035387938197 73
1753493218747 0.21830868915102175 74
1753493229728 0.22536966273467354 75
1753493240828 0.2242897491277621 76
1753493251779 0.22794484133577006 77
1753493261570 0.22819405216813424 78
1753493271913 0.2324306363183253 79
1753493282641 0.2324306363183253 80
1753493294402 0.2374148529656089 81
1753493306092 0.2308523010466855 82
1753493317392 0.23816248546270144 83
1753493327186 0.23849476657252036 84
1753493338889 0.23724871241069945 85
1753493350323 0.24131915600598106 86
1753493361035 0.23575344741651438 87
1753493372434 0.2373317826881542 88
1753493382994 0.24007310184416017 89
1753493392976 0.23949160990197707 90
1753493404229 0.24655258348562883 91
1753493416098 0.2457218807110816 92
1753493427799 0.24414354543944178 93
1753493437629 0.2492939026416348 94
1753493449287 0.24904469180927064 95
1753493460261 0.2423990696128925 96
1753493472251 0.2427313507227114 97
1753493483982 0.24605416182090048 98
1753493493794 0.2528659245721881 99
1753493504847 0.2526167137398239 100
