1751852154514 0.20568228030611113 0
1751852244606 0.21854782062183445 1
1751852325866 0.2593071832600096 2
1751852417460 0.2814521793781656 3
1751852501290 0.30280232171244775 4
1751852589337 0.3302525047136678 5
1751852678318 0.3220821472143148 6
1751852768124 0.3437650190395209 7
1751852858059 0.3621205959554882 8
1751852942523 0.3694960996709675 9
1751853035666 0.3878886465303708 10
1751853123829 0.36846094125475987 11
1751853203837 0.3865577285666753 12
1751853286684 0.40260268401789345 13
1751853378009 0.39629930866205776 14
1751853476921 0.41217789936781396 15
1751853571345 0.4277052756109283 16
1751853666106 0.4055602794927724 17
1751853760902 0.42430404081481754 18
1751853850307 0.414821250323487 19
1751853939459 0.42539465414617916 20
1751854027727 0.4294798328958557 21
1751854122201 0.4319383341343488 22
1751854210861 0.43611593774261526 23
1751854307909 0.43622684757292324 24
1751854394123 0.4356538134496654 25
1751854482638 0.44238234315501496 26
1751854572499 0.4511627047210618 27
1751854655975 0.44273355761765687 28
1751854751204 0.43125439018078304 29
1751854840955 0.45785426448297534 30
1751854939721 0.4540833302525047 31
1751855029314 0.4434359865429406 32
1751855123722 0.4623276276387297 33
1751855212156 0.4538245406484528 34
1751855302261 0.4551369736404303 35
1751855389007 0.4508114902584199 36
1751855479017 0.4595548818810307 37
1751855563610 0.46535916300048064 38
1751855652830 0.45511848866871235 39
1751855738646 0.45460090946060855 40
1751855819048 0.46216126289326775 41
1751855911565 0.46711523531369 42
1751856011376 0.46034973566490445 43
1751856115306 0.46112610447706015 44
1751856213783 0.4692779770046952 45
1751856313410 0.466967355539946 46
1751856396833 0.45924063736182485 47
1751856487724 0.47707863506968834 48
1751856580461 0.47299345632001183 49
1751856678414 0.4621797478649858 50
1751856734915 0.46744796480461387 51
1751856793444 0.47378831010388556 52
1751856848862 0.4713482938371104 53
1751856900894 0.45946245702244076 54
1751856955080 0.4600724610891345 55
1751857009717 0.47203223779067616 56
1751857065603 0.48199563754667457 57
1751857124163 0.47789197382528004 58
1751857180884 0.4728640615179859 59
1751857238979 0.48009168545972125 60
1751857295606 0.48057229472438906 61
1751857349004 0.4811822987910829 62
1751857403472 0.4694813116935931 63
1751857457835 0.4838071647750379 64
1751857515340 0.48199563754667457 65
1751857571560 0.4733816407260897 66
1751857624291 0.475359532699915 67
1751857678587 0.47110798920477653 68
1751857736836 0.4786128877222818 69
1751857795420 0.47014677067544086 70
1751857855579 0.4771895448999963 71
1751857906771 0.4879477984398684 72
1751857960238 0.47700469518281635 73
1751858015359 0.48016562534659324 74
1751858069759 0.4801101704314392 75
1751858121460 0.4744907390291693 76
1751858173843 0.48116381381936485 77
1751858228009 0.49107175866020925 78
1751858284185 0.4895005360641798 79
1751858341252 0.48068320455469704 80
1751858393969 0.4772265148434323 81
1751858447196 0.4899811453288476 82
1751858504032 0.4849717179932715 83
1751858556051 0.4830123109911642 84
1751858609880 0.49214388701985284 85
1751858666346 0.48896447188435804 86
1751858724572 0.48506414285186145 87
1751858778229 0.48304928093460014 88
1751858832259 0.4829938260194462 89
1751858893760 0.48977781063994974 90
1751858949919 0.48439868387001367 91
1751859006233 0.47890864726976967 92
1751859063626 0.4868941550519428 93
1751859120160 0.49354874487042033 94
1751859176690 0.48171836297090465 95
1751859232406 0.4906096343672594 96
1751859290076 0.48720839957114864 97
1751859341758 0.4966911900624792 98
1751859397664 0.49445450848460204 99
1751859453105 0.48720839957114864 100
1751859493405 0.48903841177123 101
1751859535901 0.49295722577544454 102
1751859578507 0.48391807460534586 103
1751859619865 0.5014787977374394 104
1751859662071 0.49913120632925434 105
1751859703536 0.48702354985396873 106
1751859745303 0.4899441753854117 107
1751859789086 0.491718732670339 108
1751859830318 0.4970239195534031 109
1751859873065 0.4898702354985397 110
1751859912717 0.4959148212503235 111
1751859956371 0.49084993899959334 112
1751859998580 0.500147879773744 113
1751860039265 0.4959887611371955 114
1751860080272 0.4939184443047802 115
1751860124297 0.5014048578505675 116
1751860168832 0.5007948537838737 117
1751860208258 0.49682058486450514 118
1751860248577 0.4957669414765795 119
1751860289031 0.49386298938962625 120
1751860329240 0.49210691707641685 121
1751860370272 0.5022551665495952 122
1751860414428 0.4981330178564827 123
1751860457245 0.4954342119856557 124
1751860501501 0.48510111279529744 125
1751860543789 0.4931790454360605 126
1751860586688 0.49768937853525086 127
1751860629245 0.49632149062811937 128
1751860670589 0.49382601944619026 129
1751860714341 0.4965063403452993 130
1751860756801 0.4983733224888166 131
1751860797446 0.5003881844060779 132
1751860841277 0.49401086916337017 133
1751860881531 0.502883655588007 134
1751860924132 0.483529890199268 135
1751860965367 0.49166327775518504 136
1751861010712 0.4942881437391401 137
1751861050410 0.49822544271507263 138
1751861091511 0.4982993826019446 139
1751861133095 0.49096084882990126 140
1751861175753 0.5108506783984621 141
1751861217973 0.4987799918666124 142
1751861261345 0.5122740212207475 143
1751861301602 0.49929757107471623 144
1751861344103 0.49816998779991867 145
1751861384989 0.49330844023808645 146
1751861424977 0.4901105401308736 147
1751861467805 0.494362083626012 148
1751861514585 0.4981145328847647 149
1751861555266 0.502772745757699 150
1751861581490 0.5019039520869533 151
1751861607376 0.49822544271507263 152
1751861634238 0.494491478428038 153
1751861662460 0.5053236718547821 154
1751861691137 0.49663573514732523 155
1751861718209 0.5043994232688824 156
1751861747112 0.5077267181781212 157
1751861776215 0.5041221486931124 158
1751861803507 0.5131797848349292 159
1751861831722 0.5065806499316056 160
1751861860033 0.505674886317424 161
1751861888136 0.5031239602203409 162
1751861915850 0.49741210395948093 163
1751861942442 0.4925135864542127 164
1751861971458 0.5070427742245555 165
1751861999062 0.5072091389700174 166
1751862026031 0.5116825021257717 167
1751862053180 0.5102961292469222 168
1751862080957 0.5215165070797442 169
1751862108029 0.49902029649894636 170
1751862136015 0.5168952641502459 171
1751862163537 0.49909423638581835 172
1751862191965 0.5088543014529188 173
1751862218685 0.5121631113904396 174
1751862245509 0.5084846020185589 175
1751862274183 0.5163776849421421 176
1751862303490 0.5070242892528375 177
1751862332188 0.5163776849421421 178
1751862359421 0.5140855484491109 179
1751862387410 0.5113128026914119 180
1751862415102 0.5114606824651559 181
1751862443562 0.5102406743317682 182
1751862471195 0.5135125143258531 183
1751862497690 0.5126806905985434 184
1751862524520 0.5026248659839551 185
1751862553195 0.5125697807682355 186
1751862581356 0.5093349107175866 187
1751862608988 0.5201301342008947 188
1751862636580 0.5043439683537284 189
1751862664741 0.5195016451624829 190
1751862692672 0.5068948944508115 191
1751862721321 0.49051720950866945 192
1751862750177 0.5095382454064845 193
1751862777484 0.5168028392916559 194
1751862806830 0.5121815963621575 195
1751862833036 0.5222743909201819 196
1751862860250 0.5174313283300677 197
1751862887805 0.5172095086694517 198
1751862916246 0.5158601057340382 199
1751862944589 0.5159895005360642 200
