1754513533368 0.2389816082596307 0
1754513577762 0.290271250416312 1
1754513637778 0.34685268104947636 2
1754513715956 0.33419679532250307 3
1754513763224 0.4089849387558746 4
1754513820198 0.4030640565444251 5
1754513863817 0.4340746771268919 6
1754513910927 0.4337416275024979 7
1754513960357 0.4506901528327721 8
1754514028094 0.4530770084742627 9
1754514068698 0.47169078192650704 10
1754514120974 0.47415164859564074 11
1754514191644 0.49032305813566224 12
1754514246038 0.4822188506087407 13
1754514297239 0.49913037042519337 14
1754514371740 0.4931724826999223 15
1754514410516 0.5082152240683862 16
1754514498345 0.5065869814602376 17
1754514544972 0.5142471228213004 18
1754514593251 0.5097324501350702 19
1754514633121 0.5218517559116308 20
1754514698081 0.5137660511416201 21
1754514736920 0.5215742145579692 22
1754514829480 0.5234799985197794 23
1754514876725 0.5265884616807904 24
1754514939169 0.5282907153165821 25
1754514980348 0.5322688080523998 26
1754515057959 0.5331014321133849 27
1754515121018 0.5390408170817452 28
1754515181474 0.5345076416386042 29
1754515219603 0.5372275469044888 30
1754515292063 0.5373385634459534 31
1754515336635 0.5399289494134626 32
1754515411029 0.5437775228509047 33
1754515452093 0.5464974281167894 34
1754515511920 0.5422047885134885 35
1754515552930 0.5495133774932465 36
1754515605123 0.5489953002997446 37
1754515656226 0.5485142286200644 38
1754515710593 0.5494578692225142 39
1754515748451 0.5503645043111424 40
1754515836413 0.5534544647152426 41
1754515892187 0.5568219664730045 42
1754515962470 0.5539355363949229 43
1754516023137 0.5577471043185435 44
1754516081416 0.5547311549420864 45
1754516122331 0.5621877659771306 46
1754516180279 0.5564519113347889 47
1754516215936 0.5583391925396884 48
1754516275069 0.5568034637160937 49
1754516313873 0.5623727935462384 50
1754516373581 0.5580246456722051 51
1754516431221 0.5610035895348406 52
1754516493607 0.5603374902860526 53
1754516549444 0.5624653073307923 54
1754516601047 0.5606705399104467 55
1754516644749 0.5695148577137994 56
1754516695124 0.5593568441697813 57
1754516739591 0.5692743218739592 58
1754516789815 0.5595603744957999 59
1754516830168 0.5710135810235725 60
1754516896430 0.5628353624690079 61
1754516939497 0.5686637308959035 62
1754516989638 0.5613736446730563 63
1754517025512 0.5702549679902306 64
1754517076478 0.5613736446730563 65
1754517118402 0.5713836361617881 66
1754517169003 0.5620027384080228 67
1754517204947 0.5756392702512675 68
1754517277124 0.5598194130925508 69
1754517328748 0.5758242978203753 70
1754517380926 0.5611331088332161 71
1754517441323 0.5755282537098028 72
1754517523765 0.561484661214521 73
1754517580317 0.5772490101025053 74
1754517644338 0.5610590978055731 75
1754517704040 0.5775450542130778 76
1754517784048 0.564167560966584 77
1754517829571 0.5779891203789365 78
1754517882276 0.5637975058283684 79
1754517937674 0.5786552196277245 80
1754518037290 0.5651297043259446 81
1754518085581 0.5816896717610924 82
1754518139369 0.5644636050771565 83
1754518192061 0.5807275284017318 84
1754518243837 0.5659068201161973 85
1754518289698 0.5805054953188025 86
1754518340918 0.5648706657291936 87
1754518396192 0.5818932020871109 88
1754518448869 0.5648706657291936 89
1754518488551 0.5799689153683899 90
1754518565151 0.5653147318950523 91
1754518615472 0.5816156607334493 92
1754518676521 0.5637419975576361 93
1754518733708 0.5816156607334493 94
1754518827909 0.5642230692373164 95
1754518886239 0.5810235725123043 96
1754518937532 0.5636864892869038 97
1754518974207 0.5822447544684158 98
1754519026583 0.5671650075861303 99
1754519082134 0.5814306331643415 100
