1754513533369 2.105420662955084 0
1754513577763 1.9236674264580196 1
1754513637779 1.71785627274877 2
1754513715956 1.7160548846103008 3
1754513763225 1.5641198090945843 4
1754513820199 1.568061574810918 5
1754513863817 1.5033587023016362 6
1754513910928 1.4807676256558973 7
1754513960357 1.4650084312000378 8
1754514028094 1.4351365104055611 9
1754514068699 1.4106676431328595 10
1754514120975 1.390612960514472 11
1754514191645 1.3637573345416987 12
1754514246038 1.3730372880553903 13
1754514297239 1.3475524710768652 14
1754514371741 1.3474800566427503 15
1754514410517 1.3338509027986043 16
1754514498346 1.3166672353889488 17
1754514544973 1.326582812632971 18
1754514593252 1.3182172556556624 19
1754514633122 1.3091681203063992 20
1754514698082 1.3121657604500732 21
1754514736920 1.3229530255460755 22
1754514829481 1.2912517370416983 23
1754514876726 1.3160618865620226 24
1754514939170 1.285736766515431 25
1754514980348 1.3062431122290912 26
1754515057960 1.2768075737494944 27
1754515121019 1.2976557330658505 28
1754515181474 1.2804201786860483 29
1754515219603 1.3048646449344372 30
1754515292064 1.2788118275018043 31
1754515336636 1.3046502123274089 32
1754515411029 1.267111949739484 33
1754515452094 1.2885135506033831 34
1754515511920 1.2806838147049555 35
1754515552931 1.2868589257748753 36
1754515605124 1.2665514059599539 37
1754515656227 1.2994161124764825 38
1754515710594 1.2711529237576928 39
1754515748452 1.302020118142133 40
1754515836414 1.2634984825130908 41
1754515892188 1.2831808258449402 42
1754515962471 1.269222434189994 43
1754516023138 1.2889148218713762 44
1754516081417 1.2738942253852756 45
1754516122331 1.2793576317388118 46
1754516180280 1.2748872042165533 47
1754516215937 1.3025542034806763 48
1754516275069 1.2751230014797563 49
1754516313873 1.2892033486966668 50
1754516373581 1.2802220473407824 51
1754516431222 1.3045918441899917 52
1754516493607 1.2753275056904128 53
1754516549444 1.3017301030367479 54
1754516601047 1.279409738908429 55
1754516644750 1.2862826679409254 56
1754516695124 1.2885897012467984 57
1754516739591 1.2865722131867898 58
1754516789816 1.2956418751027952 59
1754516830169 1.2876130747281056 60
1754516896431 1.2811205663779346 61
1754516939497 1.3039048921829735 62
1754516989639 1.302286469107139 63
1754517025512 1.3054935749999452 64
1754517076478 1.3025750380531145 65
1754517118402 1.3032943656009732 66
1754517169004 1.3101259024818006 67
1754517204948 1.2801729627234066 68
1754517277125 1.3172669890340583 69
1754517328749 1.2773620715446663 70
1754517380927 1.318196134789626 71
1754517441324 1.2817030032109817 72
1754517523765 1.315914901432575 73
1754517580318 1.2784836567301514 74
1754517644339 1.3249326046788146 75
1754517704040 1.2868659778129794 76
1754517784049 1.3205052589650894 77
1754517829572 1.286031183221397 78
1754517882276 1.3145282850061675 79
1754517937674 1.2876322431035465 80
1754518037290 1.3136363768542307 81
1754518085582 1.2708958851348626 82
1754518139370 1.3242803616606322 83
1754518192062 1.281245842089817 84
1754518243837 1.3210616071228514 85
1754518289698 1.2805254006574496 86
1754518340918 1.3280737893694465 87
1754518396193 1.2847492046077567 88
1754518448870 1.3290234106430303 89
1754518488552 1.2916186966962566 90
1754518565152 1.3310688304640248 91
1754518615473 1.2872392977930789 92
1754518676521 1.333857606187302 93
1754518733709 1.2880511442115081 94
1754518827909 1.337618524751616 95
1754518886239 1.289734626732387 96
1754518937533 1.3418317880719335 97
1754518974208 1.2885263786050032 98
1754519026584 1.3296376028057588 99
1754519082135 1.2890986895647545 100
