1754461523331 4.557189289688713 0
1754461553407 4.404053255909378 1
1754461581479 4.245262429863527 2
1754461610331 4.110801995877911 3
1754461638293 3.9599663054757683 4
1754461663786 3.8572903814913095 5
1754461685127 3.7453044127796615 6
1754461715505 3.6538961999002453 7
1754461744461 3.551445074069395 8
1754461774921 3.4866518373998487 9
1754461805474 3.4063934244343894 10
1754461833027 3.3496058887922247 11
1754461861065 3.2738686160612325 12
1754461889512 3.2333083441398784 13
1754461919260 3.169683965327811 14
1754461950803 3.1293130987529345 15
1754461979142 3.0746509744470587 16
1754462009625 3.0396157270121242 17
1754462040357 2.9889907748471694 18
1754462070461 2.9677378699878725 19
1754462101079 2.9227869153624075 20
1754462129174 2.9054213429559623 21
1754462160100 2.8540502463683906 22
1754462186013 2.839576615260999 23
1754462215717 2.800971080045231 24
1754462246274 2.7802364486964524 25
1754462270411 2.750337002694782 26
1754462297781 2.733013524734558 27
1754462326851 2.703210661984031 28
1754462356951 2.6867657880063516 29
1754462386821 2.659653798641403 30
1754462413246 2.649109367890336 31
1754462442156 2.6245682838961275 32
1754462469398 2.610986196115369 33
1754462498760 2.588464557661034 34
1754462527563 2.57757352557489 35
1754462558310 2.551621474729661 36
1754462587537 2.5474406742733935 37
1754462616646 2.5178151601700787 38
1754462642817 2.5177208236181823 39
1754462668077 2.490217360930565 40
1754462697073 2.4951946771585827 41
1754462726074 2.4706737046584504 42
1754462757497 2.4652040358123886 43
1754462787247 2.445651765103198 44
1754462818244 2.440863604227902 45
1754462843178 2.41920035451137 46
1754462870302 2.4165120942470355 47
1754462893106 2.3944049005425243 48
1754462921174 2.398183337526694 49
1754462949188 2.376970518457133 50
1754462970351 2.377914159625656 51
1754462999807 2.3563802188975616 52
1754463029982 2.360633451367888 53
1754463059889 2.338059204836862 54
1754463088528 2.3418073043408842 55
1754463117343 2.3236913871068623 56
1754463145740 2.324453590220892 57
1754463175718 2.3049954732033626 58
1754463204477 2.3065457050165943 59
1754463232744 2.288574783321738 60
1754463263191 2.291065842451895 61
1754463292434 2.272493936750958 62
1754463324190 2.2739848574829384 63
1754463351350 2.257116684722219 64
1754463379451 2.2596333979958994 65
1754463408229 2.240458158127096 66
1754463439072 2.245224940521269 67
1754463469661 2.22761630970623 68
1754463497526 2.2345072381408237 69
1754463525004 2.2154190751147302 70
1754463554765 2.22034718737025 71
1754463583583 2.201462146456926 72
1754463609725 2.2058217944643888 73
1754463635345 2.1855490307326373 74
1754463665675 2.193021347964697 75
1754463693998 2.175125316299025 76
1754463724999 2.1819140300336333 77
1754463755003 2.16549104095733 78
1754463784092 2.1715236298423597 79
1754463809313 2.152783789107057 80
1754463837598 2.156651911965034 81
1754463868044 2.139120821669203 82
1754463897209 2.1469907006605076 83
1754463924455 2.1294797902324714 84
1754463955148 2.1385902158223864 85
1754463983376 2.1163743310938767 86
1754464011132 2.1296305034831073 87
1754464039164 2.108580108699101 88
1754464068783 2.117765972836271 89
1754464096842 2.097766004775241 90
1754464125936 2.106748503395217 91
1754464152278 2.088225458338763 92
1754464179970 2.097254822401 93
1754464207483 2.0783863121243575 94
1754464239358 2.087558465376778 95
1754464268550 2.068888824068232 96
1754464296655 2.0779541794519156 97
1754464320709 2.060200150108678 98
1754464347927 2.067385668167551 99
1754464379736 2.0512023672630626 100
