1752790287381 0.02682119205298013 0
1752790308859 0.05637417218543046 1
1752790331038 0.08394039735099337 2
1752790352694 0.10066225165562914 3
1752790374336 0.11961920529801325 4
1752790396470 0.1297185430463576 5
1752790418270 0.14403973509933773 6
1752790439785 0.15306291390728477 7
1752790461354 0.1672185430463576 8
1752790483213 0.1771523178807947 9
1752790507919 0.18841059602649007 10
1752790531809 0.19155629139072847 11
1752790555886 0.201158940397351 12
1752790578450 0.2097682119205298 13
1752790601322 0.21928807947019868 14
1752790623301 0.225 15
1752790645173 0.23104304635761588 16
1752790667651 0.2389072847682119 17
1752790689239 0.2408112582781457 18
1752790712685 0.24817880794701988 19
1752790737409 0.25215231788079473 20
1752790759500 0.2550496688741722 21
1752790783808 0.2589403973509934 22
1752790805692 0.2603476821192053 23
1752790827574 0.2674668874172185 24
1752790849089 0.2705298013245033 25
1752790864179 0.2734271523178808 26
1752790879138 0.27483443708609273 27
1752790893678 0.27822847682119206 28
1752790908028 0.2815397350993378 29
1752790922483 0.28294701986754967 30
1752790936884 0.28302980132450334 31
1752790951785 0.28700331125827816 32
1752790966357 0.28683774834437087 33
1752790980802 0.286341059602649 34
1752790995047 0.2903145695364238 35
1752791009441 0.29254966887417216 36
1752791023930 0.2939569536423841 37
1752791039539 0.2950331125827815 38
1752791054630 0.2947019867549669 39
1752791069296 0.29677152317880795 40
1752791083575 0.3001655629139073 41
1752791098268 0.30066225165562915 42
1752791112688 0.30173841059602646 43
1752791127522 0.30455298013245036 44
1752791142853 0.30653973509933774 45
1752791158426 0.30612582781456954 46
1752791174182 0.30910596026490067 47
1752791188655 0.30571192052980134 48
1752791203359 0.3097682119205298 49
1752791218944 0.311341059602649 50
1752791230574 0.3125827814569536 51
1752791242045 0.31357615894039736 52
1752791253802 0.31415562913907286 53
1752791265229 0.31374172185430466 54
1752791277640 0.31481788079470197 55
1752791289652 0.31415562913907286 56
1752791301840 0.3172185430463576 57
1752791314259 0.3177980132450331 58
1752791326445 0.3222682119205298 59
1752791338503 0.31920529801324504 60
1752791350810 0.3219370860927152 61
1752791363240 0.3206953642384106 62
1752791375517 0.3214403973509934 63
1752791387214 0.3248344370860927 64
1752791398797 0.32491721854304634 65
1752791410251 0.3257450331125828 66
1752791421728 0.3263245033112583 67
1752791433634 0.3256622516556291 68
1752791445485 0.3277317880794702 69
1752791457417 0.3277317880794702 70
1752791469679 0.32806291390728476 71
1752791481921 0.32814569536423843 72
1752791493513 0.32922185430463574 73
1752791505382 0.32922185430463574 74
1752791517405 0.3302980132450331 75
1752791526025 0.3314569536423841 76
1752791534603 0.3299668874172185 77
1752791543219 0.33220198675496687 78
1752791551833 0.3350165562913907 79
1752791560481 0.3337748344370861 80
1752791569003 0.33187086092715234 81
1752791577516 0.3345198675496689 82
1752791586167 0.33336092715231785 83
1752791594766 0.3365066225165563 84
1752791603512 0.3345198675496689 85
1752791612017 0.33725165562913906 86
1752791620589 0.3379139072847682 87
1752791629185 0.33725165562913906 88
1752791637813 0.3382450331125828 89
1752791646457 0.33708609271523177 90
1752791655056 0.3403973509933775 91
1752791663696 0.3394867549668874 92
1752791672261 0.33799668874172184 93
1752791681113 0.3387417218543046 94
1752791689750 0.34014900662251657 95
1752791698307 0.34105960264900664 96
1752791706962 0.34105960264900664 97
1752791715545 0.33973509933774837 98
1752791724079 0.3399006622516556 99
1752791732710 0.3408112582781457 100
