1753573697326 0.03123442432297724 0
1753573720424 0.06961289250706097 1
1753573743933 0.09594617046020934 2
1753573773543 0.1231932214653597 3
1753573815068 0.1393919255690314 4
1753573837169 0.1633161654759927 5
1753573860031 0.18474829705931217 6
1753573882431 0.19546436285097193 7
1753573906169 0.21166306695464362 8
1753573929934 0.21830868915102175 9
1753573954027 0.23052001993686658 10
1753573980771 0.2358365176939691 11
1753574006751 0.24356205349725868 12
1753574031680 0.2507060973583652 13
1753574053992 0.2546934706761921 14
1753574078904 0.26748629340422 15
1753574101332 0.26034224954311347 16
1753574123927 0.26682173118458213 17
1753574152907 0.27330121282605085 18
1753574175447 0.2782023591958797 19
1753574202032 0.27870078086060807 20
1753574226962 0.2825220136235255 21
1753574250365 0.280860608074431 22
1753574273716 0.2825220136235255 23
1753574296459 0.2894168466522678 24
1753574318763 0.28700780860608077 25
1753574343289 0.2891676358199036 26
1753574365856 0.2868416680511713 27
1753574388737 0.29423492274464197 28
1753574410649 0.29606246884864595 29
1753574440216 0.29406878218973254 30
1753574463231 0.29149360358863596 31
1753574489535 0.29564711746137234 32
1753574511607 0.30104668549592956 33
1753574534585 0.2987207177271972 34
1753574558130 0.30287423159993354 35
1753574581518 0.2987207177271972 36
1753574603929 0.30004984216647285 37
1753574636642 0.3075261671373982 38
1753574658996 0.3047017777039375 39
1753574682090 0.3086891510217644 40
1753574704630 0.3139225785014122 41
1753574728246 0.30785844824721714 42
1753574750679 0.30129589632829373 43
1753574793227 0.31159661073267986 44
1753574827013 0.30702774547266987 45
1753574850923 0.30669546436285094 46
1753574879021 0.310932048513042 47
1753574901890 0.30943678351885695 48
1753574924187 0.3111812593454062 49
1753574951700 0.31035055657085897 50
1753574974650 0.313673367669048 51
1753575004606 0.3142548596112311 52
1753575026757 0.31242731350722713 53
1753575058380 0.31043362684831366 54
1753575085697 0.31525170294068783 55
1753575108730 0.31284266489450074 56
1753575131455 0.31724538959960125 57
1753575154698 0.3170792490446918 58
1753575179238 0.3120950323974082 59
1753575210765 0.31525170294068783 60
1753575233552 0.3116796810101346 61
1753575256495 0.31101511879049676 62
1753575281166 0.31375643794650276 63
1753575303411 0.31500249210832365 64
1753575328214 0.31400564877886694 65
1753575351514 0.3189067951486958 66
1753575375911 0.31907293570360523 67
1753575401513 0.31741153015451073 68
1753575423803 0.31533477321814257 69
1753575446663 0.31998670875560725 70
1753575469369 0.31624854627014454 71
1753575492071 0.3201528493105167 72
1753575516325 0.32181425485961124 73
1753575540646 0.3180760923741485 74
1753575563146 0.31915600598106 75
1753575593917 0.3176607409868749 76
1753575621152 0.31815916265160327 77
1753575652836 0.3130918757268649 78
1753575677932 0.3220634656919754 79
1753575703045 0.31683003821232764 80
1753575731070 0.3193221465359694 81
1753575753755 0.32040206014288086 82
1753575776340 0.32123276291742814 83
1753575816005 0.3169131084897824 84
1753575840167 0.3193221465359694 85
1753575862893 0.32222960624688485 86
1753575886358 0.3180760923741485 87
1753575913116 0.32065127097524504 88
1753575935668 0.32281109818906795 89
1753575958375 0.31840837348396744 90
1753575984912 0.3242232929057983 91
1753576009546 0.3233095198537963 92
1753576032934 0.3220634656919754 93
1753576055017 0.3229772387439774 94
1753576078449 0.32737996344907794 95
1753576100964 0.3230603090214321 96
1753576124073 0.32463864429307193 97
1753576151262 0.322478817079249 98
1753576173528 0.3268815417843496 99
1753576196666 0.3213158331948829 100
