1753573697327 4.503820711585063 0
1753573720425 4.310623553463245 1
1753573743934 4.115828601180023 2
1753573773544 3.964553176047139 3
1753573815069 3.870284721975572 4
1753573837170 3.784690667131651 5
1753573860032 3.714737788606673 6
1753573882432 3.6708231089154557 7
1753573906170 3.640187020617615 8
1753573929935 3.600438795782677 9
1753573954028 3.6104944077127272 10
1753573980772 3.6085000619413865 11
1753574006752 3.6052942103385726 12
1753574031681 3.552388011211879 13
1753574053993 3.55684527093757 14
1753574078905 3.587141183342338 15
1753574101333 3.6046914044322516 16
1753574123928 3.6116039203622146 17
1753574152908 3.616521386084733 18
1753574175448 3.5942211364709475 19
1753574202033 3.6308574076039593 20
1753574226963 3.6298316626786735 21
1753574250366 3.645263276238101 22
1753574273717 3.6607069751724435 23
1753574296460 3.685951265581085 24
1753574318764 3.634951943095495 25
1753574343290 3.6823393536689117 26
1753574365857 3.7147571445696275 27
1753574388738 3.684446908404174 28
1753574410650 3.661019154960926 29
1753574440217 3.66208373847355 30
1753574463232 3.667487448249359 31
1753574489536 3.6936149270895213 32
1753574511608 3.7429508682473682 33
1753574534586 3.727559228744385 34
1753574558131 3.6787161390560397 35
1753574581519 3.7137868249889046 36
1753574603931 3.669652329600738 37
1753574636643 3.7096014871685092 38
1753574658997 3.7394263652527675 39
1753574682091 3.7067046610599133 40
1753574704631 3.7334951484401646 41
1753574728247 3.7474246825987785 42
1753574750680 3.7503415114193888 43
1753574793228 3.742955945231072 44
1753574827014 3.707955619915431 45
1753574850924 3.7415058164229626 46
1753574879022 3.7325645448380023 47
1753574901892 3.6788322746716275 48
1753574924188 3.700093193426744 49
1753574951701 3.7141119802776403 50
1753574974651 3.7263750574171706 51
1753575004607 3.741244487297612 52
1753575026758 3.7476215227849066 53
1753575058381 3.7117355057658274 54
1753575085698 3.756653322556648 55
1753575108731 3.715180329845949 56
1753575131456 3.7598979343496675 57
1753575154700 3.7321657711824354 58
1753575179239 3.733704317177931 59
1753575210766 3.683582354733749 60
1753575233553 3.7067099239074626 61
1753575256496 3.7082179651010434 62
1753575281167 3.727924627383076 63
1753575303412 3.7577557444422784 64
1753575328215 3.713793531259774 65
1753575351515 3.7456864375659276 66
1753575375912 3.7221978279612107 67
1753575401514 3.7668137229007765 68
1753575423804 3.7577483324194882 69
1753575446664 3.734076907081468 70
1753575469371 3.7417342285121875 71
1753575492072 3.689684566712936 72
1753575516327 3.727529799739894 73
1753575540647 3.69509711136352 74
1753575563147 3.746240515876924 75
1753575593919 3.7141030678304574 76
1753575621153 3.7055933944948 77
1753575652837 3.6984135239699016 78
1753575677933 3.6899441770864696 79
1753575703046 3.7225320857360438 80
1753575731071 3.742718394302404 81
1753575753756 3.752393501024786 82
1753575776341 3.729528939865528 83
1753575816007 3.717622385501587 84
1753575840168 3.7174466331431897 85
1753575862894 3.7805675728319454 86
1753575886360 3.70230429830175 87
1753575913117 3.680427436992997 88
1753575935669 3.7203705896344563 89
1753575958376 3.6628750116506064 90
1753575984913 3.696161371652839 91
1753576009547 3.6871105325467717 92
1753576032935 3.7376273864076137 93
1753576055018 3.7430061389085862 94
1753576078451 3.6987838918200144 95
1753576100965 3.718910679132289 96
1753576124074 3.7105138601704444 97
1753576151263 3.7083839623124613 98
1753576173529 3.718223815518434 99
1753576196667 3.674808458154809 100
