1753462705153 4.598099568469376 0
1753462714377 4.544573535627839 1
1753462725620 4.484200958079138 2
1753462736566 4.42190157534014 3
1753462747943 4.370305939208616 4
1753462756610 4.313067247264429 5
1753462767068 4.260368527241595 6
1753462777816 4.20734595434265 7
1753462789013 4.162904234155997 8
1753462800038 4.112341110889421 9
1753462811337 4.069376515229643 10
1753462822187 4.0299127388509355 11
1753462833382 3.9905314938396956 12
1753462844424 3.951273765167848 13
1753462853747 3.925925840840576 14
1753462864941 3.8903247304081443 15
1753462875023 3.859302583611842 16
1753462884782 3.8356869862553067 17
1753462896232 3.8057352400245117 18
1753462907878 3.774100055353341 19
1753462918249 3.765149282670764 20
1753462928692 3.7397531442348866 21
1753462938158 3.726458075805348 22
1753462946984 3.704034641088864 23
1753462955299 3.686589536868421 24
1753462965724 3.6556632970511402 25
1753462975482 3.6340817357361828 26
1753462985754 3.628186810051554 27
1753462995944 3.6121006735599948 28
1753463006576 3.585527703487167 29
1753463017659 3.5695466717358637 30
1753463027310 3.552474413002403 31
1753463039054 3.5451662274777926 32
1753463049806 3.52679036758165 33
1753463060901 3.5145214095253356 34
1753463071597 3.489317283430317 35
1753463083357 3.490575807891298 36
1753463094464 3.4737069932055986 37
1753463104771 3.4637285276022034 38
1753463115955 3.4520704336035672 39
1753463126628 3.426908172942974 40
1753463137629 3.4159304226983864 41
1753463147907 3.4134953824464533 42
1753463157395 3.4011498024758495 43
1753463167003 3.3926760842296764 44
1753463176863 3.378167535775275 45
1753463187914 3.3725820088216913 46
1753463197986 3.357966123315225 47
1753463208696 3.3472185897936906 48
1753463219996 3.3354291802022367 49
1753463231867 3.327130781990585 50
1753463241996 3.311734682472462 51
1753463252289 3.3039781850585133 52
1753463263921 3.2958919897591326 53
1753463274449 3.288938694904229 54
1753463283684 3.2751637568631464 55
1753463294356 3.2663795655430747 56
1753463305434 3.2534605914465327 57
1753463316812 3.2520664419482306 58
1753463326685 3.256637928724838 59
1753463337275 3.2367831196563466 60
1753463347203 3.2356083188178673 61
1753463358531 3.2167832405528753 62
1753463369171 3.2185239109017156 63
1753463379670 3.208174563147678 64
1753463390378 3.196376331083494 65
1753463401346 3.19583811025835 66
1753463412418 3.1863235037030972 67
1753463424264 3.178131345401476 68
1753463435258 3.18548317937378 69
1753463444299 3.1743918342005637 70
1753463454742 3.165757279312244 71
1753463464936 3.154388825129854 72
1753463474758 3.156027128829146 73
1753463485273 3.147335897531687 74
1753463496159 3.1517228945126265 75
1753463505874 3.1345647137318227 76
1753463515681 3.1279993189331576 77
1753463525708 3.125489623258742 78
1753463536975 3.1190077955190496 79
1753463547709 3.117711727004042 80
1753463558034 3.1134446944295426 81
1753463568760 3.1150395949656655 82
1753463579689 3.1041324602607205 83
1753463590796 3.1089245605528615 84
1753463601503 3.0945991315734913 85
1753463612578 3.08402460256015 86
1753463621381 3.078077310185274 87
1753463630589 3.0626007359654963 88
1753463641128 3.078941648308017 89
1753463652386 3.0679255930679967 90
1753463662810 3.064761851167649 91
1753463674001 3.055146415872438 92
1753463683086 3.0604301901336592 93
1753463693909 3.045361340975108 94
1753463703208 3.036711996526842 95
1753463712857 3.0475171180818093 96
1753463723288 3.029431194933819 97
1753463733972 3.036342316066453 98
1753463743640 3.0307669289492742 99
1753463754410 3.0243273111823017 100
