1753648957493 0.01736168798803788 0
1753648968962 0.020435288253862767 1
1753648978945 0.02616713739823891 2
1753648990056 0.02998837016115634 3
1753649001652 0.03214819737497923 4
1753649012387 0.036800132912443925 5
1753649023377 0.05142050174447583 6
1753649034947 0.057484631998670876 7
1753649046168 0.057401561721216146 8
1753649056247 0.06736999501578335 9
1753649067635 0.06629008140887191 10
1753649078402 0.07243728194052168 11
1753649087486 0.07634158498089384 12
1753649097634 0.08024588802126599 13
1753649107881 0.08514703439109486 14
1753649118811 0.09295564047183917 15
1753649130574 0.09071274298056156 16
1753649141726 0.0976906462867586 17
1753649152725 0.09943512211330786 18
1753649163940 0.10657916597441436 19
1753649173366 0.10782522013623526 20
1753649183347 0.11222794484133577 21
1753649195368 0.1117295231766074 22
1753649207977 0.11804286426316664 23
1753649217784 0.11870742648280445 24
1753649227475 0.12452234590463532 25
1753649238740 0.1331616547599269 26
1753649250109 0.1294234922744642 27
1753649260870 0.1247715567369995 28
1753649272262 0.13341086559229107 29
1753649282595 0.14520684499086228 30
1753649293856 0.1356537630835687 31
1753649305515 0.14088719056321647 32
1753649317604 0.13997341751121448 33
1753649328872 0.14346236916431301 34
1753649339590 0.1486957966439608 35
1753649350671 0.15409536467851803 36
1753649360456 0.16290081408871906 37
1753649371792 0.1651437115799967 38
1753649382761 0.16979564711746137 39
1753649391772 0.17619205848147532 40
1753649403519 0.16979564711746137 41
1753649415509 0.17037713905964447 42
1753649428007 0.17245389599601263 43
1753649438600 0.18125934540621366 44
1753649448747 0.18441601594949328 45
1753649460837 0.18424987539458382 46
1753649469806 0.18649277288586144 47
1753649479721 0.18732347566040872 48
1753649491102 0.1875726864927729 49
1753649502349 0.19023093537132413 50
1753649511972 0.1932214653596943 51
1753649522416 0.1944675195215152 52
1753649533687 0.19239076258514703 53
1753649543327 0.19903638478152516 54
1753649554963 0.20044857949825554 55
1753649565812 0.20019936866589133 56
1753649576092 0.20717727197208838 57
1753649586829 0.20991859112809436 58
1753649597184 0.20767569363681676 59
1753649608803 0.20576507725535803 60
1753649620681 0.20227612560225952 61
1753649631799 0.21133078584482473 62
1753649643139 0.21108157501246055 63
1753649654117 0.21889018109320485 64
1753649664964 0.2184748297059312 65
1753649676435 0.2143213158331949 66
1753649686112 0.21133078584482473 67
1753649698837 0.21515201860774216 68
1753649710273 0.21540122944010634 69
1753649721810 0.22395746801794317 70
1753649731888 0.22536966273467354 71
1753649742909 0.22171457052666557 72
1753649753479 0.22071772719720884 73
1753649762940 0.22362518690812427 74
1753649774209 0.22736334939358696 75
1753649786012 0.22977238743977405 76
1753649797026 0.22860940355540788 77
1753649807934 0.2302708091045024 78
1753649818546 0.23542116630669546 79
1753649829245 0.23550423658415018 80
1753649840356 0.23915932879215818 81
1753649851488 0.23708257185579 82
1753649861409 0.23882704768233926 83
1753649870901 0.23542116630669546 84
1753649881720 0.23799634490779198 85
1753649890668 0.24131915600598106 86
1753649901798 0.23999003156670543 87
1753649912444 0.239823891011796 88
1753649923991 0.24472503738162485 89
1753649935559 0.24622030237580994 90
1753649945994 0.2510383784681841 91
1753649956710 0.24298056155507558 92
1753649967569 0.24040538295397906 93
1753649978648 0.2501246054161821 94
1753649989848 0.25245057318491443 95
1753650001768 0.24779863764744975 96
1753650010987 0.24970925402890845 97
1753650021303 0.2452234590463532 98
1753650032498 0.251370659578003 99
1753650043798 0.25161987041036715 100
