1753648957494 4.5989084418135775 0
1753648968963 4.55374280776307 1
1753648978946 4.5117422285676625 2
1753648990057 4.4771498587122025 3
1753649001653 4.452771484490143 4
1753649012388 4.4195398288332886 5
1753649023378 4.403720883700508 6
1753649034948 4.373500544273048 7
1753649046169 4.351853006578035 8
1753649056248 4.328809897005121 9
1753649067636 4.314391534606341 10
1753649078403 4.291436187715604 11
1753649087487 4.289582979606769 12
1753649097635 4.251839214474817 13
1753649107882 4.2404864182604936 14
1753649118812 4.229020079899892 15
1753649130575 4.217437699066093 16
1753649141727 4.199393027346113 17
1753649152726 4.186902061170254 18
1753649163941 4.16984004097819 19
1753649173367 4.171017933774878 20
1753649183348 4.155982851358507 21
1753649195369 4.143093042304811 22
1753649207978 4.147787042231858 23
1753649217785 4.1627450392919245 24
1753649227476 4.142714692923184 25
1753649238742 4.145208561512735 26
1753649250110 4.144604697115727 27
1753649260871 4.1399146194337275 28
1753649272263 4.1209392950459485 29
1753649282596 4.099931826699252 30
1753649293857 4.101222946220274 31
1753649305516 4.107175134919033 32
1753649317605 4.106660495794176 33
1753649328873 4.119095511106199 34
1753649339591 4.092801151439769 35
1753649350672 4.094461479005417 36
1753649360457 4.07065282564678 37
1753649371793 4.068784772838402 38
1753649382762 4.090665622831613 39
1753649391774 4.0517755958120505 40
1753649403520 4.070408804280959 41
1753649415510 4.069123662847633 42
1753649428009 4.05575148020112 43
1753649438601 4.064119542722648 44
1753649448748 4.0416543365248225 45
1753649460838 4.062996934238002 46
1753649469808 4.059443628658284 47
1753649479722 4.023184979428405 48
1753649491103 4.019463298958848 49
1753649502350 4.046790458986913 50
1753649511973 4.035929164145127 51
1753649522417 4.03863415135128 52
1753649533688 4.052191648318145 53
1753649543328 4.042490868232669 54
1753649554964 4.0430508744744085 55
1753649565813 4.0322419324038945 56
1753649576093 4.024974209166242 57
1753649586830 4.022913628578386 58
1753649597185 4.020525660330742 59
1753649608804 3.999645632788536 60
1753649620682 4.011807030340846 61
1753649631800 4.003166008142777 62
1753649643140 4.004787241995996 63
1753649654118 4.013443186333499 64
1753649664965 3.999535364170757 65
1753649676437 4.00345835253693 66
1753649686113 4.000267813322459 67
1753649698838 4.001612726178821 68
1753649710275 4.01692271482049 69
1753649721811 3.990528648157553 70
1753649731889 3.9933776530567933 71
1753649742910 3.9806568750678606 72
1753649753480 4.0034562705276056 73
1753649762941 3.9937774515296653 74
1753649774210 3.9978763300346314 75
1753649786013 4.0110712906735095 76
1753649797027 4.024038810477045 77
1753649807936 4.002218253456865 78
1753649818547 3.9986562856472445 79
1753649829246 4.003641070294864 80
1753649840357 4.001798264474942 81
1753649851489 3.999971225374437 82
1753649861410 3.995215301197876 83
1753649870903 4.007269942366346 84
1753649881722 3.9963766173429383 85
1753649890669 4.00557970686372 86
1753649901799 3.9967129282508345 87
1753649912445 3.9856789744182173 88
1753649923992 3.9966259190891047 89
1753649935560 3.9820488543659107 90
1753649945995 3.979754317315659 91
1753649956711 3.9782400501712294 92
1753649967570 3.9805767556493015 93
1753649978649 3.9804588520120294 94
1753649989849 3.9777114777092057 95
1753650001769 3.984667770544289 96
1753650010988 3.979779507705272 97
1753650021304 3.9799597676041287 98
1753650032499 3.994094560899154 99
1753650043799 3.9960636907003995 100
