1754122174551 0.021432131583319487 0
1754122207483 0.04610400398737332 1
1754122238910 0.06695464362850972 2
1754122272424 0.09013125103837846 3
1754122298402 0.10151187904967603 4
1754122330008 0.11837514537298555 5
1754122363335 0.1263498920086393 6
1754122398275 0.1468682505399568 7
1754122433220 0.1530985213490613 8
1754122467381 0.1642299385279947 9
1754122500247 0.17295231766074098 10
1754122533066 0.1859943512211331 11
1754122565226 0.19239076258514703 12
1754122596299 0.2010300714404386 13
1754122627733 0.2075095530819073 14
1754122662667 0.21523508888519688 15
1754122696178 0.220966938029573 16
1754122730246 0.22786177105831534 17
1754122766209 0.23226449576341585 18
1754122796812 0.2395746801794318 19
1754122830250 0.24339591294234922 20
1754122864252 0.24497424821398903 21
1754122895420 0.24597109154344576 22
1754122922444 0.25685329789001493 23
1754122956631 0.25494268150855626 24
1754122990114 0.2634989200863931 25
1754123018616 0.2604253198205682 26
1754123051436 0.2696461206180429 27
1754123084396 0.27587639142714737 28
1754123117838 0.27413191560059813 29
1754123152529 0.27055989367004485 30
1754123184259 0.28609403555407875 31
1754123216935 0.27521182920750953 32
1754123246541 0.28908456554244893 33
1754123279994 0.28210666223625186 34
1754123312964 0.2919920252533644 35
1754123346501 0.28634324638644293 36
1754123378203 0.2955640471839176 37
1754123413319 0.29506562551918925 38
1754123446900 0.2981392257850141 39
1754123479100 0.2980561555075594 40
1754123512393 0.301212826050839 41
1754123545170 0.30146203688320317 42
1754123575711 0.3031234424322977 43
1754123607880 0.30129589632829373 44
1754123641991 0.3059478318657584 45
1754123675778 0.3043694965941186 46
1754123706862 0.3077753779697624 47
1754123739207 0.3045356371490281 48
1754123772578 0.30785844824721714 49
1754123806443 0.30544941020103006 50
1754123840663 0.3108489782355873 51
1754123873940 0.30985213490613056 52
1754123906348 0.3129257351719555 53
1754123938364 0.3135072271141386 54
1754123972646 0.31400564877886694 55
1754124007236 0.31259345406213657 56
1754124035074 0.3161654759926898 57
1754124068507 0.3142548596112311 58
1754124098705 0.3176607409868749 59
1754124132433 0.31375643794650276 60
1754124163902 0.31965442764578833 61
1754124198342 0.31599933543778036 62
1754124230921 0.32098355208506396 63
1754124263886 0.31782688154178435 64
1754124297210 0.3195713573683336 65
1754124330210 0.3195713573683336 66
1754124362168 0.31982056820069776 67
1754124392818 0.32123276291742814 68
1754124425767 0.31882372487124105 69
1754124461121 0.3228941684665227 70
1754124494518 0.32156504402724706 71
1754124530048 0.3150855623857784 72
1754124563076 0.32405715235088883 73
1754124594259 0.3233095198537963 74
1754124626165 0.3210666223625187 75
1754124660131 0.3211496926399734 76
1754124694458 0.32314337929888687 77
1754124723479 0.3247217145705267 78
1754124756430 0.3230603090214321 79
1754124789466 0.32621697956471174 80
1754124823927 0.321897325137066 81
1754124855738 0.3282106662236252 82
1754124887947 0.32480478484798136 83
1754124921931 0.322478817079249 84
1754124956930 0.3217311845821565 85
1754124991662 0.329789001495265 86
1754125025434 0.32754610400398737 87
1754125057059 0.3253032065127098 88
1754125090839 0.3220634656919754 89
1754125125331 0.3192390762585147 90
1754125158914 0.31500249210832365 91
1754125193450 0.3141717893337764 92
1754125226122 0.3129257351719555 93
1754125259085 0.3123442432297724 94
1754125291772 0.3116796810101346 95
1754125319675 0.3120950323974082 96
1754125352110 0.31226117295231764 97
1754125387117 0.3113473999003157 98
1754125419918 0.31126432962286094 99
1754125453898 0.31101511879049676 100
