1754122174552 4.565623036048251 0
1754122207485 4.45669755623991 1
1754122238911 4.3576210333349925 2
1754122272425 4.251679169826018 3
1754122298403 4.161991656803694 4
1754122330009 4.077702651258375 5
1754122363337 4.015054678656364 6
1754122398277 3.948899707407348 7
1754122433221 3.90230892655628 8
1754122467383 3.8472585349385606 9
1754122500248 3.820118963392706 10
1754122533068 3.760986926376243 11
1754122565228 3.739014242441026 12
1754122596300 3.703192933510712 13
1754122627734 3.6838425018798406 14
1754122662668 3.6481919443472037 15
1754122696180 3.6214985421045633 16
1754122730247 3.598860348233058 17
1754122766210 3.5874800115084637 18
1754122796813 3.573397798466051 19
1754122830252 3.5435481761472976 20
1754122864253 3.5504161994865133 21
1754122895421 3.5253226750284847 22
1754122922445 3.516844583113888 23
1754122956633 3.494924078121963 24
1754122990115 3.4980422104542472 25
1754123018618 3.485309085734705 26
1754123051438 3.4793323838269825 27
1754123084397 3.4521311568131514 28
1754123117839 3.4739930389708156 29
1754123152531 3.495496682944845 30
1754123184260 3.433655011536144 31
1754123216936 3.4827698850992497 32
1754123246542 3.4205307179311086 33
1754123279995 3.4470341165635006 34
1754123312965 3.4237565653396285 35
1754123346502 3.4518328259200697 36
1754123378204 3.4186349279141917 37
1754123413320 3.446134887382031 38
1754123446902 3.4010998728697217 39
1754123479102 3.4329485021603614 40
1754123512395 3.395041900893228 41
1754123545172 3.3816186004373496 42
1754123575713 3.4169420786969247 43
1754123607881 3.395085949189225 44
1754123641993 3.4148523831076862 45
1754123675779 3.400250134509669 46
1754123706863 3.4108962111359835 47
1754123739208 3.4017455471869824 48
1754123772579 3.419917154557668 49
1754123806444 3.4020207081085596 50
1754123840665 3.4151000655614414 51
1754123873941 3.3903017469492718 52
1754123906349 3.4137426454663125 53
1754123938366 3.382090126894361 54
1754123972648 3.4107972650955887 55
1754124007238 3.3857755183973146 56
1754124035075 3.4107096736523324 57
1754124068508 3.3821825255436675 58
1754124098706 3.416077655821901 59
1754124132434 3.4357023669258795 60
1754124163903 3.3943305371964163 61
1754124198344 3.4152754908063523 62
1754124230922 3.3942148498047695 63
1754124263888 3.4247700144333617 64
1754124297211 3.38767435050602 65
1754124330211 3.4079867201399634 66
1754124362169 3.414442436316275 67
1754124392819 3.3883038643667707 68
1754124425768 3.4219174819139937 69
1754124461122 3.391204740994615 70
1754124494519 3.419479539222505 71
1754124530049 3.441536343901936 72
1754124563078 3.3851561056886115 73
1754124594260 3.407045309673392 74
1754124626166 3.385077946079083 75
1754124660132 3.416437395847159 76
1754124694459 3.3841636277963856 77
1754124723480 3.406082375585006 78
1754124756431 3.3966470210804767 79
1754124789467 3.4130328952978015 80
1754124823929 3.3936473872855513 81
1754124855739 3.399738706288191 82
1754124887948 3.385010024012012 83
1754124921932 3.4031619795697132 84
1754124956931 3.3864819717136636 85
1754124991663 3.3862756885253065 86
1754125025435 3.3870431856604974 87
1754125057060 3.3800193444426796 88
1754125090841 3.3867057768573976 89
1754125125332 3.412266638472883 90
1754125158915 3.4289266932168494 91
1754125193451 3.4374971337531885 92
1754125226123 3.4543573758202775 93
1754125259086 3.455889071559846 94
1754125291773 3.4565690764989006 95
1754125319677 3.47835309957571 96
1754125352111 3.4801052469899547 97
1754125387119 3.476333195269233 98
1754125419919 3.487800511437186 99
1754125453899 3.4886607586548277 100
