1753098343965 0.026831699617876723 0
1753098357945 0.07443096859943513 1
1753098372066 0.1030071440438611 2
1753098390385 0.12709752450573186 3
1753098419758 0.14761588303704934 4
1753098445253 0.1633161654759927 5
1753098475678 0.18715733510549926 6
1753098493257 0.19862103339425155 7
1753098521370 0.21257684000664562 8
1753098539162 0.223708257185579 9
1753098553298 0.23375976075760094 10
1753098572709 0.2423159993354378 11
1753098592325 0.24588802126599102 12
1753098608268 0.25618873567037714 13
1753098625074 0.26815085562385776 14
1753098644461 0.2782023591958797 15
1753098661616 0.2750456886526001 16
1753098689956 0.27679016447914934 17
1753098719279 0.2861771058315335 18
1753098751347 0.28991526831699616 19
1753098765480 0.2939857119122778 20
1753098783679 0.2944010632995514 21
1753098798011 0.2909121116464529 22
1753098819235 0.29822229606246886 23
1753098833864 0.30187738827047683 24
1753098861840 0.3037049343744808 25
1753098888644 0.3033726532646619 26
1753098920234 0.3059478318657584 27
1753098934484 0.3063631832530321 28
1753098962368 0.31483635155341416 29
1753098992619 0.3130088054494102 30
1753099011254 0.3107659079581326 31
1753099043081 0.31325801628177435 32
1753099069272 0.31400564877886694 33
1753099083565 0.3120950323974082 34
1753099115871 0.31915600598106 35
1753099130675 0.3184914437614222 36
1753099159591 0.32181425485961124 37
1753099188609 0.3217311845821565 38
1753099220574 0.32056820069779035 39
1753099235610 0.3297059312178103 40
1753099255371 0.32621697956471174 41
1753099269927 0.32497092540289085 42
1753099299190 0.3257185578999834 43
1753099321444 0.3274630337265326 44
1753099351113 0.32696461206180427 45
1753099368319 0.3248878551254361 46
1753099393078 0.3264661903970759 47
1753099407815 0.326133909287257 48
1753099423518 0.33236418009636154 49
1753099440666 0.33211496926399736 50
1753099454916 0.33153347732181426 51
1753099472588 0.3318657584316332 52
1753099501172 0.33560392091709584 53
1753099529153 0.33219803954145205 54
1753099545857 0.3344409370327297 55
1753099574814 0.3322811098189068 56
1753099608290 0.33535471008473167 57
1753099626591 0.3342747964778202 58
1753099652168 0.3350224289749128 59
1753099688287 0.3346901478650939 60
1753099718558 0.3341086559229108 61
1753099732494 0.33535471008473167 62
1753099746979 0.3351054992523675 63
1753099767800 0.3368499750789168 64
1753099798598 0.34050506728692476 65
1753099827330 0.33867752118292077 66
1753099846148 0.3408373483967436 67
1753099860417 0.33801295896328293 68
1753099890665 0.33743146702109983 69
1753099923134 0.34075427811928893 70
1753099939672 0.3434955972752949 71
1753099963430 0.3438278783851138 72
1753099995901 0.339508223957468 73
1753100009689 0.3434955972752949 74
1753100029904 0.3429141053331118 75
1753100043672 0.3418341917262004 76
1753100063854 0.3428310350556571 77
1753100085483 0.34631998670875563 78
1753100110310 0.3448247217145705 79
1753100128862 0.3452400731018442 80
1753100143341 0.3442432297723874 81
1753100160947 0.3452400731018442 82
1753100192993 0.3450739325469347 83
1753100222725 0.344077089217478 84
1753100248307 0.34499086226948 85
1753100274948 0.34490779199202526 86
1753100289848 0.3478152517029407 87
1753100318397 0.3454062136567536 88
1753100338393 0.3469845489283934 89
1753100365634 0.34648612726366507 90
1753100397101 0.3480644625353049 91
1753100411081 0.3474829705931218 92
1753100439855 0.3472337597607576 93
1753100470264 0.3508057816913108 94
1753100493045 0.35213490613058646 95
1753100522902 0.3464030569862103 96
1753100539046 0.3513872736334939 97
1753100566384 0.34897823558730684 98
1753100580442 0.3499750789167636 99
1753100612400 0.3509719222462203 100
1753100632704 0.35014121947167304 101
1753100662469 0.35271639807276955 102
1753100676343 0.3533809602924074 103
1753100690925 0.34931051669712576 104
1753100706061 0.3482306030902143 105
1753100724062 0.3497258680843994 106
1753100740268 0.3494766572520352 107
1753100771480 0.3476491111480312 108
1753100786051 0.3525502575178601 109
1753100803181 0.3509719222462203 110
1753100830460 0.35088885196876557 111
1753100845067 0.35554078750623025 112
1753100871955 0.35387938195713575 113
1753100892476 0.35554078750623025 114
1753100909700 0.35354710084731683 115
1753100942812 0.35703605250041537 116
1753100963426 0.3580328958298721 117
1753100991371 0.353796311679681 118
1753101021892 0.3553746469513208 119
1753101037428 0.3542116630669546 120
1753101069031 0.35429473334440936 121
1753101083980 0.35471008473168303 122
1753101108410 0.35396245223459044 123
1753101122323 0.35088885196876557 124
1753101144189 0.3549592955640472 125
1753101162802 0.35271639807276955 126
1753101194904 0.35786675527496264 127
1753101214890 0.35454394417677354 128
1753101229587 0.35371324140222626 129
1753101243837 0.3563714902807775 130
1753101258215 0.35446087389931885 131
1753101287281 0.3559561388935039 132
1753101319944 0.35545771722877556 133
1753101341278 0.3557899983385944 134
1753101370053 0.35371324140222626 135
1753101397170 0.3552085063964114 136
1753101423593 0.35645456055823227 137
1753101437730 0.3543778036218641 138
1753101469052 0.3547931550091377 139
1753101500348 0.35487622528659246 140
1753101532140 0.3563714902807775 141
1753101546242 0.3553746469513208 142
1753101576023 0.35612227944841335 143
1753101590743 0.35645456055823227 144
1753101620517 0.35645456055823227 145
1753101646737 0.3557899983385944 146
1753101660495 0.3549592955640472 147
1753101689374 0.35786675527496264 148
1753101719784 0.3553746469513208 149
1753101744584 0.35911280943678353 150
1753101764200 0.35645456055823227 151
1753101789563 0.35703605250041537 152
1753101812747 0.35703605250041537 153
1753101845391 0.35645456055823227 154
1753101875427 0.35703605250041537 155
1753101889142 0.35794982555241733 156
1753101913954 0.35570692806113974 157
1753101940762 0.3587805283269646 158
1753101961619 0.35869745804950987 159
1753101976551 0.3580328958298721 160
1753101990774 0.3613557069280611 161
1753102012710 0.36235255025751784 162
1753102026663 0.35886359860441935 163
1753102054306 0.36069114470842334 164
1753102082783 0.3611895663731517 165
1753102099531 0.36010965276624024 166
1753102131280 0.3613557069280611 167
1753102158676 0.35711912277787006 168
1753102173678 0.35736833361023423 169
1753102205818 0.36044193387605916 170
1753102234562 0.35853131749460043 171
1753102249092 0.35770061472005316 172
1753102280415 0.3587805283269646 173
1753102310212 0.3572021930553248 174
1753102340861 0.35703605250041537 175
1753102357848 0.35894666888187404 176
1753102385846 0.3596112311015119 177
1753102418496 0.3600265824887855 178
1753102452838 0.36143877720551587 179
1753102468492 0.3597773716564213 180
1753102486079 0.3618541285927895 181
1753102500673 0.3603588635986044 182
1753102528631 0.36102342581824226 183
1753102543212 0.36077421498587803 184
1753102558844 0.3591958797142382 185
1753102588861 0.3613557069280611 186
1753102603341 0.3617710583153348 187
1753102621853 0.36052500415351385 188
1753102639264 0.3602757933211497 189
1753102669305 0.35886359860441935 190
1753102689648 0.3593620202691477 191
1753102718915 0.3606080744309686 192
1753102745119 0.3599435122113308 193
1753102776833 0.36044193387605916 194
1753102795493 0.3586143877720552 195
1753102814084 0.3596112311015119 196
1753102844620 0.36143877720551587 197
1753102875397 0.35986044193387606 198
1753102891679 0.36069114470842334 199
1753102923186 0.36077421498587803 200
