1753098343966 4.50888788503043 0
1753098357946 4.294241332713469 1
1753098372067 4.074176530779144 2
1753098390386 3.8828949428397905 3
1753098419759 3.7193510933983998 4
1753098445254 3.563173533920265 5
1753098475679 3.439150328478022 6
1753098493258 3.324276819067486 7
1753098521371 3.235404686389994 8
1753098539163 3.1566315974917813 9
1753098553299 3.083866070443852 10
1753098572710 3.0164484653943853 11
1753098592326 2.9754103382877486 12
1753098608269 2.9093074740712974 13
1753098625075 2.8738737166688693 14
1753098644462 2.8247011836215177 15
1753098661617 2.8056082654682806 16
1753098689957 2.7860516947628837 17
1753098719280 2.7499305059543637 18
1753098751348 2.70850065914276 19
1753098765481 2.720765334831718 20
1753098783680 2.6787189787577623 21
1753098798012 2.683578942592335 22
1753098819236 2.6544793753550127 23
1753098833865 2.641953534550137 24
1753098861841 2.60628834477801 25
1753098888645 2.6002313044622967 26
1753098920235 2.608975444697615 27
1753098934485 2.575624122638836 28
1753098962369 2.548721293882736 29
1753098992620 2.5547661904598735 30
1753099011255 2.5487206860843576 31
1753099043082 2.5341447862864888 32
1753099069273 2.5351625313804247 33
1753099083566 2.527428196037282 34
1753099115872 2.4935574298013226 35
1753099130676 2.500256144706114 36
1753099159592 2.473615080610831 37
1753099188610 2.467839208303897 38
1753099220575 2.4664421998374406 39
1753099235611 2.434816585861881 40
1753099255372 2.4317727077952687 41
1753099269928 2.4603028144172154 42
1753099299191 2.4384207980612578 43
1753099321445 2.421882052249703 44
1753099351114 2.421759209390414 45
1753099368320 2.4282536782319637 46
1753099393079 2.406937659675418 47
1753099407816 2.3914737694618666 48
1753099423519 2.3716950840058497 49
1753099440667 2.3831955671316662 50
1753099454917 2.368820828329721 51
1753099472589 2.377579140894506 52
1753099501173 2.3606515870692464 53
1753099529154 2.3591632541876306 54
1753099545858 2.3471854677021216 55
1753099574815 2.3329036366486804 56
1753099608291 2.3342619727884633 57
1753099626592 2.3354420900893627 58
1753099652169 2.3361860599620594 59
1753099688288 2.311954952335228 60
1753099718559 2.316075136367061 61
1753099732495 2.3114885211951264 62
1753099746980 2.3110380914232973 63
1753099767801 2.294140023778213 64
1753099798599 2.281007013817441 65
1753099827331 2.2798401856739217 66
1753099846149 2.270190291797349 67
1753099860418 2.277413912848664 68
1753099890666 2.276594831647796 69
1753099923135 2.257070118642846 70
1753099939673 2.252627412347171 71
1753099963431 2.2353937493929132 72
1753099995902 2.243818554454305 73
1753100009690 2.2388705342234765 74
1753100029905 2.231694026548298 75
1753100043673 2.238924434486107 76
1753100063855 2.2257777035211412 77
1753100085484 2.215112482894662 78
1753100110311 2.2054493874935055 79
1753100128863 2.2223542148621918 80
1753100143342 2.2060186883493507 81
1753100160948 2.208596227139852 82
1753100192994 2.207855739555341 83
1753100222726 2.2027441677088815 84
1753100248308 2.1867443715619928 85
1753100274949 2.186634179138444 86
1753100289849 2.174508373198287 87
1753100318398 2.1637989442719903 88
1753100338394 2.1774136434478923 89
1753100365635 2.1573280727381263 90
1753100397102 2.162812509227308 91
1753100411082 2.1492466341987093 92
1753100439856 2.155630183478084 93
1753100470265 2.135941049916197 94
1753100493046 2.1276337020933243 95
1753100522903 2.139054459759969 96
1753100539047 2.122140215674338 97
1753100566385 2.129129732102873 98
1753100580443 2.1200216579141666 99
1753100612401 2.1227320463843466 100
1753100632705 2.1167646704830556 101
1753100662470 2.108403700827729 102
1753100676344 2.1098553663512156 103
1753100690926 2.123848368533986 104
1753100706062 2.114496175350193 105
1753100724063 2.1061886420438767 106
1753100740269 2.1069418437736855 107
1753100771481 2.107274116837946 108
1753100786052 2.0876170846708253 109
1753100803182 2.077240855232907 110
1753100830461 2.067728248364221 111
1753100845068 2.0696596656509914 112
1753100871956 2.0659150577478265 113
1753100892477 2.0581648992922146 114
1753100909701 2.0598787984250104 115
1753100942813 2.0562565363452485 116
1753100963427 2.042440595475169 117
1753100991372 2.0432368989493663 118
1753101021893 2.0431727083997386 119
1753101037429 2.032864151766894 120
1753101069032 2.041623066893293 121
1753101083981 2.0352537284762473 122
1753101108411 2.0211487254617 123
1753101122324 2.03519718558357 124
1753101144190 2.0199554910278015 125
1753101162803 2.0222555382540097 126
1753101194905 2.0127776652842693 127
1753101214891 2.027470571151287 128
1753101229588 2.020152191211923 129
1753101243838 2.0030586114237066 130
1753101258216 1.9952077356423012 131
1753101287282 2.0082032892102353 132
1753101319945 1.9921708506151805 133
1753101341279 1.9848023227104759 134
1753101370054 1.9807425527801248 135
1753101397171 1.9734090934050559 136
1753101423594 1.9799877077615469 137
1753101437731 1.9643593465846612 138
1753101469053 1.96828860464013 139
1753101500349 1.9680668677987352 140
1753101532141 1.961116291998844 141
1753101546243 1.9433057020026836 142
1753101576024 1.9567256710096668 143
1753101590744 1.9670702813216199 144
1753101620517 1.954227902423914 145
1753101646738 1.9389445752304553 146
1753101660496 1.9448147276893872 147
1753101689375 1.9462210404546123 148
1753101719785 1.9418830587574443 149
1753101744585 1.925892011590846 150
1753101764201 1.9357695502809187 151
1753101789564 1.9377041925559435 152
1753101812748 1.9227387431379914 153
1753101845392 1.9269140874832513 154
1753101875428 1.925656776257104 155
1753101889143 1.9142200778744964 156
1753101913955 1.9328761001755363 157
1753101940763 1.9263208176575088 158
1753101961620 1.9029987791709433 159
1753101976552 1.9065583621041249 160
1753101990775 1.8847753745360487 161
1753102012711 1.890774537867072 162
1753102026664 1.8873683880203114 163
1753102054307 1.8887977380259537 164
1753102082784 1.9000660904978803 165
1753102099532 1.8849554376235864 166
1753102131281 1.881527488296265 167
1753102158677 1.8748081429084118 168
1753102173679 1.8674370760457064 169
1753102205819 1.8675927130213514 170
1753102234563 1.8639348391618882 171
1753102249093 1.869040537330116 172
1753102280416 1.869830152668023 173
1753102310213 1.85076352218051 174
1753102340862 1.8684459494188705 175
1753102357849 1.8658248408147795 176
1753102385847 1.8473498434573568 177
1753102418497 1.8563055496917755 178
1753102452839 1.838570750680746 179
1753102468493 1.8329567761632233 180
1753102486080 1.8444547495074128 181
1753102500674 1.8396250857521634 182
1753102528632 1.8253628249028957 183
1753102543213 1.8188430997031482 184
1753102558845 1.8378335996358484 185
1753102588862 1.823063527892002 186
1753102603342 1.823186860029469 187
1753102621854 1.819161754833477 188
1753102639265 1.8216894757369742 189
1753102669306 1.8178431369359584 190
1753102689649 1.8103536497969137 191
1753102718916 1.8046780175701498 192
1753102745120 1.7950524267812458 193
1753102776834 1.790411900391412 194
1753102795494 1.808965345689893 195
1753102814085 1.8045810812027616 196
1753102844621 1.7886780219725122 197
1753102875398 1.7865698543455366 198
1753102891680 1.7766999681017392 199
1753102923187 1.776684999879084 200
