1753924312265 0.015783352716398073 0
1753924347799 0.029074597109154346 1
1753924382744 0.04435952816082406 2
1753924417776 0.05723542116630669 3
1753924453457 0.0609735836517694 4
1753924489486 0.07002824389433461 5
1753924525381 0.07235421166306695 6
1753924560929 0.07667386609071274 7
1753924597237 0.08273799634490779 8
1753924633087 0.0846486127263665 9
1753924667458 0.08406712078418342 10
1753924703170 0.08763914271473666 11
1753924738155 0.10234258182422329 12
1753924773501 0.09569695962784516 13
1753924809310 0.09212493769729191 14
1753924845415 0.09611231101511879 15
1753924880810 0.09710915434457551 16
1753924917325 0.10832364180096361 17
