1753924312266 4.60369736675838 0
1753924347800 4.555281796797621 1
1753924382745 4.504375567419256 2
1753924417777 4.470902500828082 3
1753924453458 4.420216065416977 4
1753924489487 4.397245595110438 5
1753924525382 4.343580679156137 6
1753924560930 4.3242992405413485 7
1753924597238 4.31676233286238 8
1753924633088 4.290929820403366 9
1753924667459 4.2583954940657405 10
1753924703172 4.232242755172492 11
1753924738156 4.219082079664088 12
1753924773503 4.194855010342364 13
1753924809311 4.176235592048471 14
1753924845416 4.171429936370482 15
1753924880811 4.1618293813891825 16
1753924917326 4.1604917547298195 17
