1753747029268 0.01885695298222296 0
1753747043013 0.015451071606579166 1
1753747054747 0.026333277953148364 2
1753747067685 0.04411031732845988 3
1753747078225 0.051254361189566375 4
1753747090847 0.06305034058813756 5
1753747104355 0.07177271972088387 6
1753747117092 0.07991360691144708 7
1753747129663 0.08323641800963615 8
1753747142150 0.09278949991692972 9
1753747154098 0.10757600930387108 10
1753747167656 0.11571689649443428 11
1753747180476 0.12211330785844825 12
1753747193102 0.12734673533809604 13
1753747204141 0.13390928725701945 14
1753747215103 0.14678518026250206 15
1753747226539 0.146203688320319 16
1753747238573 0.14462535304867918 17
1753747250420 0.15550755939524838 18
1753747264100 0.1662236251869081 19
1753747275020 0.16904801462036884 20
1753747287699 0.17411530154510715 21
1753747302145 0.17037713905964447 22
1753747313268 0.1807609237414853 23
1753747322334 0.1870742648280445 24
1753747333811 0.18283768067785347 25
1753747344742 0.19172620036550922 26
1753747358516 0.19114470842332612 27
1753747368518 0.1934706761920585 28
1753747380289 0.2003655092208008 29
1753747393515 0.20310682837680677 30
1753747407541 0.20177770393753114 31
1753747420126 0.20809104502409037 32
1753747431559 0.20717727197208838 33
1753747443453 0.21257684000664562 34
1753747455335 0.21457052666555906 35
1753747469186 0.21889018109320485 36
1753747480729 0.22644957634158497 37
1753747493478 0.23151686326632331 38
1753747506988 0.22728027911613224 39
1753747520245 0.23459046353214819 40
1753747532278 0.24007310184416017 41
1753747544459 0.24198371822561887 42
1753747556532 0.23708257185579 43
1753747567736 0.2386609071274298 44
1753747580249 0.24588802126599102 45
1753747593909 0.2488785512543612 46
1753747604725 0.25311513540455227 47
1753747618281 0.2520352217976408 48
1753747631523 0.25477654095364677 49
1753747645232 0.25153680013291246 50
1753747657741 0.25319820568200696 51
1753747667336 0.25344741651437114 52
1753747680341 0.2563548762252866 53
1753747693025 0.26034224954311347 54
1753747706531 0.263831201196212 55
1753747716085 0.26241900647948163 56
1753747728310 0.26457883369330454 57
1753747741296 0.26798471506894833 58
1753747753054 0.26590795813258017 59
1753747766386 0.26399734175112144 60
1753747776339 0.2625851470343911 61
1753747785836 0.26997840172786175 62
1753747797572 0.27114138561222795 63
1753747809368 0.27496261837514535 64
1753747820721 0.27737165642133244 65
1753747831591 0.27712244558896826 66
1753747844603 0.2810267486293404 67
1753747857558 0.275377969762419 68
1753747869037 0.2759594617046021 69
1753747881878 0.2774547266987872 70
1753747895949 0.28169131084897825 71
1753747907338 0.28110981890679515 72
1753747917018 0.28019604585479313 73
1753747930224 0.286010965276624 74
1753747942442 0.28426648945007477 75
1753747954887 0.2891676358199036 76
1753747966799 0.28385113806280116 77
1753747978522 0.2840172786177106 78
1753747990448 0.29165974414354545 79
1753748003414 0.28825386276790166 80
1753748016257 0.28883535471008476 81
1753748030065 0.2943179930220967 82
1753748042796 0.29606246884864595 83
1753748055785 0.2914105333111813 84
1753748068017 0.2979730852301047 85
1753748080356 0.29323807941518526 86
1753748092571 0.2947333444093703 87
1753748105538 0.29988370161156336 88
1753748118057 0.29606246884864595 89
1753748130198 0.29905299883701614 90
1753748141794 0.30063133410865595 91
1753748154257 0.30187738827047683 92
1753748164486 0.2978069446751952 93
1753748176467 0.29664396079082905 94
1753748188366 0.3023758099352052 95
1753748200265 0.2981392257850141 96
1753748213369 0.3017943179930221 97
1753748226705 0.30661239408539626 98
1753748238561 0.30744309685994353 99
1753748251522 0.3035387938195714 100
