1753747029269 4.584650308858351 0
1753747043014 4.530057494657387 1
1753747054748 4.467037794168078 2
1753747067686 4.415109191536152 3
1753747078226 4.366271862466578 4
1753747090848 4.31776996313298 5
1753747104356 4.281553530352313 6
1753747117093 4.238041914777126 7
1753747129664 4.2131336500986425 8
1753747142151 4.174891323039089 9
1753747154099 4.148203301900773 10
1753747167657 4.125105239554282 11
1753747180477 4.106475217044729 12
1753747193103 4.064697757144093 13
1753747204142 4.050663049204002 14
1753747215104 4.042382542803389 15
1753747226541 4.02844131559121 16
1753747238574 4.019838406414282 17
1753747250421 3.985847979095013 18
1753747264101 3.968021839594029 19
1753747275021 3.973321674149695 20
1753747287700 3.958665644235599 21
1753747302146 3.9442896313805598 22
1753747313269 3.9254618399831718 23
1753747322335 3.923934171509472 24
1753747333812 3.916182705237616 25
1753747344743 3.9132648758549506 26
1753747358517 3.907523070753698 27
1753747368519 3.8884285367201636 28
1753747380291 3.864772168840366 29
1753747393516 3.863822424998049 30
1753747407542 3.854781105845052 31
1753747420127 3.857411655596997 32
1753747431560 3.851174198739315 33
1753747443454 3.8517559804601698 34
1753747455336 3.836138155391207 35
1753747469188 3.8386278720451235 36
1753747480730 3.813329865472464 37
1753747493479 3.8121271238150642 38
1753747506989 3.826141383553714 39
1753747520246 3.8023392358162966 40
1753747532279 3.8051256567252287 41
1753747544460 3.8182912723463893 42
1753747556533 3.8074145708929947 43
1753747567737 3.7933278742985044 44
1753747580250 3.77776891554339 45
1753747593910 3.7987624550877923 46
1753747604726 3.7814032578478343 47
1753747618282 3.7580172201573925 48
1753747631524 3.747462482450388 49
1753747645233 3.7615842004942763 50
1753747657742 3.772291349106949 51
1753747667337 3.7805467399292105 52
1753747680342 3.7639003666372246 53
1753747693026 3.7576723179931446 54
1753747706532 3.7554146273389692 55
1753747716086 3.744838080395165 56
1753747728311 3.7587144024585566 57
1753747741297 3.748179243662218 58
1753747753055 3.7490472042946417 59
1753747766387 3.7293979896372633 60
1753747776340 3.736887886074222 61
1753747785837 3.7359084765567356 62
1753747797573 3.749331984864708 63
1753747809369 3.7422276150283316 64
1753747820722 3.7276198778046234 65
1753747831592 3.732660974760725 66
1753747844604 3.7042191733628473 67
1753747857559 3.720023704131344 68
1753747869039 3.7464832063981994 69
1753747881879 3.7534883256066793 70
1753747895950 3.731415681425089 71
1753747907339 3.694932006747345 72
1753747917019 3.730091629733855 73
1753747930225 3.7134109178276913 74
1753747942443 3.725094654771549 75
1753747954888 3.7166281194183797 76
1753747966800 3.728781458684104 77
1753747978523 3.715593102011875 78
1753747990449 3.704059098850734 79
1753748003416 3.7194885430014297 80
1753748016259 3.701143588750189 81
1753748030066 3.7134068484765335 82
1753748042797 3.7118859496523524 83
1753748055786 3.709218083985366 84
1753748068018 3.699652381206872 85
1753748080357 3.7114526573325866 86
1753748092572 3.708459783998444 87
1753748105539 3.693599452073958 88
1753748118058 3.7117226745286573 89
1753748130199 3.696344584001118 90
1753748141795 3.7096995465541998 91
1753748154259 3.7047317108345315 92
1753748164488 3.7102185275911435 93
1753748176468 3.71194860970538 94
1753748188367 3.699802980196481 95
1753748200266 3.7021875625500513 96
1753748213371 3.7000959066093944 97
1753748226706 3.6983742971363163 98
1753748238562 3.708525731639734 99
1753748251523 3.7188633782691243 100
