1754496743020 2.231161794354482 0
1754496796719 2.1231040354699005 1
1754496839826 2.0230611244114662 2
1754496883628 1.9934696382527273 3
1754496951587 2.0219180436069286 4
1754497007700 1.956653988514581 5
1754497062510 2.046853032192494 6
1754497113210 1.9672274212428773 7
1754497159061 2.0628107247286334 8
1754497214485 1.9813814434126897 9
1754497254180 2.0755394233981783 10
1754497322286 1.9973906691868362 11
1754497361265 2.1017285811876754 12
1754497409731 2.021121549446463 13
1754497463361 2.151720432906791 14
1754497514383 2.0460382892905042 15
1754497572987 2.153767671660616 16
1754497633393 2.065068320953444 17
1754497687147 2.1813764386278343 18
1754497745035 2.0843867075636315 19
1754497806939 2.201060272526793 20
1754497870358 2.1212513495602576 21
1754497908100 2.227002875929277 22
1754497957230 2.131753232671481 23
1754498017867 2.275806137794898 24
1754498077933 2.1720774245480086 25
1754498125863 2.301035996679806 26
1754498203053 2.1765708085131377 27
1754498243876 2.342162183871358 28
1754498310321 2.2105663103536743 29
1754498372720 2.361585988851856 30
1754498454220 2.243330087401237 31
1754498503594 2.4008374955258116 32
1754498589848 2.2649926900169444 33
1754498626595 2.4229015600828028 34
1754498708422 2.2722532688678734 35
1754498755239 2.4531505699514717 36
1754498810261 2.304245038374876 37
1754498860306 2.4753509491614984 38
1754498947848 2.312455024648186 39
1754498996851 2.501454698134057 40
1754499057252 2.3427362945655936 41
1754499093770 2.5300360727899838 42
1754499152771 2.359395547926531 43
1754499210315 2.5514684687323412 44
1754499272581 2.3931196037121403 45
1754499338658 2.573663799766584 46
1754499387549 2.384686816196617 47
1754499423598 2.614309204536869 48
1754499477390 2.4089046399915066 49
1754499514747 2.6273775803173542 50
1754499583116 2.4419391754217603 51
1754499628186 2.6315612046776735 52
1754499676971 2.4370783772009275 53
1754499732619 2.669107268029879 54
1754499785377 2.457091474413739 55
1754499831428 2.680829569435844 56
1754499889472 2.490047388373741 57
1754499924975 2.7142591942507073 58
1754500001335 2.4939598328084367 59
1754500060664 2.742240022930839 60
1754500110800 2.4990986168969163 61
1754500164955 2.7513395292100777 62
1754500236555 2.5253885261094586 63
1754500299788 2.7679106313036033 64
1754500349974 2.533782726583373 65
1754500411671 2.780257123406947 66
1754500460693 2.578396459349016 67
1754500503947 2.805428437466068 68
1754500553593 2.5606401898120708 69
1754500614773 2.825493267184309 70
1754500664278 2.591403961612406 71
1754500699905 2.835640845039243 72
1754500750912 2.5806630029684943 73
1754500805650 2.845289274953362 74
1754500867273 2.6115483012274936 75
1754500922230 2.8649419812162935 76
1754500971793 2.596991586666028 77
1754501019449 2.8792418265983777 78
1754501070049 2.612827310353223 79
1754501111240 2.8943171856815906 80
1754501189245 2.6108291890054027 81
1754501238024 2.8918930981624555 82
1754501306458 2.6312127915189802 83
1754501365387 2.8994428656002564 84
1754501414549 2.6256492738119563 85
1754501477427 2.9164745550323334 86
1754501553766 2.6635154239473118 87
1754501593431 2.9491452442004245 88
1754501643407 2.6754836320431443 89
1754501683706 2.9478490723674784 90
1754501767751 2.67555269738683 91
1754501819197 2.960623123494316 92
1754501882074 2.675320282985206 93
1754501926621 2.9599556890429746 94
1754501994057 2.664685891308006 95
1754502046343 2.961551722600568 96
1754502105383 2.672198045898899 97
1754502148209 2.9721628140151144 98
1754502219917 2.6725469126253416 99
1754502278347 2.9899221268901215 100
