1753452754917 0.03090214321315833 0
1753452778254 0.044608738993188235 1
1753452804252 0.0538295397906629 2
1753452836995 0.08107659079581325 3
1753452859351 0.10583153347732181 4
1753452881393 0.12610068117627513 5
1753452906246 0.144376142216315 6
1753452932742 0.15949493271307527 7
1753452955233 0.17029406878218972 8
1753452978718 0.17544442598438278 9
1753453002228 0.18150855623857784 10
1753453026347 0.2031898986542615 11
1753453053305 0.20518358531317496 12
1753453076407 0.22021930553248048 13
1753453099068 0.2234590463532148 14
1753453121693 0.23400897158996511 15
1753453143701 0.2317660740986875 16
1753453165911 0.23218142548596113 17
1753453190243 0.23899318823724872 18
1753453213130 0.2532812759594617 19
1753453240861 0.24912776208672538 20
1753453271737 0.2452234590463532 21
1753453294507 0.2457218807110816 22
1753453316567 0.2510383784681841 23
1753453341005 0.2501246054161821 24
1753453372491 0.2538627679016448 25
1753453392313 0.2614221631500249 26
1753453416541 0.26374813091875726 27
1753453446368 0.26574181757767074 28
1753453474185 0.2628343578667553 29
1753453490450 0.2686492772885861 30
1753453509016 0.2720551586642299 31
1753453529492 0.2698122611729523 32
1753453543772 0.2756271805947832 33
1753453560960 0.2743811264329623 34
1753453577231 0.2756271805947832 35
1753453592757 0.2737996344907792 36
1753453606430 0.2780362186409703 37
1753453626979 0.2809436783518857 38
1753453648728 0.2796976241900648 39
1753453664076 0.2834357866755275 40
1753453694251 0.2861771058315335 41
1753453718397 0.28692473832862603 42
1753453747969 0.27811928891842497 43
1753453761952 0.2810267486293404 44
1753453784587 0.28866921415517527 45
1753453800017 0.28418341917262 46
1753453831215 0.28609403555407875 47
1753453861521 0.28335271639807275 48
1753453890572 0.28875228443263 49
1753453921540 0.2840172786177106 50
1753453942953 0.28825386276790166 51
1753453962491 0.29224123608572855 52
1753453981862 0.29390264163482305 53
1753454003966 0.2944010632995514 54
1753454028843 0.29481641468682507 55
1753454051798 0.2919920252533644 56
1753454073819 0.2902475494268151 57
1753454098224 0.29747466356537633 58
1753454117805 0.29423492274464197 59
1753454135823 0.28734008971589964 60
1753454155431 0.2903306197042698 61
1753454174874 0.2959793985711912 62
1753454187691 0.29165974414354545 63
1753454205859 0.2941518524671872 64
1753454226247 0.2968101013457385 65
1753454247482 0.29332114969263995 66
1753454267547 0.2945672038544609 67
1753454278490 0.2912443927562718 68
1753454299127 0.29789001495264994 69
1753454319585 0.2971423824555574 70
1753454340985 0.2952317660740987 71
1753454360087 0.29132746303372653 72
1753454382428 0.2941518524671872 73
1753454401991 0.2963947499584649 74
1753454417304 0.29905299883701614 75
1753454427198 0.3035387938195714 76
1753454437043 0.29705931217810266 77
1753454447712 0.3005482638312012 78
1753454458558 0.3027080910450241 79
1753454468735 0.30013291244392754 80
1753454479354 0.30262502076756936 81
1753454489240 0.30345572354211664 82
1753454499431 0.30204352882538626 83
1753454509487 0.30220966938029575 84
1753454520463 0.301212826050839 85
1753454530716 0.2997175610566539 86
1753454541176 0.30104668549592956 87
1753454550775 0.3036218640970261 88
1753454561591 0.30561555075593955 89
1753454570962 0.3051171290912112 90
1753454581112 0.3013789666057485 91
1753454591265 0.30403721548429974 92
1753454601495 0.2991360691144708 93
1753454611514 0.3033726532646619 94
1753454621593 0.3025419504901146 95
1753454632697 0.30104668549592956 96
1753454642745 0.3015451071606579 97
1753454653718 0.30245888021265993 98
1753454664246 0.3049509885363017 99
1753454675066 0.3031234424322977 100
