1753452754918 4.497290279980508 0
1753452778255 4.408324385342874 1
1753452804253 4.301647244299972 2
1753452836996 4.2273579041911455 3
1753452859352 4.171977363699873 4
1753452881394 4.112274395007672 5
1753452906248 4.096308361114531 6
1753452932743 4.084546822575152 7
1753452955234 4.09947199835441 8
1753452978719 4.092090196659635 9
1753453002229 4.132653546585251 10
1753453026348 4.083471816637247 11
1753453053306 4.105867828041172 12
1753453076408 4.112900435849697 13
1753453099069 4.10232597131763 14
1753453121694 4.150281036828048 15
1753453143702 4.186709590463565 16
1753453165912 4.24818347492685 17
1753453190244 4.248482429131875 18
1753453213131 4.22365027661103 19
1753453240863 4.279273376058998 20
1753453271738 4.330260752172344 21
1753453294508 4.325073802594636 22
1753453316568 4.30298204923629 23
1753453341006 4.353876559429773 24
1753453372492 4.334929009634073 25
1753453392314 4.376800053948811 26
1753453416542 4.392754655180927 27
1753453446369 4.339549764912856 28
1753453474186 4.294984849614562 29
1753453490451 4.285462988192478 30
1753453509017 4.29758145022053 31
1753453529493 4.326793048104424 32
1753453543773 4.362272331694176 33
1753453560961 4.3537611210101765 34
1753453577232 4.352808947105691 35
1753453592758 4.356718889001674 36
1753453606431 4.319139840600879 37
1753453626981 4.328852354594668 38
1753453648729 4.3821124234791204 39
1753453664077 4.353365695733459 40
1753453694252 4.406875845982605 41
1753453718398 4.396521559380717 42
1753453747970 4.387632694306621 43
1753453761953 4.409638973846673 44
1753453784588 4.372455370042034 45
1753453800018 4.388746098666092 46
1753453831216 4.415264918885737 47
1753453861522 4.359272452952548 48
1753453890573 4.360205622195425 49
1753453921542 4.4228205384757135 50
1753453942954 4.372233506749678 51
1753453962492 4.366585512553755 52
1753453981863 4.3477148385190345 53
1753454003967 4.316993994602076 54
1753454028844 4.310952948155726 55
1753454051799 4.315427452338293 56
1753454073820 4.337813273140839 57
1753454098225 4.337621271922065 58
1753454117806 4.321547018721478 59
1753454135824 4.289216107150006 60
1753454155433 4.288061420581136 61
1753454174875 4.289264487469389 62
1753454187692 4.320289599138415 63
1753454205860 4.36502295059623 64
1753454226248 4.327592353281752 65
1753454247483 4.309266982669859 66
1753454267548 4.277573191734831 67
1753454278491 4.291745348863707 68
1753454299128 4.310373221588175 69
1753454319586 4.3369227358426325 70
1753454340986 4.319420310649744 71
1753454360088 4.285260116918039 72
1753454382429 4.303499266595665 73
1753454401992 4.276551184469148 74
1753454417305 4.317571600823877 75
1753454427199 4.238649082186332 76
1753454437044 4.204173798552615 77
1753454447713 4.162001040620917 78
1753454458559 4.13038949514064 79
1753454468736 4.1483703099626155 80
1753454479355 4.113829366022459 81
1753454489241 4.12422609749225 82
1753454499432 4.114864964936912 83
1753454509489 4.1373568602275785 84
1753454520464 4.099096649734264 85
1753454530717 4.0873735221011245 86
1753454541177 4.078419335699401 87
1753454550776 4.060617089050164 88
1753454561592 4.090580683543758 89
1753454570963 4.059478383541705 90
1753454581113 4.059135698650417 91
1753454591266 4.043739537304479 92
1753454601496 4.074697240647673 93
1753454611515 4.060671347901023 94
1753454621594 4.060981345908815 95
1753454632698 4.048055050599572 96
1753454642746 4.047353799880287 97
1753454653719 4.061391508025489 98
1753454664247 4.084642840220006 99
1753454675067 4.044384935659129 100
