1754695801464 0.19317553645911856 0
1754695825721 0.4215789738177798 1
1754695852197 0.46519925624403236 2
1754695877381 0.6388260716618925 3
1754695902445 0.7119955776672194 4
1754695927951 0.7336047037539575 5
1754695953078 0.7634051962410171 6
1754695979673 0.7832554399718579 7
1754696003450 0.788783355947535 8
1754696028250 0.8070254786672697 9
1754696057156 0.8050153274033871 10
1754696081778 0.8181818181818182 11
1754696108933 0.8141112618724559 12
1754696132249 0.8164731896075179 13
1754696162625 0.8278807980300518 14
1754696191442 0.8243127795366602 15
1754696221300 0.83270516106337 16
1754696250765 0.8290868887883813 17
1754696290007 0.830343233328308 18
1754696315663 0.8395899291421679 19
1754696341079 0.8364239409015528 20
1754696369249 0.8353183577064174 21
1754696400650 0.8381828232574501 22
1754696431235 0.84657520478416 23
1754696459784 0.8449168299914569 24
1754696495414 0.8414493190612593 25
1754696522066 0.8436604854515303 26
1754696551188 0.8451680988994422 27
1754696581181 0.8390371375446002 28
1754696611141 0.8392884064525855 29
1754696636556 0.8416000804060506 30
1754696962137 0.8593396653098145 41
1754697401927 0.8668274787677773 57
1754697497600 0.8683350922156893 60
1754697523982 0.8678325543997186 61
1754697552850 0.868134077089301 62
1754697575463 0.8678325543997186 63
1754697605849 0.8690386451580482 64
1754697632379 0.8687873762500629 65
1754697663547 0.8690386451580482 66
1754697689945 0.8697421981004071 67
1754697717970 0.8698929594451983 68
1754697740267 0.8697924518820042 69
1754697769694 0.8707472737323484 70
1754697797929 0.8707975275139455 71
1754697824001 0.8707975275139455 72
1754697846862 0.8710487964219308 73
1754697870968 0.8715513342379014 74
1754697903857 0.8694406754108247 75
1754697928084 0.8691894065028394 76
1754697959555 0.8685863611236746 77
1754697985673 0.8688376300316599 78
1754698013481 0.8687371224684658 79
1754698036456 0.8691894065028394 80
1754698062309 0.868887883813257 81
1754698095970 0.868938137594854 82
1754698121878 0.8694909291924218 83
1754698144854 0.8697924518820042 84
1754698177367 0.8691894065028394 85
1754698200718 0.8701442283531836 86
1754698227518 0.8702447359163777 87
1754698254614 0.8729584401226193 88
1754698283802 0.8723051409618574 89
1754698314371 0.8738127544097694 90
1754698345012 0.8731594552490075 91
1754698375220 0.873511231720187 92
1754698398247 0.8732097090306046 93
1754698426188 0.8740640233177547 94
1754698449807 0.8744157997889341 95
1754698474584 0.8742147846625459 96
1754698506019 0.8733102165937987 97
1754698531292 0.8732097090306046 98
1754698568298 0.8738630081913664 99
1754698594595 0.8741142770993517 100
