1753650082474 0.029739159328792158 0
1753650104907 0.05308190729357036 1
1753650130484 0.06413025419504902 2
1753650153433 0.08838677521182921 3
1753650175711 0.09461704602093371 4
1753650209693 0.11579996677188902 5
1753650232385 0.14429307193886026 6
1753650254876 0.16597441435454394 7
1753650277571 0.1692141551752783 8
1753650301493 0.18175776707094202 9
1753650325598 0.18001329124439275 10
1753650347883 0.19546436285097193 11
1753650371356 0.20310682837680677 12
1753650394559 0.20933709918591129 13
1753650417429 0.2115799966771889 14
1753650445607 0.22304369496594117 15
1753650468009 0.21955474331284267 16
1753650498130 0.23209835520850639 17
1753650524033 0.23882704768233926 18
1753650552494 0.23949160990197707 19
1753650574233 0.24605416182090048 20
1753650614114 0.2392423990696129 21
1753650642182 0.23417511214487458 22
1753650666663 0.2498753945838179 23
1753650690183 0.2488785512543612 24
1753650712163 0.2402392423990696 25
1753650729645 0.2562718059478319 26
1753650755761 0.26416348230603093 27
1753650782774 0.261089882040206 28
1753650813238 0.26989533145040706 29
1753650838556 0.26275128758930055 30
1753650862695 0.2596776873234757 31
1753650876792 0.26873234756604086 32
1753650901132 0.2698122611729523 33
1753650928635 0.27014454228277124 34
1753650956208 0.27155673699950156 35
1753650971544 0.27413191560059813 36
1753650997521 0.27396577504568864 37
1753651011445 0.27670709420169465 38
1753651036298 0.28052832696461205 39
1753651064543 0.27886692141551755 40
1753651089505 0.2812759594617046 41
1753651103818 0.28052832696461205 42
1753651131389 0.2756271805947832 43
1753651145575 0.2806113972420668 44
1753651165944 0.2824389433460708 45
1753651195894 0.2784515700282439 46
1753651212032 0.28634324638644293 47
1753651232718 0.27894999169297224 48
1753651262121 0.2828542947333444 49
1753651276966 0.2819405216813424 50
1753651295025 0.2880046519355375 51
1753651316204 0.2837680677853464 52
1753651337686 0.28709087888353546 53
1753651355970 0.28509719222462204 54
1753651380071 0.29107825220136235 55
1753651395045 0.2914105333111813 56
1753651411443 0.28991526831699616 57
1753651430877 0.289666057484632 58
1753651444265 0.2877554411031733 59
1753651467704 0.28418341917262 60
1753651488933 0.2864263166638977 61
1753651505750 0.2868416680511713 62
1753651517175 0.2858448247217146 63
1753651536324 0.29606246884864595 64
1753651547100 0.29489948496427976 65
1753651565410 0.2912443927562718 66
1753651577669 0.290579830536634 67
1753651594684 0.2908290413689982 68
1753651614346 0.29207509553081906 69
1753651638804 0.29606246884864595 70
1753651657092 0.2961455391261007 71
1753651680362 0.2868416680511713 72
1753651698579 0.29207509553081906 73
1753651719789 0.29149360358863596 74
1753651741156 0.29381957135736836 75
1753651752290 0.30004984216647285 76
1753651763119 0.2985545771722878 77
1753651774911 0.30004984216647285 78
1753651786048 0.300299052998837 79
1753651796979 0.2997175610566539 80
1753651808484 0.29830536633992355 81
1753651820241 0.297557733842831 82
1753651831069 0.29847150689483304 83
1753651842226 0.30245888021265993 84
1753651852336 0.30038212327629177 85
1753651864328 0.30146203688320317 86
1753651875181 0.3007974746635654 87
1753651885741 0.2995514205017445 88
1753651895065 0.2987207177271972 89
1753651905863 0.2993022096693803 90
1753651917081 0.30162817743811265 91
1753651927780 0.30162817743811265 92
1753651938876 0.3013789666057485 93
1753651950130 0.30478484798139227 94
1753651961602 0.30445256687157335 95
1753651973146 0.30187738827047683 96
1753651982399 0.3041202857617544 97
1753651994180 0.30104668549592956 98
1753652004903 0.3008805449410201 99
1753652016654 0.30129589632829373 100
