1753650082475 4.520908934747257 0
1753650104908 4.429788896592997 1
1753650130485 4.320357630431939 2
1753650153434 4.254182487133782 3
1753650175712 4.2533844470678455 4
1753650209694 4.20545870535891 5
1753650232386 4.154365817431402 6
1753650254878 4.154797887148581 7
1753650277572 4.134761214418425 8
1753650301494 4.1104505047386075 9
1753650325599 4.160267348193703 10
1753650347884 4.156359244051477 11
1753650371357 4.174925820507946 12
1753650394560 4.167763101509561 13
1753650417430 4.152414834244926 14
1753650445608 4.207857360947604 15
1753650468010 4.2160914243452465 16
1753650498131 4.266062777850338 17
1753650524034 4.312134118815001 18
1753650552495 4.266222331205979 19
1753650574234 4.321353652545113 20
1753650614115 4.3288987259356935 21
1753650642183 4.350065387550022 22
1753650666664 4.355869147955411 23
1753650690184 4.407586486712737 24
1753650712164 4.375455347837876 25
1753650729646 4.39861255878558 26
1753650755762 4.43338640932509 27
1753650782775 4.37039109109136 28
1753650813239 4.326071039874276 29
1753650838557 4.315367047184056 30
1753650862696 4.330067112240539 31
1753650876793 4.355725670389661 32
1753650901133 4.413413741774927 33
1753650928636 4.432590610151836 34
1753650956209 4.392522837675922 35
1753650971545 4.406251267540353 36
1753650997522 4.342240812127923 37
1753651011446 4.374092507378579 38
1753651036299 4.4278102679266595 39
1753651064544 4.3805780245198145 40
1753651089506 4.399840343812939 41
1753651103819 4.4413706616275 42
1753651131391 4.407659419287845 43
1753651145576 4.425036736601291 44
1753651165945 4.410136785086141 45
1753651195896 4.437926584278273 46
1753651212033 4.457756850074141 47
1753651232719 4.37710006509797 48
1753651262122 4.391122094745865 49
1753651276967 4.43176490801801 50
1753651295026 4.381723980816695 51
1753651316205 4.383724309904702 52
1753651337687 4.398561345268727 53
1753651355972 4.391365247610025 54
1753651380072 4.386747291358002 55
1753651395046 4.380377375523299 56
1753651411444 4.3576770414303825 57
1753651430878 4.362340584606225 58
1753651444267 4.343746628527313 59
1753651467705 4.300221932045983 60
1753651488934 4.306021979424364 61
1753651505751 4.3108706823120455 62
1753651517176 4.3622556968971535 63
1753651536325 4.393981694205458 64
1753651547101 4.377352560085965 65
1753651565411 4.363295248360982 66
1753651577671 4.317320209189074 67
1753651594685 4.336804036909278 68
1753651614347 4.392516128810835 69
1753651638805 4.37346756425543 70
1753651657093 4.3706090645165 71
1753651680363 4.288849125976192 72
1753651698580 4.356542249193224 73
1753651719790 4.338783025629327 74
1753651741157 4.358303450021467 75
1753651752291 4.29388139398309 76
1753651763121 4.239109007764446 77
1753651774912 4.198335110024943 78
1753651786049 4.163084689450578 79
1753651796980 4.176970674418385 80
1753651808486 4.170250276761914 81
1753651820242 4.165763937359351 82
1753651831070 4.145249688751928 83
1753651842227 4.171621953987082 84
1753651852337 4.131347003461277 85
1753651864329 4.120351832608693 86
1753651875182 4.123407473802866 87
1753651885742 4.062182127540769 88
1753651895066 4.0989929667156995 89
1753651905864 4.064685321716016 90
1753651917082 4.073643281804852 91
1753651927781 4.065608887760727 92
1753651938878 4.070105401890675 93
1753651950131 4.078085218667111 94
1753651961603 4.080961502491368 95
1753651973147 4.0873257205136575 96
1753651982400 4.066593426313827 97
1753651994181 4.081158177420843 98
1753652004904 4.090972965585934 99
1753652016655 4.059513649186671 100
