1753399856564 0.019687655756770228 0
1753399871681 0.01910616381458714 1
1753399889522 0.035637149028077755 2
1753399907334 0.040538295397906626 3
1753399921923 0.05889682671540123 4
1753399941227 0.07268649277288586 5
1753399955753 0.08913440770892175 6
1753399973276 0.09852134906130587 7
1753399990389 0.10774214985878053 8
1753400008450 0.11247715567369995 9
1753400025483 0.11995348064462535 10
1753400040809 0.132829373650108 11
1753400059631 0.13997341751121448 12
1753400076546 0.1490280777537797 13
1753400095350 0.15168632663233095 14
1753400113810 0.16572520352217976 15
1753400131813 0.17220468516364845 16
1753400147862 0.1736168798803788 17
1753400167286 0.17851802625020768 18
1753400184759 0.18117627512875892 19
1753400202318 0.19056321648114305 20
1753400219729 0.18582821066622363 21
1753400238354 0.19180927064296394 22
1753400254817 0.19986708755607244 23
1753400272916 0.20559893670044857 24
1753400290849 0.20235919587971424 25
1753400309025 0.20817411530154512 26
1753400328446 0.2158996511048347 27
1753400344772 0.21664728360192723 28
1753400361243 0.2265326466190397 29
1753400378753 0.2283601927230437 30
1753400397849 0.22445588968267155 31
1753400410964 0.2324306363183253 32
1753400428325 0.23533809602924075 33
1753400444941 0.22761256022595117 34
1753400460902 0.23608572852633328 35
1753400475677 0.23824555574015618 36
1753400490432 0.24123608572852634 37
1753400504381 0.24165143711579998 38
1753400523638 0.24871241069945174 39
1753400538204 0.25436118956637316 40
1753400555018 0.2575178601096528 41
1753400572523 0.2576009303871075 42
1753400587637 0.2541950490114637 43
1753400598192 0.2634989200863931 44
1753400611691 0.26673866090712745 45
1753400625703 0.2632497092540289 46
1753400639728 0.26732015284931054 47
1753400656477 0.2663233095198538 48
1753400671917 0.26516032563548764 49
1753400688816 0.2680677853464031 50
1753400704480 0.26574181757767074 51
1753400718654 0.2604253198205682 52
1753400731437 0.27089217477986377 53
