1751026361059 4.474769974757648 0
1751026483623 4.256398624320189 1
1751026608805 4.099096285321519 2
1751026735996 3.941157939544306 3
1751026863050 3.8877069657817747 4
1751026987662 3.8196836649548387 5
1751027113200 3.766382206088705 6
1751027236947 3.6643383455066956 7
1751027361928 3.6168664644941373 8
1751027487894 3.5842342336486137 9
1751027613127 3.5032120088037773 10
1751027739138 3.417965345794024 11
1751027866081 3.3682751381221387 12
1751027937223 3.252628055005349 13
1751028008337 3.21356583191002 14
1751028079628 3.223971699363119 15
1751028151877 3.1636821844539624 16
1751028221120 3.1486313511719013 17
1751028293576 3.0927587006350996 18
1751028364875 3.0633388345234436 19
1751028436519 3.097549480495405 20
1751028505471 3.039235384397787 21
1751028574609 3.021895703340667 22
1751028644964 2.928630680668975 23
1751028717051 2.9211437561975835 24
1751028786168 2.8735225617816993 25
1751028836017 2.8562586032061503 26
1751028885443 2.838634835417786 27
1751028934475 2.8155274784329247 28
1751028982983 2.751798834962734 29
1751029033378 2.7019327954970085 30
1751029082596 2.7140593136263007 31
1751029132177 2.7067512426128584 32
1751029181050 2.6841919906679044 33
1751029228538 2.67174014907317 34
1751029275363 2.664100704477294 35
1751029324363 2.6233372455390707 36
1751029373167 2.5427679128735963 37
1751029422265 2.5458322704371534 38
1751029449311 2.4739939446671535 39
1751029476680 2.4306339108601267 40
1751029503346 2.409259132395469 41
1751029531291 2.4092729276115925 42
1751029558543 2.347608491810334 43
1751029585217 2.322376954640712 44
1751029611892 2.294778717803759 45
1751029638526 2.288898408275739 46
1751029665471 2.2928444641297534 47
1751029693052 2.264726680225815 48
1751029719625 2.244827845129359 49
1751029747101 2.2153913069989586 50
