1754118881216 0.023259677687323475 0
1754118915467 0.04186741983718226 1
1754118947611 0.06496095696959628 2
1754118981858 0.08830370493437448 3
1754119014421 0.08631001827546105 4
1754119044379 0.11530154510716066 5
1754119076886 0.117627512875893 6
1754119108227 0.13856122279448413 7
1754119138749 0.14180096361521846 8
1754119168675 0.1570858946668882 9
1754119198964 0.16248546270144543 10
1754119233374 0.1766904801462037 11
1754119265250 0.17976408041202857 12
1754119296260 0.19471673035387937 13
1754119327999 0.19795647117461374 14
1754119363192 0.20676192058481474 15
1754119394863 0.20510051503572022 16
1754119427556 0.21631500249210833 17
1754119459896 0.2158996511048347 18
1754119486913 0.22852633327795316 19
1754119520711 0.22221299219139393 20
1754119550593 0.2374148529656089 21
1754119582852 0.23126765243395914 22
1754119615203 0.2442266157168965 23
1754119649279 0.2383286260176109 24
1754119676960 0.2526167137398239 25
1754119702000 0.24871241069945174 26
1754119736890 0.2591792656587473 27
1754119770250 0.25519189234092043 28
1754119803573 0.2659910284100349 29
1754119834215 0.26241900647948163 30
1754119867688 0.27055989367004485 31
1754119900531 0.26158830370493436 32
1754119926372 0.2746303372653265 33
1754119958889 0.27587639142714737 34
1754119993563 0.2778700780860608 35
1754120026029 0.27911613224788173 36
1754120059564 0.28410034889516533 37
1754120094120 0.28709087888353546 38
1754120124122 0.2862601761089882 39
1754120160647 0.28709087888353546 40
1754120194512 0.28908456554244893 41
1754120228715 0.28866921415517527 42
1754120262639 0.29074597109154343 43
1754120294111 0.29016447914936033 44
1754120326827 0.2945672038544609 45
1754120360210 0.2925735171955474 46
1754120392807 0.2989699285595614 47
1754120425380 0.2941518524671872 48
1754120458973 0.3015451071606579 49
1754120491549 0.2949825552417345 50
1754120523186 0.303040372154843 51
1754120554430 0.296976241900648 52
1754120586124 0.30387107492939025 53
1754120619762 0.3011297557733843 54
1754120653968 0.3061139724206679 55
1754120687646 0.3007974746635654 56
1754120719930 0.3089383618541286 57
1754120753739 0.30486791825884696 58
1754120785185 0.310932048513042 59
1754120818527 0.305781691310849 60
1754120853132 0.31159661073267986 61
1754120885775 0.30843994018940024 62
1754120917349 0.31035055657085897 63
1754120950844 0.3069446751952152 64
1754120984723 0.3116796810101346 65
1754121015232 0.3102674862934042 66
1754121047637 0.312759594617046 67
1754121080275 0.31217810267486296 68
1754121113163 0.3119288918424988 69
1754121145007 0.313673367669048 70
1754121177791 0.3147532812759595 71
1754121209413 0.3105166971257684 72
1754121242793 0.3130918757268649 73
1754121276205 0.31159661073267986 74
1754121306958 0.31442100016614055 75
1754121341456 0.3145040704435953 76
1754121371327 0.31342415683668384 77
1754121406218 0.317328459877056 78
1754121440417 0.31342415683668384 79
1754121473247 0.3174946004319654 80
1754121501656 0.31525170294068783 81
1754121535823 0.32065127097524504 82
1754121568260 0.3120950323974082 83
1754121601332 0.3116796810101346 84
1754121634630 0.3113473999003157 85
1754121669001 0.31001827546104005 86
1754121701852 0.3163316165475993 87
1754121737223 0.3192390762585147 88
1754121770359 0.3164977571025087 89
1754121804960 0.31375643794650276 90
1754121838752 0.3116796810101346 91
1754121872063 0.31059976740322315 92
1754121906570 0.31159661073267986 93
1754121939999 0.3105166971257684 94
1754121971526 0.3096029240737664 95
1754122006141 0.3096029240737664 96
1754122039290 0.31043362684831366 97
1754122070023 0.3101844160159495 98
1754122100223 0.30885529157667385 99
1754122134266 0.31035055657085897 100
