1754118881217 4.602313587273706 0
1754118915468 4.511653034112793 1
1754118947612 4.4151682849188925 2
1754118981859 4.330912367893698 3
1754119014422 4.260615447430412 4
1754119044381 4.198208670998983 5
1754119076888 4.143385105145083 6
1754119108228 4.100963666289732 7
1754119138750 4.059932087589182 8
1754119168677 4.0240838341274 9
1754119198965 3.9914622109895395 10
1754119233376 3.971336086290431 11
1754119265251 3.935740782739536 12
1754119296261 3.9335182063366094 13
1754119328000 3.8925294901904763 14
1754119363193 3.900965852114071 15
1754119394865 3.8709968851864365 16
1754119427557 3.8749400260018523 17
1754119459897 3.8518005408575275 18
1754119486914 3.85008242366794 19
1754119520712 3.856329356386362 20
1754119550594 3.838261843128533 21
1754119582853 3.847542810961197 22
1754119615204 3.818531951692837 23
1754119649280 3.8137003028277543 24
1754119676961 3.8148919221431883 25
1754119702001 3.808043774134374 26
1754119736891 3.8087619206092596 27
1754119770251 3.7884182128499364 28
1754119803574 3.8167546841716407 29
1754119834216 3.820181938969523 30
1754119867689 3.8081435744829566 31
1754119900533 3.80935777503936 32
1754119926373 3.812522016462532 33
1754119958890 3.8284200240003305 34
1754119993564 3.8156953467421793 35
1754120026030 3.837204792460457 36
1754120059566 3.8003216753265545 37
1754120094121 3.825410916981651 38
1754120124123 3.808716734764004 39
1754120160649 3.8278959162123014 40
1754120194514 3.8205019928868853 41
1754120228716 3.849122053525086 42
1754120262640 3.8375362801596915 43
1754120294113 3.834653300026877 44
1754120326828 3.846505361364488 45
1754120360212 3.8503641477398833 46
1754120392809 3.854333401026972 47
1754120425381 3.8596892337079507 48
1754120458974 3.8780951892041817 49
1754120491550 3.8660003397709284 50
1754120523187 3.8717808809261354 51
1754120554431 3.879712649670004 52
1754120586125 3.874018339749493 53
1754120619764 3.8507439373746144 54
1754120653969 3.8805400363258475 55
1754120687647 3.866712766291966 56
1754120719932 3.8905969812069285 57
1754120753740 3.8942597851677068 58
1754120785187 3.8962135689631388 59
1754120818528 3.896772741657588 60
1754120853133 3.892726523891724 61
1754120885776 3.8982134942699753 62
1754120917350 3.9013747760932853 63
1754120950845 3.9150354990241607 64
1754120984724 3.923015543308615 65
1754121015233 3.945698496710608 66
1754121047639 3.9175239548231184 67
1754121080276 3.926877849489864 68
1754121113164 3.91596490634545 69
1754121145009 3.9269730511860166 70
1754121177793 3.9166721899677794 71
1754121209415 3.9291317596085786 72
1754121242794 3.919221846746166 73
1754121276206 3.946577601407245 74
1754121306960 3.931980334244239 75
1754121341457 3.9414180019614373 76
1754121371328 3.9437679935273326 77
1754121406220 3.946248932877425 78
1754121440418 3.961016488318285 79
1754121473249 3.963053607812896 80
1754121501657 3.944961167724757 81
1754121535824 3.949398680149682 82
1754121568261 3.974116970544204 83
1754121601333 3.9793120146787384 84
1754121634631 3.9785081229887873 85
1754121669002 4.007793071616743 86
1754121701854 3.9666315550849736 87
1754121737224 3.977133271178311 88
1754121770360 3.964855651912593 89
1754121804961 3.989391511336702 90
1754121838754 4.003140083302365 91
1754121872064 4.014855155703299 92
1754121906571 4.022440454930055 93
1754121940000 4.028401036775378 94
1754121971527 4.040174278054431 95
1754122006142 4.04625309828376 96
1754122039291 4.053327116897599 97
1754122070024 4.065694883528403 98
1754122100224 4.065777229994673 99
1754122134267 4.07473344705645 100
