1753974216879 0.03380960292407376 0
1753974267508 0.07202193055324804 1
1753974314121 0.08697458049509886 2
1753974359187 0.10691144708423327 3
1753974400195 0.12468848645954478 4
1753974434125 0.12676524339591294 5
1753974483852 0.15326466190397076 6
1753974538154 0.1540122944010633 7
1753974589916 0.14861272636650608 8
1753974626450 0.1570858946668882 9
1753974680315 0.17120784183419172 10
1753974731635 0.1829207509553082 11
1753974773322 0.19056321648114305 12
1753974826913 0.17793653430802459 13
1753974860330 0.1866589134407709 14
1753974905658 0.18740654593786343 15
1753974947707 0.1770227612560226 16
1753975001713 0.17868416680511712 17
1753975052068 0.18375145372985546 18
1753975092460 0.18383452400731018 19
1753975141108 0.17652433959129424 20
1753975193499 0.17594284764911114 21
1753975246388 0.18316996178767236 22
1753975293934 0.18956637315168634 23
1753975341376 0.196959627845157 24
1753975394903 0.1926399734175112 25
1753975450028 0.18989865426150523 26
1753975502756 0.19430137896660574 27
1753975537303 0.1953812925735172 28
1753975576301 0.19587971423824554 29
1753975629618 0.1925569031400565 30
1753975680653 0.19430137896660574 31
1753975726694 0.19895331450407044 32
1753975777174 0.21149692639973416 33
1753975810724 0.2158996511048347 34
1753975862614 0.2165642133244725 35
1753975895950 0.22071772719720884 36
1753975950455 0.22919089549759097 37
1753976004322 0.22769563050340588 38
1753976057035 0.2233759760757601 39
1753976090676 0.2265326466190397 40
1753976144326 0.22628343578667554 41
1753976192502 0.2259511546768566 42
1753976230381 0.23143379298886857 43
1753976275516 0.22960624688486458 44
1753976325044 0.22786177105831534 45
1753976376587 0.2240405382953979 46
1753976409826 0.2299385279946835 47
1753976462297 0.23002159827213822 48
1753976514519 0.23002159827213822 49
1753976564618 0.22611729523176607 50
1753976611988 0.2265326466190397 51
1753976661729 0.234341252699784 52
1753976712828 0.23542116630669546 53
1753976765849 0.2342581824223293 54
1753976799636 0.235255025751786 55
1753976855020 0.234341252699784 56
1753976909452 0.2358365176939691 57
1753976952368 0.2402392423990696 58
1753977001061 0.24106994517361688 59
1753977050338 0.24015617212161489 60
1753977098309 0.24148529656089052 61
1753977155266 0.24464196710417013 62
1753977205390 0.2470510051503572 63
1753977253300 0.24497424821398903 64
1753977291908 0.24530652932380795 65
1753977340530 0.24713407542781193 66
1753977374532 0.24630337265326466 67
1753977424868 0.24314670210998504 68
1753977466671 0.24007310184416017 69
1753977500045 0.24472503738162485 70
1753977550548 0.24646951320817412 71
1753977600280 0.24970925402890845 72
1753977652497 0.24372819405216814 73
1753977703980 0.24597109154344576 74
1753977754873 0.24447582654926067 75
1753977790994 0.2448911779365343 76
1753977839126 0.24439275627180596 77
1753977892791 0.24347898321980396 78
1753977944203 0.2451403887688985 79
1753977993028 0.2452234590463532 80
1753978045647 0.24472503738162485 81
1753978093105 0.2451403887688985 82
1753978143645 0.2414022262834358 83
1753978194403 0.24447582654926067 84
1753978244793 0.24339591294234922 85
1753978286720 0.24165143711579998 86
