1753974216880 4.547378236540543 0
1753974267509 4.3955606493048895 1
1753974314122 4.301984808239934 2
1753974359188 4.21626771990538 3
1753974400197 4.166604658628912 4
1753974434127 4.117224454380873 5
1753974483853 4.079289531440859 6
1753974538155 4.062668505847941 7
1753974589918 4.0280098272657066 8
1753974626451 3.9884858869139332 9
1753974680316 3.9870460049381165 10
1753974731636 3.959019123310573 11
1753974773323 3.9405676078212686 12
1753974826914 3.943247111852909 13
1753974860332 3.9197311451006542 14
1753974905659 3.899915554678622 15
1753974947708 3.9024159892579706 16
1753975001714 3.8980183579054155 17
1753975052069 3.8701551702636685 18
1753975092461 3.8793181298816273 19
1753975141109 3.8812593290012085 20
1753975193501 3.9016204171037043 21
1753975246389 3.9061380231522644 22
1753975293936 3.8921771729483865 23
1753975341378 3.906745348722023 24
1753975394904 3.917456933670798 25
1753975450029 3.939235186603035 26
1753975502757 3.9401640584838518 27
1753975537305 3.952677900589368 28
1753975576302 3.9845976216831973 29
1753975629620 3.992123753599453 30
1753975680654 3.976967969850457 31
1753975726695 3.9402654081190147 32
1753975777175 3.9062846699165585 33
1753975810725 3.913691536312349 34
1753975862615 3.931360364084988 35
1753975895952 3.9598981319024587 36
1753975950456 3.9535268622353676 37
1753976004323 3.9389363499796772 38
1753976057036 3.9317955348214286 39
1753976090677 3.9356030598173684 40
1753976144328 3.9387821320473186 41
1753976192503 3.9377632412196553 42
1753976230382 3.970295928167633 43
1753976275517 3.986647074617684 44
1753976325046 4.013567095453656 45
1753976376589 3.9500509055994324 46
1753976409827 3.969362629323007 47
1753976462298 4.010110306188536 48
1753976514520 4.033767212501104 49
1753976564619 4.038055996711246 50
1753976611989 4.041087103141953 51
1753976661730 4.030179810563898 52
1753976712829 4.009278687997502 53
1753976765851 4.012449992647179 54
1753976799637 4.015075722457126 55
1753976855021 4.013778811657022 56
1753976909454 4.0308578641101835 57
1753976952369 4.028986775580748 58
1753977001063 4.049547765382939 59
1753977050340 4.066224896332838 60
1753977098310 4.09459663284925 61
1753977155267 4.124274932426448 62
1753977205391 4.1492368554964205 63
1753977253301 4.137551773171915 64
1753977291910 4.117227435423804 65
1753977340531 4.111253224957136 66
1753977374533 4.120239366807057 67
1753977424869 4.10557011801295 68
1753977466672 4.082187549717183 69
1753977500046 4.102587824331514 70
1753977550549 4.121526527969776 71
1753977600281 4.14147540473257 72
1753977652498 4.134315060310145 73
1753977703982 4.123800903808175 74
1753977754874 4.126061007838839 75
1753977790995 4.13993362188464 76
1753977839127 4.1593829604167025 77
1753977892792 4.169245741074992 78
1753977944205 4.18003551145931 79
1753977993029 4.199627569752474 80
1753978045648 4.221022966470422 81
1753978093106 4.236537364742002 82
1753978143646 4.239693653692035 83
1753978194405 4.253463127699625 84
1753978244794 4.212841544980832 85
1753978286722 4.12885627410581 86
