1752776130746 0.016291763149189547 0
1752776146270 0.03448561032087331 1
1752776161908 0.05449884220972544 2
1752776178597 0.06558054912338736 3
1752776195397 0.07748924909030765 4
1752776211165 0.0825339067151836 5
1752776227721 0.08964604697320543 6
1752776243365 0.10403572609990076 7
1752776258784 0.11106516705259675 8
1752776274120 0.1217333774396295 9
1752776289606 0.12189877605028118 10
1752776306076 0.12909361561362884 11
1752776322069 0.1400099239166391 12
1752776338431 0.15067813430367186 13
1752776354083 0.15299371485279523 14
1752776369657 0.16027125372146875 15
1752776385110 0.16076744955342376 16
1752776400381 0.16994707244459145 17
1752776416155 0.17466093284816409 18
1752776432608 0.1801190869996692 19
1752776448945 0.1845848494872643 20
1752776465111 0.18665233212041019 21
1752776480848 0.1916142904399603 22
1752776496247 0.19897452861395964 23
1752776512917 0.2024478994376447 24
1752776529528 0.20583857095600397 25
1752776545762 0.2098908369169699 26
1752776561300 0.21352960635130666 27
1752776576850 0.21782997022825007 28
1752776592278 0.2216341382732385 29
1752776608361 0.22461131326496858 30
1752776625101 0.22858087992060866 31
1752776641862 0.2326331458815746 32
1752776657463 0.2326331458815746 33
1752776672848 0.23511412504134965 34
1752776689332 0.24032418127687727 35
1752776704998 0.24354945418458485 36
1752776720546 0.24189546807806814 37
1752776736360 0.24553423751240488 38
1752776753106 0.2469401257029441 39
1752776769261 0.2509096923585842 40
1752776785758 0.255540853456831 41
1752776801291 0.25777373470062853 42
1752776816684 0.26066821038703275 43
1752776833092 0.2581872312272577 44
1752776849749 0.26050281177638107 45
1752776865327 0.26447237843202115 46
1752776880876 0.2657955673172345 47
1752776897376 0.2676149520344029 48
1752776912769 0.2668706582864704 49
1752776928828 0.270592127026133 50
1752776944486 0.27356930201786306 51
1752776960067 0.27563678465100894 52
1752776975643 0.2738173999338406 53
1752776991490 0.2753886867350314 54
1752777007837 0.28059874297055903 55
1752777023242 0.28291432351968243 56
1752777038864 0.2842375124048958 57
1752777054183 0.2853953026794575 58
1752777069782 0.28721468739662587 59
1752777085249 0.28795898114455837 60
1752777101213 0.28853787628183925 61
1752777117624 0.29275554085345684 62
1752777133164 0.2951538207079061 63
1752777148926 0.29308633807476014 64
1752777164538 0.2940787297386702 65
1752777180601 0.29755210056235526 66
1752777196695 0.2958981144558386 67
1752777212851 0.298213695004962 68
1752777228772 0.2997849818061528 69
1752777244339 0.2997849818061528 70
1752777260249 0.3034237512404896 71
1752777275682 0.30234866027125373 72
1752777291077 0.30425074429374793 73
1752777306721 0.30656632484287133 74
1752777322286 0.305739331789613 75
1752777337872 0.3078895137280847 76
1752777353490 0.30929540191862387 77
1752777369031 0.3107839894144889 78
1752777384691 0.30946080052927555 79
1752777400605 0.3102877935825339 80
1752777416469 0.3126860734369831 81
1752777431793 0.31434005954349986 82
1752777448401 0.3133476678795898 83
1752777465187 0.31715183592457824 84
1752777482358 0.3164902414819715 85
1752777499285 0.313761164406219 86
1752777514684 0.3154978498180615 87
1752777530619 0.31979821369500494 88
1752777546404 0.3217002977174992 89
1752777561971 0.31979821369500494 90
1752777578019 0.3215348991068475 91
1752777594835 0.3245947734039034 92
1752777610681 0.3230234866027125 93
1752777626949 0.32368508104531923 94
1752777643358 0.3224445914654317 95
1752777660232 0.3238504796559709 96
1752777677223 0.3237677803506451 97
1752777694086 0.3262487595104201 98
1752777710609 0.32401587826662254 99
1752777726921 0.3274065497849818 100
