1754148480357 4.554751339355604 0
1754148498157 4.421936786741006 1
1754148516024 4.269449045548874 2
1754148533754 4.128386801057826 3
1754148549736 4.000548272585859 4
1754148566240 3.8747579856999232 5
1754148577140 3.7640375094335585 6
1754148597093 3.664507728707344 7
1754148616709 3.5820156524240496 8
1754148638225 3.494558199156528 9
1754148656134 3.422589519435791 10
1754148673789 3.350854561478213 11
1754148691446 3.295483293153499 12
1754148710288 3.226317722514779 13
1754148726815 3.177137869929706 14
1754148743334 3.115380713923632 15
1754148758653 3.08053861630469 16
1754148777651 3.0489294421477395 17
1754148795019 3.003494814019486 18
1754148810437 2.9537996592367333 19
1754148827682 2.9444183840276614 20
1754148846947 2.8934094117263025 21
1754148865122 2.8797378481161 22
1754148881890 2.843244327347336 23
1754148897951 2.8183989175832185 24
1754148914772 2.7724760025927577 25
1754148931652 2.7580005283889877 26
1754148951566 2.7551316293962564 27
1754148968843 2.7177123618682124 28
1754148987256 2.6799997216064724 29
1754149004962 2.674984898272559 30
1754149020830 2.661710292852541 31
1754149038289 2.637790026347544 32
1754149054836 2.625765396146626 33
1754149072950 2.615899338710704 34
1754149090988 2.577871213431817 35
1754149108887 2.5760351454900965 36
1754149126042 2.547320689284135 37
1754149143637 2.539104734363051 38
1754149163272 2.5225523705741044 39
1754149177515 2.4925388319745894 40
1754149196621 2.4844677908899606 41
1754149209924 2.4996663261832888 42
1754149229791 2.474274952592545 43
1754149248185 2.456227760935792 44
1754149265985 2.4504785848019655 45
1754149284480 2.4515969954202435 46
1754149303475 2.4281652293795544 47
1754149319236 2.412799466077196 48
1754149333948 2.3913479097478776 49
1754149351474 2.3925959940415664 50
1754149368673 2.380270329204213 51
1754149388630 2.381500761465848 52
1754149404392 2.3623912606784505 53
1754149419530 2.355127673469305 54
1754149435704 2.346085811397918 55
1754149453259 2.3279927246281957 56
1754149469354 2.323499169080084 57
1754149485526 2.3229308121717493 58
1754149502663 2.3222942700802953 59
1754149521172 2.297932156022229 60
1754149538435 2.3001830523231543 61
1754149556679 2.2929828611428418 62
1754149576024 2.2942458660650673 63
1754149594958 2.273210101183496 64
1754149615606 2.2574172438807025 65
1754149634312 2.2535948395954555 66
1754149653375 2.2434417235908914 67
1754149670474 2.245850307687635 68
1754149687222 2.2468637188927074 69
1754149703392 2.225071906980821 70
1754149716112 2.220953686766486 71
1754149732767 2.204751273259339 72
1754149750995 2.2121733243273005 73
1754149769246 2.205362589745624 74
1754149785844 2.1993709681990166 75
1754149805064 2.2009648932046177 76
1754149822106 2.1896278486689282 77
1754149837462 2.1747535372880287 78
1754149853047 2.164594594973283 79
1754149871331 2.1727090095486545 80
1754149885101 2.1616659823361943 81
1754149899415 2.159621600714638 82
1754149915216 2.1588894537312986 83
1754149930274 2.1555485882118703 84
1754149948703 2.1443555733833355 85
1754149967760 2.138943674961225 86
1754149983815 2.1291394470781775 87
1754150002199 2.115006824559953 88
1754150019729 2.1258293743792978 89
1754150038293 2.1066052548245953 90
1754150056907 2.113774362890447 91
1754150074165 2.099568098946347 92
1754150086302 2.104667628497925 93
1754150102298 2.0847117353031845 94
1754150119464 2.0752017897760835 95
1754150136148 2.0871327534825324 96
1754150155255 2.0712988898941025 97
1754150171073 2.0765740128876833 98
1754150190775 2.0665632226904083 99
1754150208681 2.0691909387538594 100
