1753413623325 0.03580328958298721 0
1753413651536 0.09337099185911281 1
1753413680538 0.12892507060973585 2
1753413707399 0.1546768566207011 3
1753413729618 0.17569363681674696 4
1753413765273 0.196045854793155 5
1753413799873 0.2190563216481143 6
1753413825377 0.23043694965941186 7
1753413847702 0.2423990696128925 8
1753413871029 0.25161987041036715 9
1753413893533 0.2588469845489284 10
1753413916903 0.2675693636816747 11
1753413948686 0.26715401229440106 12
1753413972856 0.27645788336933047 13
1753413997408 0.2802791161322479 14
1753414020933 0.29041368998172457 15
1753414045039 0.28908456554244893 16
1753414068375 0.2911613224788171 17
1753414092564 0.29514869579664393 18
1753414118455 0.300299052998837 19
1753414140344 0.2987207177271972 20
1753414165149 0.3005482638312012 21
1753414188429 0.3015451071606579 22
1753414210551 0.30603090214321316 23
1753414233312 0.3045356371490281 24
1753414256709 0.30669546436285094 25
1753414271366 0.30661239408539626 26
1753414285869 0.3055324804784848 27
1753414311278 0.30943678351885695 28
1753414341153 0.315500913773052 29
1753414371162 0.3135072271141386 30
1753414395629 0.31383950822395745 31
1753414416290 0.31458714072105 32
1753414439534 0.3096029240737664 33
1753414467052 0.31400564877886694 34
1753414496747 0.3179099518192391 35
1753414510993 0.31683003821232764 36
1753414525665 0.320069779033062 37
1753414559953 0.3214819737497923 38
1753414582297 0.31741153015451073 39
1753414603311 0.3242232929057983 40
1753414617260 0.32522013623525503 41
1753414631832 0.3204851304203356 42
1753414654144 0.31965442764578833 43
1753414668480 0.3244725037381625 44
1753414692161 0.32222960624688485 45
1753414721844 0.3220634656919754 46
1753414735495 0.32397408207343414 47
1753414764612 0.3235587306861605 48
1753414794000 0.32522013623525503 49
1753414823947 0.3250539956803456 50
1753414842242 0.32563548762252864 51
1753414862034 0.327047682339259 52
1753414881529 0.32995514205017445 53
1753414902444 0.33095198537963116 54
1753414923138 0.3295397906629008 55
1753414943055 0.32696461206180427 56
1753414963199 0.32995514205017445 57
1753414979668 0.33178268815417844 58
1753415001735 0.3282106662236252 59
1753415020235 0.3319488287090879 60
1753415038973 0.3286260176108988 61
1753415060559 0.3312842664894501 62
1753415077673 0.32937365010799136 63
1753415095650 0.33053663399235755 64
1753415115520 0.3324472503738162 65
1753415137016 0.3326133909287257 66
1753415158883 0.335271639807277 67
1753415178328 0.33020435288253863 68
1753415199752 0.3300382123276292 69
1753415221458 0.3330287423159993 70
1753415240843 0.33402558564545604 71
1753415261864 0.3362684831367337 72
1753415285524 0.33277953148363515 73
1753415306647 0.3362684831367337 74
1753415327591 0.33394251536800135 75
1753415338753 0.3366007642465526 76
1753415349244 0.3372653264661904 77
1753415359094 0.3375145372985546 78
1753415370328 0.3410034889516531 79
1753415380541 0.33651769396909786 80
1753415389498 0.3364346236916431 81
1753415398935 0.33651769396909786 82
1753415409220 0.34075427811928893 83
1753415418622 0.3384283103505566 84
1753415429464 0.338594450905466 85
1753415438554 0.33876059146037546 86
1753415449326 0.33834524007310185 87
1753415459792 0.3412526997840173 88
1753415470619 0.34116962950656254 89
1753415480755 0.34050506728692476 90
1753415491065 0.3425818242232929 91
1753415501352 0.33992357534474166 92
1753415512534 0.3390928725701944 93
1753415523990 0.342249543113474 94
1753415535114 0.3450739325469347 95
1753415545760 0.34033892673201527 96
1753415556528 0.343163316165476 97
1753415566593 0.343163316165476 98
1753415576218 0.34208340255856456 99
1753415586674 0.3410865592291078 100
