1753413623326 4.452310733751264 0
1753413651537 4.144453199494955 1
1753413680539 3.8498799102429593 2
1753413707400 3.624452863634568 3
1753413729619 3.4464609402197377 4
1753413765274 3.28442912678959 5
1753413799874 3.177753399320915 6
1753413825378 3.0731347146132024 7
1753413847703 3.0050721331030834 8
1753413871030 2.9509207667429393 9
1753413893534 2.898274840233989 10
1753413916904 2.8527693971726507 11
1753413948687 2.8334766197376706 12
1753413972857 2.783866994723687 13
1753413997409 2.7633725075099127 14
1753414020934 2.730142470152215 15
1753414045040 2.7249876644402327 16
1753414068376 2.717044372392963 17
1753414092565 2.70131987761406 18
1753414118456 2.6593084391202604 19
1753414140345 2.6856386745467447 20
1753414165150 2.6443917000922332 21
1753414188430 2.6586665562267306 22
1753414210552 2.6389879060261765 23
1753414233313 2.6307922274335755 24
1753414256710 2.596734028997893 25
1753414271367 2.574347495028703 26
1753414285870 2.580350645337052 27
1753414311279 2.5460472118938084 28
1753414341154 2.523571060888187 29
1753414371163 2.525776795215077 30
1753414395630 2.5183809919071938 31
1753414416291 2.508407614051011 32
1753414439535 2.508951750353406 33
1753414467053 2.497931145695955 34
1753414496748 2.4711920749283056 35
1753414510994 2.4759496381265844 36
1753414525666 2.446095011627906 37
1753414559954 2.4421086400048857 38
1753414582298 2.44468486987851 39
1753414603312 2.4178972330102613 40
1753414617262 2.4092084173378923 41
1753414631833 2.435230279185827 42
1753414654145 2.4163246387485233 43
1753414668481 2.401882897553446 44
1753414692162 2.4020166177490463 45
1753414721845 2.402623325885652 46
1753414735496 2.384847563557556 47
1753414764613 2.3700838300580136 48
1753414794001 2.349131869687324 49
1753414823948 2.3605429066583237 50
1753414842243 2.3297037873919924 51
1753414862035 2.328239777631517 52
1753414881530 2.31797530824955 53
1753414902445 2.3122097959258263 54
1753414923139 2.2974655214548236 55
1753414943056 2.288223882862329 56
1753414963200 2.282909010523132 57
1753414979669 2.2852822028429447 58
1753415001736 2.289228970871283 59
1753415020236 2.2623215463432613 60
1753415038974 2.2612753728863386 61
1753415060560 2.258151184698108 62
1753415077674 2.2617707069566446 63
1753415095651 2.240676742460993 64
1753415115521 2.2309554342097084 65
1753415137017 2.231791198727575 66
1753415158884 2.2159416592596317 67
1753415178329 2.2223751265419205 68
1753415199753 2.22005365463724 69
1753415221459 2.2076960157639665 70
1753415240844 2.2018339600640875 71
1753415261865 2.1910049359957826 72
1753415285525 2.191884301885024 73
1753415306648 2.186992592864841 74
1753415327592 2.181895370911444 75
1753415338754 2.140306179410345 76
1753415349245 2.124934434380946 77
1753415359095 2.1134510899415124 78
1753415370329 2.10459000541653 79
1753415380542 2.1202842149712797 80
1753415389499 2.1071779636046855 81
1753415398936 2.1068371241780897 82
1753415409221 2.1047420057418034 83
1753415418623 2.1009318624880553 84
1753415429465 2.087139153257901 85
1753415438555 2.088542307226397 86
1753415449327 2.079384838934223 87
1753415459793 2.0675449757399256 88
1753415470620 2.0734847761467674 89
1753415480756 2.0639208277746284 90
1753415491066 2.06728185041975 91
1753415501353 2.056865097888221 92
1753415512535 2.060953459980523 93
1753415523991 2.049764133732572 94
1753415535115 2.042670904888496 95
1753415545761 2.050781766629713 96
1753415556529 2.039273510906681 97
1753415566594 2.039646147836649 98
1753415576219 2.032284645449045 99
1753415586675 2.0336719571571265 100
