1752090850850 0.19870929566005288 0
1752090940136 0.19332827899924185 1
1752091031278 0.2682926829268293 2
1752091126270 0.2999315815751031 3
1752091218119 0.3051276835740306 4
1752091299308 0.3448103700142384 5
1752091385254 0.3064775606057804 6
1752091469499 0.34830525712383736 7
1752091559310 0.3535198505889532 8
1752091647653 0.38127554133767266 9
1752091732334 0.39741859132010576 10
1752091813423 0.38883855100870945 11
1752091911655 0.3807577802843988 12
1752092005742 0.41766674679635346 13
1752092104466 0.4261728212429964 14
1752092195626 0.40849497956692987 15
1752092282978 0.44170565284121377 16
1752092377749 0.41224874720316573 17
1752092465864 0.42289983172765766 18
1752092570945 0.43652804230847464 19
1752092666395 0.4454409290112613 20
1752092763640 0.4188686920985965 21
1752092852245 0.4483810721352096 22
1752092942016 0.45718301004086614 23
1752093028282 0.435085707945783 24
1752093122553 0.44126185765269327 25
1752093214588 0.4420939736311692 26
1752093312762 0.44727158416390833 27
1752093403613 0.44625455352354887 28
1752093494635 0.45109931766489764 29
1752093578605 0.45372510586364395 30
1752093674200 0.45834797241073244 31
1752093767291 0.46302631335638605 32
1752093864219 0.4745095138593539 33
1752093949759 0.4675567225725328 34
1752094035930 0.45625843673144845 35
1752094120689 0.4741581760017752 36
1752094209944 0.4689065996042826 37
1752094302595 0.4689620740028477 38
1752094392105 0.46308178775495107 39
1752094480003 0.4765990495386379 40
1752094569500 0.45106233473252094 41
1752094654756 0.4650049002385399 42
1752094750067 0.4713659646073337 43
1752094849620 0.46768616283585124 44
1752094948990 0.4809075611605244 45
1752095044865 0.4577192625603284 46
1752095125384 0.4686292276114573 47
1752095218652 0.4708482035540598 48
1752095307498 0.46531925516374195 49
1752095399600 0.47767155457756244 50
1752095455053 0.4855119362414246 51
1752095506753 0.4691284971985429 52
1752095566874 0.4714029475397104 53
1752095622728 0.472216572051998 54
1752095680141 0.4958856487730912 55
1752095735530 0.4794652267978328 56
1752095794174 0.47168031953253575 57
1752095851643 0.4863070692875238 58
1752095904421 0.4789104828121822 59
1752095965625 0.46968324118419347 60
1752096022892 0.4869912535364929 61
1752096079755 0.4668170639249986 62
1752096134782 0.4809075611605244 63
1752096189185 0.4579781430869654 64
1752096246531 0.4738253296103848 65
1752096305125 0.47780099484088095 66
1752096361600 0.4794652267978328 67
1752096418544 0.4881747073725476 68
1752096472291 0.48813772444017084 69
1752096523038 0.48262726751604135 70
1752096581623 0.4803898001072505 71
1752096641702 0.47746814844949054 72
1752096694940 0.47598883115442225 73
1752096747826 0.4896910075999926 74
1752096808512 0.47859612788698014 75
1752096867405 0.47807836683370625 76
1752096921336 0.4693319033266148 77
1752096976167 0.4884335878991845 78
1752097034394 0.4892472124114721 79
1752097091865 0.47624771168105917 80
1752097148390 0.4915031712864513 81
1752097202136 0.47497180051406274 82
1752097259787 0.48802677564304076 83
1752097312149 0.4903751918489617 84
1752097366801 0.47585939089110374 85
1752097425686 0.4782632814955898 86
1752097488479 0.4880452671092291 87
1752097546886 0.47169881099872407 88
1752097603406 0.4735109746851828 89
1752097657934 0.48632556075371214 90
1752097711090 0.4936851642966771 91
1752097767720 0.4929455056491429 92
1752097825012 0.4855489191738013 93
1752097881194 0.4982155735128238 94
1752097938013 0.4761367628839291 95
1752097993024 0.49466521200465985 96
1752098046757 0.4890992806819653 97
1752098103540 0.4830895541707502 98
1752098163032 0.48959855026905086 99
1752098222604 0.49420292534995097 100
1752098263909 0.4952199559903105 101
1752098303861 0.4889328574862701 102
1752098348390 0.4925202019268108 103
1752098390775 0.48878492575676324 104
1752098429809 0.4795391926625862 105
1752098470738 0.48621461195658205 106
1752098510747 0.4866768986112909 107
1752098552683 0.48669539007747925 108
1752098593371 0.497494406331478 109
1752098633807 0.49599659757022135 110
1752098674606 0.48874794282438655 111
1752098716890 0.5008228702453817 112
1752098758568 0.48919173801290705 113
1752098797921 0.4787810425488637 114
1752098840288 0.49377762162761885 115
1752098880482 0.4807596294310176 116
1752098922972 0.4979382015199985 117
1752098962384 0.4776530631113741 118
1752099002528 0.49534939625362895 119
1752099045433 0.49083747850367054 120
1752099087014 0.48778638658259216 121
1752099129512 0.4920209323397252 122
1752099173516 0.4945357717413414 123
1752099215331 0.48602969729469847 124
1752099256790 0.4967362562177555 125
1752099300056 0.47554503596590175 126
1752099339442 0.4943508570794578 127
1752099379912 0.49398102775569075 128
1752099419883 0.4948131437341667 129
1752099461192 0.4987148430999094 130
1752099500917 0.4969766452782041 131
1752099544655 0.49845596257327246 132
1752099586912 0.5009338190425119 133
1752099627101 0.4956452597126426 134
1752099666287 0.4940919765528209 135
1752099708603 0.4940919765528209 136
1752099748727 0.49514599012555705 137
1752099790906 0.48671388154366757 138
1752099831401 0.4808705782281477 139
1752099873516 0.49558978531407755 140
1752099912094 0.4936111984319237 141
1752099953333 0.4914661883540746 142
1752099993935 0.48895134895245845 143
1752100035445 0.49982433107121066 144
1752100075887 0.4899868710590063 145
1752100119016 0.4923537787311156 146
1752100160845 0.4876014719207086 147
1752100202124 0.4995469590783853 148
1752100245548 0.49168808594833485 149
1752100287628 0.5020433070138132 150
1752100315160 0.49740194900053625 151
1752100341727 0.4992880785517484 152
1752100368897 0.49477616080179 153
1752100396530 0.49651435862349524 154
1752100422739 0.4837737384197193 155
1752100450726 0.5042992658887924 156
1752100477985 0.5092179958948945 157
1752100504403 0.5057785831838606 158
1752100531016 0.49938053588269016 159
1752100558869 0.500212651861166 160
1752100585528 0.4937961130938072 161
1752100612059 0.5024316278037686 162
1752100638537 0.4969766452782041 163
1752100664649 0.4984374711070841 164
1752100691718 0.5097357569481684 165
1752100719170 0.49381460455999554 166
1752100745771 0.516189278647904 167
1752100772461 0.5087002348416206 168
1752100800450 0.509347436158213 169
1752100828240 0.5028939144584774 170
1752100855686 0.5160043639860205 171
1752100882249 0.4959411231716563 172
1752100909592 0.5054457367924703 173
1752100938281 0.5082934225854768 174
1752100966289 0.5083304055178535 175
1752100992620 0.499528467612197 176
1752101019394 0.4979382015199985 177
1752101046774 0.5073503578098707 178
1752101074503 0.48673237300985595 179
1752101102554 0.49849294550564915 180
1752101130775 0.5038739621664602 181
1752101158858 0.48858151962869134 182
1752101185934 0.5010262763734536 183
1752101212406 0.5060189722443093 184
1752101237952 0.5160598383845855 185
1752101264860 0.5127683574030585 186
1752101292119 0.5120841731540894 187
1752101318568 0.5052608221305868 188
1752101345420 0.4965328500896836 189
1752101371390 0.5062593613047579 190
1752101399244 0.5140997429686199 191
1752101428692 0.5187226095157085 192
1752101457049 0.4994360102812552 193
1752101485025 0.5164851421069176 194
1752101513142 0.5168549714306847 195
1752101540800 0.5023946448713918 196
1752101568657 0.5011742081029605 197
1752101595566 0.5048725013406313 198
1752101623438 0.5023206790066385 199
1752101651962 0.512324562214538 200
