1752090850851 2.248800805398518 0
1752090940137 2.1547492679306712 1
1752091031279 2.027405870747164 2
1752091126271 1.9834645410571812 3
1752091218120 1.9570318712587886 4
1752091299308 1.9159655428754032 5
1752091385255 1.968225476143112 6
1752091469500 1.9867258786436106 7
1752091559310 1.9501851002176704 8
1752091647654 1.960341588807075 9
1752091732335 1.9343319701605897 10
1752091813424 1.9558749024042619 11
1752091911656 1.9698465315873672 12
1752092005743 1.9429008567243444 13
1752092104467 1.9620942777149748 14
1752092195626 2.0160729514459956 15
1752092282979 1.95736599219895 16
1752092377750 2.0118282555918676 17
1752092465865 2.000761262981398 18
1752092570946 2.008237539060051 19
1752092666396 2.0052972908755358 20
1752092763641 2.078802412116989 21
1752092852246 2.0341129879074544 22
1752092942016 2.0474906985031325 23
1752093028283 2.0828102342851946 24
1752093122554 2.1435682786111054 25
1752093214588 2.0869394335266267 26
1752093312762 2.087779183666868 27
1752093403613 2.0864743587140686 28
1752093494636 2.078735175545434 29
1752093578606 2.103891162545266 30
1752093674201 2.1039118857094947 31
1752093767292 2.1177680989027987 32
1752093864220 2.1036129775377206 33
1752093949760 2.117450468021536 34
1752094035930 2.1449572211075605 35
1752094120690 2.135002671868713 36
1752094209945 2.143784213766998 37
1752094302596 2.203229358722063 38
1752094392106 2.1495042172919576 39
1752094480004 2.19284203264487 40
1752094569501 2.191974103488182 41
1752094654757 2.16771273017515 42
1752094750068 2.1848752915864074 43
1752094849621 2.1740239019639507 44
1752094948991 2.1645457270588926 45
1752095044866 2.2247138397365407 46
1752095125385 2.167310018997263 47
1752095218653 2.1516647862281646 48
1752095307499 2.2168286147421195 49
1752095399601 2.183166219556336 50
1752095455054 2.102532592951423 51
1752095506753 2.105031315511429 52
1752095566875 2.107649196944963 53
1752095622729 2.0942544765975826 54
1752095680142 2.0876925726614317 55
1752095735531 2.135237050386332 56
1752095794174 2.1415262113745563 57
1752095851643 2.135949548612531 58
1752095904422 2.0788952092261312 59
1752095965626 2.1303368989721285 60
1752096022893 2.082412493617322 61
1752096079756 2.1083933857181827 62
1752096134783 2.07069920637498 63
1752096189186 2.1020626219924754 64
1752096246532 2.0870072312611847 65
1752096305126 2.0883639730725414 66
1752096361601 2.0887542201018965 67
1752096418545 2.091652426130754 68
1752096472292 2.067548044096902 69
1752096523039 2.057653273086361 70
1752096581624 2.091177620466816 71
1752096641703 2.0921972625836975 72
1752096694940 2.138297557890731 73
1752096747827 2.077929255405949 74
1752096808513 2.0988233426498253 75
1752096867406 2.099877789669578 76
1752096921337 2.152974797583769 77
1752096976168 2.091589440555828 78
1752097034394 2.0784303231130092 79
1752097091866 2.1177864837543825 80
1752097148391 2.093268751973047 81
1752097202137 2.109950598345065 82
1752097259788 2.1267037422727753 83
1752097312150 2.120019446946045 84
1752097366802 2.1262323455475047 85
1752097425687 2.1325836047093065 86
1752097488479 2.1310078552658047 87
1752097546886 2.1381127352875957 88
1752097603407 2.1517176685300528 89
1752097657935 2.104000331320391 90
1752097711091 2.1253193897797353 91
1752097767721 2.1140212228280206 92
1752097825013 2.1201489268898697 93
1752097881195 2.1218770913920704 94
1752097938013 2.1251658075509234 95
1752097993024 2.1181563676343274 96
1752098046758 2.1281906416764635 97
1752098103541 2.147957980051241 98
1752098163033 2.110936799959851 99
1752098222605 2.1109428450885686 100
1752098263910 2.0305798072957586 101
1752098303862 2.0213917820574094 102
1752098348391 1.9958308665876325 103
1752098390776 1.9572373405930183 104
1752098429810 2.0157701378500055 105
1752098470739 1.9865339551029038 106
1752098510748 1.9857390312545746 107
1752098552684 1.9701204777954013 108
1752098593372 1.9787417330382249 109
1752098633808 1.993730205811332 110
1752098674607 1.97830214749281 111
1752098716891 2.0045573497711047 112
1752098758569 1.9909254105557381 113
1752098797922 1.9838038233748418 114
1752098840289 2.0013512677159038 115
1752098880483 2.019019363279952 116
1752098922972 1.992888946998311 117
1752098962385 1.9718601294438558 118
1752099002529 1.960544994773822 119
1752099045433 2.0180920433033283 120
1752099087015 1.9938403564241136 121
1752099129513 1.9993972499094124 122
1752099173517 2.017502001291674 123
1752099215332 1.9805922793686586 124
1752099256791 1.962849956975797 125
1752099300057 1.9975078773022081 126
1752099339443 1.977042352410699 127
1752099379913 1.9932245149710406 128
1752099419884 1.9752141672275005 129
1752099461193 1.9960681354948004 130
1752099500918 1.9880121215113917 131
1752099544656 1.991620790833853 132
1752099586913 2.0035039303260342 133
1752099627101 1.9916876081179322 134
1752099666288 2.017280202857202 135
1752099708604 1.969959000291521 136
1752099748728 2.0277356327301863 137
1752099790906 1.9982040113320545 138
1752099831402 2.014023839768273 139
1752099873517 1.9745213132794805 140
1752099912095 2.018075240341519 141
1752099953334 2.0250936660987136 142
1752099993936 2.0066866909511076 143
1752100035446 1.9851587571722904 144
1752100075888 1.998764558253949 145
1752100119017 1.9933486439394688 146
1752100160846 2.0365661635254044 147
1752100202125 2.006926475333057 148
1752100245549 2.008024823088719 149
1752100287628 1.990168731729789 150
1752100315161 1.809210599611427 151
1752100341727 1.7441778010232174 152
1752100368898 1.776899665540415 153
1752100396531 1.7470913776130081 154
1752100422739 1.7492294835169957 155
1752100450727 1.7179530349378112 156
1752100477986 1.728649761866345 157
1752100504404 1.734283900988007 158
1752100531017 1.7284376326984598 159
1752100558870 1.7160081244739471 160
1752100585529 1.7406549005380878 161
1752100612060 1.736487253619592 162
1752100638538 1.7426584849153917 163
1752100664650 1.7234462925359066 164
1752100691718 1.7243690093099742 165
1752100719171 1.7284107335872283 166
1752100745772 1.7013218306414746 167
1752100772462 1.7302160779181608 168
1752100800451 1.7212759122064736 169
1752100828241 1.7131321779387105 170
1752100855687 1.7233620573904251 171
1752100882250 1.7154476962314091 172
1752100909593 1.7198240473055284 173
1752100938282 1.7040956572836332 174
1752100966290 1.7090809113217844 175
1752100992621 1.7126248428244497 176
1752101019395 1.7143415567824867 177
1752101046774 1.7073747945041882 178
1752101074504 1.745482529899168 179
1752101102555 1.735255590300704 180
1752101130776 1.7177991284977348 181
1752101158858 1.7482862625567048 182
1752101185935 1.7159087676209424 183
1752101212407 1.7132791621330576 184
1752101237953 1.7148098321183445 185
1752101264861 1.7064130855199044 186
1752101292119 1.7326135591187186 187
1752101318569 1.7234522835743997 188
1752101345421 1.7051600742002593 189
1752101371391 1.7061681388329 190
1752101399245 1.7002905574125213 191
1752101428693 1.7276359489931843 192
1752101457050 1.7118381490167793 193
1752101485026 1.71489671404838 194
1752101513143 1.7254650990385307 195
1752101540801 1.7137702784372126 196
1752101568658 1.7180031243013618 197
1752101595567 1.7207914893735563 198
1752101623439 1.711144476378071 199
1752101651963 1.709997357112123 200
