1750913640017 0.014038876889848811 0
1750913696699 0.05457717228775544 1
1750913753141 0.09685994351221133 2
1750913811401 0.13806280112975577 3
1750913869391 0.1658082737996345 4
1750913926301 0.18674198371822562 5
1750913982183 0.20435288253862768 6
1750914039084 0.21548429971756106 7
1750914097587 0.22470510051503573 8
1750914155418 0.23342747964778202 9
1750914213845 0.2443096859943512 10
1750914271352 0.24896162153181592 11
1750914330129 0.2586808439940189 12
1750914388892 0.265658747300216 13
1750914447121 0.2718890181093205 14
1750914504165 0.27811928891842497 15
1750914561076 0.2762086725369663 16
1750914616247 0.27928227280279116 17
1750914674157 0.2868416680511713 18
1750914730932 0.28542947333444096 19
1750914786941 0.28667552749626185 20
1750914845145 0.2885861438777205 21
1750914904445 0.28925070609735837 22
1750914961989 0.29664396079082905 23
1750915021508 0.297557733842831 24
1750915079501 0.30702774547266987 25
1750915138610 0.3033726532646619 26
1750915196738 0.3005482638312012 27
1750915254303 0.3037049343744808 28
1750915311333 0.30910450240903803 29
1750915371182 0.30877222129921916 30
1750915429252 0.30843994018940024 31
1750915487643 0.3101013457384948 32
1750915544568 0.31159661073267986 33
1750915599992 0.3102674862934042 34
1750915657402 0.3149194218308689 35
1750915713612 0.317328459877056 36
1750915768639 0.31824223292905796 37
1750915825815 0.3192390762585147 38
1750915883834 0.3223126765243396 39
1750915941020 0.3238910117959794 40
1750915998998 0.3263000498421665 41
1750916058237 0.3250539956803456 42
1750916115859 0.3268815417843496 43
1750916173610 0.3304535637149028 44
1750916231600 0.3286260176108988 45
1750916289909 0.32754610400398737 46
1750916344977 0.3263831201196212 47
1750916400893 0.3319488287090879 48
1750916457164 0.33402558564545604 49
1750916515549 0.3319488287090879 50
1750916575308 0.3356869911945506 51
1750916632179 0.33311181259345407 52
1750916689345 0.3347732181425486 53
1750916747338 0.3362684831367337 54
1750916805215 0.33535471008473167 55
1750916863058 0.3354377803621864 56
1750916921325 0.3362684831367337 57
1750916979882 0.338594450905466 58
1750917038712 0.34033892673201527 59
1750917097212 0.3412526997840173 60
1750917153858 0.33867752118292077 61
1750917211233 0.3397574347898322 62
1750917268972 0.33959129423492274 63
1750917326353 0.34017278617710583 64
1750917383763 0.3425818242232929 65
1750917441264 0.3442432297723874 66
1750917498590 0.3446585811596611 67
1750917558104 0.3418341917262004 68
1750917615578 0.34515700282438944 69
1750917673128 0.3472337597607576 70
1750917728704 0.34490779199202526 71
1750917783037 0.3482306030902143 72
1750917841231 0.3441601594949327 73
1750917898841 0.34573849476657253 74
1750917956068 0.3460707758763914 75
1750918015350 0.34615384615384615 76
1750918072583 0.3454062136567536 77
1750918130592 0.3483967436451238 78
1750918188726 0.34914437614221633 79
1750918246517 0.34931051669712576 80
1750918305393 0.34773218142548595 81
1750918361875 0.349227446419671 82
1750918419723 0.3482306030902143 83
1750918477094 0.349227446419671 84
1750918535961 0.35030736002658247 85
1750918593908 0.35088885196876557 86
1750918652693 0.35030736002658247 87
1750918712244 0.3546270144542283 88
1750918767930 0.35055657085894665 89
1750918824514 0.3533809602924074 90
1750918882212 0.3534640305698621 91
1750918937962 0.3522179764080412 92
1750918996603 0.3518856952982223 93
1750919053081 0.35387938195713575 94
1750919109149 0.3567868416680512 95
1750919167304 0.3532148197374979 96
1750919225722 0.3576175444425984 97
1750919281376 0.35471008473168303 98
1750919339644 0.3526333277953148 99
1750919397725 0.3509719222462203 100
1750919455381 0.3567868416680512 101
1750919513033 0.35529157667386607 102
1750919571347 0.35703605250041537 103
1750919628354 0.3516364844658581 104
1750919686379 0.35271639807276955 105
1750919742633 0.35354710084731683 106
1750919800368 0.3552085063964114 107
1750919858165 0.3530486791825885 108
1750919913695 0.357451403887689 109
1750919971824 0.35927894999169296 110
1750920028438 0.3569529822229606 111
1750920086545 0.3619371988702442 112
1750920144673 0.35944509054660245 113
1750920202207 0.35736833361023423 114
1750920259343 0.3602757933211497 115
1750920318365 0.3624356205349726 116
1750920377332 0.35927894999169296 117
1750920436180 0.353796311679681 118
1750920493552 0.3599435122113308 119
1750920551685 0.35894666888187404 120
1750920609605 0.3591958797142382 121
1750920666220 0.3616049177604253 122
1750920722611 0.3615218474829706 123
1750920781145 0.36085728526333277 124
1750920839432 0.36077421498587803 125
1750920874370 0.36110649609569695 126
1750920908551 0.36351553414188403 127
1750920941525 0.3562053497258681 128
1750920975271 0.3557899983385944 129
1750921009641 0.3615218474829706 130
1750921044187 0.36168798803788005 131
1750921078685 0.36368167469679347 132
1750921112429 0.3616049177604253 133
1750921145834 0.36127263665060644 134
1750921178681 0.3596112311015119 135
1750921213095 0.3625186908124273 136
1750921247810 0.3661737830204353 137
1750921282122 0.3634324638644293 138
1750921316378 0.36467851802625023 139
1750921350593 0.36700448579498257 140
1750921384420 0.36542615052334276 141
1750921417333 0.36484465858115966 142
1750921451834 0.36700448579498257 143
1750921486521 0.3637647449742482 144
1750921521078 0.36924738328626017 145
1750921554733 0.3691643130088054 146
1750921589523 0.3634324638644293 147
1750921623656 0.3643462369164313 148
1750921656662 0.3651769396909786 149
1750921690691 0.36700448579498257 150
1750921723818 0.36268483136733676 151
1750921758512 0.36368167469679347 152
1750921792332 0.3665060641302542 153
1750921827902 0.3680013291244393 154
1750921862026 0.36625685329789004 155
1750921896468 0.3681674696793487 156
1750921931182 0.36633992357534473 157
1750921966054 0.3652600099684333 158
1750922000427 0.36708755607243726 159
1750922035617 0.3669214155175278 160
1750922068614 0.3650107991360691 161
1750922101186 0.37007808606080744 162
1750922135029 0.3697458049509885 163
1750922169572 0.37257019438444927 164
1750922203788 0.36791825884698454 165
1750922238791 0.368998172453896 166
1750922272082 0.3675859777371656 167
1750922305801 0.36733676690480144 168
1750922339783 0.36625685329789004 169
1750922374362 0.36700448579498257 170
1750922408893 0.3695796643960791 171
1750922440986 0.3650107991360691 172
1750922475051 0.36567536135570694 173
1750922509990 0.3661737830204353 174
1750922543903 0.36384781525170296 175
1750922577005 0.36866589134407707 176
1750922611070 0.37190563216481143 177
1750922646064 0.3714072105000831 178
1750922679305 0.3701611563382622 179
1750922711398 0.3730686160491776 180
1750922744532 0.3719887024422662 181
1750922778889 0.36949659411862434 182
1750922813195 0.36949659411862434 183
1750922847387 0.3729855457717229 184
1750922881048 0.3681674696793487 185
1750922914848 0.3714902807775378 186
1750922949292 0.3721548429971756 187
1750922981893 0.3709087888353547 188
1750923014926 0.3693304535637149 189
1750923048387 0.36941352384116966 190
1750923081909 0.3691643130088054 191
1750923116071 0.36982887522844327 192
1750923150357 0.3724040538295398 193
1750923185501 0.3721548429971756 194
1750923219441 0.369911945505898 195
1750923253722 0.36625685329789004 196
1750923288669 0.37124106994517364 197
1750923322419 0.3709087888353547 198
1750923356705 0.37049343744808105 199
1750923391000 0.36908124273135073 200
1750923425668 0.3711579996677189 201
1750923460709 0.36733676690480144 202
1750923495634 0.36849975078916763 203
1750923530688 0.3718225618873567 204
1750923565378 0.3693304535637149 205
1750923599943 0.37257019438444927 206
1750923634852 0.3743146702109985 207
1750923669397 0.37423159993354377 208
1750923703149 0.37564379465027414 209
1750923737235 0.37630835686991193 210
1750923772113 0.3731516863266323 211
1750923806354 0.37165642133244725 212
1750923839785 0.36849975078916763 213
1750923874204 0.37124106994517364 214
1750923909388 0.3701611563382622 215
1750923943374 0.36941352384116966 216
1750923978206 0.368998172453896 217
1750924012636 0.36941352384116966 218
1750924046920 0.3730686160491776 219
1750924080260 0.3747300215982721 220
1750924114642 0.3745638810433627 221
1750924149158 0.3752284432630005 222
1750924183974 0.37622528659245724 223
1750924219005 0.37564379465027414 224
1750924253177 0.3753115135404552 225
1750924287707 0.37232098355208504 226
1750924322258 0.3739823891011796 227
1750924356516 0.37290247549426814 228
1750924389968 0.37290247549426814 229
1750924424949 0.3731516863266323 230
1750924459793 0.37049343744808105 231
1750924492879 0.37381624854627016 232
1750924526783 0.3731516863266323 233
1750924560874 0.37506230270809104 234
1750924594557 0.37506230270809104 235
1750924628161 0.3747300215982721 236
1750924662785 0.37223791327463035 237
1750924697237 0.37722212992191395 238
1750924732030 0.3761422163150025 239
1750924766791 0.37257019438444927 240
1750924800555 0.37348396743645124 241
1750924834803 0.37132414022262833 242
1750924867855 0.3705765077255358 243
1750924902360 0.3724871241069945 244
1750924935201 0.37365010799136067 245
1750924969863 0.37539458381790997 246
1750925004496 0.3739823891011796 247
1750925037638 0.3767237082571856 248
1750925070902 0.37572686492772883 249
1750925105439 0.3715733510549925 250
1750925129352 0.373567037713906 251
1750925155019 0.3748961621531816 252
1750925179675 0.3745638810433627 253
1750925204602 0.37439774048845326 254
1750925229754 0.3734008971589965 255
1750925254307 0.3708257185579 256
1750925279322 0.3773882704768234 257
1750925304108 0.3751453729855458 258
1750925328677 0.3765575677022761 259
1750925352927 0.3773882704768234 260
1750925377135 0.37846818408373484 261
1750925401675 0.371739491609902 262
1750925426185 0.3730686160491776 263
1750925450664 0.37722212992191395 264
1750925475552 0.3752284432630005 265
1750925500270 0.3761422163150025 266
1750925525484 0.3769729190895498 267
1750925550451 0.38071108157501243 268
1750925575712 0.37979730852301047 269
1750925600805 0.37979730852301047 270
1750925625449 0.3739823891011796 271
1750925650055 0.37605914603754775 272
1750925674226 0.3761422163150025 273
1750925699972 0.37348396743645124 274
1750925724980 0.3765575677022761 275
1750925749390 0.37688984881209503 276
1750925774885 0.37539458381790997 277
1750925799507 0.37788669214155174 278
1750925823490 0.37630835686991193 279
1750925847922 0.3748961621531816 280
1750925872892 0.3745638810433627 281
1750925897773 0.37572686492772883 282
1750925923391 0.3767237082571856 283
1750925948611 0.37788669214155174 284
1750925972909 0.3771390596444592 285
1750925997505 0.3783851138062801 286
1750926022126 0.37963116796810104 287
1750926047667 0.37921581658082737 288
1750926072470 0.37863432463864427 289
1750926096710 0.3783020435288254 290
1750926120557 0.37921581658082737 291
1750926145314 0.37763748130918756 292
1750926170627 0.37564379465027414 293
1750926194673 0.37664063797973085 294
1750926219350 0.37979730852301047 295
1750926244548 0.38104336268483135 296
1750926269521 0.37963116796810104 297
1750926294000 0.38245555740156173 298
1750926318286 0.37705598936700446 299
1750926343008 0.3829539790662901 300
1750926367154 0.3755607243728194 301
1750926390728 0.3798803788004652 302
1750926414724 0.3801295896328294 303
1750926439514 0.380544941020103 304
1750926464424 0.37946502741319155 305
1750926489653 0.3763914271473667 306
1750926514714 0.38129257351719553 307
1750926538542 0.37821897325137066 308
1750926562840 0.3791327463033727 309
1750926587496 0.37705598936700446 310
1750926611555 0.37963116796810104 311
1750926636074 0.3783851138062801 312
1750926660876 0.3802957301877388 313
1750926685991 0.38120950323974084 314
1750926711370 0.37688984881209503 315
1750926736477 0.37688984881209503 316
1750926760491 0.3783851138062801 317
1750926785591 0.3779697624190065 318
1750926809871 0.3780528326964612 319
1750926834125 0.3807941518524672 320
1750926858598 0.378717394916099 321
1750926883377 0.37880046519355376 322
1750926908424 0.3771390596444592 323
1750926932593 0.38129257351719553 324
1750926957918 0.38228941684665224 325
1750926982882 0.37938195713573686 326
1750927007017 0.3758099352051836 327
1750927030962 0.38037880046519357 328
1750927056283 0.38187406545937863 329
1750927081424 0.38104336268483135 330
1750927106284 0.3799634490779199 331
1750927131402 0.3808772221299219 332
1750927155748 0.37863432463864427 333
1750927180054 0.3777205515866423 334
1750927204371 0.37921581658082737 335
1750927229478 0.38096029240737667 336
1750927254310 0.3777205515866423 337
1750927279117 0.37780362186409705 338
1750927303270 0.37788669214155174 339
1750927328171 0.3785512543611896 340
1750927352932 0.3748961621531816 341
1750927377137 0.38129257351719553 342
1750927401462 0.3785512543611896 343
1750927427060 0.37888353547100845 344
1750927452130 0.37921581658082737 345
1750927476466 0.38303704934374483 346
1750927501246 0.380544941020103 347
1750927526021 0.3801295896328294 348
1750927551235 0.3789666057484632 349
1750927576169 0.38104336268483135 350
1750927601119 0.3813756437946503 351
1750927625848 0.3791327463033727 352
1750927651136 0.3783851138062801 353
1750927675545 0.3783851138062801 354
1750927700654 0.37846818408373484 355
1750927725694 0.37722212992191395 356
1750927751138 0.3799634490779199 357
1750927774741 0.37880046519355376 358
1750927799068 0.3799634490779199 359
1750927822863 0.3798803788004652 360
1750927847012 0.3815417843495597 361
1750927871757 0.3789666057484632 362
1750927896849 0.3792988868582821 363
1750927922230 0.3783020435288254 364
1750927946935 0.38162485462701445 365
1750927972019 0.3837016115633826 366
1750927996756 0.3801295896328294 367
1750928021607 0.3801295896328294 368
1750928046864 0.38320318989865426 369
1750928071765 0.38096029240737667 370
1750928096166 0.38120950323974084 371
1750928120663 0.38071108157501243 372
1750928144971 0.38004651935537465 373
1750928169665 0.38062801129755774 374
1750928194216 0.38204020601428806 375
1750928209586 0.38062801129755774 376
1750928224848 0.3825386276790165 377
1750928240173 0.3842831035055657 378
1750928255689 0.38104336268483135 379
1750928271093 0.382372487124107 380
1750928286502 0.3846984548928393 381
1750928301894 0.3835354710084732 382
1750928317513 0.38478152517029407 383
1750928332648 0.3839508223957468 384
1750928348154 0.3817079249044692 385
1750928363542 0.3852799468350224 386
1750928379252 0.38278783851138065 387
1750928394249 0.3845323143379299 388
1750928409567 0.38303704934374483 389
1750928425030 0.3825386276790165 390
1750928440481 0.38062801129755774 391
1750928455629 0.3825386276790165 392
1750928471057 0.38220634656919755 393
1750928486564 0.38420003322811097 394
1750928501974 0.38361854128592787 395
1750928517377 0.38303704934374483 396
1750928532485 0.3819571357368334 397
1750928547895 0.3831201196211995 398
1750928562818 0.37963116796810104 399
1750928578057 0.38204020601428806 400
1750928593027 0.3837016115633826 401
1750928608192 0.37880046519355376 402
1750928623181 0.3839508223957468 403
1750928638273 0.38303704934374483 404
1750928653590 0.3833693304535637 405
1750928668946 0.38245555740156173 406
1750928683966 0.37938195713573686 407
1750928699112 0.38420003322811097 408
1750928714147 0.38262169795647116 409
1750928729249 0.38444924406047515 410
1750928744696 0.3831201196211995 411
1750928760060 0.3815417843495597 412
1750928775448 0.38220634656919755 413
1750928790999 0.3817909951819239 414
1750928806354 0.3821232762917428 415
1750928821501 0.38627679016447913 416
1750928836679 0.3808772221299219 417
1750928851749 0.3835354710084732 418
1750928866874 0.37979730852301047 419
1750928882123 0.3835354710084732 420
1750928897328 0.3849476657252035 421
1750928912758 0.3829539790662901 422
1750928928012 0.38403389267320154 423
1750928943681 0.3837016115633826 424
1750928959134 0.38220634656919755 425
1750928974603 0.38162485462701445 426
1750928989846 0.38228941684665224 427
1750929004714 0.3827047682339259 428
1750929020131 0.3825386276790165 429
1750929035481 0.38071108157501243 430
1750929050895 0.3811264329622861 431
1750929066214 0.38386775211829205 432
1750929081221 0.3815417843495597 433
1750929096308 0.3839508223957468 434
1750929111281 0.3837016115633826 435
1750929126186 0.3835354710084732 436
1750929141226 0.3851968765575677 437
1750929156274 0.38536301711247717 438
1750929171512 0.38120950323974084 439
1750929186590 0.38162485462701445 440
1750929202108 0.3856952982222961 441
1750929217339 0.38120950323974084 442
1750929232796 0.38278783851138065 443
1750929248045 0.38037880046519357 444
1750929263128 0.38345240073101844 445
1750929278468 0.38187406545937863 446
1750929293543 0.38386775211829205 447
1750929308420 0.382372487124107 448
1750929323623 0.37963116796810104 449
1750929338739 0.38228941684665224 450
1750929353952 0.381458714072105 451
1750929368976 0.38262169795647116 452
1750929383990 0.3808772221299219 453
1750929399153 0.38071108157501243 454
1750929414040 0.38228941684665224 455
1750929429152 0.3815417843495597 456
1750929444343 0.3817079249044692 457
1750929459922 0.3848645954477488 458
1750929474895 0.383286260176109 459
1750929490254 0.38378468184083736 460
1750929505515 0.3848645954477488 461
1750929520881 0.3827047682339259 462
1750929536607 0.38220634656919755 463
1750929552163 0.38378468184083736 464
1750929567443 0.3833693304535637 465
1750929582424 0.38386775211829205 466
1750929597843 0.38320318989865426 467
1750929613231 0.38162485462701445 468
1750929628717 0.3808772221299219 469
1750929643917 0.3835354710084732 470
1750929659551 0.3837016115633826 471
1750929674679 0.38536301711247717 472
1750929690255 0.3856952982222961 473
1750929705548 0.38544608738993186 474
1750929721041 0.3842831035055657 475
1750929736298 0.3815417843495597 476
1750929751795 0.38303704934374483 477
1750929767291 0.37688984881209503 478
1750929782657 0.381458714072105 479
1750929797660 0.3831201196211995 480
1750929813024 0.38129257351719553 481
1750929828417 0.3817079249044692 482
1750929844144 0.38071108157501243 483
1750929859450 0.3821232762917428 484
1750929874808 0.3817079249044692 485
1750929890207 0.381458714072105 486
1750929905629 0.3808772221299219 487
1750929921210 0.38228941684665224 488
1750929936593 0.3831201196211995 489
1750929951856 0.38594450905466027 490
1750929967248 0.3855291576673866 491
1750929982232 0.3825386276790165 492
1750929997574 0.38436617378302046 493
1750930012589 0.38594450905466027 494
1750930027834 0.3841169629506563 495
1750930043346 0.382372487124107 496
1750930058432 0.3835354710084732 497
1750930073577 0.3841169629506563 498
1750930088736 0.3821232762917428 499
1750930104000 0.3798803788004652 500
