1750913640017 4.593374446140913 0
1750913696700 4.411609372455265 1
1750913753141 4.075804400764729 2
1750913811402 3.7693982067454908 3
1750913869392 3.5279693383537154 4
1750913926302 3.3459748159992238 5
1750913982184 3.2225303931013785 6
1750914039085 3.1094243718376178 7
1750914097588 3.046052048265458 8
1750914155419 2.9796712946596142 9
1750914213845 2.9188103131783913 10
1750914271353 2.8957535052760504 11
1750914330130 2.865834262803003 12
1750914388893 2.833678123917385 13
1750914447121 2.8192783317404566 14
1750914504166 2.7808561508722693 15
1750914561076 2.7751120667671296 16
1750914616248 2.785583802209576 17
1750914674158 2.755802472670472 18
1750914730932 2.733584212951171 19
1750914786941 2.75793399398394 20
1750914845146 2.703644236129289 21
1750914904446 2.723141583344324 22
1750914961989 2.7187903943734293 23
1750915021509 2.705561153249312 24
1750915079502 2.640816046891968 25
1750915138611 2.669708214935108 26
1750915196738 2.678193409836758 27
1750915254304 2.66567039387649 28
1750915311334 2.6569199498935427 29
1750915371183 2.651334357980722 30
1750915429252 2.6591198923283135 31
1750915487644 2.652736854251316 32
1750915544569 2.6495741528904 33
1750915599993 2.6559636423935054 34
1750915657403 2.615070659192784 35
1750915713613 2.6460527599095895 36
1750915768639 2.603460817451786 37
1750915825816 2.620030493865799 38
1750915883835 2.6427029215547906 39
1750915941020 2.596453986908519 40
1750915998999 2.6001928891828454 41
1750916058238 2.62958115788381 42
1750916115860 2.6017327999094046 43
1750916173611 2.5887985379318073 44
1750916231601 2.6002382209079014 45
1750916289910 2.605203125126325 46
1750916344978 2.599008417783439 47
1750916400894 2.549579737719717 48
1750916457165 2.5563569742937258 49
1750916515550 2.5410132713932208 50
1750916575309 2.5637917489990962 51
1750916632179 2.579236108137936 52
1750916689346 2.5851518303162164 53
1750916747339 2.5714273780095773 54
1750916805216 2.5463885147000824 55
1750916863058 2.5314985601628415 56
1750916921326 2.5272823354497884 57
1750916979882 2.529568750694701 58
1750917038713 2.5455355492834286 59
1750917097212 2.4967955897470993 60
1750917153859 2.568250921417455 61
1750917211234 2.5147851226759736 62
1750917268973 2.5238960263495085 63
1750917326354 2.533355580151908 64
1750917383764 2.4843315935140526 65
1750917441265 2.5173063401215816 66
1750917498591 2.47424012573515 67
1750917558105 2.5011203749940747 68
1750917615579 2.490994871520806 69
1750917673129 2.478203680277021 70
1750917728705 2.47523235716004 71
1750917783038 2.4562599025275236 72
1750917841232 2.471636873244387 73
1750917898842 2.4879706593722846 74
1750917956069 2.450754746440806 75
1750918015351 2.445495710847958 76
1750918072584 2.486707168317683 77
1750918130593 2.437331597216994 78
1750918188727 2.463401114999521 79
1750918246518 2.4656054017209565 80
1750918305394 2.4442859570135234 81
1750918361876 2.4425181826594597 82
1750918419723 2.4531655179797824 83
1750918477095 2.455150019563813 84
1750918535962 2.447640156247326 85
1750918593909 2.4418995835125044 86
1750918652694 2.439615416712824 87
1750918712245 2.418846207820803 88
1750918767930 2.4163961041563695 89
1750918824515 2.3830114696683777 90
1750918882213 2.434104935412098 91
1750918937963 2.42365031130377 92
1750918996604 2.4075729927755094 93
1750919053082 2.400213337078622 94
1750919109150 2.368483057498506 95
1750919167305 2.390015391359664 96
1750919225723 2.356610355234011 97
1750919281376 2.3724615023686337 98
1750919339645 2.387288880841779 99
1750919397726 2.3902942971547594 100
1750919455382 2.3874990833862935 101
1750919513034 2.3758289432070896 102
1750919571347 2.339644639667855 103
1750919628355 2.384380037047223 104
1750919686380 2.371136913496489 105
1750919742634 2.3844560936888812 106
1750919800369 2.3600546253258665 107
1750919858166 2.3829873031981608 108
1750919913696 2.3602514354188737 109
1750919971824 2.3539067728365857 110
1750920028439 2.3560696141171875 111
1750920086546 2.3568658309731476 112
1750920144674 2.331676799955865 113
1750920202208 2.326152786506029 114
1750920259344 2.328635815657854 115
1750920318366 2.3015008005225495 116
1750920377333 2.326562960892477 117
1750920436181 2.3015182523566566 118
1750920493553 2.3051728463413435 119
1750920551686 2.2977655609711825 120
1750920609606 2.279845112105561 121
1750920666221 2.313115692513863 122
1750920722612 2.294905406478111 123
1750920781145 2.3203747433216044 124
1750920839433 2.309968650333204 125
1750920874370 2.145602421118663 126
1750920908551 2.1247222065368137 127
1750920941526 2.1445316286971337 128
1750920975272 2.1313196953469062 129
1750921009642 2.1199542528559374 130
1750921044188 2.1044185190371927 131
1750921078685 2.099725161156468 132
1750921112430 2.1064999811210368 133
1750921145835 2.072721323141685 134
1750921178681 2.1031020477808737 135
1750921213096 2.0762843526101205 136
1750921247811 2.0895760034740647 137
1750921282123 2.0758005098548193 138
1750921316379 2.0700381879560483 139
1750921350594 2.0682247103406834 140
1750921384421 2.0559989715785028 141
1750921417334 2.0576980629855215 142
1750921451835 2.060818795905538 143
1750921486522 2.05822835372508 144
1750921521078 2.072030365946239 145
1750921554734 2.0365550315219747 146
1750921589524 2.0539541785715256 147
1750921623657 2.0462271472350695 148
1750921656663 2.044966253849352 149
1750921690692 2.0513506382453235 150
1750921723819 2.058922553752064 151
1750921758513 2.039951562392907 152
1750921792333 2.039276428658479 153
1750921827903 2.0223580298897548 154
1750921862027 2.049696470200139 155
1750921896469 2.027487085046213 156
1750921931183 2.0176389907502785 157
1750921966055 2.03779792181518 158
1750922000428 2.0137034326184193 159
1750922035618 2.018253321499071 160
1750922068615 2.005221348354525 161
1750922101187 2.0038372662549464 162
1750922135030 2.015164105627982 163
1750922169573 2.0067883817186973 164
1750922203789 2.0262148585507176 165
1750922238791 2.005921768000292 166
1750922272083 2.000609964094727 167
1750922305802 2.021417811951401 168
1750922339784 1.9974189969973686 169
1750922374363 1.99244604732633 170
1750922408893 1.9841113028129442 171
1750922440987 1.982841182082027 172
1750922475052 1.9910599139619645 173
1750922509991 1.9633975588294164 174
1750922543904 1.9854535825328197 175
1750922577006 1.9724194126977996 176
1750922611070 1.9693543466168975 177
1750922646065 1.9639298534745013 178
1750922679306 1.9471431306432956 179
1750922711399 1.9618706161132025 180
1750922744533 1.9676520234242414 181
1750922778890 1.9672265409211267 182
1750922813196 1.9527384569667225 183
1750922847387 1.9451271476440943 184
1750922881049 1.9560284125154737 185
1750922914849 1.9595173786653848 186
1750922949292 1.9441892192638337 187
1750922981894 1.9445626826729028 188
1750923014927 1.9502491809462188 189
1750923048388 1.9585076652125883 190
1750923081910 1.940085416358276 191
1750923116072 1.947846498561161 192
1750923150358 1.9299274146018182 193
1750923185501 1.9117679932303868 194
1750923219442 1.935028210611166 195
1750923253723 1.9380548092285692 196
1750923288670 1.914527559728871 197
1750923322420 1.932283882507385 198
1750923356706 1.9113972553777414 199
1750923391001 1.9111937672031332 200
1750923425669 1.8971178523504018 201
1750923460710 1.915420514181062 202
1750923495634 1.9010248791525073 203
1750923530689 1.9059457151910597 204
1750923565379 1.919861253632836 205
1750923599944 1.9182760450752556 206
1750923634853 1.8983765056731823 207
1750923669397 1.905177359862669 208
1750923703150 1.8954221524545605 209
1750923737236 1.8941201497137095 210
1750923772113 1.8717122858639974 211
1750923806354 1.8895867449357109 212
1750923839786 1.895892698538559 213
1750923874205 1.9014960122257534 214
1750923909389 1.91025177131322 215
1750923943375 1.8846319101033666 216
1750923978207 1.8992484045857363 217
1750924012636 1.9034692286042016 218
1750924046921 1.8941609708575853 219
1750924080260 1.8887386232944923 220
1750924114643 1.8761076499082026 221
1750924149159 1.8734111453290245 222
1750924183975 1.8519177213154605 223
1750924219005 1.8476698301817098 224
1750924253178 1.8812444345879173 225
1750924287708 1.861834097457889 226
1750924322259 1.8758713390213093 227
1750924356516 1.8843492686266206 228
1750924389969 1.8603874705309074 229
1750924424949 1.8560653747556188 230
1750924459794 1.8589877126696932 231
1750924492880 1.842095632236036 232
1750924526784 1.8578312521586653 233
1750924560874 1.859356524783706 234
1750924594558 1.8474967081448945 235
1750924628161 1.8397249770689381 236
1750924662785 1.854012133117911 237
1750924697238 1.8373070689416975 238
1750924732030 1.8542696372012772 239
1750924766792 1.8442652059289126 240
1750924800556 1.8374418489440818 241
1750924834803 1.8435777180764343 242
1750924867855 1.8515491072885526 243
1750924902361 1.8339730286320883 244
1750924935202 1.8080440780641953 245
1750924969863 1.8336488676154472 246
1750925004497 1.8349761448036401 247
1750925037639 1.837303032740769 248
1750925070903 1.8436101459596226 249
1750925105440 1.840896768303617 250
1750925129353 1.770164156150184 251
1750925155020 1.7352794403959568 252
1750925179676 1.7554466326405092 253
1750925204603 1.749560036833119 254
1750925229755 1.730880680809932 255
1750925254308 1.7587516786402992 256
1750925279323 1.731567631494027 257
1750925304109 1.7309562924493005 258
1750925328678 1.7280307145692961 259
1750925352928 1.7161127659842565 260
1750925377136 1.7234805546083987 261
1750925401676 1.738902487130088 262
1750925426186 1.7179559038598882 263
1750925450665 1.712102982929245 264
1750925475553 1.7207055980509547 265
1750925500271 1.718746135065339 266
1750925525485 1.723034207928752 267
1750925550452 1.7082579301160492 268
1750925575713 1.711327550114579 269
1750925600806 1.6922924021206491 270
1750925625450 1.7077154583693452 271
1750925650056 1.6996028122122973 272
1750925674226 1.701364949276689 273
1750925699972 1.7125138261642412 274
1750925724981 1.695028990572894 275
1750925749391 1.699378393343037 276
1750925774886 1.7008083300205428 277
1750925799508 1.677799999092233 278
1750925823491 1.6879525566148679 279
1750925847923 1.6945289037417042 280
1750925872893 1.6934378851156568 281
1750925897773 1.686177805194513 282
1750925923392 1.689132283237763 283
1750925948612 1.6688805042776604 284
1750925972910 1.6801898928328616 285
1750925997506 1.6683009192003027 286
1750926022127 1.6654866498813954 287
1750926047668 1.6737981142273417 288
1750926072471 1.6721112454022715 289
1750926096711 1.6695154198030806 290
1750926120557 1.6600849100205768 291
1750926145315 1.6651049126010073 292
1750926170627 1.6651536862922973 293
1750926194674 1.6774419514433383 294
1750926219350 1.6766053090023112 295
1750926244548 1.6654051878998866 296
1750926269522 1.672321338399136 297
1750926294001 1.6638256129270443 298
1750926318287 1.6707462237575517 299
1750926343009 1.6454861875578053 300
1750926367154 1.6557530584882518 301
1750926390729 1.6539416467945534 302
1750926414725 1.659668632368422 303
1750926439515 1.6527618168124685 304
1750926464425 1.65204108248693 305
1750926489654 1.6536336401778893 306
1750926514715 1.6396065324986493 307
1750926538543 1.6550730766823258 308
1750926562841 1.6551771589271809 309
1750926587497 1.656279276469241 310
1750926611556 1.6410606876861253 311
1750926636075 1.6437519748091147 312
1750926660877 1.6383174467626715 313
1750926685992 1.6418511051560911 314
1750926711371 1.6432247568155196 315
1750926736478 1.6494016232749602 316
1750926760491 1.6368441161844047 317
1750926785592 1.6349558521589846 318
1750926809871 1.6457591441128374 319
1750926834126 1.6374122038868832 320
1750926858599 1.6353848818619119 321
1750926883377 1.6354704715660724 322
1750926908425 1.623339312660777 323
1750926932594 1.6257628851349788 324
1750926957919 1.6256603271038454 325
1750926982882 1.6286774610504726 326
1750927007018 1.6310908503708292 327
1750927030963 1.6271534678128874 328
1750927056284 1.6153165827207376 329
1750927081424 1.619787935468205 330
1750927106285 1.6264848954922364 331
1750927131403 1.6195289565249495 332
1750927155749 1.6234353706334608 333
1750927180055 1.635217821290509 334
1750927204372 1.613914045908838 335
1750927229478 1.612197608037524 336
1750927254310 1.617605931919104 337
1750927279118 1.6189032791807978 338
1750927303271 1.6091966962221793 339
1750927328172 1.613384715836932 340
1750927352933 1.6139932188505683 341
1750927377138 1.6048495613442544 342
1750927401463 1.6088694370312193 343
1750927427061 1.6158916454397365 344
1750927452131 1.6076173195321803 345
1750927476467 1.600287208622521 346
1750927501247 1.5967304903298254 347
1750927526022 1.600553009876713 348
1750927551236 1.5861981686873314 349
1750927576170 1.5797566638092075 350
1750927601120 1.6072805602292946 351
1750927625849 1.6157852144565037 352
1750927651137 1.6094814589377862 353
1750927675546 1.587450828016945 354
1750927700655 1.580154899340209 355
1750927725694 1.5985684085616974 356
1750927751139 1.5901430456508805 357
1750927774742 1.6012483358997014 358
1750927799068 1.6078475212201495 359
1750927822864 1.58614724076041 360
1750927847013 1.593981659320935 361
1750927871758 1.5853958226968983 362
1750927896850 1.5915995373485743 363
1750927922231 1.5965240171234765 364
1750927946935 1.5857894083797406 365
1750927972020 1.5794949463438266 366
1750927996757 1.5858438203268665 367
1750928021608 1.573696382597446 368
1750928046864 1.5635598530415828 369
1750928071766 1.5643113263894048 370
1750928096167 1.5821491841723208 371
1750928120664 1.568651186472205 372
1750928144972 1.570642953559274 373
1750928169666 1.5836562580918754 374
1750928194217 1.5762340218805877 375
1750928209587 1.520885116133734 376
1750928224849 1.5087806422102095 377
1750928240174 1.5006164730827551 378
1750928255690 1.4948752888138928 379
1750928271094 1.4945291562452943 380
1750928286503 1.4876360043714205 381
1750928301895 1.489153665606717 382
1750928317513 1.4914275519910005 383
1750928332649 1.490875206057792 384
1750928348154 1.491269229364375 385
1750928363543 1.4839941684991285 386
1750928379253 1.4759750359320951 387
1750928394250 1.4699066763241886 388
1750928409567 1.4708610559606587 389
1750928425030 1.470042295584838 390
1750928440481 1.4752205775509666 391
1750928455630 1.4769351323263993 392
1750928471058 1.4781054088978167 393
1750928486565 1.4674414594185208 394
1750928501975 1.473679915399374 395
1750928517378 1.4667035562086876 396
1750928532486 1.462288791154828 397
1750928547896 1.469363592223692 398
1750928562818 1.4703259687963128 399
1750928578058 1.4632092305013191 400
1750928593028 1.467393539088045 401
1750928608193 1.467738569772459 402
1750928623181 1.4588868464834552 403
1750928638273 1.4627727170659997 404
1750928653591 1.4545938894998232 405
1750928668947 1.4513553716351926 406
1750928683967 1.4571878481444915 407
1750928699113 1.4553809968168216 408
1750928714147 1.4453092723201684 409
1750928729250 1.4555980824701371 410
1750928744696 1.4459827103131004 411
1750928760061 1.4470563730230448 412
1750928775449 1.4480763260821627 413
1750928791000 1.4384799280829066 414
1750928806354 1.4554718808936893 415
1750928821502 1.4445292132117007 416
1750928836680 1.4481497915972927 417
1750928851749 1.4366299171014811 418
1750928866875 1.450105647293803 419
1750928882124 1.4388166205842439 420
1750928897329 1.431694356824055 421
1750928912759 1.4349324435509268 422
1750928928012 1.4391893424522781 423
1750928943682 1.4374122324079814 424
1750928959135 1.4350106627071615 425
1750928974604 1.4327559766147056 426
1750928989846 1.433349562078376 427
1750929004714 1.4395927139857378 428
1750929020132 1.432254542142917 429
1750929035482 1.4289429733430252 430
1750929050896 1.426976471181024 431
1750929066215 1.4134158096759697 432
1750929081222 1.4261248191492104 433
1750929096309 1.4217394027246704 434
1750929111282 1.4237293948823788 435
1750929126187 1.4240969384403077 436
1750929141227 1.420636650993825 437
1750929156274 1.4192542132724604 438
1750929171512 1.416846902925911 439
1750929186591 1.4184897449611364 440
1750929202108 1.4164895228838008 441
1750929217339 1.4210727093737383 442
1750929232797 1.417509963572301 443
1750929248045 1.4270786276919445 444
1750929263129 1.4260662102609083 445
1750929278469 1.4225359400119688 446
1750929293544 1.423402322433535 447
1750929308420 1.4275813417845085 448
1750929323624 1.4234945496161377 449
1750929338740 1.408757634479717 450
1750929353953 1.4167075301855239 451
1750929368977 1.4112868106142218 452
1750929383991 1.4095145621692848 453
1750929399154 1.4109703863604122 454
1750929414041 1.4048242307087613 455
1750929429153 1.4114560356575834 456
1750929444344 1.4036338626430185 457
1750929459923 1.4092710055802338 458
1750929474895 1.4020205594054311 459
1750929490255 1.4052959405740753 460
1750929505516 1.403460274406244 461
1750929520881 1.4010788937008847 462
1750929536608 1.4039936775843502 463
1750929552164 1.3968851111951421 464
1750929567444 1.4013729991533015 465
1750929582425 1.3989986101711132 466
1750929597844 1.392965561301205 467
1750929613232 1.3970483027793195 468
1750929628718 1.4160636632337997 469
1750929643918 1.4060258621106432 470
1750929659552 1.39506441974224 471
1750929674680 1.3868630878868449 472
1750929690256 1.3905942174502284 473
1750929705548 1.3906938427289577 474
1750929721042 1.3845012287126588 475
1750929736299 1.3909720176296132 476
1750929751796 1.390353337096261 477
1750929767292 1.4100169846494441 478
1750929782658 1.3947415816847795 479
1750929797661 1.3812588592846387 480
1750929813024 1.391892289980062 481
1750929828418 1.3891379571182731 482
1750929844145 1.3913765732870726 483
1750929859451 1.385204887677637 484
1750929874808 1.387717786385588 485
1750929890208 1.3841874349193695 486
1750929905630 1.383895349848942 487
1750929921211 1.380573730547797 488
1750929936594 1.3895878193820912 489
1750929951856 1.3779113303592798 490
1750929967249 1.3836364937447458 491
1750929982233 1.3784276736965195 492
1750929997575 1.3791437795171972 493
1750930012590 1.379990080157753 494
1750930027835 1.3839365835197837 495
1750930043347 1.371673078001009 496
1750930058433 1.366157373555941 497
1750930073578 1.3732450225489536 498
1750930088737 1.3757290839851404 499
1750930104000 1.3747181046664865 500
