1750096437500 0.20919216963327536 0
1750096715562 0.19966324982422382 1
1750096986297 0.25737334862894573 2
1750097244781 0.2891425822447545 3
1750097493006 0.3375457943233542 4
1750097747633 0.2759316138104578 5
1750098013618 0.338063871516856 6
1750098265664 0.34875846501128666 7
1750098505420 0.33164341486881543 8
1750098767068 0.3297931391777375 9
1750099032675 0.34598305147466973 10
1750099280671 0.3650408910927728 11
1750099534472 0.35364319283573253 12
1750099754404 0.34045072715834657 13
1750100043764 0.3385449431965363 14
1750100310196 0.3255745106020797 15
1750100551645 0.33613958479813494 16
1750100789191 0.3519409391999408 17
1750101029296 0.3549198830625763 18
1750101277663 0.3641712615179662 19
1750101548513 0.32720275321022835 20
1750101810356 0.35762128557155015 21
1750102070546 0.35399474521703733 22
1750102315358 0.3528105687747474 23
1750102577230 0.34231950560633534 24
1750102800232 0.33356770158753657 25
1750103044616 0.3838026866003034 26
1750103314851 0.39627354475816895 27
1750103574775 0.37906598083114385 28
1750103817994 0.36246900788217445 29
1750104076202 0.38032416830107685 30
1750104334112 0.37286755726603266 31
1750104601443 0.37444029160344894 32
1750104845641 0.36381970913666134 33
1750105087519 0.3691485031269659 34
1750105355887 0.3164526514450653 35
1750105615262 0.3457240128779188 36
1750105888252 0.36544795174481 37
1750106131845 0.369055989342412 38
1750106367468 0.3673537357066203 39
1750106639969 0.38369167005883875 40
1750106872684 0.38234096880435187 41
1750107149766 0.374181253006698 42
1750107412936 0.3682603707952485 43
1750107647260 0.3798430966213966 44
1750107901483 0.37849239536690965 45
1750108146925 0.3743292750619842 46
1750108393316 0.39871590867039186 47
1750108668799 0.3813603226880805 48
1750108915983 0.37201643044813676 49
1750109156512 0.3493690559893424 50
