1750096437501 2.164555221332773 0
1750096715563 2.126017900803411 1
1750096986298 2.0893986806433182 2
1750097244782 1.9753256480487271 3
1750097493007 1.869981720659839 4
1750097747634 1.9171484306563213 5
1750098013619 1.8507476360564121 6
1750098265664 1.8294013040446664 7
1750098505421 1.8219622816958065 8
1750098767068 1.8473422099258345 9
1750099032676 1.7867767441926006 10
1750099280672 1.7695192290090318 11
1750099534473 1.8057172665003696 12
1750099754405 1.7911851322516494 13
1750100043765 1.8140482535857756 14
1750100310197 1.8566333415513692 15
1750100551646 1.7828271328022816 16
1750100789192 1.784885180856085 17
1750101029296 1.7681787914507605 18
1750101277664 1.7649580127337954 19
1750101548514 1.791081721020942 20
1750101810357 1.7582308047692088 21
1750102070547 1.7948871788585952 22
1750102315358 1.7697582332879163 23
1750102577231 1.8080134780801016 24
1750102800233 1.8351361141598235 25
1750103044616 1.7024911807632288 26
1750103314852 1.6814397468856634 27
1750103574776 1.7145854711441324 28
1750103817995 1.7392003907235691 29
1750104076202 1.7108999422921762 30
1750104334113 1.7203970444954153 31
1750104601444 1.7092284571487806 32
1750104845641 1.7306078304149652 33
1750105087519 1.7243584011163708 34
1750105355887 1.8202008220218604 35
1750105615263 1.7672162767430368 36
1750105888253 1.7379019922595815 37
1750106131846 1.7170629545318175 38
1750106367469 1.7308935691577851 39
1750106639970 1.7013262034093115 40
1750106872685 1.692609043631563 41
1750107149767 1.719756362641595 42
1750107412937 1.7240967708191879 43
1750107647260 1.6960828214984753 44
1750107901484 1.6977313602932047 45
1750108146926 1.70584508358207 46
1750108393317 1.6800344364144488 47
1750108668800 1.6859266445062138 48
1750108915984 1.7179901010917902 49
1750109156512 1.7815924578801667 50
