1751905978879 0.18786031042128604 0
1751906076340 0.17130450849963044 1
1751906170627 0.23959719142645972 2
1751906261163 0.22160014781966 3
1751906351563 0.26738728750923874 4
1751906438184 0.29111234294161126 5
1751906532712 0.29151884700665187 6
1751906624793 0.2916481892091648 7
1751906710424 0.3338507021433851 8
1751906800144 0.33678861788617886 9
1751906883198 0.3542682926829268 10
1751906970892 0.35022172949002217 11
1751907062637 0.29521433850702145 12
1751907152624 0.3684405025868441 13
1751907240904 0.367479674796748 14
1751907333599 0.3670731707317073 15
1751907426103 0.37176644493717664 16
1751907525000 0.37830746489283074 17
1751907616990 0.3885809312638581 18
1751907702610 0.3891722099039172 19
1751907787341 0.4066334072431633 20
1751907875316 0.4180524759793052 21
1751907959895 0.39227642276422764 22
1751908054613 0.40861049519586107 23
1751908148844 0.4030118255728012 24
1751908239969 0.4002586844050259 25
1751908335045 0.4196969696969697 26
1751908422463 0.40604212860310424 27
1751908511532 0.4236326681448633 28
1751908605853 0.4205838876570584 29
1751908699253 0.40199556541019954 30
1751908784482 0.4215262379896526 31
1751908877104 0.4073540280857354 32
1751908961692 0.4264042867701404 33
1751909053227 0.41566888396156687 34
1751909146058 0.41746119733924614 35
1751909234728 0.416869918699187 36
1751909330965 0.4351810790835181 37
1751909423738 0.411770140428677 38
1751909511419 0.4247228381374723 39
1751909610879 0.44866962305986696 40
1751909694569 0.42359571322985956 41
1751909790859 0.42274575018477456 42
1751909878602 0.4361234294161123 43
1751909970837 0.43361049519586103 44
1751910064473 0.4401515151515151 45
1751910157670 0.38307464892830745 46
1751910246405 0.4405764966740576 47
1751910335625 0.4405764966740576 48
1751910426573 0.4423872875092387 49
1751910519488 0.4328159645232816 50
1751910573305 0.4611973392461197 51
1751910628339 0.4405580192165558 52
1751910689680 0.4544530672579453 53
1751910750398 0.44907612712490763 54
1751910807165 0.46274944567627496 55
1751910859477 0.4448078344419808 56
1751910922305 0.46864375461936436 57
1751910981335 0.44432742054693275 58
1751911036386 0.45064671101256465 59
1751911090080 0.43786031042128604 60
1751911147321 0.45535846267553587 61
1751911205989 0.4683111603843311 62
1751911263487 0.4442719881744272 63
1751911317996 0.4460458240946046 64
1751911372840 0.44192535107169256 65
1751911431247 0.4524020694752402 66
1751911489363 0.4617331855136733 67
1751911544236 0.46609386548410936 68
1751911599649 0.45899852180339984 69
1751911655115 0.4558943089430894 70
1751911712933 0.44602734663710275 71
1751911772638 0.4554693274205469 72
1751911828234 0.4608647450110865 73
1751911882302 0.46062453806356246 74
1751911943307 0.45796378418329636 75
1751911994649 0.46681448632668143 76
1751912052390 0.4588507021433851 77
1751912110994 0.44000369549150037 78
1751912163793 0.45214338507021434 79
1751912215810 0.45818551367331856 80
1751912271673 0.4637287509238729 81
1751912329453 0.46104951958610496 82
1751912384203 0.4650960827790096 83
1751912438145 0.47067627494456765 84
1751912496613 0.47215447154471546 85
1751912547259 0.43778640059127866 86
1751912600661 0.46073540280857356 87
1751912653602 0.471119733924612 88
1751912708733 0.4682557280118256 89
1751912762492 0.47405764966740577 90
1751912822943 0.46136363636363636 91
1751912876377 0.4688839615668884 92
1751912932671 0.47226533628972656 93
1751912988932 0.46114190687361417 94
1751913046304 0.4641167775314117 95
1751913102152 0.4684589800443459 96
1751913154738 0.4538617886178862 97
1751913212335 0.45720620842572063 98
1751913267287 0.46705469327420546 99
1751913325049 0.47372505543237253 100
1751913369931 0.46938285291943826 101
1751913414542 0.4798780487804878 102
1751913457522 0.467110125646711 103
1751913496893 0.47087952697708796 104
1751913538367 0.46356245380635624 105
1751913579975 0.47679231337767924 106
1751913620201 0.4692350332594235 107
1751913659837 0.453159645232816 108
1751913701724 0.4579083518107908 109
1751913745551 0.45596821877309685 110
1751913786081 0.4791389504804139 111
1751913827000 0.4725979305247598 112
1751913871566 0.4690133037694013 113
1751913912391 0.46596452328159643 114
1751913955607 0.47076866223207686 115
1751913998373 0.462379896526238 116
1751914037986 0.4679231337767923 117
1751914077167 0.46936437546193643 118
1751914116679 0.4628048780487805 119
1751914157379 0.48558758314855877 120
1751914198293 0.46468957871396893 121
1751914242475 0.4650960827790096 122
1751914283540 0.48357354028085736 123
1751914326226 0.4601441241685144 124
1751914367713 0.4758869179600887 125
1751914411782 0.4880450849963045 126
1751914454830 0.48155949741315596 127
1751914495476 0.4857538802660754 128
1751914534496 0.45914634146341465 129
1751914575901 0.46483739837398375 130
1751914619474 0.47352180339985217 131
1751914662244 0.4687730968218773 132
1751914703800 0.468569844789357 133
1751914747377 0.47930524759793053 134
1751914788528 0.4735587583148559 135
1751914832935 0.4772542498152254 136
1751914876107 0.48409090909090907 137
1751914919916 0.49454915003695493 138
1751914962204 0.4901330376940133 139
1751915002596 0.4607538802660754 140
1751915042886 0.46853288987435326 141
1751915084113 0.48538433111603846 142
1751915123875 0.4790650406504065 143
1751915166736 0.4679416112342942 144
1751915209537 0.4580192165558019 145
1751915251309 0.4917960088691796 146
1751915293721 0.4649667405764967 147
1751915335122 0.48671470805617145 148
1751915376493 0.4785476718403548 149
1751915420256 0.47780857354028083 150
1751915447587 0.47876940133037693 151
1751915475865 0.48739837398373986 152
1751915504231 0.49181448632668145 153
1751915531339 0.4755728011825573 154
1751915557894 0.4782889874353289 155
1751915583704 0.49443828529194384 156
1751915611088 0.4948078344419808 157
1751915638360 0.49076127124907615 158
1751915665531 0.4884331116038433 159
1751915693281 0.49031781226903176 160
1751915721392 0.4783259423503326 161
1751915750015 0.4932557280118256 162
1751915778220 0.48991130820399115 163
1751915806401 0.47350332594235034 164
1751915834713 0.4915188470066519 165
1751915862226 0.4841278640059128 166
1751915889773 0.5003510716925351 167
1751915917839 0.4924981522542498 168
1751915946636 0.49580561714708055 169
1751915975043 0.4797856614929786 170
1751916002940 0.4808388765705839 171
1751916030366 0.5006836659275684 172
1751916057340 0.4964153732446415 173
1751916085016 0.48420177383592017 174
1751916113265 0.4927937915742794 175
1751916140744 0.48337028824833705 176
1751916169031 0.48906134515890615 177
1751916196959 0.49159275683665926 178
1751916224449 0.4782889874353289 179
1751916252065 0.483610495195861 180
1751916279850 0.49161123429416115 181
1751916306741 0.47130450849963046 182
1751916333684 0.48009977827051 183
1751916362201 0.4803215077605322 184
1751916390206 0.48046932742054693 185
1751916417866 0.4972653362897265 186
1751916446656 0.4816888396156689 187
1751916474066 0.4914079822616408 188
1751916502546 0.4894308943089431 189
1751916530561 0.5000739098300074 190
1751916558508 0.47963784183296376 191
1751916585485 0.4834072431633407 192
1751916612274 0.510920177383592 193
1751916639241 0.48689948263118993 194
1751916666929 0.4940872135994087 195
1751916695394 0.490169992609017 196
1751916724747 0.4966186252771619 197
1751916753504 0.5094419807834442 198
1751916781618 0.4745011086474501 199
1751916809603 0.5029009608277901 200
