1751905978879 2.2393607651073126 0
1751906076340 2.168451492436589 1
1751906170627 2.0761908330818266 2
1751906261164 2.0707628640421127 3
1751906351564 2.0007405707105965 4
1751906438185 1.961770435917212 5
1751906532712 1.986462732222771 6
1751906624794 2.0269452071905847 7
1751906710425 1.9474962724784293 8
1751906800145 1.957532777551219 9
1751906883199 1.9431491926563784 10
1751906970892 1.966806226529826 11
1751907062638 2.1185271720345615 12
1751907152625 1.9703547148256675 13
1751907240905 1.9805822042683587 14
1751907333600 2.0041335521187063 15
1751907426103 2.006565232143013 16
1751907525000 2.012453681291783 17
1751907616991 2.006314262377006 18
1751907702611 2.0053858871178307 19
1751907787341 2.004595994368555 20
1751907875316 1.9983292904072945 21
1751907959895 2.0653765277546334 22
1751908054614 2.027176253453165 23
1751908148845 2.0503848991647966 24
1751908239969 2.0716439059510856 25
1751908335046 2.069221700052451 26
1751908422464 2.07178297552782 27
1751908511533 2.055836367025359 28
1751908605854 2.069126619871554 29
1751908699254 2.103698382767872 30
1751908784482 2.0904190706071955 31
1751908877105 2.115507385251826 32
1751908961693 2.0951626615338608 33
1751909053227 2.10886014479036 34
1751909146059 2.1159680640794822 35
1751909234728 2.1177119048809256 36
1751909330966 2.0928636263146774 37
1751909423738 2.1442945653510366 38
1751909511420 2.119140161400276 39
1751909610880 2.079276916459092 40
1751909694570 2.141632286038841 41
1751909790860 2.1329399182897486 42
1751909878603 2.130477862007598 43
1751909970838 2.1488126994150307 44
1751910064474 2.138921162739289 45
1751910157671 2.286591116552532 46
1751910246406 2.1402754246261324 47
1751910335626 2.1414723932082094 48
1751910426574 2.1427156974924024 49
1751910519489 2.186072523132426 50
1751910573306 2.1111220975737393 51
1751910628339 2.0962852911082708 52
1751910689681 2.0605304725525437 53
1751910750399 2.057615251615109 54
1751910807166 2.047601495460426 55
1751910859478 2.0671009366361397 56
1751910922305 2.0608023909417796 57
1751910981336 2.070769161067354 58
1751911036387 2.045766164387009 59
1751911090081 2.0632412057063063 60
1751911147322 2.04995957379042 61
1751911205990 2.073736879166607 62
1751911263488 2.070789493590714 63
1751911317997 2.096450436697335 64
1751911372841 2.0819364382878716 65
1751911431248 2.0597449793428178 66
1751911489364 2.0321593662541124 67
1751911544237 2.0244610372088228 68
1751911599650 2.035377897238514 69
1751911655115 2.036392603241384 70
1751911712934 2.071211965231036 71
1751911772639 2.07232445861192 72
1751911828234 2.0483554376947275 73
1751911882303 2.0571768955003766 74
1751911943308 2.0660389145224727 75
1751911994650 2.064053480767596 76
1751912052390 2.0736626314137983 77
1751912110994 2.112239696628052 78
1751912163794 2.071081515271767 79
1751912215810 2.0584175824390347 80
1751912271674 2.0755809516743255 81
1751912329453 2.0762753173738075 82
1751912384204 2.057739880245987 83
1751912438146 2.066960464815493 84
1751912496614 2.058824542456133 85
1751912547260 2.100160114701038 86
1751912600662 2.053465164132613 87
1751912653603 2.056828808963546 88
1751912708733 2.0469493353839185 89
1751912762493 2.07169913360107 90
1751912822944 2.067843019093823 91
1751912876378 2.055033282419352 92
1751912932671 2.088746255852283 93
1751912988933 2.0686943879374105 94
1751913046305 2.0694698102091125 95
1751913102153 2.097016710179454 96
1751913154739 2.0867108839861968 97
1751913212336 2.0835748185768934 98
1751913267287 2.0756666240391795 99
1751913325049 2.072945177888958 100
1751913369931 2.0148752788212816 101
1751913414543 1.9938373278919166 102
1751913457523 1.9894123021042833 103
1751913496894 1.9695100332932727 104
1751913538368 1.9838891562288616 105
1751913579976 1.9625274989883796 106
1751913620202 1.969306612075557 107
1751913659838 1.9990488206753345 108
1751913701725 1.9857215130724746 109
1751913745551 1.9692200143410943 110
1751913786082 1.9539091425484658 111
1751913827001 1.9489362865543043 112
1751913871567 1.9510820229207035 113
1751913912392 1.9483278014382701 114
1751913955608 1.9434357625890988 115
1751913998374 1.952777483659102 116
1751914037986 1.9599717032249735 117
1751914077168 1.9570130557139467 118
1751914116680 1.9493087044702768 119
1751914157380 1.9346868009693998 120
1751914198294 1.9644704773716957 121
1751914242476 1.9494648521482096 122
1751914283541 1.9446893818940307 123
1751914326227 1.9870756821585909 124
1751914367714 1.9652676562038436 125
1751914411783 1.94017941891132 126
1751914454831 1.9657057033850527 127
1751914495477 1.9470866235691158 128
1751914534497 1.9624727681715206 129
1751914575901 1.965075253142479 130
1751914619475 1.9760679776962822 131
1751914662245 1.954679150975041 132
1751914703801 1.959762486874017 133
1751914747378 1.9399426085880513 134
1751914788529 1.9519384119877674 135
1751914832936 1.9557854431347983 136
1751914876108 1.943842120008987 137
1751914919917 1.9335059014254632 138
1751914962205 1.9503147454097258 139
1751915002597 1.9678935142222338 140
1751915042887 1.9638924684242565 141
1751915084114 1.9473506346825407 142
1751915123876 1.9617838288735736 143
1751915166737 1.9615386791854288 144
1751915209538 1.9574650998132959 145
1751915251309 1.9412717696794115 146
1751915293722 1.9547148386537043 147
1751915335123 1.9371624254160633 148
1751915376494 1.9458159042060426 149
1751915420256 1.947248450854892 150
1751915447588 1.8504674376137211 151
1751915475866 1.7639146184890855 152
1751915504232 1.7411653933443103 153
1751915531340 1.7473669235094065 154
1751915557895 1.7406736422785258 155
1751915583705 1.7435928076427898 156
1751915611089 1.7298985976715748 157
1751915638361 1.7139083137394648 158
1751915665532 1.7202454790668777 159
1751915693281 1.7270772930909188 160
1751915721393 1.7400144568774907 161
1751915750015 1.7356283943043063 162
1751915778221 1.7255308020284725 163
1751915806401 1.7365648412880683 164
1751915834714 1.7200057386286927 165
1751915862226 1.7171790648032024 166
1751915889774 1.7156782154642674 167
1751915917840 1.711215749807887 168
1751915946637 1.721182277384986 169
1751915975044 1.7369484012864385 170
1751916002941 1.7256803989046585 171
1751916030366 1.713587114797974 172
1751916057341 1.7070152174864375 173
1751916085017 1.716775079932737 174
1751916113266 1.7127418097810891 175
1751916140745 1.708594654379606 176
1751916169032 1.7149500919861957 177
1751916196959 1.7225546767790567 178
1751916224449 1.7267080502897534 179
1751916252065 1.7186168587857107 180
1751916279851 1.7125287401184333 181
1751916306742 1.7335886091983959 182
1751916333684 1.720266390425574 183
1751916362201 1.723841291904108 184
1751916390207 1.7427036298994176 185
1751916417867 1.7112116372380615 186
1751916446657 1.7190038804910843 187
1751916474067 1.7131617806137425 188
1751916502547 1.7209190740676614 189
1751916530562 1.71480770825794 190
1751916558509 1.7175125531451632 191
1751916585486 1.7150205239804945 192
1751916612275 1.7199231949702978 193
1751916639242 1.7174900336292254 194
1751916666929 1.7163299683097157 195
1751916695395 1.7147513762971816 196
1751916724748 1.7103579591044276 197
1751916753505 1.7143504312445061 198
1751916781618 1.7213847573116519 199
1751916809604 1.7153768421209499 200
