1753329643872 0.03256354876225286 0
1753329678253 0.052417345073932545 1
1753329711548 0.07036052500415352 2
1753329744120 0.08714072105000831 3
1753329778604 0.10275793321149693 4
1753329793994 0.11447084233261338 5
1753329827707 0.13183253032065126 6
1753329861182 0.1536800132912444 7
1753329892304 0.16165475992689815 8
1753329929103 0.16854959295564048 9
1753329964270 0.1766904801462037 10
1753329998643 0.18998172453895995 11
1753330033402 0.20111314171789335 12
1753330066769 0.21332447250373815 13
1753330103674 0.2174779863764745 14
1753330137025 0.22520352217976408 15
1753330172583 0.22561887356703772 16
1753330206050 0.23076923076923078 17
1753330234809 0.23915932879215818 18
1753330267401 0.250456886526001 19
1753330302091 0.2457218807110816 20
1753330333336 0.2507060973583652 21
1753330360742 0.2576840006645622 22
1753330395080 0.26034224954311347 23
1753330432243 0.26175444425984384 24
1753330464806 0.262003655092208 25
1753330485324 0.2706429639474996 26
1753330504062 0.27487954809769066 27
1753330524099 0.27670709420169465 28
1753330542468 0.28110981890679515 29
1753330563229 0.2858448247217146 30
1753330583993 0.2800299052998837 31
1753330603349 0.27795314836351553 32
1753330623086 0.28518026250207673 33
1753330640099 0.28518026250207673 34
1753330658615 0.2844326300049842 35
1753330680531 0.28792158165808274 36
1753330701250 0.28418341917262 37
1753330721467 0.29406878218973254 38
1753330738965 0.29747466356537633 39
1753330758360 0.3013789666057485 40
1753330777278 0.3043694965941186 41
1753330797647 0.29946835022428975 42
1753330817049 0.2952317660740987 43
1753330837392 0.30046519355374646 44
1753330854232 0.30171124771556734 45
1753330872740 0.3059478318657584 46
1753330892813 0.3095198537963117 47
1753330913169 0.3071108157501246 48
1753330932223 0.3105166971257684 49
1753330952730 0.3067785346403057 50
1753330966328 0.3159162651603256 51
1753330980963 0.30910450240903803 52
1753330993803 0.3071108157501246 53
1753331007938 0.31483635155341416 54
1753331020125 0.3141717893337764 55
1753331034147 0.3192390762585147 56
1753331047110 0.320069779033062 57
1753331059893 0.3177438112643296 58
1753331073928 0.315500913773052 59
1753331087133 0.30536633992357537 60
1753331099933 0.29789001495264994 61
1753331113402 0.31101511879049676 62
1753331126629 0.32065127097524504 63
1753331136524 0.3199036384781525 64
1753331150031 0.320069779033062 65
1753331162668 0.326133909287257 66
1753331176918 0.313673367669048 67
1753331192115 0.32239574680179434 68
1753331205605 0.3278783851138063 69
1753331220323 0.32098355208506396 70
1753331232674 0.3247217145705267 71
1753331246359 0.32056820069779035 72
1753331258857 0.32879215816580826 73
1753331274243 0.32397408207343414 74
1753331286833 0.33053663399235755 75
1753331294748 0.327961455391261 76
1753331302496 0.32380794151852466 77
1753331309614 0.32596776873234756 78
1753331317742 0.33277953148363515 79
1753331325391 0.3326964612061804 80
1753331333001 0.3360192723043695 81
1753331340341 0.3314504070443595 82
1753331347880 0.3364346236916431 83
1753331355694 0.3351054992523675 84
1753331363622 0.33809602924073767 85
1753331371795 0.34050506728692476 86
1753331379367 0.3312842664894501 87
1753331386782 0.3351054992523675 88
1753331394069 0.3381790995181924 89
1753331401619 0.3336102342581824 90
1753331409262 0.33651769396909786 91
1753331417245 0.34116962950656254 92
1753331425507 0.34042199700947 93
1753331433604 0.33876059146037546 94
1753331441379 0.3484798139225785 95
1753331448792 0.34042199700947 96
1753331456764 0.33992357534474166 97
1753331464132 0.34033892673201527 98
1753331471577 0.3462369164313009 99
1753331479330 0.3438278783851138 100
