1753329643873 4.547302536675788 0
1753329678254 4.4345774438612695 1
1753329711549 4.345333543431113 2
1753329744121 4.243488588669862 3
1753329778605 4.2078944220168095 4
1753329793995 4.151601053727379 5
1753329827708 4.123657438072551 6
1753329861183 4.103637692531451 7
1753329892305 4.080280423690512 8
1753329929104 4.051267152300599 9
1753329964271 4.024087061296746 10
1753329998644 4.011371937179926 11
1753330033403 4.019554329224122 12
1753330066770 3.9850155470650854 13
1753330103675 3.9540808618745165 14
1753330137026 3.985680205336435 15
1753330172584 3.971300878811404 16
1753330206051 3.9964528203311214 17
1753330234810 3.9835251416915503 18
1753330267402 3.978890104860556 19
1753330302092 4.025884081531643 20
1753330333337 3.9981329360645628 21
1753330360744 3.9944872440486057 22
1753330395081 4.011025743456436 23
1753330432244 4.038804795560139 24
1753330464807 4.002934069180498 25
1753330485326 4.035144753406508 26
1753330504063 4.048035989117352 27
1753330524100 4.041054630414835 28
1753330542469 3.9993908796780446 29
1753330563230 3.9922263867442176 30
1753330583994 4.004090009842063 31
1753330603350 4.017112926043297 32
1753330623087 4.039723370094268 33
1753330640100 4.03611818765231 34
1753330658616 4.012257339875204 35
1753330680532 4.037476857052274 36
1753330701251 3.9975931694298144 37
1753330721468 3.996786807867698 38
1753330738966 4.045133803379591 39
1753330758361 4.018431619655289 40
1753330777279 4.038184214560311 41
1753330797648 4.037609492156524 42
1753330817050 4.0280835683504135 43
1753330837393 4.037539814727654 44
1753330854233 4.014971881841801 45
1753330872741 4.032530354045429 46
1753330892814 4.058959553526349 47
1753330913170 3.9854189340884867 48
1753330932224 4.000058287755438 49
1753330952731 4.054859765102604 50
1753330966329 3.995824129266266 51
1753330980964 3.976335375123086 52
1753330993804 4.0079439021349454 53
1753331007939 3.9778303826692074 54
1753331020126 3.9925316649357177 55
1753331034148 3.9867909982731584 56
1753331047111 3.957562992331259 57
1753331059894 3.968357041960456 58
1753331073929 3.9574951192519903 59
1753331087134 3.940247507419041 60
1753331099934 3.9492847830144835 61
1753331113403 3.9512654134284153 62
1753331126630 3.9618336967732435 63
1753331136525 3.9906355271624037 64
1753331150032 3.9455414866138376 65
1753331162669 3.956640750207336 66
1753331176919 3.9345747932835553 67
1753331192116 3.932751826061928 68
1753331205606 3.9873679735395977 69
1753331220324 3.974520858933115 70
1753331232675 3.9997014895162946 71
1753331246360 3.9139522428946516 72
1753331258858 3.9469640893112365 73
1753331274244 3.9620312549527728 74
1753331286834 3.959941551772022 75
1753331294749 3.9214721778928356 76
1753331302497 3.890390654455067 77
1753331309615 3.865532619354854 78
1753331317743 3.8446982692286666 79
1753331325392 3.8614036929098785 80
1753331333002 3.8675633086758334 81
1753331340343 3.8591775889592594 82
1753331347881 3.8435199689644635 83
1753331355695 3.8595143118642268 84
1753331363623 3.8557817474940888 85
1753331371796 3.870744665789474 86
1753331379368 3.849514600207396 87
1753331386783 3.8249708838250367 88
1753331394070 3.8348914238586302 89
1753331401620 3.8019901262756757 90
1753331409263 3.8019466044059467 91
1753331417246 3.8237691398877565 92
1753331425508 3.8026334624322535 93
1753331433605 3.8072133142314772 94
1753331441380 3.8289252323055027 95
1753331448793 3.8360651771828826 96
1753331456765 3.8005723596095238 97
1753331464133 3.7920728495588016 98
1753331471579 3.813743434116689 99
1753331479331 3.7888236630671965 100
