1753553144232 0.02865924572188071 0
1753553169234 0.049177604253198205 1
1753553191560 0.06761920584814753 2
1753553215721 0.08921747798637647 3
1753553239494 0.1026748629340422 4
1753553270199 0.1238577836849975 5
1753553293590 0.1486957966439608 6
1753553324669 0.1671373982389101 7
1753553347092 0.17469679348729025 8
1753553376560 0.17685662070111313 9
1753553399872 0.18042864263166639 10
1753553423392 0.2010300714404386 11
1753553449254 0.20834025585645455 12
1753553471645 0.2159827213822894 13
1753553497258 0.2184748297059312 14
1753553519874 0.22611729523176607 15
1753553543872 0.23467353380960293 16
1753553565875 0.23874397740488454 17
1753553590163 0.24298056155507558 18
1753553612702 0.24547266987871738 19
1753553652757 0.2492939026416348 20
1753553678163 0.24912776208672538 21
1753553718150 0.2526167137398239 22
1753553740735 0.2535304867918259 23
1753553763770 0.2542781192889184 24
1753553796857 0.25161987041036715 25
1753553826005 0.25992689815583986 26
1753553855426 0.26316663897657416 27
1753553883714 0.26474497424821397 28
1753553920533 0.2686492772885861 29
1753553948503 0.2700614720053165 30
1753553975075 0.2696461206180429 31
1753553999825 0.26856620701113143 32
1753554022880 0.2709752450573185 33
1753554047014 0.2666555906296727 34
1753554075544 0.2693969097856787 35
1753554097848 0.2692307692307692 36
1753554124765 0.27230436949659415 37
1753554146949 0.27886692141551755 38
1753554171616 0.2786177105831533 39
1753554194144 0.2816082405715235 40
1753554226544 0.2847649111148031 41
1753554254025 0.2818574514038877 42
1753554290989 0.2780362186409703 43
1753554313594 0.28542947333444096 44
1753554339188 0.28451570028243894 45
1753554362655 0.2830204352882539 46
1753554399792 0.28268815417843496 47
1753554423099 0.28335271639807275 48
1753554446266 0.2763748130918757 49
1753554469004 0.28293736501079914 50
1753554492070 0.2806113972420668 51
1753554525191 0.28335271639807275 52
1753554556671 0.2871739491609902 53
1753554580076 0.2844326300049842 54
1753554603667 0.29149360358863596 55
1753554626433 0.286010965276624 56
1753554649148 0.2803621864097026 57
1753554680463 0.28833693304535635 58
1753554711583 0.2931550091377305 59
1753554734254 0.28908456554244893 60
1753554756080 0.28866921415517527 61
1753554779333 0.2927396577504569 62
1753554809376 0.28700780860608077 63
1753554841735 0.2944010632995514 64
1753554875226 0.29323807941518526 65
1753554901303 0.29041368998172457 66
1753554925468 0.29016447914936033 67
1753554954334 0.2885861438777205 68
1753554979651 0.2902475494268151 69
1753555002470 0.29008140887190564 70
1753555027871 0.292407376640638 71
1753555050366 0.28210666223625186 72
1753555073222 0.2890014952649942 73
1753555095831 0.28576175444425983 74
1753555118106 0.29381957135736836 75
1753555142223 0.2909121116464529 76
1753555175817 0.2928227280279116 77
1753555202224 0.292407376640638 78
1753555224484 0.2931550091377305 79
1753555247275 0.2935703605250041 80
1753555270460 0.29606246884864595 81
1753555296401 0.29290579830536634 82
1753555319693 0.29946835022428975 83
1753555344560 0.2935703605250041 84
1753555366952 0.2979730852301047 85
1753555398815 0.2947333444093703 86
1753555422514 0.29265658747300216 87
1753555449549 0.2902475494268151 88
1753555472945 0.2946502741319156 89
1753555497001 0.2918258846984549 90
1753555531291 0.30104668549592956 91
1753555553331 0.3002159827213823 92
1753555580590 0.2979730852301047 93
1753555609632 0.29747466356537633 94
1753555634847 0.2977238743977405 95
1753555657734 0.29921913939192557 96
1753555680874 0.29506562551918925 97
1753555703297 0.2955640471839176 98
1753555726366 0.29888685828210665 99
1753555748953 0.30146203688320317 100
