1753553144233 4.522428027454543 0
1753553169235 4.423637836516764 1
1753553191561 4.321892190588197 2
1753553215722 4.238231966200671 3
1753553239495 4.203267715021665 4
1753553270200 4.149469214207609 5
1753553293591 4.130762760098895 6
1753553324670 4.118219955193495 7
1753553347093 4.13615978112104 8
1753553376561 4.149219335572294 9
1753553399873 4.1753819678388 10
1753553423393 4.170856662638693 11
1753553449255 4.225312294521499 12
1753553471647 4.221397647095116 13
1753553497259 4.214479235743199 14
1753553519875 4.290781474158364 15
1753553543873 4.300604836047507 16
1753553565876 4.33329326838573 17
1753553590164 4.377105870426986 18
1753553612703 4.355402945848558 19
1753553652758 4.397094968934766 20
1753553678164 4.400647459580924 21
1753553718151 4.404722099474819 22
1753553740736 4.437042487044294 23
1753553763772 4.501816046489884 24
1753553796858 4.478095883971654 25
1753553826006 4.537242354066284 26
1753553855427 4.579757492227718 27
1753553883715 4.581182723933121 28
1753553920534 4.55235015205395 29
1753553948504 4.538228871309001 30
1753553975076 4.594359165755593 31
1753553999826 4.6188508078477755 32
1753554022881 4.65237988685933 33
1753554047015 4.653948989852898 34
1753554075546 4.634994184548048 35
1753554097849 4.703399238251672 36
1753554124766 4.6402231509134495 37
1753554146950 4.665306856503021 38
1753554171617 4.72968413694979 39
1753554194145 4.709149836402579 40
1753554226545 4.75046657296149 41
1753554254026 4.769290840508524 42
1753554290990 4.748342975465841 43
1753554313595 4.787257769584132 44
1753554339190 4.740119965477677 45
1753554362656 4.752489973284455 46
1753554399793 4.822476436750588 47
1753554423100 4.727934903182054 48
1753554446267 4.76848620630927 49
1753554469005 4.800234336032606 50
1753554492071 4.750159353897097 51
1753554525192 4.768841150235271 52
1753554556672 4.815574123429614 53
1753554580077 4.799176686932338 54
1753554603668 4.812255303283246 55
1753554626434 4.8120107947751105 56
1753554649149 4.812044668837456 57
1753554680464 4.834995454061503 58
1753554711584 4.873355516362923 59
1753554734255 4.821864335232386 60
1753554756081 4.811977750709626 61
1753554779334 4.815391614094617 62
1753554809377 4.847276089330626 63
1753554841736 4.899718785852188 64
1753554875227 4.863046724200373 65
1753554901304 4.881969812263577 66
1753554925469 4.830655162944707 67
1753554954335 4.827230978128076 68
1753554979652 4.917881940649154 69
1753555002472 4.894133189846268 70
1753555027872 4.8988393429252834 71
1753555050367 4.825564321154679 72
1753555073223 4.875475814808834 73
1753555095832 4.845962438380825 74
1753555118108 4.893672912929392 75
1753555142224 4.910678598428775 76
1753555175818 4.9060415214332584 77
1753555202225 4.90601002120166 78
1753555224485 4.884579445342809 79
1753555247276 4.934890932934158 80
1753555270461 4.954998619749995 81
1753555296402 4.942262462593442 82
1753555319694 4.918671591975595 83
1753555344561 4.955982021482314 84
1753555366953 4.922871696612879 85
1753555398816 4.941690532033427 86
1753555422515 4.903719214630142 87
1753555449550 4.8855959835814415 88
1753555472946 4.953912087556557 89
1753555497002 4.875042040999351 90
1753555531292 4.90196151354493 91
1753555553332 4.909373950112637 92
1753555580592 4.925264348071922 93
1753555609633 4.931738997237232 94
1753555634848 4.9237587407346695 95
1753555657735 4.920186756395052 96
1753555680875 4.914226716817311 97
1753555703298 4.925150055909885 98
1753555726367 4.960554541526142 99
1753555748954 4.969727938051165 100
