1755708232294 0.02284432630004984 0
1755708278967 0.057401561721216146 1
1755708320651 0.07758763914271474 2
1755708365051 0.0992689815583984 3
1755708403826 0.11903970759262336 4
1755708436616 0.13515534141884034 5
1755708470038 0.1536800132912444 6
1755708508878 0.16356537630835688 7
1755708556916 0.16938029573018773 8
1755708587563 0.19388602757933213 9
1755708630969 0.19679348729024754 10
1755708674269 0.2087556072437282 11
1755708707195 0.21299219139391926 12
1755708756099 0.21706263498920086 13
1755708788120 0.23068616049177604 14
1755708825655 0.23550423658415018 15
1755708873001 0.23558730686160492 16
1755708903509 0.234341252699784 17
1755708935303 0.23699950157833527 18
1755708978586 0.24256521016780197 19
1755709019459 0.2467187240405383 20
1755709051370 0.25278285429473335 21
1755709081716 0.25037381624854627 22
1755709112039 0.25901312510383784 23
1755709154934 0.2606745306529324 24
1755709186469 0.26831699617876725 25
1755709222928 0.2720551586642299 26
1755709255277 0.27429805615550756 27
1755709286050 0.2704768233925901 28
1755709317469 0.2690646286758598 29
1755709363311 0.26956305034058814 30
1755709399001 0.28268815417843496 31
1755709441771 0.2811928891842499 32
1755709474799 0.2831865758431633 33
1755709513912 0.2893337763748131 34
1755709560028 0.28393420834025584 35
1755709594540 0.2796145539126101 36
1755709637160 0.2782023591958797 37
1755709682241 0.27487954809769066 38
1755709712259 0.27296893171623193 39
1755709753148 0.27238743977404883 40
1755709800078 0.27031068283768067 41
1755709848149 0.2703937531151354 42
1755709880369 0.2713905964445921 43
1755709911182 0.27014454228277124 44
1755709953813 0.2684831367336767 45
1755709995581 0.27014454228277124 46
1755710035172 0.26931383950822396 47
1755710071200 0.2696461206180429 48
1755710101355 0.26840006645622194 49
1755710149132 0.26856620701113143 50
1755710195228 0.26798471506894833 51
1755710225455 0.26931383950822396 52
1755710258059 0.2688984881209503 53
1755710299752 0.26773550423658415 54
1755710329844 0.26840006645622194 55
1755710376303 0.26615716896494435 56
1755710421447 0.26831699617876725 57
1755710451514 0.2666555906296727 58
1755710496236 0.2669048014620369 59
1755710541065 0.26740322312676523 60
1755710575493 0.2686492772885861 61
1755710622800 0.2672370825718558 62
1755710671192 0.2680677853464031 63
1755710705570 0.2676524339591294 64
1755710735634 0.2663233095198538 65
1755710778304 0.26740322312676523 66
1755710818078 0.26856620701113143 67
1755710861846 0.2679016447914936 68
1755710903215 0.26648945007476327 69
1755710945858 0.2675693636816747 70
1755710977715 0.2669048014620369 71
1755711021523 0.2682339259013125 72
1755711052961 0.2658248878551254 73
1755711097032 0.2660740986874896 74
1755711140184 0.2652433959129423 75
1755711183286 0.26516032563548764 76
1755711213175 0.2662402392423991 77
1755711243342 0.26499418508057815 78
1755711277784 0.26615716896494435 79
1755711316109 0.26557567702276125 80
1755711347684 0.26657252035221796 81
1755711394989 0.26532646619039707 82
1755711436873 0.26399734175112144 83
1755711473587 0.2644126931383951 84
1755711517311 0.2639142714736667 85
1755711560966 0.26399734175112144 86
1755711606671 0.26432962286094036 87
1755711642798 0.2625020767569364 88
1755711684043 0.26374813091875726 89
1755711715281 0.26216979564711745 90
1755711750928 0.2625020767569364 91
1755711796703 0.26291742814421 92
1755711826601 0.2642465525834856 93
1755711870343 0.26316663897657416 94
1755711909824 0.2706429639474996 95
1755711941499 0.27795314836351553 96
1755711972108 0.2796976241900648 97
1755712012236 0.2824389433460708 98
1755712057350 0.2769563050340588 99
1755712089579 0.28891842498753945 100
