1749272875870 0.23629870850756762 0
1749272970455 0.23885208896125523 1
1749273066019 0.30792288050919586 2
1749273158144 0.38250749361654884 3
1749273247743 0.41988306257632385 4
1749273334272 0.4040261999037857 5
1749273423892 0.4340561743699811 6
1749273508668 0.45809125559708397 7
1749273592453 0.450949191429523 8
1749273680818 0.45326203604337045 9
1749273770247 0.4772786145135625 10
1749273853551 0.4718017984679717 11
1749273944758 0.46020056988491287 12
1749274025287 0.46484476186951856 13
1749274133982 0.46700958442807977 14
1749274226728 0.4580172445694409 15
1749274306518 0.4729119638826185 16
1749274386633 0.483958109758354 17
1749274466999 0.48445768419494506 18
1749274552285 0.48908337342263997 19
1749274656965 0.48664100951041706 20
1749274747763 0.48828775487547643 21
1749274835484 0.4828849498575288 22
1749274918927 0.4981127187951005 23
1749275007940 0.4800725308070903 24
1749275091486 0.4776856751655997 25
1749275173926 0.5037560596528883 26
1749275271976 0.5089923398586389 27
1749275368079 0.5022388335862044 28
1749275451472 0.49924138696665804 29
1749275542649 0.5066424897309699 30
1749275630584 0.5058098656699849 31
1749275725020 0.5049957443659105 32
1749275813259 0.499074862154461 33
1749275899719 0.5008881323317175 34
1749276000808 0.49468970876660623 35
1749276099602 0.5012211819561114 36
1749276199297 0.5035710320837805 37
1749276282995 0.5073455944935795 38
1749276370083 0.5029789438626355 39
1749276462452 0.5093994005106761 40
1749276540483 0.5089183288309959 41
1749276634245 0.5059023794545388 42
1749276723337 0.5055323243163231 43
1749276805997 0.5151722606668394 44
1749276892669 0.5088073122895311 45
1749276975402 0.5083817488805832 46
1749277062878 0.5209451208230026 47
1749277158942 0.5132109684342967 48
1749277245912 0.5091218591570144 49
1749277331768 0.49866780150242385 50
