1752369740921 2.2649257429281877 0
1752369800986 2.0271812356722547 1
1752369861844 2.113878296908854 2
1752369920580 2.119176692212797 3
1752369974903 2.0608345542306505 4
1752370033502 2.0498979394576713 5
1752370092478 2.1479657604204165 6
1752370152734 2.11462022526973 7
1752370208818 2.1685979572233207 8
1752370267674 2.207614020251585 9
1752370325228 2.212423359018529 10
1752370379307 2.2442614422984635 11
1752370435600 2.294825909450366 12
1752370484755 2.2801275476187564 13
1752370551916 2.3107242638921193 14
1752370610429 2.32331236085852 15
1752370666027 2.260817670651635 16
1752370723469 2.304272356062255 17
1752370778862 2.2669799358985756 18
1752370832591 2.435836915709647 19
1752370894713 2.3127321754171035 20
1752370951710 2.3213406627953073 21
1752371009886 2.3864373079400445 22
1752371063606 2.3845028641194754 23
1752371121637 2.471779681998023 24
1752371172306 2.4051698765206084 25
1752371225706 2.4479651576717307 26
1752371283868 2.5325270637805533 27
1752371341098 2.4306696073934875 28
1752371393919 2.4823614517033645 29
1752371451260 2.583344927402219 30
1752371508599 2.547823126934091 31
1752371566552 2.483520421289517 32
1752371621177 2.5729314551448152 33
1752371676720 2.5442465417621904 34
1752371735219 2.6244392903312237 35
1752371791252 2.5106484912974416 36
1752371852580 2.5058711237649174 37
1752371907386 2.682279760049581 38
1752371959144 2.66513338776582 39
1752372018926 2.591669988917558 40
1752372069918 2.647610252483947 41
1752372130924 2.641104958553551 42
1752372192000 2.6416013287642652 43
1752372247335 2.640278230757586 44
1752372304923 2.650330032325127 45
1752372358694 2.6376775298171666 46
1752372412280 2.6989240269829855 47
1752372472398 2.6253229558262507 48
1752372527080 2.823085045758793 49
1752372580077 2.744058759766971 50
1752372636209 2.7282210052413394 51
1752372698297 2.7930700653085054 52
1752372754868 2.6873185083748545 53
1752372812847 2.7933276954670636 54
1752372873048 2.7606455666481033 55
1752372927074 2.781850295220941 56
1752372987544 2.7228045147077418 57
1752373042627 2.7727130718987647 58
1752373098706 2.881469283897979 59
1752373154948 2.874011784349124 60
1752373216456 2.7515985294826466 61
1752373272880 2.751968368469755 62
1752373330922 2.797682001528527 63
1752373388406 2.890244790074102 64
1752373444545 2.7761603656643357 65
1752373509149 2.792614981967875 66
1752373565147 2.858477415195584 67
1752373618194 2.7804414161722666 68
1752373671823 2.98276094009774 69
1752373726858 2.8090891619026452 70
1752373783282 2.86646330445897 71
1752373837973 2.9055574005624822 72
1752373891474 2.8479978931376055 73
1752373952428 2.903337522391144 74
1752374013235 2.99541534665782 75
1752374066451 2.9332586464720904 76
1752374121970 2.8854202729740637 77
1752374181469 2.937652794509925 78
1752374234191 2.894537203903258 79
1752374291573 2.8861223666802824 80
1752374345498 3.0410897367622685 81
1752374400891 2.918819581163861 82
1752374462340 2.880486090563182 83
1752374518496 2.946130598210513 84
1752374570546 2.980387034791193 85
1752374633805 2.9361177928637536 86
1752374687303 2.975757805030484 87
1752374744041 2.9383572849032906 88
1752374798983 3.0140885468173937 89
1752374857482 2.878647576461457 90
1752374915672 2.9131245815616618 91
1752374969196 2.981169151641414 92
1752375026640 2.926541216507769 93
1752375079471 2.968878240580259 94
1752375133039 3.1842533662231745 95
1752375183280 2.9596381913629433 96
1752375237927 3.1071996038485667 97
1752375297442 3.050530267940386 98
1752375353422 3.040330560981721 99
1752375411470 2.96898320531562 100
1752375469540 2.9463301555857577 101
1752375522753 2.9407766890254394 102
1752375585056 2.97376366365976 103
1752375646847 3.0802320937816337 104
1752375708106 3.0073524679428387 105
1752375762311 2.9482290567417504 106
1752375819643 2.9821346698926168 107
1752375878814 2.9510781603683953 108
1752375938003 3.115869536077573 109
1752375996072 2.9503565233138214 110
1752376053853 2.974610161112484 111
1752376112256 3.0105809458905206 112
1752376170512 2.970804262327926 113
1752376229318 2.918842674439716 114
1752376287574 2.940678831459877 115
1752376343861 2.9508137737458435 116
1752376406319 3.0547459586641668 117
1752376462704 2.949280446124753 118
1752376519694 2.988421664209513 119
1752376576275 2.9173748673007123 120
1752376632808 2.899072751197671 121
1752376689254 3.0443099449154416 122
1752376741681 2.945324573796971 123
1752376796912 3.049580027588055 124
1752376849269 2.9894510271727506 125
1752376900528 3.0911181236284815 126
1752376953538 2.9092100571440316 127
1752377012564 2.9336183960989244 128
1752377069125 2.9918421201594945 129
1752377127001 3.169536633943626 130
1752377188406 2.98480227203042 131
1752377246391 3.0859869530964747 132
1752377303519 2.9719795734450845 133
1752377360860 2.987844826002698 134
1752377420193 3.066303061717485 135
1752377480414 3.1434670708457775 136
1752377542146 3.0463811289813796 137
1752377598403 3.0147945362373423 138
1752377659167 3.0871084936248026 139
1752377718776 3.037175861886452 140
1752377773218 3.0571270902158365 141
1752377831588 3.1438503581585424 142
1752377888443 3.006638258538214 143
1752377948851 2.9143634978284227 144
1752378005273 2.9824392582998556 145
1752378069825 3.0547655841162706 146
1752378122660 3.135700008813552 147
1752378182834 3.0099867329875747 148
1752378248418 2.999325153341611 149
1752378301520 3.0209902457964284 150
1752378359946 3.117371684288689 151
1752378420556 3.0052069831896397 152
1752378477811 2.987732060064685 153
1752378537636 3.0742817534401983 154
1752378597989 3.2304375094640467 155
1752378653985 3.1186293446229016 156
1752378707293 3.2717176943296673 157
1752378765390 3.1141279895767147 158
1752378825891 3.260494072884204 159
1752378886351 3.109471417642678 160
1752378941219 3.1504822371560484 161
1752379000693 3.009985896095258 162
1752379059003 3.0586108375066026 163
1752379124912 3.001814938579599 164
1752379179874 2.9086619061023975 165
1752379238999 3.254235777691596 166
1752379296119 3.0323694081801817 167
1752379354746 3.0113762007227374 168
1752379409629 3.0655071254506585 169
1752379467235 3.1124441274116155 170
1752379527028 3.1593268167572015 171
1752379585705 3.1492223152078793 172
1752379641345 3.2424854184490286 173
1752379696307 3.146733698015123 174
1752379755105 3.0358289964426217 175
1752379813477 3.095268923293243 176
1752379867326 3.162730841829797 177
1752379927754 3.024745136481514 178
1752379983626 3.137355048398148 179
1752380044313 2.965152589277814 180
1752380098628 3.1594569876725744 181
1752380155371 3.022088896616371 182
1752380214417 3.1861362523477035 183
1752380269733 3.143198148548343 184
1752380322051 3.157236721708992 185
1752380384210 3.106742027127026 186
1752380445533 3.1749939106328484 187
1752380501271 3.0909810200164887 188
1752380557999 3.1451970285560873 189
1752380617759 3.166325387529718 190
1752380679857 3.34788197875261 191
1752380731084 3.248793632757401 192
1752380792530 3.115203712404522 193
1752380847847 3.1545478454793385 194
1752380901170 2.9952258375215286 195
1752380957044 3.112444891252046 196
1752381011991 3.1268567440472657 197
1752381073078 3.160624790775085 198
1752381130321 3.1941926978808706 199
1752381191920 3.038561262692282 200
