1753447201975 4.550762278910436 0
1753447223519 4.490503710242689 1
1753447238336 4.403775565243586 2
1753447268873 4.325024930471455 3
1753447297075 4.2627512829950795 4
1753447327469 4.206936318920755 5
1753447357469 4.177529651267081 6
1753447371089 4.153900447750371 7
1753447395696 4.121566797130949 8
1753447409887 4.0778842189866245 9
1753447433238 4.066375632494607 10
1753447464919 4.063746676856091 11
1753447493558 4.078380632797129 12
1753447507298 4.0452182773492105 13
1753447542017 4.039571421144896 14
1753447572555 4.0651570142475375 15
1753447586883 4.070399880533962 16
1753447605601 4.098079817867299 17
1753447636244 4.097892983909131 18
1753447665132 4.1103744421276645 19
1753447679169 4.139497822100309 20
1753447704725 4.134530914044325 21
1753447718870 4.131527541508907 22
1753447751626 4.154050340647975 23
1753447766255 4.185513379603007 24
1753447779929 4.177418596364385 25
1753447808565 4.225454742463469 26
1753447833286 4.26822597387072 27
1753447858301 4.245537875280592 28
1753447884065 4.234498426495898 29
1753447914453 4.23876502305475 30
1753447935065 4.230666547259119 31
1753447965301 4.24982308164055 32
1753447995836 4.293780579205761 33
1753448014874 4.325558006588848 34
1753448045176 4.288372484141998 35
1753448065692 4.30400087624994 36
1753448080435 4.293802995341521 37
1753448098271 4.307323614001698 38
1753448119188 4.354329029226383 39
1753448141032 4.329987692574773 40
1753448169811 4.3864910693679 41
1753448189130 4.386989483117533 42
1753448221631 4.414310273377809 43
1753448236280 4.397854636761403 44
1753448264982 4.398070823350545 45
1753448286239 4.417693743448323 46
1753448303054 4.461202731583253 47
1753448334016 4.413202990854377 48
1753448359826 4.404752168452847 49
1753448373739 4.453507209028702 50
1753448403503 4.44361753826312 51
1753448424232 4.482471226835181 52
1753448457321 4.474440299662044 53
1753448481697 4.475918455187759 54
1753448496090 4.481807589718028 55
1753448511009 4.497342013120401 56
1753448539185 4.506159119499755 57
1753448554851 4.498974204680789 58
1753448579944 4.495700179186668 59
1753448604824 4.507005429719689 60
1753448634633 4.527331040347812 61
1753448664104 4.520402226120789 62
1753448697379 4.5191656971487895 63
1753448723910 4.5759222759664695 64
1753448753635 4.539968975457369 65
1753448776678 4.548475480592258 66
1753448792145 4.536240702145368 67
1753448819303 4.549566677385455 68
1753448837722 4.573786472524028 69
1753448852836 4.578973648575066 70
1753448886517 4.582569691470837 71
1753448901914 4.526696503196683 72
1753448925567 4.591458617063166 73
1753448954760 4.575099067511881 74
1753448973919 4.602589672200224 75
1753449005430 4.57471692856759 76
1753449029482 4.62629859256717 77
1753449044318 4.5969031090721675 78
1753449074453 4.586456589311904 79
1753449106624 4.5999022413370225 80
1753449126995 4.587542838557891 81
1753449157573 4.603358296800243 82
1753449187274 4.608385141922555 83
1753449212129 4.6420600029259305 84
1753449230864 4.626757075797691 85
1753449245196 4.663162528919759 86
1753449267128 4.637733555287216 87
1753449290024 4.6178052891533 88
1753449307444 4.6693283347379815 89
1753449338751 4.630254525461314 90
1753449369092 4.636650763650049 91
1753449382705 4.642380519154855 92
1753449404477 4.639893750736319 93
1753449429729 4.647687801845304 94
1753449451342 4.67404453492883 95
1753449466592 4.675751358669755 96
1753449495189 4.659228486245329 97
1753449522934 4.6687692983813 98
1753449552158 4.680676782438635 99
1753449566591 4.675326300795469 100
