1754068393752 0.030071440438611065 0
1754068428296 0.07875062302708091 1
1754068479596 0.09719222462203024 2
1754068534908 0.13407542781192888 3
1754068588251 0.14429307193886026 4
1754068641601 0.17785346403056987 5
1754068697708 0.18724040538295397 6
1754068733684 0.20402060142880876 7
1754068784677 0.21722877554411033 8
1754068842769 0.22952317660740987 9
1754068892838 0.24007310184416017 10
1754068947802 0.252284432630005 11
1754068999008 0.2589300548263831 12
1754069058606 0.26798471506894833 13
1754069111899 0.2730520019936867 14
1754069168476 0.28227280279116135 15
1754069218508 0.28385113806280116 16
1754069254106 0.29664396079082905 17
1754069306927 0.2978069446751952 18
1754069365707 0.3067785346403057 19
1754069416117 0.3041202857617544 20
1754069471847 0.3163316165475993 21
1754069524649 0.31467021099850473 22
1754069582269 0.32198039541452067 23
1754069638533 0.3193221465359694 24
1754069674039 0.3282106662236252 25
1754069721804 0.32563548762252864 26
1754069779353 0.333444093703273 27
1754069834746 0.33120119621199534 28
1754069891583 0.3364346236916431 29
1754069945901 0.33518856952982223 30
1754070002061 0.34391094866256855 31
1754070055408 0.33809602924073767 32
1754070097214 0.3416680511712909 33
1754070149424 0.33934208340255856 34
1754070203038 0.3458215650440272 35
1754070238724 0.34706761920584817 36
1754070292927 0.3508057816913108 37
1754070344157 0.3518026250207676 38
1754070398941 0.3563714902807775 39
1754070456405 0.3596112311015119 40
1754070515854 0.35711912277787006 41
1754070568819 0.3567868416680512 42
1754070625302 0.3603588635986044 43
1754070677843 0.35952816082405714 44
1754070732386 0.36351553414188403 45
1754070789253 0.36210333942515366 46
1754070839700 0.365343080245888 47
1754070895581 0.3645954477487955 48
1754070948925 0.36600764246552586 49
1754071004111 0.36426316663897657 50
1754071041842 0.36733676690480144 51
1754071097808 0.371739491609902 52
1754071153142 0.36891510217644125 53
1754071210093 0.37132414022262833 54
1754071252801 0.3711579996677189 55
1754071309374 0.3697458049509885 56
1754071362684 0.3731516863266323 57
1754071397598 0.37165642133244725 58
1754071448870 0.37381624854627016 59
1754071501176 0.37190563216481143 60
1754071557016 0.37406545937863434 61
1754071593352 0.3764744974248214 62
1754071647253 0.37389931882372485 63
1754071687743 0.37564379465027414 64
1754071742126 0.3769729190895498 65
1754071798442 0.37888353547100845 66
1754071854280 0.3789666057484632 67
1754071910037 0.3777205515866423 68
1754071947650 0.3795480976906463 69
1754071986710 0.380544941020103 70
1754072028812 0.37946502741319155 71
1754072081718 0.380544941020103 72
1754072136032 0.38037880046519357 73
1754072183748 0.3780528326964612 74
1754072239935 0.3783851138062801 75
1754072297579 0.37946502741319155 76
1754072355451 0.38071108157501243 77
1754072409230 0.38287090878883534 78
1754072464348 0.38320318989865426 79
1754072499448 0.38320318989865426 80
1754072549993 0.3842831035055657 81
1754072591816 0.38627679016447913 82
1754072644731 0.38478152517029407 83
1754072686879 0.3821232762917428 84
1754072724804 0.380544941020103 85
1754072780101 0.38046187074264826 86
1754072824685 0.38004651935537465 87
1754072877921 0.37963116796810104 88
1754072931415 0.3801295896328294 89
1754072984077 0.380544941020103 90
1754073037996 0.3798803788004652 91
1754073091837 0.3785512543611896 92
1754073126693 0.37963116796810104 93
1754073182538 0.3792988868582821 94
1754073235823 0.3783020435288254 95
1754073292963 0.3792988868582821 96
1754073342916 0.37921581658082737 97
1754073397852 0.3789666057484632 98
1754073433230 0.3798803788004652 99
1754073474342 0.3775544110317329 100
