1754068393753 4.509359407634459 0
1754068428297 4.3301427568893445 1
1754068479597 4.129887575907646 2
1754068534909 4.01298709398634 3
1754068588252 3.8979546855149048 4
1754068641602 3.823865292273847 5
1754068697709 3.735407796345587 6
1754068733685 3.70937599580042 7
1754068784679 3.6433169881552674 8
1754068842770 3.6215664978355613 9
1754068892839 3.5642580298679998 10
1754068947804 3.5592188644444103 11
1754068999009 3.5098515999668884 12
1754069058607 3.531578070955512 13
1754069111900 3.4832090940603178 14
1754069168477 3.507727715679232 15
1754069218510 3.4735029584744357 16
1754069254108 3.4875272583714536 17
1754069306928 3.457033062534967 18
1754069365708 3.468413161929618 19
1754069416119 3.4512506900509172 20
1754069471848 3.466965949262229 21
1754069524651 3.4411014065405245 22
1754069582270 3.462848161311548 23
1754069638534 3.440812230724424 24
1754069674040 3.4645742150867402 25
1754069721805 3.4470777159288204 26
1754069779355 3.4597968170148454 27
1754069834747 3.4457294539156558 28
1754069891584 3.4625371570092263 29
1754069945903 3.4489598492993347 30
1754070002063 3.4639612244347395 31
1754070055409 3.4549197020279263 32
1754070097215 3.480150072429065 33
1754070149426 3.497351867396429 34
1754070203039 3.46806803206927 35
1754070238725 3.4926221514252047 36
1754070292928 3.4513038299988694 37
1754070344158 3.485206063012868 38
1754070398942 3.473133371047306 39
1754070456406 3.474568822189813 40
1754070515855 3.477246766479276 41
1754070568820 3.461767955332976 42
1754070625303 3.474876219534954 43
1754070677844 3.470078418988966 44
1754070732387 3.487599339812439 45
1754070789255 3.490263426583241 46
1754070839701 3.4751067145782724 47
1754070895582 3.4512290278814857 48
1754070948926 3.4942011850932624 49
1754071004113 3.465216150491351 50
1754071041843 3.4837239628295613 51
1754071097809 3.481270043716867 52
1754071153143 3.477774166255148 53
1754071210094 3.487587938628129 54
1754071252802 3.4995499355841266 55
1754071309375 3.496551678997125 56
1754071362685 3.50455730945826 57
1754071397599 3.4649258799777667 58
1754071448871 3.464297385928795 59
1754071501177 3.4715793082456656 60
1754071557018 3.5060544497648976 61
1754071593353 3.4817205812422696 62
1754071647254 3.4630879124470226 63
1754071687745 3.4954990615940016 64
1754071742127 3.451949421750574 65
1754071798443 3.495267431455742 66
1754071854281 3.480557272769238 67
1754071910039 3.4819622989989494 68
1754071947651 3.468096063905155 69
1754071986711 3.4412480198730857 70
1754072028813 3.4639333181050462 71
1754072081719 3.496778677449762 72
1754072136034 3.498854401893797 73
1754072183749 3.4842917612654616 74
1754072239936 3.5054869114959755 75
1754072297580 3.500257140603505 76
1754072355452 3.4788798869847253 77
1754072409231 3.4638817577986667 78
1754072464349 3.466546226232826 79
1754072499449 3.4771038618037755 80
1754072549994 3.447618834398411 81
1754072591818 3.4546973920873727 82
1754072644732 3.4588814551658893 83
1754072686880 3.475653875214606 84
1754072724805 3.4954864693753738 85
1754072780103 3.510247007660922 86
1754072824686 3.504322859079587 87
1754072877922 3.5152410562472705 88
1754072931416 3.5224693664576647 89
1754072984078 3.517293439718514 90
1754073037997 3.5220548442577964 91
1754073091838 3.508678714833416 92
1754073126694 3.515214468438048 93
1754073182539 3.5216737097605897 94
1754073235824 3.5298467983409285 95
1754073292965 3.527731859422386 96
1754073342917 3.526617087082375 97
1754073397853 3.538192292356945 98
1754073433231 3.5492657499427227 99
1754073474344 3.5435129908209917 100
