1752766079071 0.011743301356268608 0
1752766088723 0.014306979821369501 1
1752766098362 0.01951703605689712 2
1752766108050 0.02125372146873966 3
1752766117752 0.02687727423089646 4
1752766127600 0.02828316242143566 5
1752766137310 0.033245120740985776 6
1752766146921 0.03721468739662587 7
1752766156457 0.037628183923255044 8
1752766165979 0.04019186238835594 9
1752766175663 0.04515382070790605 10
1752766185256 0.04565001653986107 11
1752766194791 0.052596758187231224 12
1752766204491 0.054333443599073765 13
1752766214227 0.0586338074760172 14
1752766223762 0.062272576910353955 15
1752766233511 0.06789612967251075 16
1752766243146 0.06996361230565663 17
1752766252808 0.07418127687727423 18
1752766262468 0.07161759841217334 19
1752766272430 0.07724115117433014 20
1752766282128 0.07616606020509428 21
1752766291843 0.07765464770095931 22
1752766301450 0.08063182269268938 23
1752766311141 0.08195501157790275 24
1752766320755 0.08154151505127356 25
1752766330428 0.09072113794244129 26
1752766340186 0.08923255044657624 27
1752766350061 0.0869996692027787 28
1752766359770 0.08881905391994707 29
1752766369569 0.09270592127026132 30
1752766379434 0.09576579556731724 31
1752766389298 0.10031425736023818 32
1752766398890 0.10138934832947404 33
1752766408474 0.1018028448561032 34
1752766418034 0.10850148858749586 35
1752766427700 0.1057724115117433 36
1752766437380 0.106930201786305 37
1752766447051 0.10974197816738339 38
1752766456640 0.10990737677803507 39
1752766466290 0.10899768441945087 40
1752766475943 0.11379424412834932 41
1752766485506 0.11536553092954019 42
1752766495176 0.11677141912007939 43
1752766504790 0.11486933509758518 44
1752766514653 0.11577902745616937 45
1752766524297 0.11892160105855111 46
1752766533905 0.12181607674495534 47
1752766543559 0.12537214687396625 48
1752766553189 0.12214687396625869 49
1752766563001 0.12214687396625869 50
1752766572941 0.12611644062189878 51
1752766582599 0.13000330797221304 52
1752766592259 0.13091300033079722 53
1752766601938 0.13215348991068476 54
1752766611777 0.13223618921601057 55
1752766621538 0.13504796559708898 56
1752766631409 0.13587495865034735 57
1752766641258 0.1376943433675157 58
1752766650878 0.13876943433675157 59
1752766660552 0.1390175322527291 60
1752766670434 0.143069798213695 61
1752766680374 0.14182930863380747 62
1752766690298 0.14397949057227918 63
1752766700170 0.14811445583857097 64
1752766709880 0.14596427390009925 65
1752766719628 0.14819715514389678 66
1752766729332 0.14786635792259345 67
1752766739015 0.15067813430367186 68
1752766748677 0.1520013231888852 69
1752766758293 0.1508435329143235 70
1752766768160 0.15233212041018857 71
1752766778056 0.1508435329143235 72
1752766787735 0.1549784981806153 73
1752766797468 0.15613628845517696 74
1752766807179 0.15927886205755873 75
1752766816783 0.16101554746940125 76
1752766826565 0.16242143565994047 77
1752766836186 0.1622560370492888 78
1752766845981 0.16283493218656964 79
1752766855981 0.16457161759841218 80
1752766865910 0.16457161759841218 81
1752766875529 0.1644062189877605 82
1752766885441 0.16887198147535562 83
1752766895125 0.16845848494872642 84
1752766904840 0.17135296063513067 85
1752766914705 0.1705259675818723 86
1752766924485 0.1725934502150182 87
1752766934365 0.17209725438306317 88
1752766944289 0.17664571617598412 89
1752766954238 0.178217002977175 90
1752766964040 0.18069798213695004 91
1752766973904 0.17697651339728745 92
1752766983550 0.17780350645054582 93
1752766993227 0.17805160436652331 94
1752767002880 0.1798709890836917 95
1752767012590 0.18020178630499503 96
1752767022501 0.18078068144227588 97
1752767032385 0.18202117102216342 98
1752767042290 0.18450215018193847 99
1752767052190 0.18499834601389348 100
