1753232289435 0.0208506396411364 0
1753232302767 0.014038876889848811 1
1753232316440 0.027496261837514538 2
1753232329304 0.048679182588469844 3
1753232341582 0.059062967270310684 4
1753232354565 0.07168964944342913 5
1753232367791 0.08165808273799635 6
1753232380114 0.08888519687655756 7
1753232391710 0.09038046187074265 8
1753232401047 0.10342249543113474 9
1753232414611 0.11214487456388104 10
1753232426861 0.1188735670377139 11
1753232439207 0.1213656753613557 12
1753232453011 0.1378966605748463 13
1753232465468 0.14852965608905133 14
1753232477359 0.1530985213490613 15
1753232490181 0.15608905133743148 16
1753232503412 0.15268316996178768 17
1753232517036 0.16472836019272305 18
1753232531261 0.16904801462036884 19
1753232542525 0.17660740986874895 20
1753232555124 0.1776042531982057 21
1753232567477 0.1795148695796644 22
1753232579127 0.18067785346403056 23
1753232591706 0.1909785678684167 24
1753232604526 0.1901478650938694 25
1753232617762 0.19720883867752118 26
1753232631224 0.19214155175278286 27
1753232642778 0.19895331450407044 28
1753232654669 0.20584814753281275 29
1753232667666 0.20726034224954312 30
1753232680621 0.20709420169463366 31
1753232692981 0.2134906130586476 32
1753232702736 0.21058315334773217 33
1753232716400 0.21365675361355707 34
1753232727925 0.2187240405382954 35
1753232740175 0.2240405382953979 36
1753232753046 0.23143379298886857 37
1753232764910 0.22769563050340588 38
1753232776734 0.23193221465359695 39
1753232790394 0.23857783684997508 40
1753232803130 0.23791327463033726 41
1753232816462 0.23791327463033726 42
1753232829084 0.2445588968267154 43
1753232841419 0.2470510051503572 44
1753232853606 0.24846319986708756 45
1753232866393 0.2436451237747134 46
1753232878472 0.24838012958963282 47
1753232892103 0.2526167137398239 48
1753232903341 0.25519189234092043 49
1753232916402 0.2523675029074597 50
1753232929676 0.2535304867918259 51
1753232943491 0.25494268150855626 52
1753232956449 0.25660408705765075 53
1753232969473 0.2594284764911115 54
1753232982430 0.2669048014620369 55
1753232995277 0.2648280445256687 56
1753233007108 0.2654095364678518 57
1753233019789 0.26898155839840504 58
1753233031905 0.2669048014620369 59
1753233044159 0.2693969097856787 60
1753233056997 0.26715401229440106 61
1753233070921 0.26873234756604086 62
1753233083190 0.27031068283768067 63
1753233094377 0.27512875893005484 64
1753233104938 0.2770393753115135 65
1753233117642 0.2794484133577006 66
1753233129257 0.28152517029406876 67
1753233143062 0.277205515866423 68
1753233154545 0.28011297557733844 69
1753233167396 0.2820235919587971 70
1753233180457 0.2847649111148031 71
1753233191009 0.2816082405715235 72
1753233202370 0.28227280279116135 73
1753233213030 0.2846818408373484 74
1753233226525 0.28700780860608077 75
1753233238156 0.28875228443263 76
1753233250403 0.2844326300049842 77
1753233261259 0.2868416680511713 78
1753233274086 0.2909951819239076 79
1753233286919 0.2911613224788171 80
1753233300628 0.2915766738660907 81
1753233310734 0.29190895497590963 82
1753233323958 0.2955640471839176 83
1753233335665 0.29381957135736836 84
1753233346382 0.292407376640638 85
1753233358164 0.2935703605250041 86
1753233369947 0.2963947499584649 87
1753233383504 0.30038212327629177 88
1753233395621 0.2958963282937365 89
1753233408369 0.3008805449410201 90
1753233420580 0.30171124771556734 91
1753233433757 0.3007974746635654 92
1753233444223 0.29988370161156336 93
1753233457025 0.30187738827047683 94
1753233468883 0.30378800465193556 95
1753233480993 0.29722545273301215 96
1753233494103 0.302126599102841 97
1753233507810 0.3055324804784848 98
1753233521292 0.30569862103339424 99
1753233535208 0.3055324804784848 100
