1753232289436 4.588162342406662 0
1753232302768 4.546096375580844 1
1753232316441 4.491074947461003 2
1753232329305 4.444728763928279 3
1753232341583 4.409313897316874 4
1753232354566 4.360791784467292 5
1753232367792 4.3160845915175825 6
1753232380115 4.26291728185074 7
1753232391711 4.2281895866911166 8
1753232401048 4.189277994477383 9
1753232414612 4.172107243347488 10
1753232426862 4.143895037988997 11
1753232439208 4.115962841922669 12
1753232453012 4.079953400614683 13
1753232465469 4.0516555685113085 14
1753232477360 4.039849992107072 15
1753232490182 4.042109586401816 16
1753232503413 4.041807529454274 17
1753232517037 4.000878202809963 18
1753232531262 3.9855202317688834 19
1753232542526 3.9976038970131493 20
1753232555125 3.9787358916472266 21
1753232567478 3.963121136731087 22
1753232579128 3.9459800118155317 23
1753232591707 3.936074751121951 24
1753232604527 3.90883151850514 25
1753232617763 3.9185517094324696 26
1753232631225 3.931261377983005 27
1753232642779 3.90204655650585 28
1753232654670 3.8771522368087945 29
1753232667667 3.8801719254433182 30
1753232680622 3.865882781960975 31
1753232692982 3.8789914128358447 32
1753232702737 3.89828802462935 33
1753232716401 3.895284828467247 34
1753232727926 3.865346670701956 35
1753232740176 3.8677877898524917 36
1753232753047 3.830929567779799 37
1753232764911 3.833435102940207 38
1753232776735 3.829218708351411 39
1753232790395 3.805417381850247 40
1753232803131 3.8229726066404957 41
1753232816463 3.843086994460973 42
1753232829085 3.7974999334292034 43
1753232841420 3.80887834940101 44
1753232853607 3.797981635519014 45
1753232866394 3.8315713891415797 46
1753232878473 3.814320952790081 47
1753232892104 3.7878397110882505 48
1753232903342 3.783081969351967 49
1753232916403 3.792243921165458 50
1753232929677 3.7986521265896593 51
1753232943492 3.796784353637054 52
1753232956450 3.7961323578701442 53
1753232969474 3.778291564145074 54
1753232982431 3.774048983925478 55
1753232995278 3.770361367871452 56
1753233007109 3.770279014922331 57
1753233019790 3.776166204120392 58
1753233031906 3.76152892113233 59
1753233044160 3.7409388416451836 60
1753233056998 3.7532514388343774 61
1753233070922 3.7580008042515103 62
1753233083191 3.7674568131371875 63
1753233094378 3.7596794363704737 64
1753233104939 3.7380731140755463 65
1753233117643 3.749624613592634 66
1753233129258 3.725569768067717 67
1753233143063 3.733032380935774 68
1753233154546 3.761843449819384 69
1753233167397 3.7571919289593336 70
1753233180458 3.739013875192231 71
1753233191010 3.7135132975365845 72
1753233202371 3.7410984875500426 73
1753233213031 3.732988709346644 74
1753233226526 3.7473359883658373 75
1753233238157 3.7279572135237595 76
1753233250404 3.751750915754037 77
1753233261260 3.728879628674029 78
1753233274087 3.7167013784750713 79
1753233286920 3.7364111761427465 80
1753233300629 3.7315378028362325 81
1753233310735 3.754244192376163 82
1753233323959 3.7396832520393524 83
1753233335666 3.744739706662083 84
1753233346383 3.7489352421932933 85
1753233358165 3.763683971636132 86
1753233369948 3.7444800001049603 87
1753233383505 3.7243025643127012 88
1753233395622 3.757222462722663 89
1753233408370 3.7136257746205605 90
1753233420581 3.730696674503665 91
1753233433758 3.7254745145463404 92
1753233444224 3.726449420681116 93
1753233457026 3.7264782389881934 94
1753233468884 3.7182993536964593 95
1753233480994 3.7428048768680906 96
1753233494104 3.7131895230266414 97
1753233507811 3.7367532595760333 98
1753233521293 3.7413886591961223 99
1753233535209 3.7324325432041805 100
