1752130191228 0.1742208584420866 0
1752130279850 0.20314983918074606 1
1752130361637 0.2145365817590299 2
1752130456286 0.26991755702613773 3
1752130541242 0.2726163628969648 4
1752130629988 0.29322710636252725 5
1752130727169 0.29328256127768126 6
1752130819555 0.33167584753595325 7
1752130917780 0.3320640319420311 8
1752131005024 0.34812747236496727 9
1752131099795 0.3798661688047617 10
1752131188571 0.36032755369884284 11
1752131270473 0.3727494546933343 12
1752131357335 0.37515250101667347 13
1752131447450 0.3740064327701579 14
1752131541043 0.3965026433509557 15
1752131629342 0.3945617213205664 16
1752131725961 0.4081481755332914 17
1752131822649 0.39576324448223593 18
1752131905629 0.4024732892158675 19
1752131994126 0.40739029169285373 20
1752132080658 0.41526488964471886 21
1752132175450 0.41177122999001814 22
1752132266310 0.4016969204037118 23
1752132362840 0.4178527856852379 24
1752132451339 0.43310288735258234 25
1752132538514 0.4325298532293246 26
1752132632780 0.4431217420237347 27
1752132714931 0.4131576028688676 28
1752132805644 0.4358016932234094 29
1752132898325 0.44495175422381605 30
1752132999355 0.45369514584642684 31
1752133094371 0.41726126659026214 32
1752133190339 0.4552109135273023 33
1752133281552 0.43811231468815853 34
1752133375395 0.45506303375355833 35
1752133464790 0.4480941994158749 36
1752133555586 0.44933269252098046 37
1752133642050 0.4461902473289216 38
1752133729222 0.4475211652926171 39
1752133812469 0.44352841140153054 40
1752133889976 0.4554327331879182 41
1752133976099 0.4676328145217938 42
1752134074398 0.4647861288772228 43
1752134170210 0.4466708565935894 44
1752134265134 0.4475581352360531 45
1752134360082 0.453251506525195 46
1752134448415 0.461625198713446 47
1752134542149 0.46145883396798404 48
1752134640917 0.4747680136049392 49
1752134739347 0.464324004584273 50
1752134792902 0.46497097859440273 51
1752134848318 0.4639358201781951 52
1752134903928 0.4628821767902695 53
1752134957612 0.46776220932381973 54
1752135011006 0.46149580391142003 55
1752135065932 0.46334430108321933 56
1752135120559 0.47741136456061223 57
1752135181754 0.4728455765462679 58
1752135240855 0.4670228104551 59
1752135296365 0.47147768863913636 60
1752135353624 0.48075714444156903 61
1752135407330 0.47288254648970385 62
1752135461539 0.4640282450367851 63
1752135514522 0.47685681540907243 64
1752135570181 0.47192132796036823 65
1752135625286 0.47036859033605677 66
1752135678050 0.455987282339458 67
1752135733519 0.4745092240008873 68
1752135791445 0.4668934156530741 69
1752135848940 0.47537801767163296 70
1752135905377 0.4728640615179859 71
1752135956612 0.483566860142704 72
1752136012611 0.47129283892195645 73
1752136068366 0.47317830603719174 74
1752136124776 0.4761359015120707 75
1752136179597 0.4683537284187955 76
1752136230304 0.46473067396206885 77
1752136283317 0.4846389885023476 78
1752136341656 0.47789197382528004 79
1752136398497 0.47081222965728864 80
1752136452290 0.4658212872934304 81
1752136510753 0.48203260749011057 82
1752136570548 0.47062737994010867 83
1752136624157 0.47515619801101705 84
1752136676245 0.48454656364375764 85
1752136732503 0.48367776997301193 86
1752136785036 0.48358534511442197 87
1752136838144 0.4762837812858146 88
1752136891245 0.47785500388184404 89
1752136951878 0.4874117342600466 90
1752137006958 0.4730858811786018 91
1752137062084 0.47552589744537693 92
1752137118121 0.4788531923546157 93
1752137174065 0.48147805833857077 94
1752137228041 0.4798513808273873 95
1752137283370 0.4855632370882473 96
1752137338933 0.47378831010388556 97
1752137390264 0.47864985766571777 98
1752137445051 0.480664719582979 99
1752137498868 0.47785500388184404 100
1752137539403 0.4867462752781988 101
1752137581956 0.48781840363784246 102
1752137623114 0.47990683574254134 103
1752137665372 0.48743021923176455 104
1752137705939 0.4914599430662871 105
1752137746263 0.4723464823098821 106
1752137787027 0.4951014824947318 107
1752137829974 0.4925690413693667 108
1752137872010 0.49824392768679066 109
1752137916192 0.4791119819586676 110
1752137954909 0.4921254020481349 111
1752137995413 0.49033235979148954 112
1752138037076 0.48881659211061407 113
1752138078854 0.48999963030056565 114
1752138121215 0.4939554142482162 115
1752138164332 0.49353025989870236 116
1752138206236 0.4873932492883286 117
1752138243955 0.4826610965285223 118
1752138286674 0.48558172205996525 119
1752138327729 0.489001441827794 120
1752138368292 0.4804059299789271 121
1752138409396 0.4931975304077785 122
1752138454345 0.4895744759510518 123
1752138495110 0.4957299715331436 124
1752138538887 0.47898258715664166 125
1752138580105 0.4969314946948131 126
1752138621788 0.48443565381344966 127
1752138663241 0.4907205441975674 128
1752138704446 0.4866353654478909 129
1752138749760 0.4850086879367075 130
1752138789568 0.49240267662390474 131
1752138827884 0.4902029649894636 132
1752138869994 0.4736774002735776 133
1752138909085 0.4928463159451366 134
1752138951447 0.4785759177788458 135
1752138993567 0.4709785944027506 136
1752139040976 0.4843617139265777 137
1752139080406 0.4950645125512958 138
1752139120422 0.48147805833857077 139
1752139162661 0.49129357832082515 140
1752139202178 0.5024030463233391 141
1752139245237 0.49192206735923694 142
1752139285843 0.5017560723132094 143
1752139327244 0.49678361492106915 144
1752139367886 0.4887981071388961 145
1752139408076 0.48835446781766423 146
1752139449864 0.48774446375097047 147
1752139491235 0.49953787570705016 148
1752139534514 0.4952123923250397 149
1752139575390 0.4942326888239861 150
1752139601600 0.48811416318533035 151
1752139628020 0.48535990239934934 152
1752139655315 0.48340049539724206 153
1752139682959 0.497301194129173 154
1752139711233 0.4892602314318459 155
1752139739131 0.49846574734740656 156
1752139767203 0.5017930422566453 157
1752139795771 0.5077636881215571 158
1752139823198 0.508318237273097 159
1752139852062 0.5029945654183149 160
1752139880116 0.49931605604643425 161
1752139907928 0.4920884321046989 162
1752139935982 0.4969314946948131 163
1752139962366 0.48023956523346517 164
1752139991371 0.4931605604643425 165
1752140019090 0.49850271729084256 166
1752140045986 0.49685755480794114 167
1752140073391 0.4977818033938408 168
1752140101572 0.5105179489075382 169
1752140129272 0.4884468926762542 170
1752140157008 0.5031609301637768 171
1752140184486 0.4930866205774705 172
1752140213606 0.5035675995415727 173
1752140240406 0.5016821324263374 174
1752140267549 0.5019594070021073 175
1752140295791 0.5022366815778772 176
1752140324206 0.499889090169692 177
1752140352227 0.5099449147842804 178
1752140379170 0.5059521608931938 179
1752140407719 0.5085215719619949 180
1752140436269 0.5050279123072942 181
1752140464791 0.5048985175052683 182
1752140492067 0.5031054752486229 183
1752140518960 0.505471551628526 184
1752140546565 0.5049539724204222 185
1752140575142 0.5088727864246367 186
1752140604016 0.5043069984102925 187
1752140631520 0.513549484269289 188
1752140659262 0.5042515434951385 189
1752140686586 0.5159340456209102 190
1752140714038 0.5011090983030796 191
1752140741946 0.49382601944619026 192
1752140771075 0.5093718806610226 193
1752140798419 0.49761543864837887 194
1752140826926 0.5026063810122371 195
1752140853680 0.4990018115272284 196
1752140880888 0.5059891308366298 197
1752140908562 0.5158785907057563 198
1752140937039 0.5077636881215571 199
1752140965352 0.513845243816777 200
