1753673478058 0.0304867918258847 0
1753673496304 0.05349725868084399 1
1753673511468 0.06246884864595448 2
1753673530326 0.0868084399401894 3
1753673548382 0.10848978235587307 4
1753673565925 0.11538461538461539 5
1753673582854 0.1285097192224622 6
1753673600021 0.14578833693304535 7
1753673614480 0.1571689649443429 8
1753673632119 0.1651437115799967 9
1753673647880 0.17677355042365842 10
1753673664711 0.18341917262003654 11
1753673680410 0.19147698953314504 12
1753673698270 0.2044359528160824 13
1753673712294 0.21332447250373815 14
1753673730856 0.22462203023758098 15
1753673748272 0.23168300382123277 16
1753673764155 0.2290247549426815 17
1753673782653 0.24073766406379798 18
1753673800391 0.2473832862601761 19
1753673817009 0.2492939026416348 20
1753673835871 0.2512875893005483 21
1753673851564 0.2561056653929224 22
1753673870696 0.2600930387107493 23
1753673885816 0.259262335936202 24
1753673902641 0.26856620701113143 25
1753673921016 0.2680677853464031 26
1753673940490 0.2722212992191394 27
1753673955762 0.27828542947333446 28
1753673972818 0.2830204352882539 29
1753673991736 0.2802791161322479 30
1753674008865 0.2820235919587971 31
1753674024937 0.28451570028243894 32
1753674042924 0.28567868416680514 33
1753674057979 0.28700780860608077 34
1753674077271 0.29423492274464197 35
1753674091688 0.2891676358199036 36
1753674108246 0.2947333444093703 37
1753674126285 0.2971423824555574 38
1753674144042 0.29847150689483304 39
1753674162659 0.3045356371490281 40
1753674177925 0.30536633992357537 41
1753674196782 0.3052001993686659 42
1753674214823 0.3041202857617544 43
1753674233275 0.3058647615883037 44
1753674248788 0.3075261671373982 45
1753674268575 0.3052001993686659 46
1753674285404 0.3102674862934042 47
1753674304734 0.3105166971257684 48
1753674320063 0.3110981890679515 49
1753674335368 0.3123442432297724 50
1753674353463 0.3116796810101346 51
1753674371192 0.31201196211995347 52
1753674387101 0.3176607409868749 53
1753674398975 0.3170792490446918 54
1753674418401 0.3195713573683336 55
1753674437548 0.3184914437614222 56
1753674454134 0.3204851304203356 57
1753674472205 0.32040206014288086 58
1753674486438 0.317328459877056 59
1753674504625 0.31965442764578833 60
1753674519668 0.31400564877886694 61
1753674537433 0.31525170294068783 62
1753674554359 0.31898986542615054 63
1753674570632 0.3230603090214321 64
1753674586741 0.32463864429307193 65
1753674604954 0.3253032065127098 66
1753674621200 0.3236418009636152 67
1753674640095 0.320069779033062 68
1753674657559 0.32181425485961124 69
1753674673635 0.3235587306861605 70
1753674692798 0.3253032065127098 71
1753674712209 0.32380794151852466 72
1753674730801 0.3213158331948829 73
1753674748139 0.3258846984548928 74
1753674767774 0.32522013623525503 75
1753674784780 0.32256188735670377 76
1753674800685 0.32621697956471174 77
1753674817948 0.32621697956471174 78
1753674831805 0.328875228443263 79
1753674849180 0.3260508390098023 80
1753674868518 0.32596776873234756 81
1753674878794 0.3260508390098023 82
1753674894807 0.33120119621199534 83
1753674905482 0.32779531483635155 84
1753674919179 0.3282106662236252 85
1753674936410 0.3292075095530819 86
1753674955321 0.3295397906629008 87
1753674974454 0.33078584482472173 88
1753674991951 0.3292075095530819 89
1753675009520 0.33394251536800135 90
1753675027845 0.3324472503738162 91
1753675043695 0.3302874231599934 92
1753675059980 0.33377637481309186 93
1753675073575 0.3329456720385446 94
1753675088741 0.3362684831367337 95
1753675106841 0.32837680677853465 96
1753675125568 0.3312842664894501 97
1753675142751 0.32995514205017445 98
1753675158006 0.3314504070443595 99
1753675175898 0.331616547599269 100
