1753673478059 4.5592892836903065 0
1753673496306 4.433494577642347 1
1753673511469 4.302845175599992 2
1753673530327 4.17724259113153 3
1753673548383 4.071887446582292 4
1753673565926 3.965343870200646 5
1753673582855 3.8725303191505294 6
1753673600023 3.8037764138662298 7
1753673614481 3.7311965067780486 8
1753673632120 3.670190579653688 9
1753673647881 3.616377035876992 10
1753673664712 3.5683479019953155 11
1753673680411 3.513256965940266 12
1753673698271 3.4497194600586334 13
1753673712295 3.418417287053256 14
1753673730857 3.372190243258803 15
1753673748273 3.3422358120224365 16
1753673764156 3.328695929716895 17
1753673782654 3.2858324173920894 18
1753673800392 3.2376750375153187 19
1753673817010 3.243493569704002 20
1753673835872 3.2128161895219995 21
1753673851565 3.2091516072682946 22
1753673870697 3.184034881219988 23
1753673885817 3.16218237430421 24
1753673902642 3.1462982573545295 25
1753673921017 3.121886090039205 26
1753673940491 3.1120382181457633 27
1753673955763 3.0861625954502516 28
1753673972819 3.0551349268133974 29
1753673991737 3.0853508397680014 30
1753674008866 3.066419620481846 31
1753674024938 3.0479361869022092 32
1753674042925 3.0389727993189863 33
1753674057980 3.028361908086161 34
1753674077272 3.0107672455657575 35
1753674091689 3.022348387144152 36
1753674108247 2.9985475331833005 37
1753674126286 2.979426964873173 38
1753674144043 2.9851765247541797 39
1753674162660 2.960695004315374 40
1753674177926 2.9734258576820456 41
1753674196783 2.9719396952434765 42
1753674214824 2.963082834119905 43
1753674233276 2.9368517259656506 44
1753674248789 2.9414277658862393 45
1753674268576 2.9360495725190154 46
1753674285405 2.936304914670714 47
1753674304735 2.9305411176853893 48
1753674320064 2.9246709187800466 49
1753674335369 2.927359468862258 50
1753674353464 2.912783093014501 51
1753674371193 2.920819776794298 52
1753674387103 2.9061102125889215 53
1753674398976 2.8992295442834126 54
1753674418403 2.9050974819516373 55
1753674437550 2.886048072511381 56
1753674454135 2.899159377327282 57
1753674472206 2.9041954854572958 58
1753674486439 2.90504709018309 59
1753674504626 2.8893310717420952 60
1753674519670 2.892980767904885 61
1753674537434 2.88296220784505 62
1753674554360 2.901872638107198 63
1753674570633 2.8789470044065295 64
1753674586742 2.8736951307633585 65
1753674604955 2.869669867255899 66
1753674621201 2.864656891979155 67
1753674640096 2.8714819526837725 68
1753674657560 2.8723419259680876 69
1753674673636 2.860884754371623 70
1753674692799 2.8649157494018436 71
1753674712210 2.860084677441574 72
1753674730803 2.8523627816252772 73
1753674748140 2.8506607140135296 74
1753674767775 2.860813631711762 75
1753674784781 2.828261682357343 76
1753674800686 2.8306942386079004 77
1753674817949 2.8240345338842556 78
1753674831806 2.831192796122081 79
1753674849181 2.840909599399757 80
1753674868519 2.8386181851441044 81
1753674878795 2.8383167395325155 82
1753674894808 2.839584695348323 83
1753674905483 2.8402045095177346 84
1753674919180 2.822075413186894 85
1753674936411 2.8261318659271297 86
1753674955322 2.80744782634496 87
1753674974456 2.8212980160872543 88
1753674991952 2.828622532027416 89
1753675009521 2.798598279981565 90
1753675027846 2.8056789089421756 91
1753675043696 2.8084619652014813 92
1753675059981 2.82173206834745 93
1753675073576 2.8234988798823064 94
1753675088742 2.7982356548559872 95
1753675106842 2.809476613553696 96
1753675125569 2.8084631896585215 97
1753675142752 2.8183068392368464 98
1753675158007 2.808912233081922 99
1753675175899 2.8112191802228184 100
