1753598005130 0.016697125768400066 0
1753598026890 0.02184748297059312 1
1753598047654 0.03646785180262502 2
1753598071543 0.049925236750290744 3
1753598093953 0.06853297890014953 4
1753598112492 0.08257185578999834 5
1753598133418 0.09403555407875062 6
1753598156434 0.10932048513042034 7
1753598180353 0.12277787007808606 8
1753598198962 0.1304203356039209 9
1753598217829 0.12776208672536965 10
1753598230115 0.14329622860940355 11
1753598250353 0.14396079082904137 12
1753598264994 0.16248546270144543 13
1753598285357 0.16099019770726034 14
1753598298561 0.16946336600764247 15
1753598316670 0.18026250207675693 16
1753598336583 0.18300382123276293 17
1753598356231 0.18865260009968432 18
1753598369088 0.18940023259677688 19
1753598388944 0.19887024422661573 20
1753598409088 0.20177770393753114 21
1753598420321 0.20269147698953313 22
1753598441133 0.21174613723209834 23
1753598462821 0.21066622362518692 24
1753598482062 0.21216148861937198 25
1753598504878 0.22237913274630336 26
1753598526738 0.22636650606413025 27
1753598547460 0.22952317660740987 28
1753598569125 0.23392590131251037 29
1753598592540 0.23766406379797309 30
1753598613102 0.23575344741651438 31
1753598634582 0.2395746801794318 32
1753598654709 0.24156836683834523 33
1753598674963 0.24032231267652435 34
1753598696301 0.24655258348562883 35
1753598716160 0.2482139890347234 36
1753598734010 0.25153680013291246 37
1753598753691 0.2556903140056488 38
1753598774303 0.262003655092208 39
1753598797916 0.2650772553580329 40
1753598820034 0.263831201196212 41
1753598839020 0.2659910284100349 42
1753598856968 0.26333277953148365 43
1753598875209 0.2664063797973085 44
1753598896261 0.26873234756604086 45
1753598917761 0.26557567702276125 46
1753598937770 0.2698122611729523 47
1753598959606 0.2702276125602259 48
1753598978455 0.27454726698787174 49
1753598998400 0.2770393753115135 50
1753599018201 0.27911613224788173 51
1753599036835 0.27371656421332446 52
1753599057309 0.2754610400398737 53
1753599078407 0.27828542947333446 54
1753599097350 0.27911613224788173 55
1753599116964 0.28110981890679515 56
1753599137489 0.2820235919587971 57
1753599156505 0.28734008971589964 58
1753599174365 0.2819405216813424 59
1753599196649 0.28451570028243894 60
1753599217288 0.27894999169297224 61
1753599236258 0.28609403555407875 62
1753599257255 0.28393420834025584 63
1753599274082 0.29348729024754944 64
1753599295456 0.2880046519355375 65
1753599316056 0.28734008971589964 66
1753599334478 0.28983219803954147 67
1753599349611 0.2893337763748131 68
1753599367310 0.28875228443263 69
1753599387710 0.29074597109154343 70
1753599407413 0.2931550091377305 71
1753599429209 0.2934042199700947 72
1753599448973 0.2911613224788171 73
1753599467317 0.29390264163482305 74
1753599481697 0.29980063133410867 75
1753599501986 0.300299052998837 76
1753599516488 0.290579830536634 77
1753599538769 0.29672703106828374 78
1753599561918 0.3035387938195714 79
1753599580995 0.29606246884864595 80
1753599604362 0.2973915932879216 81
1753599622976 0.2983884366173783 82
1753599633609 0.2937365010799136 83
1753599656034 0.2978069446751952 84
1753599674266 0.30146203688320317 85
1753599696117 0.3017943179930221 86
1753599719870 0.3061139724206679 87
1753599740674 0.3063631832530321 88
1753599751432 0.30262502076756936 89
1753599772482 0.3015451071606579 90
1753599794303 0.30245888021265993 91
1753599815019 0.30004984216647285 92
1753599837541 0.29863764744974247 93
1753599858304 0.3076923076923077 94
1753599875449 0.3033726532646619 95
1753599893542 0.30162817743811265 96
1753599911438 0.30403721548429974 97
1753599930408 0.3031234424322977 98
1753599948843 0.30669546436285094 99
1753599970348 0.30686160491776043 100
