1753598005131 4.5700439853532515 0
1753598026891 4.495830851834447 1
1753598047655 4.433908231564211 2
1753598071545 4.384393724743655 3
1753598093954 4.332933159073069 4
1753598112493 4.285714555544992 5
1753598133419 4.250505601045202 6
1753598156435 4.203359468558464 7
1753598180354 4.1889119215354835 8
1753598198964 4.1489179454655 9
1753598217831 4.126906964938045 10
1753598230117 4.112655788566508 11
1753598250354 4.1166646184220825 12
1753598264995 4.0633395133743875 13
1753598285358 4.053925404553135 14
1753598298562 4.072087725465032 15
1753598316671 4.070017868179386 16
1753598336584 4.08485713329842 17
1753598356232 4.052303571448114 18
1753598369089 4.037506529902734 19
1753598388945 4.072622087877848 20
1753598409089 4.065721971553647 21
1753598420323 4.066327251707517 22
1753598441134 4.049994400054447 23
1753598462822 4.079212502845538 24
1753598482063 4.066936041239192 25
1753598504879 4.077239729565391 26
1753598526739 4.084856527311628 27
1753598547461 4.093153472511957 28
1753598569126 4.050604843262674 29
1753598592541 4.059068559103617 30
1753598613103 4.045406514679345 31
1753598634583 4.075580365364959 32
1753598654710 4.11274524206745 33
1753598674964 4.128295459266386 34
1753598696302 4.074106678700293 35
1753598716162 4.100869845779004 36
1753598734011 4.073349260116476 37
1753598753692 4.066260150808948 38
1753598774304 4.133375383964965 39
1753598797917 4.077491990322347 40
1753598820035 4.110070333548933 41
1753598839021 4.138582573391748 42
1753598856969 4.142231860378343 43
1753598875210 4.147362735324336 44
1753598896262 4.130613310363508 45
1753598917762 4.158229190301985 46
1753598937771 4.175470096592525 47
1753598959607 4.135336694856597 48
1753598978456 4.127829666690463 49
1753598998401 4.177386451625605 50
1753599018202 4.140488996375278 51
1753599036836 4.1440265627991435 52
1753599057311 4.17198121411752 53
1753599078408 4.1675914530163904 54
1753599097351 4.1711735024028656 55
1753599116965 4.168895379254498 56
1753599137490 4.176669349983961 57
1753599156507 4.173909134671738 58
1753599174366 4.1821623773573835 59
1753599196650 4.162489223253231 60
1753599217289 4.15410998207327 61
1753599236259 4.176911077955373 62
1753599257256 4.171994060920257 63
1753599274083 4.2255279610386 64
1753599295457 4.205529323698562 65
1753599316057 4.228604414343809 66
1753599334479 4.205381646393782 67
1753599349612 4.197558667425781 68
1753599367311 4.242980380990211 69
1753599387711 4.216432170492257 70
1753599407414 4.235042400266815 71
1753599429210 4.2052516018803034 72
1753599448974 4.239991763348259 73
1753599467318 4.237685301577503 74
1753599481698 4.260069522393201 75
1753599501987 4.253982290466552 76
1753599516489 4.27752845150503 77
1753599538770 4.282389265563254 78
1753599561919 4.257640011198577 79
1753599580996 4.272087612319726 80
1753599604363 4.276214031244976 81
1753599622977 4.30198997358294 82
1753599633610 4.326217203166201 83
1753599656035 4.3129414724964406 84
1753599674267 4.2874741595792685 85
1753599696118 4.313817695185439 86
1753599719871 4.293466215706515 87
1753599740675 4.283890318517581 88
1753599751433 4.329137968684021 89
1753599772484 4.2989450409387935 90
1753599794304 4.291583764304249 91
1753599815020 4.294100182285666 92
1753599837542 4.304748061396607 93
1753599858305 4.311242192247768 94
1753599875450 4.328202268167579 95
1753599893543 4.360208368577028 96
1753599911439 4.345157914052301 97
1753599930409 4.349209484089416 98
1753599948844 4.3536234406914565 99
1753599970349 4.339261832459748 100
