1754592623545 0.1939795969646716 0
1754592636200 0.2782551887029499 1
1754592653948 0.29916076184732904 2
1754592673523 0.46178199909543194 3
1754592699206 0.5330921151816674 4
1754592718560 0.5926428463741896 5
1754592734876 0.629127091813659 6
1754592747872 0.6613397658173777 7
1754592770892 0.7013920297502387 8
1754592787068 0.7533544399216041 9
1754592798884 0.7493341373938389 10
1754592817198 0.7304387155133424 11
1754592834030 0.7368711995577667 12
1754592855216 0.7384290667872757 13
1754592872250 0.7836072164430373 14
1754592889691 0.7334036886275692 15
1754592905687 0.7941605105784211 16
1754592922820 0.7915473139353736 17
1754592939400 0.8032564450474898 18
1754592952005 0.7993366500829188 19
1754592969481 0.7907432534298205 20
1754592983953 0.7793356450072868 21
1754592994576 0.7937584803256446 22
1754593008700 0.8155183677571737 23
1754593020864 0.7930549273832856 24
1754593031772 0.8054173576561636 25
1754593044880 0.8247650635710337 26
1754593060538 0.8239610030654807 27
1754593076575 0.8242625257550631 28
1754593090667 0.8261219156741545 29
1754593110376 0.8132066938037087 30
1754593124114 0.8279813055932459 31
1754593141968 0.8254686165133927 32
1754593155596 0.8336097291321172 33
1754593168484 0.8307955173626815 34
1754593187213 0.8289361274435901 35
1754593204060 0.8330066837529524 36
1754593217589 0.8328559224081612 37
1754593235858 0.8189858786873713 38
1754593246673 0.8331071913161465 39
1754593263332 0.8297904417307402 40
1754593277520 0.8374290165334941 41
1754593295586 0.8315995778682346 42
1754593308787 0.8229056736519423 43
1754593323370 0.8324538921553847 44
1754593335796 0.8430574400723655 45
1754593352400 0.8445147997386804 46
1754593373407 0.8341122669480878 47
1754593392485 0.8439117543595156 48
1754593413194 0.8320016081210111 49
1754593425599 0.8422533795668125 50
1754593442924 0.8454193678074275 51
1754593461754 0.8414493190612593 52
1754593473734 0.8394391677973767 53
1754593489785 0.8432584551987538 54
1754593509042 0.8479320568872808 55
1754593519710 0.848082818232072 56
1754593538038 0.8376300316598824 57
1754593553591 0.846524951002563 58
1754593565301 0.8422031257852154 59
1754593580870 0.8524046434494196 60
1754593600463 0.8475802804161013 61
1754593617300 0.8432584551987538 62
1754593628151 0.8433087089803508 63
1754593647315 0.8490376400824162 64
1754593665532 0.842655409819589 65
1754593679908 0.8425549022563948 66
1754593695857 0.848886878737625 67
1754593709251 0.849640685461581 68
1754593731852 0.8495904316799839 69
1754593748965 0.8533594652997638 70
1754593764264 0.8447158148650686 71
1754593777001 0.8491381476456104 72
1754593790569 0.8423538871300066 73
1754593810965 0.8425549022563948 74
1754593828466 0.8502939846223428 75
1754593840232 0.8571284989195437 76
1754593857790 0.8463741896577718 77
1754593880527 0.8486356098296397 78
1754593894847 0.8435599778883361 79
1754593910398 0.8569777375747525 80
1754593931949 0.8484848484848485 81
1754593945819 0.8549675863108699 82
1754593965398 0.8566762148851701 83
1754593981181 0.8487863711744309 84
1754593999904 0.8545655560580934 85
1754594013502 0.8436102316699332 86
1754594034383 0.854264033368511 87
1754594051690 0.8578320518619026 88
1754594073695 0.8478818031056837 89
1754594086817 0.8479320568872808 90
1754594107013 0.8414493190612593 91
1754594124042 0.8475300266345043 92
1754594136099 0.8459219056233982 93
1754594154718 0.8543645409317051 94
1754594170856 0.8608472787577265 95
1754594185926 0.8499924619327605 96
1754594197072 0.8539122568973315 97
1754594210874 0.858133574551485 98
1754594232360 0.855017840092467 99
1754594244112 0.8489873863008192 100
