1754592623546 2.274749261479006 0
1754592636201 2.171267243836305 1
1754592653949 1.9821618389274092 2
1754592673524 1.8016875915100992 3
1754592699207 1.6086409205897299 4
1754592718561 1.4322188212644789 5
1754592734877 1.3511909360958692 6
1754592747873 1.2634600230144466 7
1754592770893 1.1864850096349824 8
1754592787069 1.1209415843169626 9
1754592798885 1.1074336249737038 10
1754592817200 1.1225554110829576 11
1754592834031 1.081051924838208 12
1754592855217 1.1009616253868297 13
1754592872252 1.0266444300477824 14
1754592889692 1.1038318376471794 15
1754592905689 1.04294840041515 16
1754592922821 1.071594395215473 17
1754592939401 1.0425829554879316 18
1754592952006 1.059818712200662 19
1754592969482 1.0562247108593072 20
1754592983954 1.0967587911633985 21
1754592994577 1.0712062258095496 22
1754593008701 1.0349393965765596 23
1754593020865 1.0865711092890764 24
1754593031773 1.028806906321587 25
1754593044881 1.0340483650122132 26
1754593060539 1.0170704323748054 27
1754593076576 1.0446812527697062 28
1754593090669 1.0391169485425282 29
1754593110377 1.0545383256516494 30
1754593124115 1.0395694693678206 31
1754593141969 1.063886742378852 32
1754593155597 1.0397851671094984 33
1754593168485 1.0435119332860259 34
1754593187214 1.0339747169853557 35
1754593204061 1.0384746474484177 36
1754593217590 1.0321294650717463 37
1754593235859 1.1071445512878637 38
1754593246674 1.0530832826549479 39
1754593263333 1.0267359731596704 40
1754593277521 1.0626475740082555 41
1754593295587 1.0887076317762843 42
1754593308788 1.15252632968666 43
1754593323371 1.1020041041220907 44
1754593335798 1.0549326972916981 45
1754593352401 1.0717782871512098 46
1754593373408 1.0469768338130896 47
1754593392486 1.0589689314298156 48
1754593413196 1.0656496167778107 49
1754593425600 1.0538682463544262 50
1754593442925 1.0572984112059554 51
1754593461755 1.067646132091247 52
1754593473735 1.0661678676204758 53
1754593489786 1.0464545090825759 54
1754593509043 1.0710931421351797 55
1754593519711 1.0539463991944598 56
1754593538039 1.0564679998473128 57
1754593553592 1.0668333267084837 58
1754593565302 1.1177515455262834 59
1754593580871 1.0700680951245303 60
1754593600465 1.0970889838673026 61
1754593617301 1.0494731808397784 62
1754593628152 1.068924769570593 63
1754593647316 1.0690707534617319 64
1754593665533 1.1205267501082037 65
1754593679909 1.1061802522876938 66
1754593695858 1.0834142916680876 67
1754593709252 1.0985842850424765 68
1754593731853 1.1215937463455348 69
1754593748966 1.0857731202263545 70
1754593764265 1.1156237332029724 71
1754593777002 1.0646189579005287 72
1754593790570 1.0619668332492935 73
1754593810966 1.069955413720474 74
1754593828467 1.1080476850889247 75
1754593840233 1.1050147724135608 76
1754593857791 1.0968429046062191 77
1754593880528 1.0742445422379716 78
1754593894849 1.0743973729365317 79
1754593910400 1.0863197069136874 80
1754593931950 1.064017364443269 81
1754593945820 1.0956225754924653 82
1754593965399 1.0738075675646925 83
1754593981183 1.1272444594688946 84
1754593999905 1.1414159491816174 85
1754594013503 1.1516068833903053 86
1754594034385 1.073833741663143 87
1754594051691 1.1058794800677771 88
1754594073696 1.1014358397030035 89
1754594086818 1.111726801161891 90
1754594107014 1.1562184493722867 91
1754594124043 1.1468731951868607 92
1754594136100 1.130430499104516 93
1754594154719 1.1130372872829264 94
1754594170857 1.1053755284728266 95
1754594185927 1.134624050300901 96
1754594197073 1.0706296582583341 97
1754594210875 1.1179297019205767 98
1754594232361 1.1188834231732345 99
1754594244113 1.09272524346678 100
