1751916913904 2.287916651466177 0
1751917008365 2.1948971816421654 1
1751917104823 2.1122979392249746 2
1751917195429 2.327484748765997 3
1751917286381 2.175805457727172 4
1751917374373 2.082185955943982 5
1751917468480 2.1215044779350833 6
1751917556422 2.161627502222728 7
1751917645351 2.1827544818762745 8
1751917739638 2.1448478552475247 9
1751917825001 2.163210709825854 10
1751917913660 2.211237061201871 11
1751918012349 2.356267856809086 12
1751918108113 2.1848914947299307 13
1751918198572 2.2485820098502636 14
1751918291266 2.2230941585779145 15
1751918386449 2.298234267477073 16
1751918488710 2.316455996517127 17
1751918577724 2.192651704656379 18
1751918662494 2.3481046403047867 19
1751918748380 2.235499345154256 20
1751918834075 2.2129590597724733 21
1751918918561 2.3040626139106917 22
1751919010792 2.2270136895131203 23
1751919102279 2.3413707635308754 24
1751919199005 2.2842288831778808 25
1751919294485 2.3616407332693155 26
1751919385707 2.268684328453604 27
1751919470791 2.275113755033252 28
1751919567569 2.2624768754674793 29
1751919657727 2.3014379890939196 30
1751919745044 2.3708914424925513 31
1751919831949 2.3138163360024073 32
1751919917053 2.3102507181187906 33
1751920008368 2.306035936986343 34
1751920101810 2.3244741195390164 35
1751920192923 2.3557728229569816 36
1751920286127 2.3695124013851223 37
1751920382769 2.3386342735380814 38
1751920467875 2.3462800067662775 39
1751920561261 2.388181236176376 40
1751920646028 2.3380411241886394 41
1751920745089 2.550232837224948 42
1751920832174 2.34927845404681 43
1751920924959 2.380555032773891 44
1751921020161 2.3666074745889567 45
1751921110131 2.6198814266068213 46
1751921196983 2.430854349585887 47
1751921284776 2.3663284177565154 48
1751921381194 2.3836128173892246 49
1751921476568 2.386126264191552 50
1751921531981 2.337981876232686 51
1751921586285 2.313760020981982 52
1751921643671 2.2775864494628957 53
1751921704576 2.3406445811706673 54
1751921761313 2.2687420322477414 55
1751921817068 2.273935446397127 56
1751921877360 2.2792462861545015 57
1751921935068 2.293479538790749 58
1751921989749 2.269122717252716 59
1751922044612 2.28002153433892 60
1751922102727 2.2708602119093118 61
1751922160505 2.2838388201234285 62
1751922215856 2.3024401411101016 63
1751922269952 2.3016329312534065 64
1751922325193 2.31794063535392 65
1751922385816 2.3033903712498227 66
1751922445945 2.268503835845703 67
1751922501905 2.2455059583397365 68
1751922556186 2.2577575100567593 69
1751922612996 2.271628020291688 70
1751922668629 2.312286318521074 71
1751922727607 2.3129182132486057 72
1751922788358 2.3092360952734534 73
1751922844018 2.27888738959382 74
1751922900547 2.2905046482410865 75
1751922953745 2.2940234202044882 76
1751923009992 2.3281705513150097 77
1751923068661 2.3009245676211454 78
1751923123111 2.2973679322228646 79
1751923175772 2.328759418952873 80
1751923233689 2.284540633065986 81
1751923292533 2.2862616181762405 82
1751923349171 2.2835160695865517 83
1751923402537 2.317305631971006 84
1751923461287 2.276127032180216 85
1751923515227 2.3232698012098245 86
1751923570803 2.30857782156423 87
1751923622640 2.2718414412923353 88
1751923679675 2.327978741366483 89
1751923736195 2.320037687858826 90
1751923799048 2.3033816555662296 91
1751923853241 2.296630301460271 92
1751923910517 2.282469842363888 93
1751923966861 2.286535197000542 94
1751924028432 2.3148569969402915 95
1751924085091 2.3235344349653744 96
1751924138346 2.2938189231673003 97
1751924194859 2.318564578467622 98
1751924249270 2.30311474135362 99
1751924311468 2.290659082106612 100
1751924356795 2.243094670979351 101
1751924399088 2.234594067121408 102
1751924440508 2.222976957909279 103
1751924480658 2.2083637584958966 104
1751924521478 2.1783939585459056 105
1751924563399 2.179491866117876 106
1751924602959 2.1852549120253357 107
1751924644805 2.233735339551006 108
1751924685673 2.1819753880497905 109
1751924728903 2.1871904218308167 110
1751924772297 2.162108407951298 111
1751924813835 2.1553232911882194 112
1751924859293 2.2587159285344396 113
1751924901768 2.169692728835779 114
1751924945880 2.1789912547544374 115
1751924989370 2.187810076141315 116
1751925028414 2.1376034563421014 117
1751925066853 2.1597312614956996 118
1751925109209 2.138309918801047 119
1751925150672 2.150467526036928 120
1751925192875 2.1516898683238543 121
1751925235417 2.1403541031309454 122
1751925274955 2.151555683949825 123
1751925317329 2.208242110561747 124
1751925359435 2.171174950050295 125
1751925402556 2.1535796740730837 126
1751925445849 2.154048321065485 127
1751925487306 2.139585798150639 128
1751925527178 2.2171531030867437 129
1751925571100 2.145305360291702 130
1751925615278 2.2288713757180956 131
1751925661145 2.1797543625843656 132
1751925701936 2.175170180896113 133
1751925745006 2.151710722706195 134
1751925787158 2.1877287607603577 135
1751925830696 2.1653237960369642 136
1751925871404 2.1425772060641632 137
1751925913801 2.118464063724232 138
1751925954988 2.1372362561131633 139
1751925994993 2.150547272240629 140
1751926035707 2.1704373135432005 141
1751926077901 2.1428956049618986 142
1751926118067 2.1528227784092966 143
1751926160313 2.1616337936306995 144
1751926203002 2.113905138720333 145
1751926244348 2.145343884039754 146
1751926287285 2.144977337560729 147
1751926332140 2.174390772910423 148
1751926377295 2.1246294201398657 149
1751926420869 2.1672052971906934 150
1751926448682 2.056204463249275 151
1751926476748 2.00842857160533 152
1751926504619 1.987921632086894 153
1751926532528 1.9717417004611162 154
1751926559860 1.9711070144723457 155
1751926586285 1.9678732160551384 156
1751926614368 1.960585459668959 157
1751926641747 1.9359976734336652 158
1751926669355 1.9408234632972814 159
1751926696967 1.953077111896237 160
1751926725324 1.9601001105143787 161
1751926754065 1.949411704864479 162
1751926782547 1.9585114460000732 163
1751926811538 1.966232503504922 164
1751926840233 1.9618534311393903 165
1751926867971 2.0111446370377717 166
1751926895740 1.9300704169318923 167
1751926924356 1.9489912233313587 168
1751926953129 1.9496245750378567 169
1751926981420 1.9595359427837582 170
1751927009428 1.9437090186602681 171
1751927037770 1.9493434552074467 172
1751927065803 1.9384062356150569 173
1751927094209 1.9307362774041412 174
1751927122468 1.9338015706727338 175
1751927149864 1.9282309261299326 176
1751927177552 1.9304484859047826 177
1751927206218 1.9516466292810843 178
1751927234148 2.0343092766324586 179
1751927262180 1.9301466838736234 180
1751927290069 1.9547113110101737 181
1751927317874 1.9616784874046769 182
1751927345097 1.9439197243511115 183
1751927374354 1.933534593497476 184
1751927402568 1.954773348726366 185
1751927431042 1.9407998317302901 186
1751927459518 1.9426370972536442 187
1751927487174 1.9458160811786815 188
1751927514961 1.933800148542902 189
1751927542663 1.9442984320423986 190
1751927571029 1.9911026339104891 191
1751927598129 1.9264673249909379 192
1751927624704 1.9194572820687392 193
1751927651817 1.9336250663121641 194
1751927680363 1.9377150345739842 195
1751927708101 1.9392752256600252 196
1751927736586 1.9332637958545886 197
1751927764786 1.9252307015332213 198
1751927792912 1.9757915555166488 199
1751927821482 1.9280389240389102 200
