1752688453561 0.017943179930220966 0
1752688460024 0.02184748297059312 1
1752688466565 0.030569862103339424 2
1752688472942 0.036384781525170294 3
1752688479328 0.04120285761754444 4
1752688485760 0.047516198704103674 5
1752688492181 0.054909453397574345 6
1752688498727 0.06064130254195049 7
1752688505342 0.06736999501578335 8
1752688511814 0.07492939026416348 9
1752688518253 0.08174115301545107 10
1752688524595 0.08174115301545107 11
1752688531198 0.08223957468017944 12
1752688537829 0.09013125103837846 13
1752688544417 0.09411862435620535 14
1752688550964 0.09993354377803622 15
1752688557454 0.09744143545439442 16
1752688563939 0.10184416015949493 17
1752688570397 0.10790829041368998 18
1752688577003 0.10749293902641635 19
1752688583307 0.11372320983552085 20
1752688589709 0.11721216148861938 21
1752688596171 0.11530154510716066 22
1752688602728 0.1247715567369995 23
1752688609392 0.12618375145372984 24
1752688615954 0.13141717893337765 25
1752688622359 0.131001827546104 26
1752688628730 0.12468848645954478 27
1752688635137 0.13299551420501746 28
1752688641524 0.13997341751121448 29
1752688648020 0.1496926399734175 30
1752688654570 0.1468682505399568 31
1752688660972 0.1462867585977737 32
1752688667391 0.14919421830868915 33
1752688673787 0.1472005316497757 34
1752688680145 0.15592291078252202 35
1752688686552 0.15484299717561056 36
1752688692899 0.16007642465525834 37
1752688699278 0.1617378302043529 38
1752688705705 0.16165475992689815 39
1752688712151 0.172038544608739 40
1752688718555 0.172038544608739 41
1752688725049 0.17253696627346735 42
1752688731420 0.1696295065625519 43
1752688737807 0.18042864263166639 44
1752688744234 0.17885030736002658 45
1752688750795 0.1748629340421997 46
1752688757246 0.18441601594949328 47
1752688763687 0.18740654593786343 48
1752688770235 0.1885695298222296 49
1752688776861 0.19114470842332612 50
1752688783563 0.19172620036550922 51
1752688790124 0.1944675195215152 52
1752688796680 0.19205848147532814 53
1752688803139 0.19479980063133412 54
1752688809571 0.2009470011629839 55
1752688815931 0.19887024422661573 56
1752688822326 0.1994517361687988 57
1752688828746 0.20152849310516696 58
1752688835134 0.20260840671207841 59
1752688841523 0.20858946668881875 60
1752688847829 0.20667885030736002 61
1752688854455 0.2078418341917262 62
1752688860834 0.21008473168300382 63
1752688867197 0.21523508888519688 64
1752688873574 0.21465359694301378 65
1752688880076 0.21714570526665558 66
1752688886438 0.21988702442266156 67
1752688892925 0.2165642133244725 68
1752688899462 0.21673035387938197 69
1752688906016 0.22113307858448247 70
1752688912615 0.22320983552085064 71
1752688918999 0.22312676524339592 72
1752688925530 0.22487124106994516 73
1752688932163 0.22603422495431136 74
1752688938701 0.22470510051503573 75
1752688945306 0.22570194384449244 76
1752688951786 0.23110151187904968 77
1752688958099 0.22877554411031734 78
1752688964529 0.23716564213324473 79
1752688970905 0.23459046353214819 80
1752688977543 0.23699950157833527 81
1752688984175 0.23625186908124274 82
1752688990654 0.2393254693470676 83
1752688997006 0.23758099352051837 84
1752689003420 0.23791327463033726 85
1752689009844 0.2374148529656089 86
1752689016235 0.23824555574015618 87
1752689022705 0.2458049509885363 88
1752689029114 0.246801794317993 89
1752689035508 0.2492939026416348 90
1752689041935 0.2497923243063632 91
1752689048282 0.2512875893005483 92
1752689054734 0.25037381624854627 93
1752689061055 0.2536966273467353 94
1752689067398 0.2548596112311015 95
1752689073827 0.2505399568034557 96
1752689080288 0.2562718059478319 97
1752689086735 0.25436118956637316 98
1752689093168 0.2576009303871075 99
1752689099640 0.2578501412194717 100
