1752688453562 4.617446315143227 0
1752688460025 4.591800672459772 1
1752688466566 4.557321150997398 2
1752688472943 4.512561268744323 3
1752688479329 4.469691623254402 4
1752688485761 4.423516425328778 5
1752688492182 4.378285142943457 6
1752688498728 4.33471320190566 7
1752688505343 4.292473815228068 8
1752688511815 4.248938315553092 9
1752688518254 4.209756921398985 10
1752688524596 4.169448569623699 11
1752688531199 4.135965825881012 12
1752688537830 4.098540435773377 13
1752688544418 4.0674376862046095 14
1752688550964 4.02961765482126 15
1752688557455 4.004184087718821 16
1752688563940 3.985035205548829 17
1752688570398 3.9541675594485373 18
1752688577004 3.9271561060196314 19
1752688583308 3.909509966683117 20
1752688589709 3.8804895200364578 21
1752688596172 3.864403732236868 22
1752688602729 3.8399215015156423 23
1752688609393 3.818550143837177 24
1752688615955 3.7883348826752736 25
1752688622360 3.767283770756443 26
1752688628731 3.7574290403451878 27
1752688635138 3.733487373292321 28
1752688641525 3.710990314525734 29
1752688648021 3.691099417114418 30
1752688654571 3.677397577188355 31
1752688660973 3.6602958348580095 32
1752688667392 3.644546324237649 33
1752688673788 3.6290663432152948 34
1752688680146 3.6062137631119273 35
1752688686553 3.598559018191594 36
1752688692899 3.577352612346298 37
1752688699278 3.5666028132905674 38
1752688705706 3.545819731433134 39
1752688712152 3.51982059574969 40
1752688718556 3.5094622308940333 41
1752688725050 3.5035798407843655 42
1752688731421 3.4854659046030387 43
1752688737808 3.471213303678624 44
1752688744235 3.4577187999751 45
1752688750796 3.456727013937712 46
1752688757247 3.4383510748294785 47
1752688763688 3.42054528574224 48
1752688770236 3.404184661551953 49
1752688776862 3.3963128595654832 50
1752688783564 3.380228851136163 51
1752688790125 3.3736765384674072 52
1752688796681 3.35969627918241 53
1752688803140 3.3522237056491253 54
1752688809572 3.3368515915207224 55
1752688815932 3.3253359920139722 56
1752688822327 3.314061764284762 57
1752688828747 3.300049708965898 58
1752688835135 3.296643446728481 59
1752688841524 3.277672402745488 60
1752688847830 3.2737334631430395 61
1752688854456 3.2677398987205253 62
1752688860835 3.25806916667013 63
1752688867198 3.2410900308936523 64
1752688873575 3.2293463854440976 65
1752688880077 3.218142872399871 66
1752688886439 3.211045200732537 67
1752688892926 3.2065110855014347 68
1752688899463 3.198950629040893 69
1752688906017 3.184355470677192 70
1752688912616 3.1715541946732633 71
1752688919000 3.1608538909988675 72
1752688925531 3.1567645440235914 73
1752688932164 3.150107788132639 74
1752688938702 3.141689377780119 75
1752688945307 3.1378491419410945 76
1752688951787 3.1253072889776177 77
1752688958100 3.1199582611226693 78
1752688964530 3.1051010544834243 79
1752688970906 3.099687355764276 80
1752688977544 3.091594686048178 81
1752688984176 3.0831280353441115 82
1752688990655 3.078014468284854 83
1752688997006 3.0701533687771145 84
1752689003421 3.067214745741624 85
1752689009845 3.054734005377843 86
1752689016236 3.044203113236814 87
1752689022706 3.0293045056222017 88
1752689029115 3.0320205577485146 89
1752689035509 3.018566170877246 90
1752689041936 3.0169217184893773 91
1752689048283 3.0046145341986614 92
1752689054735 3.000543465404863 93
1752689061056 2.990551962928644 94
1752689067399 2.98043579181336 95
1752689073828 2.985456174990368 96
1752689080289 2.9686791813639144 97
1752689086736 2.9658297661875115 98
1752689093169 2.95488448960283 99
1752689099641 2.954070311526683 100
