1752882988053 0.047183917594284766 0
1752883027820 0.08049509885363017 1
1752883069706 0.11447084233261338 2
1752883111198 0.1412194716730354 3
1752883152050 0.1668051171290912 4
1752883193025 0.1885695298222296 5
1752883233571 0.20701113141717895 6
1752883274571 0.21365675361355707 7
1752883316251 0.23043694965941186 8
1752883358970 0.2463864429307194 9
1752883401195 0.2482139890347234 10
1752883442171 0.2580993520518359 11
1752883483715 0.26740322312676523 12
1752883526355 0.2770393753115135 13
1752883567474 0.28493105166971255 14
1752883609708 0.30104668549592956 15
1752883650170 0.30445256687157335 16
1752883691590 0.3061970426981226 17
1752883732817 0.3158331948828709 18
1752883774193 0.321897325137066 19
1752883813869 0.3258846984548928 20
1752883854951 0.3360192723043695 21
1752883897432 0.3390928725701944 22
1752883937479 0.3460707758763914 23
1752883978855 0.34831367336766905 24
1752884018567 0.3584482472171457 25
1752884060534 0.3701611563382622 26
1752884103257 0.368084399401894 27
1752884144837 0.3705765077255358 28
1752884184493 0.37539458381790997 29
1752884227031 0.37880046519355376 30
1752884269164 0.3898488120950324 31
1752884311159 0.3831201196211995 32
1752884352262 0.38976574181757767 33
1752884393561 0.3875228443263001 34
1752884434635 0.3954975909619538 35
1752884476032 0.3974912776208673 36
1752884516780 0.4026416348230603 37
1752884558283 0.4068782189732514 38
1752884599747 0.4116132247881708 39
1752884640160 0.4156005981059977 40
1752884681335 0.42548596112311016 41
1752884724195 0.4248213989034723 42
1752884765531 0.4253198205682007 43
1752884806119 0.432214653596943 44
1752884847946 0.43346070775876394 45
1752884889675 0.434955972752949 46
1752884930296 0.4389433460707759 47
1752884973932 0.4401894002325968 48
1752885014540 0.4455058979896993 49
1752885056372 0.44600431965442766 50
