1752882988054 4.552317903191164 0
1752883027821 4.332548716229619 1
1752883069707 4.0823452138960885 2
1752883111199 3.8559624214741604 3
1752883152050 3.645579484116385 4
1752883193026 3.4743430137684386 5
1752883233572 3.3398339079176993 6
1752883274572 3.238337977386513 7
1752883316252 3.1171242336407086 8
1752883358971 2.992616336302579 9
1752883401196 2.919355175195997 10
1752883442172 2.844595218591702 11
1752883483716 2.7559558825615125 12
1752883526356 2.6865799092429685 13
1752883567475 2.5950545606592113 14
1752883609709 2.5016722776600173 15
1752883650171 2.460435031942582 16
1752883691591 2.411412516979171 17
1752883732818 2.3444575576308195 18
1752883774194 2.275603612401797 19
1752883813870 2.242071814775567 20
1752883854952 2.149244712901346 21
1752883897433 2.1103230319813853 22
1752883937480 2.047982150194724 23
1752883978856 2.0288181269041075 24
1752884018568 1.9420384951891043 25
1752884060535 1.9108179701807722 26
1752884103258 1.8948794140591247 27
1752884144838 1.8333028030087337 28
1752884184494 1.8128979592613435 29
1752884227032 1.7788057737287326 30
1752884269165 1.717173097738953 31
1752884311160 1.7087339861972235 32
1752884352263 1.6529703137189613 33
1752884393562 1.6417794163648498 34
1752884434636 1.5821338890103944 35
1752884476033 1.5576649599901615 36
1752884516781 1.514689417193421 37
1752884558284 1.4771419182645267 38
1752884599748 1.4628612577833764 39
1752884640161 1.4167976127252353 40
1752884681336 1.365150543005715 41
1752884724196 1.3566962484992218 42
1752884765532 1.330290515281138 43
1752884806120 1.2874168463148405 44
1752884847947 1.2687154486149035 45
1752884889676 1.2651839288841806 46
1752884930297 1.2199389845972153 47
1752884973933 1.1974501150302799 48
1752885014541 1.1691631616546156 49
1752885056373 1.1442698065462409 50
