1753619259095 4.6036484448524115 0
1753619269681 4.5482883722768666 1
1753619280294 4.485085909125645 2
1753619291940 4.418245269803728 3
1753619303643 4.354331577465259 4
1753619313902 4.294342570709968 5
1753619324948 4.242170884335333 6
1753619335964 4.189243937790905 7
1753619347434 4.139510019101416 8
1753619359052 4.085805075341724 9
1753619369964 4.041883023145883 10
1753619378119 4.010994074159547 11
1753619388293 3.9767690302812295 12
1753619399403 3.934183609687676 13
1753619410147 3.901573932652295 14
1753619422217 3.8617351919967624 15
1753619432526 3.842405041108747 16
1753619442389 3.8210842714171998 17
1753619454135 3.789988964465553 18
1753619466043 3.7656805802149913 19
1753619478148 3.7478162149027017 20
1753619488904 3.714712672414179 21
1753619500071 3.70546276898882 22
1753619509283 3.6743824197348505 23
1753619518885 3.6554032661945257 24
1753619529186 3.6225799059214316 25
1753619540110 3.6155480720877624 26
1753619552388 3.6117617704424805 27
1753619563609 3.5864253888745816 28
1753619574702 3.5694320588511985 29
1753619585769 3.542726096048792 30
1753619597843 3.5269577466910245 31
1753619608923 3.5231589786825284 32
1753619620424 3.503467817290554 33
1753619631936 3.4896851368568065 34
1753619643029 3.4613740937209423 35
1753619654513 3.4660167862217057 36
1753619665866 3.4460214014506336 37
1753619676558 3.4388237796485313 38
1753619686215 3.4227917592479087 39
1753619697261 3.402740258792874 40
1753619707309 3.38953365123928 41
1753619718872 3.387899418422482 42
1753619730241 3.376848890357847 43
1753619742221 3.3682487057227672 44
1753619753837 3.3644565308934653 45
1753619765707 3.362782947536691 46
1753619777301 3.3438151148129367 47
1753619789470 3.3272883578009327 48
1753619799845 3.3036630847484503 49
1753619811028 3.305790735016959 50
1753619822412 3.2990637507790876 51
1753619833404 3.2960030121093866 52
1753619844214 3.277673885871686 53
1753619855421 3.273438435558446 54
1753619868110 3.2567455981236217 55
1753619879256 3.245694857707306 56
1753619890349 3.2431725078383407 57
1753619900925 3.2313398700375067 58
1753619912259 3.2352037744732627 59
1753619923280 3.222671909333772 60
1753619933997 3.222639018034032 61
1753619945585 3.2038786751277577 62
1753619956198 3.197899547998165 63
1753619966377 3.1898545542379932 64
1753619977423 3.172423470404438 65
1753619989126 3.176978422510846 66
1753620000080 3.173359785887656 67
1753620011129 3.1704669567824757 68
1753620022368 3.1600386501855247 69
1753620033762 3.1471169839022073 70
1753620043671 3.1406877388837424 71
1753620055362 3.1321567877063843 72
1753620065683 3.1345303351346807 73
1753620077054 3.125214349053649 74
1753620087960 3.1301041458360968 75
1753620099683 3.1149890533698903 76
1753620110516 3.106365467064499 77
1753620121837 3.1012776103396873 78
1753620133115 3.096394290944527 79
1753620144671 3.0906254592101976 80
1753620155516 3.0910814397752624 81
1753620165634 3.0891660225456246 82
1753620176629 3.0878570632758464 83
1753620188362 3.082690534718392 84
1753620200048 3.088008719224964 85
1753620211206 3.078945057665012 86
1753620222958 3.0619509556560893 87
1753620234417 3.0531177004527588 88
1753620246277 3.057934750315035 89
1753620257269 3.0422997891678425 90
1753620268121 3.0482890174138944 91
1753620278397 3.0300755298244924 92
1753620289589 3.032947237024773 93
1753620301084 3.0194102388329775 94
1753620311925 3.0142999805898243 95
1753620320754 3.0304253311256004 96
1753620331970 3.0178293354729773 97
1753620344047 3.0163116763889803 98
1753620355559 3.0150775566188877 99
1753620367460 3.01017625388253 100
