1755743174283 4.5894042858309785 0
1755743214820 4.474401413818125 1
1755743252503 4.406145208219662 2
1755743290907 4.350178930277381 3
1755743329072 4.299020722063713 4
1755743366987 4.23037388957113 5
1755743404395 4.220570954418624 6
1755743441939 4.168129868846122 7
1755743481094 4.161497199921209 8
1755743518991 4.156441215558832 9
1755743558502 4.127286679381931 10
1755743597096 4.125619516922877 11
1755743635277 4.11987432192333 12
1755743673167 4.104682539229936 13
1755743711758 4.080449524623298 14
1755743749594 4.088179652357161 15
1755743789937 4.098123313123912 16
1755743826548 4.093462559168657 17
1755743863355 4.098374363540751 18
1755743902754 4.059963952372584 19
1755743940631 4.077176133440843 20
1755743977917 4.076989187293315 21
1755744016670 4.07767978870553 22
1755744052077 4.081283515168118 23
1755744091241 4.076646886900625 24
1755744129201 4.093490374794824 25
1755744166790 4.0578284924047345 26
1755744205140 4.075838994170598 27
1755744242420 4.086658960257623 28
1755744280075 4.089221517069594 29
1755744318289 4.101259452848687 30
1755744357805 4.102687236352246 31
1755744397499 4.10428985507361 32
1755744436551 4.119686919107513 33
1755744474782 4.1286082750811905 34
1755744512212 4.140272239768841 35
1755744551055 4.149038555467765 36
1755744588268 4.155981106260034 37
1755744625977 4.163692020440412 38
1755744661760 4.176950027507711 39
1755744700629 4.167476642715576 40
1755744739411 4.169894951213654 41
1755744775820 4.1974370945221535 42
1755744814588 4.17381464966509 43
1755744852802 4.122229664803754 44
1755744890539 4.139825297384114 45
1755744928931 4.183980030690787 46
1755744965772 4.21165022186343 47
1755745002276 4.22885827327436 48
1755745038631 4.238461426435372 49
1755745074748 4.247102710129885 50
1755745111033 4.267627948545117 51
1755745149094 4.268044330320623 52
1755745188768 4.2716702087404546 53
1755745226065 4.286212794066177 54
1755745262807 4.298021229301094 55
1755745300119 4.309495392994201 56
1755745338430 4.310386468678676 57
1755745376920 4.3129156007141365 58
1755745415190 4.315716702755683 59
1755745452467 4.335191231344667 60
1755745487926 4.337544592120107 61
1755745525918 4.341316600966323 62
1755745564239 4.363370250025784 63
1755745602080 4.365262230750942 64
1755745640756 4.377774447791463 65
1755745679502 4.38529249840346 66
1755745717476 4.388299326302374 67
1755745756249 4.393621040103365 68
1755745796730 4.411072210767731 69
1755745834654 4.408626043017344 70
1755745870556 4.431964397536902 71
1755745908114 4.304345228257125 72
1755745944310 4.260192688559223 73
1755745982535 4.233890981928998 74
1755746018656 4.328441848971353 75
1755746054584 4.411459671337347 76
1755746092319 4.4351774345944035 77
1755746130596 4.445735730497012 78
1755746167756 4.45507534738973 79
1755746202378 4.464027691483748 80
1755746240734 4.473295319714231 81
1755746279147 4.471147855761774 82
1755746318138 4.318749463410375 83
1755746357062 4.302669697258342 84
1755746394157 4.314465180916313 85
1755746430607 4.326958709213603 86
1755746469503 4.318771889626654 87
1755746508920 4.338577030498273 88
1755746546983 4.354729461113712 89
1755746586592 4.353533641080137 90
1755746622769 4.3608572908049625 91
1755746661238 4.3844385480131605 92
1755746699609 4.378749451876789 93
1755746739310 4.375289234232131 94
1755746778910 4.395016660474589 95
1755746814533 4.412062054279974 96
1755746854458 4.415557741536318 97
1755746891095 4.41882473353129 98
1755746926949 4.418654806382669 99
1755746964412 4.439014767156072 100
1755747000398 4.459359445244687 101
1755747030130 4.428763272532799 102
1755747069066 4.451272978551902 103
1755747104822 4.460043191327273 104
1755747142775 4.501469381137924 105
1755747181919 4.387246779186127 106
1755747221460 4.3794339896501135 107
1755747259830 4.395964944153436 108
1755747299586 4.410810823974714 109
1755747338938 4.426359121847824 110
1755747378292 4.430536908956073 111
1755747416826 4.436982524384341 112
1755747454894 4.452131780131418 113
1755747492856 4.4558470664830105 114
1755747531148 4.469470891902656 115
1755747568073 4.4691801140599265 116
1755747605253 4.486567287090046 117
1755747640423 4.497004118535438 118
1755747678080 4.495367217315701 119
1755747714058 4.501240978738549 120
1755747752459 4.517212940009641 121
1755747789060 4.5008618745979465 122
1755747826306 4.522969234398104 123
1755747866584 4.52754779276213 124
1755747904150 4.524541914240684 125
1755747943525 4.538628580278085 126
1755747981969 4.542674879273756 127
1755748021347 4.544841147289024 128
1755748059021 4.546075047095967 129
1755748090689 4.551596892326632 130
1755748129741 4.558485419466346 131
1755748167769 4.566444297061592 132
1755748206475 4.568235633017111 133
1755748244811 4.570796405413462 134
1755748282735 4.588296116798327 135
1755748323600 4.587915296274456 136
1755748363172 4.598244158995032 137
1755748400790 4.60344348628326 138
1755748437900 4.606706501459589 139
1755748476145 4.607192200709161 140
1755748514146 4.633475550439814 141
1755748552544 4.616403921013647 142
1755748591775 4.632909121167991 143
1755748629752 4.627071660342413 144
1755748667279 4.627262567759137 145
1755748705738 4.632209973028474 146
1755748745859 4.627441263871566 147
1755748782063 4.6378540405114945 148
1755748820073 4.651802758820521 149
1755748858439 4.643079030681002 150
