1749141291638 4.542372586263675 0
1749141309766 4.393663905758967 1
1749141328167 4.232307186883023 2
1749141346822 4.083518847882386 3
1749141365145 3.9468314345847317 4
1749141383822 3.8217851826774947 5
1749141402030 3.7080433135203275 6
1749141420248 3.6070798804605824 7
1749141438797 3.5205371595371915 8
1749141458996 3.440882367577905 9
1749141478858 3.370656339524555 10
1749141497207 3.3022558452020907 11
1749141515691 3.254057035857251 12
1749141535530 3.1881145304604837 13
1749141555309 3.147231082545586 14
1749141575138 3.09041421774866 15
1749141593292 3.0588638014463134 16
1749141611472 3.0315462480930386 17
1749141631542 2.9953190180691096 18
1749141649735 2.944945467605978 19
1749141667824 2.9437591884020957 20
1749141686804 2.900981144598025 21
1749141705293 2.8920508433421004 22
1749141723540 2.8594990167614807 23
1749141742125 2.8398773283371246 24
1749141760369 2.799269691599191 25
1749141778960 2.794371128125928 26
1749141797345 2.7871788516905696 27
1749141815687 2.752715120588194 28
1749141833782 2.7239512402932995 29
1749141852402 2.7246361684103246 30
1749141870988 2.7084407826913255 31
1749141889952 2.6875603664904166 32
1749141908246 2.6804369380220154 33
1749141927923 2.6714382368691623 34
1749141947641 2.6444751077190705 35
1749141965922 2.6384138251341245 36
1749141984322 2.6148876266690024 37
1749142002544 2.605080652652263 38
1749142021663 2.597205048866241 39
1749142041150 2.5697011603461473 40
1749142060035 2.5578827618816753 41
1749142080203 2.5751892867310824 42
1749142100099 2.5560973304089805 43
1749142119885 2.533487155481621 44
1749142138733 2.531313817735296 45
1749142157097 2.5437851192051206 46
1749142176909 2.51538581589284 47
1749142195615 2.501835466584892 48
1749142213774 2.477249754126238 49
1749142232220 2.4866282187681312 50
