1749047833000 0.03347732181425486 0
1749047849134 0.05598936700448579 1
1749047865401 0.07708921747798637 2
1749047881621 0.10109652766240239 3
1749047897364 0.12020269147698953 4
1749047913127 0.13216481143047018 5
1749047928812 0.14703439109486627 6
1749047944486 0.1567536135570693 7
1749047960633 0.1692141551752783 8
1749047976877 0.18233925901312512 9
1749047992978 0.18632663233095198 10
1749048009124 0.19546436285097193 11
1749048025031 0.2009470011629839 12
1749048041185 0.21116464528991527 13
1749048057209 0.21664728360192723 14
1749048073326 0.22105000830702776 15
1749048089289 0.22304369496594117 16
1749048105200 0.2212161488619372 17
1749048121345 0.2311845821565044 18
1749048137342 0.23691643130088055 19
1749048153205 0.2408207343412527 20
1749048169399 0.24165143711579998 21
1749048185451 0.2448081076590796 22
1749048201113 0.24688486459544776 23
1749048216992 0.2507060973583652 24
1749048233006 0.2594284764911115 25
1749048249205 0.25818242232929056 26
1749048265263 0.26059146037547765 27
1749048281242 0.2634989200863931 28
1749048297126 0.2658248878551254 29
1749048313134 0.26856620701113143 30
1749048329423 0.2706429639474996 31
1749048345238 0.27155673699950156 32
1749048360982 0.2734673533809603 33
1749048376741 0.2782023591958797 34
1749048392432 0.2828542947333444 35
1749048408170 0.2836019272304369 36
1749048423921 0.2865924572188071 37
1749048439920 0.2871739491609902 38
1749048456023 0.2895829872071773 39
1749048472081 0.2902475494268151 40
1749048488123 0.29049676025917925 41
1749048504249 0.29381957135736836 42
1749048520254 0.29573018773882703 43
1749048536216 0.29830536633992355 44
1749048552277 0.30129589632829373 45
1749048568333 0.29888685828210665 46
1749048584278 0.3047017777039375 47
1749048600457 0.30403721548429974 48
1749048616415 0.30628011297557733 49
1749048632573 0.30702774547266987 50
