1754091980840 4.551269853150158 0
1754092018065 4.3887135450355945 1
1754092052210 4.226012941968196 2
1754092089759 4.083609342124093 3
1754092128163 3.9653232912397924 4
1754092165260 3.859155917077467 5
1754092204326 3.780937609025138 6
1754092241241 3.7001544702649367 7
1754092278094 3.6339331114677984 8
1754092315956 3.572575937679406 9
1754092354795 3.5169698848549986 10
1754092391526 3.471895774456071 11
1754092428214 3.42236882094928 12
1754092467024 3.3815056333375506 13
1754092496166 3.342352007231125 14
1754092534766 3.3082772982676723 15
1754092570776 3.2699594927114717 16
1754092608576 3.2398349841185206 17
1754092645526 3.2098461560914373 18
1754092683553 3.182960446790869 19
1754092723083 3.1545955604893563 20
1754092760665 3.1329370704129142 21
1754092797919 3.1060505250313044 22
1754092836118 3.0883431102909826 23
1754092864933 3.063364560060914 24
1754092902301 3.0508210792191743 25
1754092939131 3.0261678240689074 26
1754092977093 3.0134390169279373 27
1754093014231 2.9930230824698816 28
1754093049299 2.9813661662882844 29
1754093085588 2.962167480253482 30
1754093123659 2.950695822097615 31
1754093159809 2.944766393964057 32
1754093195488 2.9326254924890023 33
1754093231910 2.9265136669016827 34
1754093267878 2.9072938525486314 35
1754093305382 2.895116062249993 36
1754093341402 2.874584630939729 37
1754093379008 2.867703248656262 38
1754093416353 2.862659386548238 39
1754093448620 2.842851513872231 40
1754093487188 2.8412886187277606 41
1754093525150 2.820988227209658 42
1754093561517 2.827076120467284 43
1754093598938 2.8073420977958263 44
1754093636786 2.8065997905318305 45
1754093672754 2.7883499942942294 46
1754093707242 2.7937338004259065 47
1754093745315 2.790712405210686 48
1754093784477 2.773023783208543 49
1754093819423 2.7650845588606514 50
1754093857619 2.758792201934767 51
1754093895189 2.750225964816191 52
1754093933024 2.7473548042794245 53
1754093972000 2.7402401364190383 54
1754094011140 2.7349822204207714 55
1754094048274 2.725690884931391 56
1754094085804 2.7247842914570075 57
1754094123498 2.711784688200756 58
1754094158904 2.71273429773845 59
1754094197360 2.704470105879494 60
1754094234664 2.7057274185456164 61
1754094273526 2.6902901044208596 62
1754094311365 2.6880609160113003 63
1754094349461 2.6694688570754974 64
1754094386549 2.67603434261503 65
1754094423091 2.658407714686107 66
1754094461455 2.6778819161448073 67
1754094497685 2.6583252115290223 68
1754094536927 2.661885395383023 69
1754094576474 2.6430190273972807 70
1754094614012 2.664390649776491 71
1754094651011 2.6405103927139177 72
1754094686420 2.6493667640408933 73
1754094725679 2.6390080654092474 74
1754094762650 2.6352775638383594 75
1754094801860 2.6305174297297285 76
1754094840013 2.6196276699421834 77
1754094877995 2.6114989363593484 78
1754094916040 2.6206875560901506 79
1754094954008 2.6090386167337734 80
1754094992824 2.6104378819515746 81
1754095029506 2.6011648301681887 82
1754095065629 2.6069903769328744 83
1754095103430 2.604167004733238 84
1754095141206 2.5869887249278842 85
1754095178961 2.589051110822646 86
1754095214339 2.5844376703779854 87
1754095252880 2.5751307278420557 88
1754095291505 2.5722636275835877 89
1754095329431 2.58496657449215 90
1754095368054 2.5863986139026394 91
1754095406130 2.587836469404208 92
1754095445413 2.595890010070931 93
1754095483468 2.5918119393223322 94
1754095519351 2.5931335150970036 95
1754095555605 2.5978267585569794 96
1754095592113 2.599327739996788 97
1754095630759 2.593258282363089 98
1754095668708 2.595927517843903 99
1754095707621 2.5979030029319725 100
