1752939429699 0.034806446253530486 0
1752939455728 0.09378634324638645 1
1752939478467 0.13050340588137566 2
1752939500729 0.15475992689815585 3
1752939524208 0.17569363681674696 4
1752939549718 0.19687655756770228 5
1752939576019 0.22063465691975412 6
1752939597880 0.2299385279946835 7
1752939620529 0.24347898321980396 8
1752939644142 0.25344741651437114 9
1752939666858 0.2576840006645622 10
1752939689401 0.2669878717394916 11
1752939717390 0.2669048014620369 12
1752939744705 0.27994683502242895 13
1752939758862 0.28293736501079914 14
1752939773906 0.29381957135736836 15
1752939797103 0.29265658747300216 16
1752939820370 0.29174281442100014 17
1752939850674 0.29631167968101013 18
1752939864433 0.3025419504901146 19
1752939893265 0.30004984216647285 20
1752939922144 0.30204352882538626 21
1752939937711 0.30171124771556734 22
1752939967295 0.30544941020103006 23
1752939998769 0.30727695630503404 24
1752940015663 0.3091875726864928 25
1752940035819 0.31126432962286094 26
1752940054341 0.3067785346403057 27
1752940069813 0.3130088054494102 28
1752940088529 0.3159162651603256 29
1752940110870 0.31658082737996346 30
1752940132092 0.3164977571025087 31
1752940154847 0.31882372487124105 32
1752940177946 0.31658082737996346 33
1752940199398 0.31699617876723707 34
1752940214110 0.3229772387439774 35
1752940238108 0.3193221465359694 36
1752940256681 0.32256188735670377 37
1752940275888 0.322478817079249 38
1752940288076 0.3213158331948829 39
1752940299279 0.3254693470676192 40
1752940310760 0.3272968931716232 41
1752940323726 0.3257185578999834 42
1752940335687 0.3278783851138063 43
1752940346638 0.32679847150689484 44
1752940355549 0.3276291742814421 45
1752940365499 0.3268815417843496 46
1752940376303 0.3295397906629008 47
1752940386118 0.3276291742814421 48
1752940396796 0.33037049343744807 49
1752940406850 0.3346901478650939 50
