1754707435190 0.1878782057439247 0
1754707448505 0.18057823455960043 1
1754707461779 0.19537028143309962 2
1754707474144 0.26654500048026125 3
1754707487334 0.006531553164921718 4
1754707499574 0.03563538564979349 5
1754707512840 0.20958601479204686 6
1754707525893 0.26087791758716744 7
1754707537716 0.3585630583037172 8
1754707552708 0.30976851407165495 9
1754707564523 0.026990682931514742 10
1754707580751 0.33954471232350397 11
1754707595542 0.027759100950917298 12
1754707610197 0.010373643261934492 13
1754707624536 0.38929977907981944 14
1754707639395 0.04543271539717606 15
1754707651447 0.03486696763039093 16
1754707665767 0.010085486504658535 17
1754707679076 0.2974738257612141 18
1754707693970 0.12861396599750263 19
1754707705681 0.3381999807895495 20
1754707718927 0.025742003649985593 21
1754707734381 0.057151090193065024 22
1754707747879 0.3729708961675151 23
1754707758543 0.01728940543655749 24
1754707773600 0.4417443089040438 25
1754707787636 0.01229468831044088 26
1754707799549 0.5616175199308424 27
1754707811630 0.5633464604744981 28
1754707826200 0.4262798962635674 29
1754707839498 0.5534530784746903 30
1754707853298 0.5946594947651522 31
1754707866457 0.6464316588223994 32
1754707878427 0.6205936029199884 33
1754707891999 0.03688406493132264 34
1754707904823 0.15560464892901738 35
1754707918871 0.019594659494765153 36
1754707928137 0.5432715397176063 37
1754707940654 0.6840841417731246 38
1754707953670 0.6483527038709058 39
1754707967077 0.057151090193065024 40
1754707981064 0.5742964172509846 41
1754707995338 0.5991739506291422 42
1754708009560 0.6224185957160695 43
1754708020723 0.027759100950917298 44
1754708034836 0.676688118336375 45
1754708046491 0.6475842858515032 46
1754708061712 0.04754586495053309 47
1754708077173 0.018730189222937278 48
1754708090563 0.5122466621842282 49
1754708105014 0.7050235328018442 50
1754708120081 0.6901354336759197 51
1754708134091 0.6209778119296897 52
1754708145242 0.04476034963019883 53
1754708160133 0.010181538757083854 54
1754708173863 0.0074920756891749115 55
1754708186894 0.03659590817404668 56
1754708200670 0.71126692920949 57
1754708214362 0.75641148784939 58
1754708230036 0.006819709922197675 59
1754708243505 0.03563538564979349 60
1754708253712 0.029968302756699646 61
1754708269037 0.059072135241571413 62
1754708277898 0.03486696763039093 63
1754708289874 0.0074920756891749115 64
1754708301828 0.6446066660263183 65
1754708317937 0.7532417635193546 66
1754708332086 0.623475170492748 67
1754708346736 0.010373643261934492 68
1754708361486 0.7838824320430314 69
1754708375484 0.8015560464892901 70
1754708391023 0.039189318989530306 71
1754708403399 0.038709057727403705 72
1754708417699 0.7035827490154644 73
1754708430381 0.6339448660071079 74
1754708443916 0.7529536067620786 75
1754708457450 0.4903467486312554 76
1754708469446 0.029968302756699646 77
1754708483715 0.756987801363942 78
1754708500285 0.7278839688790703 79
1754708513497 0.6240514840072999 80
1754708526820 0.7830179617712035 81
1754708539930 0.013159158582268755 82
1754708552038 0.6548842570358275 83
1754708564806 0.7978100086447028 84
1754708579472 0.511286139659975 85
1754708593563 0.05311689559120161 86
1754708608541 0.7373931418691768 87
1754708625059 0.6051291902795121 88
1754708638371 0.03880510997982903 89
1754708654739 0.6875420228604361 90
1754708668571 0.7319181634809336 91
1754708682320 0.010181538757083854 92
1754708694954 0.0074920756891749115 93
1754708707369 0.010085486504658535 94
1754708719034 0.006531553164921718 95
1754708735061 0.7666890788588993 96
1754708749294 0.7367207761021995 97
1754708765392 0.03313802708673518 98
1754708779799 0.0074920756891749115 99
1754708794012 0.0074920756891749115 100
