1753123820351 4.392648254460584 0
1753123850471 4.0402587428954035 1
1753123918331 3.73998402169769 2
1753123974961 3.5191850151245405 3
1753124006914 3.3388909664606046 4
1753124072441 3.174668950075683 5
1753124140264 3.058396594759859 6
1753124167022 2.9448229112767805 7
1753124198949 2.8701042691005973 8
1753124226793 2.801992043980646 9
1753124264426 2.7433577541976724 10
1753124329079 2.6873050268461176 11
1753124397220 2.651727559720405 12
1753124414474 2.5934195212176414 13
1753124451951 2.5733532431759727 14
1753124484458 2.53186386763164 15
1753124519152 2.516060264028498 16
1753124542652 2.4996343498250932 17
1753124574355 2.4737268926322047 18
1753124604307 2.4317342530897808 19
1753124635509 2.4454919226213487 20
1753124672437 2.4041234551956023 21
1753124707492 2.4041556464993423 22
1753124741783 2.381963196996117 23
1753124781932 2.370602647669272 24
1753124819618 2.3352679382697086 25
1753124843046 2.322178245317265 26
1753124867225 2.3211519550543795 27
1753124889223 2.3034112879854036 28
1753124914703 2.281774437668858 29
1753124940366 2.2771190189403527 30
1753124965568 2.26294054346345 31
1753124990080 2.253666214172524 32
1753125014738 2.2497332031743302 33
1753125034765 2.2441347688810676 34
1753125060676 2.213392722070978 35
1753125086268 2.225539993709115 36
1753125111796 2.1944363137610066 37
1753125135268 2.1833827700087856 38
1753125145880 2.170827924846655 39
1753125157956 2.1558517837410918 40
1753125170045 2.143990345491004 41
1753125181628 2.161439627290495 42
1753125193997 2.15078951454881 43
1753125206156 2.13867529475881 44
1753125219122 2.135216343911728 45
1753125231949 2.1347194202813324 46
1753125244992 2.127599145633253 47
1753125256492 2.115539324024178 48
1753125268170 2.1004006449031043 49
1753125280411 2.1023925127008267 50
