1753379647347 4.572725689376087 0
1753379659302 4.501351724857541 1
1753379671092 4.409223780255199 2
1753379683246 4.326723977115385 3
1753379693316 4.256430737909122 4
1753379703583 4.171661233891956 5
1753379715480 4.102620812512686 6
1753379729377 4.044933227292125 7
1753379740712 3.981185454388234 8
1753379751336 3.9096895255377033 9
1753379762853 3.8547426439624415 10
1753379776752 3.814642528116628 11
1753379788907 3.7705279795148385 12
1753379801649 3.722121972153797 13
1753379813744 3.680742945000623 14
1753379824347 3.6391317537222756 15
1753379836556 3.6103528547607686 16
1753379848725 3.594613253218429 17
1753379859698 3.559963732644659 18
1753379871316 3.5103361540203486 19
1753379882882 3.5064259213577453 20
1753379892569 3.468094109286276 21
1753379904875 3.4590318212242575 22
1753379917900 3.4406378112354417 23
1753379930133 3.410810414734584 24
1753379942734 3.3698660987372557 25
1753379954748 3.3735032104403593 26
1753379966640 3.366451765870587 27
1753379978157 3.324077868070759 28
1753379990366 3.3020483282194664 29
1753380001591 3.2924926999788817 30
1753380014988 3.264562635974956 31
1753380028804 3.254932961953994 32
1753380041131 3.2428086521045256 33
1753380051521 3.2325744273884047 34
1753380064199 3.1976088346579137 35
1753380077054 3.197828827684995 36
1753380089129 3.1725736916340814 37
1753380101005 3.1728414397822955 38
1753380113199 3.1586748130585076 39
1753380125472 3.1293469510593552 40
1753380137362 3.12303397995226 41
1753380150342 3.128323492657091 42
1753380162707 3.1066095220937404 43
1753380174702 3.1011291635342135 44
1753380184848 3.093920335104707 45
1753380197022 3.0949649039112552 46
1753380210521 3.0806392873471 47
1753380221112 3.0578501724856095 48
1753380231694 3.0384665303693295 49
1753380243445 3.0486191214759493 50
1753380255867 3.0295259015507034 51
1753380267048 3.033318711935647 52
1753380278615 3.0115751262320445 53
1753380291104 3.0002622269391512 54
1753380302114 2.9838311062133727 55
1753380312185 2.976328824287004 56
1753380324213 2.9769752949363495 57
1753380334766 2.965178380785694 58
1753380345889 2.970780013300582 59
1753380357821 2.945982971152321 60
1753380370139 2.943671053374901 61
1753380383270 2.9308684893318864 62
1753380395697 2.933889482040373 63
1753380407001 2.9220355583645308 64
1753380417225 2.903714254229146 65
1753380429594 2.910530360331802 66
1753380440507 2.901735275207121 67
1753380453659 2.9066758542664166 68
1753380466300 2.903449312503872 69
1753380479119 2.8821138272695355 70
1753380491662 2.8822432788117887 71
1753380504088 2.853412353213267 72
1753380516844 2.872706008400923 73
1753380526934 2.8559967204145447 74
1753380538684 2.8659178834219046 75
1753380550924 2.839909256870078 76
1753380562464 2.8391155887171218 77
1753380573060 2.823133014414981 78
1753380586521 2.824301326084458 79
1753380597527 2.836952530057453 80
1753380610309 2.825608634282281 81
1753380623448 2.824449590095305 82
1753380635352 2.823436461122861 83
1753380646557 2.811523995037688 84
1753380656525 2.8045396286807875 85
1753380668972 2.813706388664927 86
1753380681743 2.7902741622353564 87
1753380694357 2.7785293776080007 88
1753380707678 2.8066624169241434 89
1753380718738 2.772956552626757 90
1753380730511 2.776308474275383 91
1753380740552 2.7636462161399677 92
1753380753299 2.7809321884725113 93
1753380764982 2.747661932908271 94
1753380777152 2.746930386312071 95
1753380787566 2.7654164479203764 96
1753380800464 2.730775203760956 97
1753380811988 2.7420499819499597 98
1753380824145 2.7439521778125933 99
1753380836569 2.7332364805496856 100
