1754100240972 4.547629725237126 0
1754100274814 4.402928724451578 1
1754100306598 4.286475712246764 2
1754100353570 4.189547863608251 3
1754100402159 4.122444211875427 4
1754100450782 4.0456199073522106 5
1754100490087 4.007569079719395 6
1754100527089 3.9885057052525297 7
1754100572065 3.983833373665535 8
1754100604254 3.9432261323400013 9
1754100637658 3.927415203027931 10
1754100671904 3.917976678166087 11
1754100714263 3.9026902379239297 12
1754100758412 3.9414912476452804 13
1754100804275 3.943263676818082 14
1754100834410 3.9484398413225805 15
1754100864762 3.918300850417829 16
1754100895499 3.967728174114407 17
1754100930942 3.950151736235165 18
1754100964428 3.994217262529484 19
1754100994623 3.963139278098214 20
1754101024903 4.007568330626579 21
1754101060153 4.017499875619487 22
1754101091250 4.03006858088826 23
1754101135720 4.023023891801938 24
1754101177888 4.0562070626847335 25
1754101209603 4.07540912414525 26
1754101251578 4.069925061751919 27
1754101283057 4.074228692576087 28
1754101317246 4.093197666200591 29
1754101358428 4.080893558091662 30
1754101391400 4.132815137165664 31
1754101430938 4.128344032197075 32
1754101472981 4.135273597484404 33
1754101503863 4.144856935160807 34
1754101553027 4.17974118682275 35
1754101601495 4.197444499711358 36
1754101631831 4.183736190308983 37
1754101664577 4.210676621439118 38
1754101694644 4.2132748322123685 39
1754101741144 4.2225582789747405 40
1754101776087 4.249497094047596 41
1754101822370 4.213598284082299 42
1754101866608 4.264766818223874 43
1754101910867 4.230323842995385 44
1754101954398 4.2743625821591325 45
1754101985861 4.240605034272424 46
1754102015634 4.288430661698918 47
1754102045979 4.264209975895584 48
1754102079959 4.3041232921141015 49
1754102128739 4.296517906711674 50
1754102166204 4.30808243854858 51
1754102196691 4.3059403691195275 52
1754102232404 4.322106506057328 53
1754102274113 4.342965511017002 54
1754102317337 4.310393361990161 55
1754102352601 4.334487014427721 56
1754102383593 4.307917045184972 57
1754102414889 4.340937724024787 58
1754102448999 4.296242796862118 59
1754102483977 4.335252524666343 60
1754102513795 4.362942909060674 61
1754102561952 4.3732873559166485 62
1754102603725 4.39507433565984 63
1754102635159 4.36840372956505 64
1754102667094 4.388622735238993 65
1754102707178 4.398549181933207 66
1754102754454 4.3954891572657875 67
1754102800788 4.410968238335445 68
1754102839302 4.398456607710045 69
1754102881545 4.400188982524141 70
1754102918785 4.402974642652626 71
1754102951329 4.39801347151564 72
1754102989000 4.405752822070796 73
1754103033075 4.391377716851199 74
1754103065351 4.407756461835751 75
1754103096977 4.400623830760665 76
1754103144264 4.416463547037981 77
1754103178820 4.438526785047539 78
1754103223691 4.4518721294991765 79
1754103254976 4.459816653999381 80
1754103296326 4.468158855694411 81
1754103326646 4.469804886869617 82
1754103365787 4.472698358099788 83
1754103404608 4.486026478193499 84
1754103437547 4.4886236624734925 85
1754103479756 4.490547876027893 86
1754103524438 4.508539446357728 87
1754103561799 4.51034336837235 88
1754103591785 4.516215446189772 89
1754103621808 4.525557432249641 90
1754103668612 4.535135428486483 91
1754103709581 4.538870699426187 92
1754103739496 4.543085176694914 93
1754103772637 4.548688148359021 94
1754103820315 4.5558387772804725 95
1754103859124 4.556761243835257 96
1754103889042 4.559135409363969 97
1754103918885 4.5652108612679045 98
1754103957997 4.569428198279621 99
1754103990879 4.578536348472357 100
