1754666933598 0.16619176257262333 0
1754666972492 0.24858453909632536 1
1754667015083 0.23417089146282796 2
1754667052082 0.3243348258890575 3
1754667090936 0.3300521777744884 4
1754667133397 0.3855789512637383 5
1754667176313 0.3685379121489102 6
1754667218822 0.41155682196647303 7
1754667262105 0.4125744735965659 8
1754667303557 0.42848684453983643 9
1754667352317 0.4199755763608778 10
1754667387163 0.44649002701402507 11
1754667432297 0.43821929467490656 12
1754667467402 0.4631980165044592 13
1754667502569 0.4598120119897865 14
1754667537512 0.4623653924434741 15
1754667587159 0.46852681049476375 16
1754667620845 0.4780372275469045 17
1754667666206 0.47524331125337677 18
1754667700324 0.4843651704103911 19
1754667739274 0.4797949894534286 20
1754667784249 0.4812382044924694 21
1754667837955 0.4781112385745476 22
1754667871864 0.49348702956740553 23
1754667905057 0.48973096991451726 24
1754667940886 0.48937941753321246 25
1754667974780 0.4942271398438367 26
1754668019602 0.5045701809569626 27
1754668071469 0.49983347518780297 28
1754668116844 0.49576286866743147 29
1754668169668 0.4904155719202161 30
1754668206443 0.5056988491285201 31
1754668256471 0.49550383007068055 32
1754668290889 0.5072530807090256 33
1754668327546 0.5054953188025015 34
1754668363391 0.5047737112829812 35
1754668402626 0.504366650630944 36
1754668439878 0.5043296451171224 37
1754668486357 0.504958738852089 38
1754668531678 0.5065314731895052 39
1754668575851 0.5004810716796803 40
1754668619960 0.5033489990008512 41
1754668664186 0.5030529548902787 42
1754668705330 0.5098434666765348 43
1754668750447 0.5094549087814084 44
1754668789651 0.5182437183140288 45
1754668827989 0.5186877844798875 46
1754668867150 0.5143396366058542 47
1754668909120 0.509325389483033 48
1754668949775 0.5094734115383192 49
1754668990777 0.5098249639196241 50
1754669031704 0.5068460200569885 51
1754669072500 0.5062354290789327 52
1754669118401 0.5165229619213263 53
1754669158256 0.519483403027051 54
1754669198375 0.5150057358546424 55
1754669235152 0.5112126706879325 56
1754669273674 0.5081227102838323 57
1754669312281 0.5096029308366946 58
1754669360860 0.511934278207453 59
1754669407153 0.5099729859749103 60
1754669449763 0.5067165007586131 61
1754669497539 0.5061429152943788 62
1754669537219 0.5146541834733376 63
1754669580514 0.5154312992635903 64
1754669614831 0.5154868075343226 65
1754669650970 0.5158568626725382 66
1754669685512 0.5166894867335233 67
1754669721090 0.5163194315953077 68
1754669757100 0.5168375087888095 69
1754669804061 0.5169855308440958 70
1754669845253 0.5154312992635903 71
1754669892711 0.512933427080635 72
1754669939431 0.5126558857269733 73
1754669983566 0.5186322762091552 74
1754670029739 0.5163934426229508 75
1754670076314 0.5153942937497688 76
1754670120563 0.5126928912407949 77
1754670165037 0.5147652000148022 78
1754670208968 0.5123968471302224 79
1754670253789 0.510324538356215 80
1754670298850 0.5077341523887059 81
1754670342706 0.5094734115383192 82
1754670387884 0.5096954446212486 83
1754670433746 0.5081412130407431 84
1754670476935 0.5079191799578137 85
1754670530092 0.5088258150464419 86
1754670576644 0.5075306220626873 87
1754670620529 0.5057358546423417 88
1754670665066 0.5069200310846316 89
1754670712183 0.5062354290789327 90
1754670758591 0.5062354290789327 91
1754670803357 0.5040706065203715 92
1754670852869 0.5046071864707842 93
1754670897152 0.5045516782000518 94
1754670941860 0.5046256892276949 95
1754670987726 0.5028309218073493 96
1754671035844 0.5027754135366169 97
1754671080013 0.5030714576471894 98
1754671123356 0.5029234355919032 99
1754671167940 0.502941938348814 100
