1754666933599 2.252328570262666 0
1754666972493 2.187297454854296 1
1754667015084 2.198906781496313 2
1754667052083 2.1030657330879583 3
1754667090938 2.147563173374739 4
1754667133398 2.073478295023848 5
1754667176314 2.134239823636995 6
1754667218823 2.0949445721981537 7
1754667262106 2.0744671092418487 8
1754667303558 2.126829684914627 9
1754667352318 2.154697422418211 10
1754667387164 2.144517182853016 11
1754667432299 2.1692992781007723 12
1754667467403 2.1545167203253976 13
1754667502570 2.195269966964478 14
1754667537513 2.215476352167093 15
1754667587160 2.1860867333804355 16
1754667620846 2.204885511506235 17
1754667666208 2.2264884499195396 18
1754667700325 2.240166490178701 19
1754667739275 2.2652615723782894 20
1754667784250 2.269949653899856 21
1754667837957 2.2866187001371556 22
1754667871866 2.2827966885877085 23
1754667905058 2.3269784551626027 24
1754667940887 2.3510529667576043 25
1754667974781 2.363405204809136 26
1754668019603 2.262686597053443 27
1754668071470 2.2588469148930925 28
1754668116845 2.25637922732176 29
1754668169669 2.2650577966702032 30
1754668206444 2.368355692449711 31
1754668256473 2.394193409250956 32
1754668290890 2.4038851000722956 33
1754668327547 2.4421431432912826 34
1754668363392 2.4588575605978065 35
1754668402627 2.4832014314618376 36
1754668439879 2.5002211364383107 37
1754668486358 2.5166174518845486 38
1754668531680 2.4916393103321828 39
1754668575852 2.5024700572307212 40
1754668619961 2.4978292948343346 41
1754668664187 2.5181338714630077 42
1754668705331 2.522937417893939 43
1754668750448 2.541362334565341 44
1754668789653 2.53188740161255 45
1754668827990 2.5486845530904554 46
1754668867152 2.583277583240835 47
1754668909122 2.61982150984446 48
1754668949777 2.625622865023674 49
1754668990778 2.6371029748123576 50
1754669031705 2.6495647474640784 51
1754669072502 2.6762582118585403 52
1754669118402 2.622548950970806 53
1754669158257 2.6443061747887997 54
1754669198376 2.7124793758122943 55
1754669235153 2.765279900091266 56
1754669273675 2.7342799678752554 57
1754669312282 2.7216829789518857 58
1754669360862 2.729265835743084 59
1754669407154 2.7896614499558834 60
1754669449764 2.814687284242484 61
1754669497541 2.852638437902692 62
1754669537221 2.8241505461890295 63
1754669580515 2.8407208246884754 64
1754669614833 2.8529295683215485 65
1754669650971 2.863022900842264 66
1754669685514 2.8871679705470035 67
1754669721092 2.9052603982092 68
1754669757101 2.9179216277859106 69
1754669804062 2.8590081825981692 70
1754669845255 2.87084904106754 71
1754669892713 2.8819800893323704 72
1754669939433 2.8929237642015915 73
1754669983567 2.755226878049238 74
1754670029740 2.7235240256292386 75
1754670076315 2.7401760203338523 76
1754670120564 2.71097553312961 77
1754670165039 2.6997686504189264 78
1754670208969 2.7054764031682828 79
1754670253790 2.72287402518412 80
1754670298851 2.7247228061176276 81
1754670342708 2.7315459702096345 82
1754670387885 2.744944387729923 83
1754670433748 2.74972654858255 84
1754670476937 2.7324492152199316 85
1754670530093 2.744508153367201 86
1754670576645 2.750842816452862 87
1754670620531 2.7508291069907904 88
1754670665067 2.7583956701307555 89
1754670712185 2.7706485438512325 90
1754670758592 2.7648169998891805 91
1754670803358 2.794924631344902 92
1754670852871 2.776279817513828 93
1754670897154 2.77500836863477 94
1754670941862 2.803848880529784 95
1754670987727 2.8045909142755288 96
1754671035845 2.799223708738808 97
1754671080014 2.8074482727582706 98
1754671123357 2.805016180595893 99
1754671167942 2.807930024448786 100
