1749143108777 0.0342249543113474 0
1749143146760 0.09220800797474664 1
1749143185314 0.12983884366173784 2
1749143223760 0.15500913773052002 3
1749143262026 0.17934872902475493 4
1749143300109 0.1984548928393421 5
1749143337933 0.21955474331284267 6
1749143379530 0.23209835520850639 7
1749143420253 0.24306363183253032 8
1749143459281 0.2538627679016448 9
1749143497837 0.2586808439940189 10
1749143536165 0.26773550423658415 11
1749143576892 0.26997840172786175 12
1749143621247 0.28110981890679515 13
1749143665149 0.2852633327795315 14
1749143705288 0.2939857119122778 15
1749143744858 0.29290579830536634 16
1749143785662 0.29514869579664393 17
1749143825340 0.2995514205017445 18
1749143867039 0.3036218640970261 19
1749143907106 0.3027911613224788 20
1749143944028 0.30287423159993354 21
1749143980076 0.3029573018773883 22
1749144017193 0.3108489782355873 23
1749144051122 0.31043362684831366 24
1749144083402 0.3125103837846818 25
1749144118858 0.31467021099850473 26
1749144148375 0.312759594617046 27
1749144176003 0.3192390762585147 28
1749144205366 0.3197374979232431 29
1749144232766 0.31940521681342415 30
1749144259836 0.3211496926399734 31
1749144285549 0.3232264495763416 32
1749144311276 0.3197374979232431 33
1749144337471 0.31965442764578833 34
1749144362393 0.3242232929057983 35
1749144386461 0.32372487124106997 36
1749144411123 0.3282106662236252 37
1749144435032 0.32696461206180427 38
1749144458897 0.3257185578999834 39
1749144482319 0.33369330453563717 40
1749144505771 0.33336102342581825 41
1749144530181 0.32812759594617047 42
1749144552903 0.3291244392756272 43
1749144575942 0.3326964612061804 44
1749144598996 0.3328626017610899 45
1749144621871 0.3301212826050839 46
1749144643981 0.335271639807277 47
1749144667077 0.3341086559229108 48
1749144690609 0.3354377803621864 49
1749144712595 0.3341917262003655 50
