1749143108778 4.453111488940352 0
1749143146760 4.149048130391008 1
1749143185314 3.8563856246157604 2
1749143223761 3.629912807916991 3
1749143262027 3.454632439868274 4
1749143300110 3.295271630440828 5
1749143337934 3.1864251778150208 6
1749143379531 3.084447750176663 7
1749143420253 3.0157340961685986 8
1749143459282 2.9598960701666956 9
1749143497838 2.912980232148471 10
1749143536165 2.8669634212582498 11
1749143576892 2.8476031906474057 12
1749143621247 2.797430803004257 13
1749143665149 2.7814939027676697 14
1749143705288 2.746223976376865 15
1749143744858 2.746501061027832 16
1749143785663 2.739753832204568 17
1749143825341 2.7195426885005096 18
1749143867040 2.6783435100989252 19
1749143907107 2.704886851761725 20
1749143944028 2.6641267111147267 21
1749143980077 2.6703880949576897 22
1749144017193 2.649072366039931 23
1749144051123 2.6452717678919573 24
1749144083403 2.604217571409259 25
1749144118859 2.603928958625693 26
1749144148376 2.613598898860744 27
1749144176003 2.576823000037089 28
1749144205367 2.553681519365031 29
1749144232767 2.5544192408961615 30
1749144259837 2.5516480831427413 31
1749144285550 2.5346337691008682 32
1749144311277 2.5338097234093064 33
1749144337471 2.5281166815532004 34
1749144362394 2.4967676041938938 35
1749144386461 2.505920960195869 36
1749144411124 2.473273580113972 37
1749144435033 2.475968942647949 38
1749144458897 2.4696633489212 39
1749144482320 2.446825864113482 40
1749144505771 2.4329069687229343 41
1749144530182 2.4597235896873486 42
1749144552904 2.440730080791137 43
1749144575943 2.423631908480007 44
1749144598997 2.4232592596952127 45
1749144621871 2.426398049159937 46
1749144643981 2.401647996144156 47
1749144667078 2.386739857872115 48
1749144690610 2.3626030144001255 49
1749144712596 2.3764559410342514 50
