1754710167329 0.19296897512246663 0
1754710180942 0.16924406877341275 1
1754710194003 0.22197675535491307 2
1754710206873 0.26500816444145614 3
1754710222703 0.33090000960522525 4
1754710237481 0.33512630871193927 5
1754710252486 0.2957448852175584 6
1754710264301 0.3489578330611853 7
1754710280372 0.38785899529343965 8
1754710291436 0.3535683411776006 9
1754710306611 0.394582652963212 10
1754710322149 0.4027470944193641 11
1754710336065 0.00912496398040534 12
1754710350380 0.03438670636826434 13
1754710364182 0.49956776486408605 14
1754710377789 0.18029007780232448 15
1754710385378 0.008740754970704062 16
1754710393696 0.005763135145519163 17
1754710402921 0.33291710690615695 18
1754710418026 0.20507155892805687 19
1754710431215 0.385265584477956 20
1754710442068 0.0074920756891749115 21
1754710455841 0.47670732878686006 22
1754710467054 0.4741139179713764 23
1754710481489 0.041494573047737966 24
1754710493063 0.5511478244164826 25
1754710507460 0.039381423494380945 26
1754710520542 0.6175199308423782 27
1754710535865 0.6210738641821151 28
1754710549085 0.476995485544136 29
1754710563347 0.6054173470367881 30
1754710577916 0.6726539237345116 31
1754710589526 0.6706368264335799 32
1754710603009 0.6641052732686582 33
1754710617233 0.6563250408222073 34
1754710629130 0.5602727883968879 35
1754710642820 0.06800499471712612 36
1754710653406 0.5980213236000385 37
1754710662094 0.7662088175967726 38
1754710676869 0.7203918931898953 39
1754710690334 0.7284602823936221 40
1754710701785 0.662568437229853 41
1754710715830 0.6877341273652867 42
1754710726665 0.6913841129574488 43
1754710735424 0.020939391028719622 44
1754710749638 0.6975314571126693 45
1754710762172 0.67822495437518 46
1754710776538 0.07741811545480741 47
1754710790714 0.03880510997982903 48
1754710798442 0.5472096820670445 49
1754710811921 0.7601575256939775 50
1754710823530 0.7469983671117087 51
1754710839526 0.6575737201037364 52
1754710854168 0.6065699740658919 53
1754710869391 0.00758812794160023 54
1754710882185 0.6529632119873211 55
1754710895085 0.7433483815195466 56
1754710908799 0.7871482086254923 57
1754710922754 0.8077033906445106 58
1754710936858 0.011238113533762367 59
1754710953068 0.7619825184900586 60
1754710966620 0.00902891172798002 61
1754710980654 0.26087791758716744 62
1754710992569 0.7574680626260686 63
1754711005371 0.7916626644894823 64
1754711018273 0.7875324176351935 65
1754711035859 0.8600518682163096 66
1754711050031 0.7561233310921142 67
1754711065871 0.8057823455960043 68
1754711080709 0.8704255114782442 69
1754711095950 0.8596676592066084 70
1754711109191 0.806934972625108 71
1754711123405 0.038901162232254344 72
1754711138790 0.7832100662760542 73
1754711153750 0.7399865526846604 74
1754711168080 0.846028239362213 75
1754711181079 0.717606377869561 76
1754711194373 0.054653731630006724 77
1754711209322 0.8426664105273268 78
1754711224741 0.8209586014792047 79
1754711238155 0.7713956392277399 80
1754711251643 0.8665834213812313 81
1754711265522 0.017673614446258763 82
1754711279846 0.7213524157141485 83
1754711291442 0.8915570070118144 84
1754711306540 0.7025261742387859 85
1754711321103 0.7140524445298242 86
1754711334370 0.770531168955912 87
1754711346249 0.743444433771972 88
1754711361190 0.8200941312073768 89
1754711374398 0.8246085870713669 90
1754711386437 0.8465085006243397 91
1754711401350 0.005763135145519163 92
1754711413737 0.004898664873691288 93
1754711428385 0.005763135145519163 94
1754711441607 0.832484871770243 95
1754711456722 0.869176832196715 96
1754711470797 0.8303717222168859 97
1754711483121 0.05071558928056863 98
1754711495261 0.005571030640668524 99
1754711506911 0.8707136682355201 100
