1750978452037 0.03065293238079415 0
1750978473846 0.06446253530486792 1
1750978497843 0.08589466688818741 2
1750978519928 0.09661073267984716 3
1750978541954 0.11704602093370992 4
1750978564249 0.13922578501412194 5
1750978586480 0.1545937863432464 6
1750978608266 0.1671373982389101 7
1750978631009 0.1810932048513042 8
1750978654542 0.19114470842332612 9
1750978677534 0.20335603920917095 10
1750978700052 0.21398903472337596 11
1750978722219 0.21697956471174615 12
1750978737037 0.2277787007808606 13
1750978751494 0.22769563050340588 14
1750978766646 0.2323475660408706 15
1750978781413 0.24015617212161489 16
1750978796102 0.24073766406379798 17
1750978811593 0.24397740488453232 18
1750978827379 0.24871241069945174 19
1750978843115 0.24946004319654427 20
1750978857970 0.2578501412194717 21
1750978873032 0.26017610898820404 22
1750978888727 0.26233593620202694 23
1750978904748 0.2644126931383951 24
1750978919288 0.2679016447914936 25
1750978931024 0.2675693636816747 26
1750978942741 0.26831699617876725 27
1750978954318 0.27213822894168466 28
1750978965870 0.272636650606413 29
1750978977806 0.27147366672204687 30
1750978989652 0.2746303372653265 31
1750979001256 0.275377969762419 32
1750979013170 0.27853464030569863 33
1750979025035 0.27886692141551755 34
1750979036598 0.27986376474497426 35
1750979048850 0.2787838511380628 36
1750979061261 0.28235587306861604 37
1750979073443 0.27928227280279116 38
1750979082203 0.2791992025253364 39
1750979090932 0.28385113806280116 40
1750979099793 0.28518026250207673 41
1750979108693 0.28493105166971255 42
1750979117474 0.2847649111148031 43
1750979126207 0.28293736501079914 44
1750979134964 0.2834357866755275 45
1750979143721 0.28144210001661407 46
1750979152380 0.2881707924904469 47
1750979161131 0.2874231599933544 48
1750979169852 0.2921581658082738 49
1750979178792 0.2875893005482638 50
