1750978452037 4.555622547802278 0
1750978473847 4.433327482948287 1
1750978497844 4.316608806225672 2
1750978519929 4.215664299208861 3
1750978541955 4.1357030223627556 4
1750978564250 4.029993351941952 5
1750978586480 3.9546848223358704 6
1750978608267 3.8755577946470887 7
1750978631010 3.830276191510188 8
1750978654543 3.798676416171404 9
1750978677535 3.748010817371832 10
1750978700053 3.7226453703859868 11
1750978722220 3.7115553570876054 12
1750978737038 3.662654315813994 13
1750978751495 3.646536330382029 14
1750978766647 3.643615691012422 15
1750978781414 3.6115735151929083 16
1750978796103 3.6094145039491865 17
1750978811594 3.591447978798408 18
1750978827380 3.580252738923974 19
1750978843116 3.600548427613055 20
1750978857971 3.548297885111672 21
1750978873033 3.5766429513655273 22
1750978888727 3.5345899835510783 23
1750978904749 3.5416688951638227 24
1750978919289 3.520006782670841 25
1750978931025 3.513158664714894 26
1750978942742 3.5318099558729243 27
1750978954319 3.5138965996938274 28
1750978965871 3.4918397861701593 29
1750978977807 3.4908060297939945 30
1750978989653 3.474378831938266 31
1750979001257 3.496115770045325 32
1750979013171 3.482384222502867 33
1750979025036 3.478004386378417 34
1750979036599 3.4708824699894127 35
1750979048851 3.4570131259287242 36
1750979061261 3.4460820763639264 37
1750979073444 3.4424598998961304 38
1750979082204 3.44525583627696 39
1750979090933 3.438299315599094 40
1750979099793 3.432319264995195 41
1750979108694 3.4439004597768106 42
1750979117475 3.4565440928951037 43
1750979126208 3.4716203903991567 44
1750979134964 3.4478537036170978 45
1750979143722 3.43354708084092 46
1750979152381 3.4227501919110215 47
1750979161132 3.4299854083239607 48
1750979169853 3.413230781296613 49
1750979178793 3.4394843856944615 50
