1753455954228 4.479014328120268 0
1753455984488 4.241446743028437 1
1753456007401 4.000929133840674 2
1753456029923 3.825830566007539 3
1753456051824 3.700603513706177 4
1753456074000 3.5724466103194374 5
1753456095722 3.500033875643197 6
1753456120129 3.422015156935987 7
1753456142955 3.379941876624563 8
1753456165581 3.319960925102134 9
1753456188575 3.286454190723216 10
1753456212292 3.2722435360749063 11
1753456240856 3.258482709037482 12
1753456263371 3.231027890970378 13
1753456285862 3.2400049366046004 14
1753456311392 3.2192587878544927 15
1753456333554 3.2272520691910955 16
1753456356636 3.2452818800600336 17
1753456379072 3.2183335495933028 18
1753456403517 3.17818862552123 19
1753456428091 3.2423101316550507 20
1753456453217 3.2010500287973476 21
1753456478085 3.2361948557118536 22
1753456500050 3.2109466120304484 23
1753456522476 3.2058396483844582 24
1753456544633 3.179078877196698 25
1753456585877 3.2070809194615855 26
1753456612004 3.234321055981773 27
1753456636676 3.209093406269505 28
1753456658240 3.1750026477770117 29
1753456684672 3.1915770738874176 30
1753456707206 3.183545182307636 31
1753456731687 3.190472605750261 32
1753456756568 3.199479374533344 33
1753456781670 3.212044122890589 34
1753456806199 3.16267978518322 35
1753456828707 3.1936963626931316 36
1753456851466 3.1627239359487773 37
1753456873617 3.16752414734612 38
1753456896464 3.210862855967754 39
1753456920117 3.159384930553509 40
1753456941983 3.1850674681912707 41
1753456966959 3.210941222100533 42
1753456997334 3.1802447508801523 43
1753457019183 3.1744474653457844 44
1753457045879 3.174977392026834 45
1753457083566 3.1906236122033165 46
1753457105743 3.1722188638166595 47
1753457135242 3.157656267338354 48
1753457157023 3.1446967780446626 49
1753457187335 3.158075578917667 50
1753457211320 3.1555113248101434 51
1753457240807 3.1757018693472756 52
1753457264835 3.1548373373398775 53
1753457288781 3.138041745683443 54
1753457311418 3.1319425658785316 55
1753457343412 3.1588247048104003 56
1753457365655 3.1505638827780444 57
1753457395629 3.1334197575744414 58
1753457418340 3.1430755379553443 59
1753457446275 3.1045962747643996 60
1753457468448 3.1229778512217905 61
1753457490590 3.123484126367587 62
1753457514413 3.111359466161157 63
1753457536257 3.1218839360065456 64
1753457558096 3.099949290311394 65
1753457579893 3.120428849367897 66
1753457603207 3.103394316478575 67
1753457625708 3.1137015588159067 68
1753457647601 3.1090594694988076 69
1753457673874 3.097727063673015 70
1753457696713 3.0868758044218665 71
1753457733233 3.0562825309423305 72
1753457759007 3.099889778695201 73
1753457783798 3.0749152226973386 74
1753457807180 3.1173549912671934 75
1753457830503 3.0793824998323176 76
1753457854559 3.0808941167620443 77
1753457881676 3.0717617584667987 78
1753457904481 3.0607396782779075 79
1753457926399 3.0704998833367605 80
1753457952648 3.050265520871883 81
1753457978332 3.0981965364272885 82
1753458002938 3.0995656976105654 83
1753458024907 3.091586845842558 84
1753458047372 3.0604573849586294 85
1753458070805 3.078877165374159 86
1753458093348 3.0286497007162905 87
1753458125480 3.0418258865468544 88
1753458148598 3.0838132663239217 89
1753458171629 3.0255048290490607 90
1753458194561 3.032175296125963 91
1753458216590 3.0210222062467906 92
1753458248647 3.0417801719607107 93
1753458277346 3.0079811397681904 94
1753458299141 3.026284428031581 95
1753458323069 3.0425935277263596 96
1753458345884 3.0035737933449527 97
1753458368263 3.0364719121669173 98
1753458395478 3.0331562951091793 99
1753458418246 3.0216130149815963 100
