1753950035622 4.57401737343145 0
1753950087197 4.4511471132923806 1
1753950139448 4.380025541116364 2
1753950191420 4.322538620509172 3
1753950239009 4.266808238281917 4
1753950288858 4.208908403984895 5
1753950336122 4.186610562977468 6
1753950387845 4.146796411576443 7
1753950439660 4.101037425385232 8
1753950489679 4.13259389372295 9
1753950543042 4.089176517459333 10
1753950593333 4.084957314575285 11
1753950643503 4.09974971420472 12
1753950694691 4.08172525435867 13
1753950746320 4.056874700048075 14
1753950799162 4.03764682339684 15
1753950848427 4.005781351210408 16
1753950899690 4.001806296372319 17
1753950949083 3.9839847130639754 18
1753951000855 3.9712344546975586 19
1753951050399 3.9586384589888106 20
1753951088758 3.936266971746981 21
1753951139530 3.924261408399453 22
1753951192056 3.9140544467751615 23
1753951241186 3.912847461074834 24
1753951293207 3.912600912180224 25
1753951339290 3.919480609367472 26
1753951393755 3.921463051533744 27
1753951427888 3.9256484405618752 28
1753951475738 3.9368916029185774 29
1753951525187 3.95065336042579 30
1753951576044 3.955703621393069 31
1753951628440 3.969726716494256 32
1753951678816 3.9531164276697166 33
1753951727764 3.962468603367485 34
1753951778461 3.9461859575086717 35
1753951829315 3.9420720582029314 36
1753951878876 3.9689981594111137 37
1753951923186 3.9509587430647164 38
1753951972206 3.948449771239384 39
1753952021380 3.924431898006961 40
1753952073173 3.9257392679879195 41
1753952121728 3.943430456033335 42
1753952167036 3.9406174885400995 43
1753952216003 3.9572576595465243 44
1753952265418 3.962314401973264 45
1753952304191 3.96236477926651 46
1753952348564 3.9557453800654607 47
1753952381400 3.950179162759316 48
1753952429528 3.9775173378043105 49
1753952481196 3.9941213602836623 50
1753952516162 3.98988367189022 51
1753952565983 4.045716283778612 52
1753952613736 4.077651919088097 53
1753952662698 4.110106538943003 54
1753952711760 4.093908502357628 55
1753952754635 4.0706266397760364 56
1753952799137 4.047940390900504 57
1753952850389 4.054850151939705 58
1753952901683 4.07113302577163 59
1753952950646 4.072708178823726 60
1753953003615 4.097268426541779 61
1753953052387 4.1181693637775165 62
1753953084918 4.127642646665777 63
1753953137831 4.166149343730117 64
1753953175950 4.185370388677565 65
1753953225795 4.203580195411999 66
1753953277563 4.228802658537986 67
1753953327078 4.231269625904396 68
1753953377695 4.247183068386304 69
1753953430160 4.283498186575216 70
1753953481362 4.297057661979137 71
1753953531458 4.368482342659866 72
1753953581283 4.349380069770282 73
1753953613225 4.364835452590061 74
1753953666678 4.397697682874202 75
1753953717703 4.409978999774011 76
1753953765644 4.41676864661253 77
1753953819078 4.4211921749609635 78
1753953857982 4.444884777483792 79
1753953910156 4.481639665239873 80
1753953942214 4.518138632468285 81
1753953993407 4.5430330466521935 82
1753954043466 4.558203614738402 83
1753954076790 4.592474703928197 84
1753954129361 4.641005643120581 85
1753954180055 4.660638767188377 86
1753954226699 4.657571875620621 87
1753954279818 4.685192656999703 88
1753954333847 4.721759388443503 89
1753954383631 4.713908778736221 90
1753954432050 4.698860899884535 91
1753954482366 4.707424008840358 92
1753954535027 4.721823541267843 93
1753954586737 4.719428598204151 94
1753954640882 4.749636617614076 95
1753954689502 4.749630520943818 96
1753954740840 4.799196770060422 97
1753954792569 4.792693066438588 98
1753954834040 4.814360312380085 99
1753954865925 4.826552233626576 100
