1754701924176 0.22130438958793583 0
1754701937152 0.245413504946691 1
1754701949445 0.36269330515800596 2
1754701961698 0.4249351647296129 3
1754701973850 0.42397464220535974 4
1754701988117 0.4348285467294208 5
1754702001139 0.5880318893478053 6
1754702012182 0.621650177696667 7
1754702026493 0.5985976371145904 8
1754702041401 0.6526750552300451 9
1754702053838 0.6278935741043128 10
1754702067794 0.6597829219095188 11
1754702081231 0.7243300355393334 12
1754702093700 0.7417154932283162 13
1754702107403 0.7190471616559408 14
1754702119618 0.722408990490827 15
1754702134727 0.7241379310344828 16
1754702148648 0.6855249255595044 17
1754702162722 0.6762078570742484 18
1754702177273 0.7629430410143118 19
1754702189685 0.750360195946595 20
1754702203971 0.7836903275381808 21
1754702218198 0.7409470752089137 22
1754702229497 0.705888003073672 23
1754702243170 0.7125156084910191 24
1754702255337 0.717606377869561 25
1754702267390 0.7278839688790703 26
1754702280484 0.786475842858515 27
1754702294468 0.7712035347228893 28
1754702307892 0.6675631543559697 29
1754702322655 0.7683219671501297 30
1754702335253 0.6520987417154932 31
1754702350811 0.7008932859475555 32
1754702364709 0.8198059744501008 33
1754702379840 0.8036691960426472 34
1754702394083 0.729901066180002 35
1754702407122 0.7857074248391125 36
1754702420471 0.6845644030352511 37
1754702435514 0.7090577274037076 38
1754702448977 0.7537220247814811 39
1754702461614 0.6731341849966381 40
1754702472861 0.7504562481990202 41
1754702485462 0.7601575256939775 42
1754702497635 0.718470848141389 43
1754702512138 0.8337335510517722 44
1754702525840 0.7095379886658342 45
1754702539146 0.8353664393430026 46
1754702553672 0.7871482086254923 47
1754702567466 0.5766977235616175 48
1754702582113 0.7331668427624628 49
1754702592905 0.7957929113437711 50
1754702608667 0.5548938622610701 51
1754702620754 0.48736912880607053 52
1754702635624 0.8312361924887138 53
1754702649640 0.7370089328594756 54
1754702661724 0.7044472192872923 55
1754702674728 0.8502545384689271 56
1754702690959 0.8566900393814235 57
1754702704834 0.8840649313226395 58
1754702720717 0.7972336951301509 59
1754702737288 0.5061953702814331 60
1754702750159 0.7568917491115167 61
1754702763937 0.8231678032849871 62
1754702777179 0.901642493516473 63
1754702790539 0.903179329555278 64
1754702805578 0.8463163961194891 65
1754702819650 0.8669676303909327 66
1754702832969 0.8419940447603497 67
1754702849940 0.8134665257900298 68
1754702862746 0.9211411007588128 69
1754702877432 0.9182595331860532 70
1754702892463 0.9204687349918356 71
1754702906328 0.897416194409759 72
1754702921273 0.937758140428393 73
1754702935880 0.9411199692632792 74
1754702948827 0.9320910575352992 75
1754702959102 0.9100950917299011 76
1754702973295 0.9391989242147728 77
1754702985394 0.9391989242147728 78
1754703000915 0.9471712611660743 79
1754703016082 0.942560753049659 80
1754703029761 0.9475554701757756 81
1754703044384 0.9420804917875324 82
1754703060571 0.9435212755739122 83
1754703075091 0.9412160215157045 84
1754703088413 0.9412160215157045 85
1754703102287 0.9508212467582364 86
1754703115960 0.9498607242339833 87
1754703131525 0.9551435981173758 88
1754703145644 0.9508212467582364 89
1754703159822 0.9512054557679378 90
1754703171187 0.9524541350494669 91
1754703187274 0.9551435981173758 92
1754703200635 0.9484199404476035 93
1754703211173 0.9527422918067429 94
1754703225807 0.9496686197291326 95
1754703239845 0.9537988665834214 96
1754703253423 0.9597541062337912 97
1754703263245 0.9583133224474114 98
1754703278238 0.9593698972240899 99
1754703290277 0.9601383152434925 100
