1754701924177 3.491056434864758 0
1754701937153 3.394823739222334 1
1754701949446 3.155733345788924 2
1754701961699 3.0234004638226484 3
1754701973851 3.0529938388086264 4
1754701988118 2.919490604842938 5
1754702001141 2.737895393791428 6
1754702012183 2.652637583949309 7
1754702026494 2.629237079684421 8
1754702041402 2.548290042774447 9
1754702053839 2.635781805762365 10
1754702067795 2.6436007480465995 11
1754702081232 2.5308057666361754 12
1754702093701 2.4666379491159804 13
1754702107404 2.447483776584468 14
1754702119619 2.453040395750749 15
1754702134728 2.3892575464842447 16
1754702148649 2.4446737442773454 17
1754702162723 2.3606195127856284 18
1754702177274 2.3689552194763723 19
1754702189686 2.4005253954668144 20
1754702203972 2.4236064276723512 21
1754702218199 2.392000106218829 22
1754702229498 2.305095467471682 23
1754702243171 2.2680102245387146 24
1754702255338 2.3041267544797766 25
1754702267391 2.3083615602800758 26
1754702280485 2.2772933660169703 27
1754702294469 2.264549613793339 28
1754702307893 2.3177029459946983 29
1754702322656 2.303161783463039 30
1754702335254 2.3594518272050586 31
1754702350812 2.2717271284684792 32
1754702364710 2.419994093022074 33
1754702379842 2.375774108209207 34
1754702394084 2.298532058965755 35
1754702407124 2.251593104004951 36
1754702420472 2.293373371156421 37
1754702435516 2.2747050299189535 38
1754702448979 2.2442415564052096 39
1754702461616 2.2427964586283218 40
1754702472862 2.231197652597623 41
1754702485464 2.226754107431549 42
1754702497636 2.222910050851437 43
1754702512139 2.2523632727647094 44
1754702525841 2.2628742222358897 45
1754702539147 2.258517953276254 46
1754702553674 2.23310529311976 47
1754702567467 2.3703495249876494 48
1754702582114 2.206567756150102 49
1754702592907 2.1713305875162163 50
1754702608668 2.3992694765675138 51
1754702620755 2.4912783840209842 52
1754702635625 2.2149291009649916 53
1754702649642 2.1942061376296125 54
1754702661725 2.2067230700924227 55
1754702674730 2.2606775902339513 56
1754702690960 2.2690662295452007 57
1754702704835 2.4420395348421025 58
1754702720718 2.2797542554189865 59
1754702737289 2.45044234427239 60
1754702750160 2.175540294694752 61
1754702763939 2.3192703948891027 62
1754702777181 2.709124890477469 63
1754702790540 2.796889571218817 64
1754702805579 2.301620823439005 65
1754702819651 2.240115487162783 66
1754702832970 2.3087269891957463 67
1754702849941 2.212968661947586 68
1754702862748 2.850818236810277 69
1754702877433 2.983649958592692 70
1754702892464 2.742399533707082 71
1754702906329 2.3484822359525483 72
1754702921275 2.8285558923746414 73
1754702935881 3.0170857294319133 74
1754702948828 3.091155281424742 75
1754702959103 2.6362903286809223 76
1754702973296 3.0342361771126933 77
1754702985395 3.0573991842253965 78
1754703000916 3.0714453457282906 79
1754703016083 3.1537049358647833 80
1754703029762 3.1944554578103435 81
1754703044385 3.2248781043579013 82
1754703060572 3.286621747791311 83
1754703075093 3.312951233522466 84
1754703088414 3.347283832890647 85
1754703102289 3.2924862276917497 86
1754703115961 3.3359209303069504 87
1754703131526 3.36821144737191 88
1754703145645 3.412535246169056 89
1754703159823 3.431878849042011 90
1754703171188 3.4308208355114354 91
1754703187276 3.4319778421337688 92
1754703200636 3.4917016458206263 93
1754703211174 3.460512469441584 94
1754703225808 3.521419905066764 95
1754703239847 3.5277994716224685 96
1754703253424 3.5270235382691726 97
1754703263246 3.5742628168671335 98
1754703278239 3.567958972791894 99
1754703290278 3.5589916245114974 100
