1753632193426 4.513212933428593 0
1753632222260 4.379877643147181 1
1753632244446 4.236152774271393 2
1753632267491 4.124333981864995 3
1753632295315 4.067126149835884 4
1753632317786 3.9892419508546686 5
1753632340743 3.9638439647122192 6
1753632362874 3.9371966079928233 7
1753632385466 3.9416308354872442 8
1753632408704 3.9150690154990384 9
1753632441152 3.9404739311709767 10
1753632463234 3.9482603259704234 11
1753632487770 3.945327283479749 12
1753632512064 3.9488377721146524 13
1753632535423 3.9739480544381323 14
1753632558645 3.99107125620384 15
1753632590302 4.027141977520163 16
1753632613080 4.059357229954629 17
1753632635969 4.0533269988826985 18
1753632658374 4.085885552394387 19
1753632680989 4.12356271076387 20
1753632723515 4.123681700785905 21
1753632746658 4.1579522417289585 22
1753632769542 4.145430752318832 23
1753632798547 4.1473066476903515 24
1753632830427 4.1695084326447835 25
1753632855471 4.202012186626381 26
1753632884366 4.260746139996369 27
1753632907243 4.235272919528029 28
1753632931342 4.197862246849592 29
1753632962767 4.220970404911401 30
1753632986470 4.214444768372054 31
1753633008739 4.238840265571759 32
1753633033810 4.29174340957377 33
1753633057145 4.306532792153032 34
1753633081241 4.295978758802946 35
1753633103792 4.301412989265576 36
1753633128505 4.294241697219755 37
1753633151099 4.291635149619424 38
1753633178013 4.335646023515079 39
1753633201235 4.302835194410752 40
1753633225995 4.366366767417464 41
1753633249073 4.408462434713998 42
1753633271488 4.366371817146293 43
1753633293958 4.362187849846089 44
1753633324199 4.364516630098395 45
1753633346417 4.381107181426022 46
1753633368680 4.358163958009653 47
1753633391957 4.344376864948889 48
1753633415741 4.333995638740664 49
1753633438271 4.34600104790997 50
1753633463278 4.350749009824567 51
1753633489299 4.3666023955569155 52
1753633511289 4.387235704498401 53
1753633541573 4.3790286201348385 54
1753633566466 4.399703408143814 55
1753633589478 4.387275851562972 56
1753633611723 4.396983478911304 57
1753633634931 4.426835419541935 58
1753633658143 4.405430206302869 59
1753633680300 4.3791990233630065 60
1753633705186 4.407833768508129 61
1753633728600 4.422561878666241 62
1753633751036 4.429711470118899 63
1753633782578 4.453773423586587 64
1753633805399 4.423665357430527 65
1753633828055 4.413197187271471 66
1753633850484 4.419162407617211 67
1753633897119 4.384076930272277 68
1753633919207 4.445282854814863 69
1753633946886 4.425075045467782 70
1753633969370 4.406716717925873 71
1753633993906 4.372422992871331 72
1753634016731 4.42254573346232 73
1753634039961 4.40435420293817 74
1753634064603 4.4284263497900955 75
1753634087668 4.419622552219632 76
1753634110531 4.468675612561447 77
1753634136558 4.466405553183163 78
1753634160544 4.419599739187281 79
1753634183560 4.433043336099375 80
1753634217607 4.4199811529541995 81
1753634241551 4.470492592208878 82
1753634264663 4.456499909771227 83
1753634287033 4.467751108641578 84
1753634311381 4.4325682170740555 85
1753634336558 4.4512802548745505 86
1753634365698 4.439920795621122 87
1753634388652 4.411022111673713 88
1753634415207 4.459072894499962 89
1753634437772 4.415240047344804 90
1753634464484 4.432361336058966 91
1753634486451 4.412729116785374 92
1753634510669 4.442506036291464 93
1753634532959 4.444840916498894 94
1753634554908 4.450868456268016 95
1753634584049 4.455763640108655 96
1753634606693 4.423202446403676 97
1753634630198 4.468663899154313 98
1753634655127 4.472629427644817 99
1753634687165 4.436549478166271 100
