1753787241029 0.04784847981392258 0
1753787304566 0.09744143545439442 1
1753787333871 0.13174946004319654 2
1753787384215 0.15600598105997673 3
1753787449080 0.18499750789167635 4
1753787509557 0.2044359528160824 5
1753787576008 0.22669878717394917 6
1753787606420 0.24015617212161489 7
1753787634593 0.2541950490114637 8
1753787664152 0.25959461704602094 9
1753787702676 0.26914769895331453 10
1753787734687 0.2740488453231434 11
1753787801699 0.28418341917262 12
1753787861658 0.29049676025917925 13
1753787888992 0.29988370161156336 14
1753787918312 0.312759594617046 15
1753787982867 0.3096859943512211 16
1753788011139 0.31383950822395745 17
1753788043339 0.3214819737497923 18
1753788112239 0.32737996344907794 19
1753788139478 0.3244725037381625 20
1753788167170 0.3326133909287257 21
1753788236735 0.3313673367669048 22
1753788296975 0.3341086559229108 23
1753788338716 0.33718225618873565 24
1753788369966 0.3388436617378302 25
1753788406442 0.3432463864429307 26
1753788423405 0.33809602924073767 27
1753788457238 0.34532314337929887 28
1753788491554 0.3484798139225785 29
1753788514824 0.3490613058647616 30
1753788553575 0.3497258680843994 31
1753788591687 0.34789832198039544 32
1753788625520 0.35113806280112975 33
1753788663500 0.35471008473168303 34
1753788701026 0.3518856952982223 35
1753788735532 0.3560392091709586 36
1753788773156 0.3581159661073268 37
1753788809049 0.3586143877720552 38
1753788843925 0.36268483136733676 39
1753788863945 0.3640139558066124 40
1753788900698 0.3652600099684333 41
1753788936974 0.36285097192224625 42
1753788971819 0.3647615883037049 43
1753789006835 0.3680013291244393 44
1753789023855 0.36766904801462036 45
1753789040446 0.36600764246552586 46
1753789057014 0.36825053995680346 47
1753789074252 0.3699950157833527 48
1753789106602 0.3699950157833527 49
1753789146014 0.3691643130088054 50
1753789168813 0.37099185911280946 51
1753789192889 0.3699950157833527 52
1753789218246 0.3715733510549925 53
1753789241251 0.3751453729855458 54
1753789262736 0.3752284432630005 55
1753789277621 0.37705598936700446 56
1753789295827 0.3767237082571856 57
1753789320206 0.3768067785346403 58
1753789343245 0.3773882704768234 59
1753789368932 0.3785512543611896 60
1753789392961 0.3748961621531816 61
1753789418653 0.37406545937863434 62
1753789443060 0.3743146702109985 63
1753789467048 0.3781359029739159 64
1753789490802 0.3777205515866423 65
1753789514474 0.38129257351719553 66
1753789534812 0.3798803788004652 67
1753789559091 0.381458714072105 68
1753789583707 0.3797142382455557 69
1753789607538 0.3779697624190065 70
1753789632218 0.3848645954477488 71
1753789655564 0.38162485462701445 72
1753789679794 0.3817079249044692 73
1753789704552 0.38303704934374483 74
1753789730060 0.38361854128592787 75
1753789742567 0.38386775211829205 76
1753789753974 0.38262169795647116 77
1753789766619 0.3863598604419339 78
1753789778258 0.3866921415517528 79
1753789791343 0.38743977404884533 80
1753789803809 0.3842831035055657 81
1753789814940 0.3875228443263001 82
1753789827676 0.38727363349393584 83
1753789839455 0.38901810932048514 84
1753789849864 0.38959960126266824 85
1753789862305 0.3865260009968433 86
1753789874802 0.3861106496095697 87
1753789887254 0.3901810932048513 88
1753789900394 0.39043030403721546 89
1753789912679 0.38785512543611894 90
1753789923742 0.38943346070775875 91
1753789936096 0.38943346070775875 92
1753789948299 0.39059644459212495 93
1753789959741 0.39217477986376476 94
1753789971844 0.3945007476324971 95
1753789983246 0.3942515368001329 96
1753789995434 0.3951653098521349 97
1753790008619 0.39433460707758766 98
1753790021193 0.39533145040704437 99
1753790033775 0.3945007476324971 100
