1753167104423 0.015700282438943346 0
1753167111997 0.021764412693138394 1
1753167119163 0.02816082405715235 2
1753167127307 0.039624522345904634 3
1753167135021 0.0488453231433793 4
1753167142839 0.05158664229938528 5
1753167150075 0.061555075593952485 6
1753167157779 0.06786841668051172 7
1753167165032 0.07509553081907294 8
1753167173137 0.08514703439109486 9
1753167180327 0.08780528326964612 10
1753167188146 0.09669380295730187 11
1753167195299 0.09478318657584317 12
1753167203194 0.10824057152350888 13
1753167210663 0.10907127429805616 14
1753167218544 0.11829207509553082 15
1753167226537 0.11380628011297558 16
1753167234166 0.11322478817079248 17
1753167241911 0.12335936202026915 18
1753167249489 0.12834357866755275 19
1753167256884 0.12834357866755275 20
1753167264574 0.13324472503738163 21
1753167272625 0.13332779531483635 22
1753167279265 0.14080412028576175 23
1753167287057 0.14504070443595282 24
1753167294445 0.1492772885861439 25
1753167302396 0.15417843495597275 26
1753167309914 0.14636982887522845 27
1753167317064 0.15608905133743148 28
1753167324161 0.1630669546436285 29
1753167331430 0.16730353879381957 30
1753167339608 0.1686326632330952 31
1753167347364 0.1686326632330952 32
1753167355303 0.17087556072437282 33
1753167363304 0.17037713905964447 34
1753167371213 0.17536135570692807 35
1753167378904 0.17718890181093205 36
1753167386539 0.18308689151021765 37
1753167393356 0.18433294567203853 38
1753167400461 0.18591128094367834 39
1753167408243 0.1932214653596943 40
1753167415549 0.19546436285097193 41
1753167422324 0.19139391925569033 42
1753167430481 0.196045854793155 43
1753167438133 0.1984548928393421 44
1753167445983 0.2009470011629839 45
1753167453743 0.19803954145206845 46
1753167460531 0.20244226615716895 47
1753167468163 0.20825718557899983 48
1753167475591 0.21174613723209834 49
1753167482181 0.20933709918591129 50
1753167489555 0.21257684000664562 51
1753167497061 0.21265991028410036 52
1753167504924 0.21714570526665558 53
1753167512677 0.2168964944342914 54
1753167520950 0.21963781359029738 55
1753167528082 0.22354211663066956 56
1753167535737 0.22196378135902975 57
1753167543438 0.22669878717394917 58
1753167551361 0.2277787007808606 59
1753167559338 0.23018773882704768 60
1753167567321 0.23201528493105167 61
1753167575162 0.2333444093703273 62
1753167582938 0.23326133909287258 63
1753167590374 0.24165143711579998 64
1753167597834 0.23974082073434125 65
1753167605626 0.24190064794816415 66
1753167612526 0.24123608572852634 67
1753167620324 0.2414022262834358 68
1753167628276 0.24156836683834523 69
1753167636095 0.24622030237580994 70
1753167643918 0.2473002159827214 71
1753167651574 0.24995846486127263 72
1753167659366 0.25120451902309354 73
1753167667417 0.2536966273467353 74
1753167675029 0.25436118956637316 75
1753167682676 0.25220136235255025 76
1753167689959 0.2539458381790995 77
1753167697550 0.25959461704602094 78
1753167705385 0.25801628177438113 79
1753167713504 0.2625020767569364 80
1753167720962 0.26333277953148365 81
1753167728358 0.2612560225951155 82
1753167736097 0.2640804120285762 83
1753167743867 0.26474497424821397 84
1753167751444 0.26615716896494435 85
1753167758575 0.26615716896494435 86
1753167766303 0.26291742814421 87
1753167774453 0.2700614720053165 88
1753167782444 0.27072603422495434 89
1753167790319 0.27612560225951155 90
1753167797790 0.2762086725369663 91
1753167805157 0.27712244558896826 92
1753167812559 0.2778700780860608 93
1753167819923 0.28052832696461205 94
1753167827561 0.28152517029406876 95
1753167834230 0.28044525668715736 96
1753167841817 0.28293736501079914 97
1753167848521 0.2818574514038877 98
1753167856229 0.2827712244558897 99
1753167863339 0.27911613224788173 100
1753167870920 0.2864263166638977 101
1753167878035 0.2865924572188071 102
1753167884831 0.28983219803954147 103
1753167892732 0.2861771058315335 104
1753167900076 0.2845987705598937 105
1753167907125 0.28866921415517527 106
1753167914293 0.2899983385944509 107
1753167921490 0.28925070609735837 108
1753167928946 0.29365343080245887 109
1753167936145 0.2944010632995514 110
1753167943835 0.29489948496427976 111
1753167951445 0.29946835022428975 112
1753167958634 0.29863764744974247 113
1753167965410 0.2968101013457385 114
1753167973109 0.2993022096693803 115
1753167980668 0.2989699285595614 116
1753167987949 0.30038212327629177 117
1753167995178 0.29880378800465196 118
1753168002387 0.3061970426981226 119
1753168009620 0.303040372154843 120
1753168017697 0.3037049343744808 121
1753168024803 0.3061970426981226 122
1753168031983 0.3075261671373982 123
1753168039183 0.3047017777039375 124
1753168046842 0.3059478318657584 125
1753168054318 0.3033726532646619 126
1753168062026 0.3115135404552251 127
1753168068872 0.3093537132414022 128
1753168075894 0.3065293238079415 129
1753168083400 0.31458714072105 130
1753168090590 0.3133410865592291 131
1753168097976 0.3115135404552251 132
1753168105278 0.31383950822395745 133
1753168112897 0.3135072271141386 134
1753168120283 0.31325801628177435 135
1753168127671 0.3129257351719555 136
1753168135632 0.3167469679348729 137
1753168143696 0.3166638976574182 138
1753168151225 0.3186575843163316 139
1753168158687 0.31815916265160327 140
1753168167044 0.31874065459378637 141
1753168175082 0.3194882870908789 142
1753168182291 0.3186575843163316 143
1753168189464 0.31965442764578833 144
1753168196892 0.32139890347233757 145
1753168204644 0.32405715235088883 146
1753168211776 0.32123276291742814 147
1753168219432 0.3251370659578003 148
1753168226880 0.3233095198537963 149
1753168234489 0.3263831201196212 150
1753168241723 0.3236418009636152 151
1753168249763 0.3233095198537963 152
1753168257196 0.32679847150689484 153
1753168264869 0.32696461206180427 154
1753168272200 0.3278783851138063 155
1753168280010 0.33120119621199534 156
1753168287622 0.3266323309519854 157
1753168295168 0.3282937365010799 158
1753168303261 0.3285429473334441 159
1753168310923 0.3284598770559894 160
1753168318915 0.3328626017610899 161
1753168326462 0.3381790995181924 162
1753168333925 0.3342747964778202 163
1753168340823 0.3344409370327297 164
1753168348244 0.3330287423159993 165
1753168355318 0.3360192723043695 166
1753168362804 0.3368499750789168 167
1753168370510 0.3397574347898322 168
1753168378815 0.3385113806280113 169
1753168386708 0.3360192723043695 170
1753168394639 0.34017278617710583 171
1753168401353 0.34050506728692476 172
1753168409055 0.33992357534474166 173
1753168416728 0.3419172620036551 174
1753168424479 0.33892673201528495 175
1753168431937 0.34133577006147203 176
1753168439953 0.343163316165476 177
1753168447798 0.34490779199202526 178
1753168455338 0.34548928393420836 179
1753168462423 0.3459877055989367 180
1753168470223 0.34515700282438944 181
1753168477283 0.34299717561056653 182
1753168485282 0.3472337597607576 183
1753168492624 0.3472337597607576 184
1753168500240 0.3474829705931218 185
1753168507748 0.34931051669712576 186
1753168515527 0.3484798139225785 187
1753168522657 0.34897823558730684 188
1753168530462 0.34789832198039544 189
1753168538454 0.34856288420003323 190
1753168546236 0.3516364844658581 191
1753168553889 0.3496427978069447 192
1753168560311 0.3518026250207676 193
1753168567665 0.35545771722877556 194
1753168575224 0.3502242897491278 195
1753168582986 0.3494766572520352 196
1753168590479 0.3566207011131417 197
1753168598181 0.3557899983385944 198
1753168605829 0.3559561388935039 199
1753168613468 0.3553746469513208 200
