1753167104424 4.61896199496567 0
1753167111998 4.5912640171924926 1
1753167119164 4.547718232797444 2
1753167127308 4.503194955177997 3
1753167135022 4.449527867805462 4
1753167142840 4.395055914887264 5
1753167150076 4.339780707627898 6
1753167157780 4.287664788968927 7
1753167165033 4.237121044061123 8
1753167173138 4.1825993128712815 9
1753167180328 4.13303048553563 10
1753167188147 4.088121408221601 11
1753167195300 4.0458231104577775 12
1753167203195 4.003783199756072 13
1753167210664 3.963603995186083 14
1753167218545 3.9184054833292308 15
1753167226538 3.8903681347980474 16
1753167234167 3.865055783549594 17
1753167241912 3.833525879436203 18
1753167249490 3.8031876706034757 19
1753167256885 3.786110271321169 20
1753167264575 3.7519955234198874 21
1753167272626 3.7333033029248406 22
1753167279266 3.7068947613264345 23
1753167287058 3.682033367195065 24
1753167294446 3.651623995427376 25
1753167302397 3.6318643370462396 26
1753167309915 3.621636662101385 27
1753167317065 3.5974394129624434 28
1753167324162 3.573434626144138 29
1753167331431 3.5566796217209253 30
1753167339609 3.542078071604661 31
1753167347366 3.5247603482486523 32
1753167355304 3.5068383710932562 33
1753167363305 3.496406278423824 34
1753167371214 3.474693087305828 35
1753167378905 3.4651120178786683 36
1753167386540 3.4439031242973517 37
1753167393357 3.433613376764752 38
1753167400462 3.4135241450608 39
1753167408244 3.3926385006217106 40
1753167415550 3.37789823381076 41
1753167422325 3.374009259060783 42
1753167430482 3.357896481330979 43
1753167438134 3.3446127150729206 44
1753167445984 3.3322408517001305 45
1753167453744 3.327673999162821 46
1753167460532 3.3103278675917167 47
1753167468164 3.293704473957288 48
1753167475592 3.2762169950947433 49
1753167482182 3.269641868478864 50
1753167489556 3.254640364681988 51
1753167497062 3.2523124320209402 52
1753167504925 3.234246289043579 53
1753167512678 3.227873985558911 54
1753167520951 3.212803649145698 55
1753167528083 3.1982901375200528 56
1753167535738 3.188197663773404 57
1753167543439 3.174231131746269 58
1753167551362 3.169348128581558 59
1753167559339 3.157059461517262 60
1753167567322 3.14802326538223 61
1753167575163 3.136829383411343 62
1753167582939 3.1278838860532625 63
1753167590375 3.112225845462387 64
1753167597835 3.0990276227682867 65
1753167605627 3.090917562726868 66
1753167612527 3.082427255593212 67
1753167620325 3.074005056975919 68
1753167628277 3.0723051329328515 69
1753167636096 3.054401117821309 70
1753167643919 3.0451283130439304 71
1753167651576 3.0317212724044276 72
1753167659366 3.025380971953868 73
1753167667418 3.0178842592159207 74
1753167675030 3.0079027829224345 75
1753167682677 3.0054979965234816 76
1753167689960 2.9955705763563083 77
1753167697551 2.985046973795688 78
1753167705386 2.9729520048650184 79
1753167713505 2.9666250643734173 80
1753167720963 2.959240702883242 81
1753167728359 2.953795445471463 82
1753167736098 2.9471161310389142 83
1753167743868 2.9377661605951615 84
1753167751445 2.928065629529572 85
1753167758576 2.919078007772621 86
1753167766304 2.9126722089078756 87
1753167774454 2.895980223355648 88
1753167782445 2.8973320963854747 89
1753167790320 2.8857402020815592 90
1753167797791 2.8805711071197604 91
1753167805158 2.8708545395986227 92
1753167812560 2.8648788181609994 93
1753167819924 2.852484837857151 94
1753167827562 2.8424608389736976 95
1753167834231 2.8483992694505575 96
1753167841818 2.8329776459854656 97
1753167848522 2.8294802498496745 98
1753167856229 2.8171679997153523 99
1753167863340 2.820552596754264 100
1753167870921 2.805846144768209 101
1753167878036 2.801224635235148 102
1753167884832 2.7909664473347227 103
1753167892733 2.7972544486806292 104
1753167900077 2.788432042430358 105
1753167907126 2.7822692688145825 106
1753167914294 2.7764163646641875 107
1753167921491 2.771210417821659 108
1753167928947 2.759952218229904 109
1753167936146 2.752795213283035 110
1753167943836 2.7430566420771587 111
1753167951446 2.7380162150782663 112
1753167958635 2.7293987347078503 113
1753167965411 2.7253105660454975 114
1753167973110 2.716898040417715 115
1753167980669 2.711187108292606 116
1753167987950 2.707060555516797 117
1753167995179 2.7071590276263553 118
1753168002388 2.6942718671670027 119
1753168009621 2.6871622507939974 120
1753168017698 2.6849218024682378 121
1753168024804 2.68173029879754 122
1753168031984 2.668646904489181 123
1753168039184 2.670544560953267 124
1753168046843 2.6633300488362948 125
1753168054319 2.6647379118236687 126
1753168062027 2.648871411541622 127
1753168068873 2.6577621500449 128
1753168075895 2.650162278954449 129
1753168083401 2.6338377265731743 130
1753168090591 2.629711335699515 131
1753168097977 2.6311842001702117 132
1753168105279 2.624128965456579 133
1753168112898 2.6202247055101013 134
1753168120284 2.6133004031596236 135
1753168127672 2.6063042555149987 136
1753168135633 2.602953621398105 137
1753168143697 2.5926153254939908 138
1753168151226 2.591825523086835 139
1753168158688 2.5893772243200703 140
1753168167045 2.5814137850152488 141
1753168175083 2.5693061025316046 142
1753168182292 2.5738756199276915 143
1753168189465 2.573948661799489 144
1753168196893 2.5615074055793157 145
1753168204645 2.5565426334106105 146
1753168211777 2.5533458148045116 147
1753168219433 2.552429397838263 148
1753168226881 2.550866281775779 149
1753168234490 2.5386562901993366 150
1753168241724 2.5409583924396943 151
1753168249764 2.540027645203986 152
1753168257197 2.5265772802807693 153
1753168264870 2.5222581448851638 154
1753168272201 2.5213313410516647 155
1753168280011 2.513642089539288 156
1753168287623 2.520498388627338 157
1753168295169 2.5086714198054163 158
1753168303262 2.4990999926133735 159
1753168310924 2.509045718283952 160
1753168318916 2.4888683472074544 161
1753168326463 2.4857468298875567 162
1753168333926 2.4824208542923807 163
1753168340824 2.4809681046104273 164
1753168348245 2.482058191146606 165
1753168355319 2.471077712018633 166
1753168362805 2.4687801778141116 167
1753168370511 2.458173060815542 168
1753168378816 2.4557522550983157 169
1753168386709 2.4534880507012384 170
1753168394639 2.446257902236484 171
1753168401354 2.451014775295827 172
1753168409056 2.445951975283877 173
1753168416729 2.439125924575925 174
1753168424480 2.4445720009690524 175
1753168431938 2.438663041155696 176
1753168439954 2.4268623138360987 177
1753168447799 2.4222847939589887 178
1753168455339 2.4149102665086213 179
1753168462424 2.414468195895379 180
1753168470224 2.4153809311285697 181
1753168477284 2.4087847799451074 182
1753168485283 2.400057078435071 183
1753168492625 2.398366924868556 184
1753168500241 2.4019389392173105 185
1753168507749 2.396511143022548 186
1753168515528 2.392995631133573 187
1753168522658 2.3899589315113174 188
1753168530463 2.388962775205754 189
1753168538455 2.383126264023851 190
1753168546237 2.3726555750920224 191
1753168553890 2.3771162770810674 192
1753168560312 2.361686633283624 193
1753168567666 2.357417213924295 194
1753168575225 2.3668280919342797 195
1753168582987 2.365627002207458 196
1753168590480 2.3512158353897945 197
1753168598182 2.3505971446764873 198
1753168605830 2.346167640307211 199
1753168613469 2.343071488584476 200
