1753687303842 0.04610400398737332 0
1753687335405 0.04892839342083403 1
1753687365598 0.05665392922412361 2
1753687381542 0.04743312842664894 3
1753687414294 0.01030071440438611 4
1753687429929 0.00805781691310849 5
1753687461330 0.06371490280777538 6
1753687483939 0.06496095696959628 7
1753687513269 0.05482638312011962 8
1753687545130 0.05964445921249377 9
1753687559610 0.011048346901478651 10
1753687574110 0.06055823226449576 11
1753687591579 0.009386941352384118 12
1753687610243 0.009636152184748297 13
1753687624334 0.07135736833361024 14
1753687656712 0.00805781691310849 15
1753687670956 0.01030071440438611 16
1753687686088 0.010466854959295564 17
1753687708545 0.07360026582488785 18
1753687728389 0.06354876225286593 19
1753687751417 0.0609735836517694 20
1753687781442 0.00930387107492939 21
1753687814594 0.010549925236750291 22
1753687841869 0.05939524838012959 23
1753687856415 0.010051503572021931 24
1753687887965 0.06878218973251371 25
1753687913031 0.009636152184748297 26
1753687939812 0.06994517361687988 27
1753687964713 0.07708921747798637 28
1753687997183 0.0718557899983386 29
1753688011564 0.04967602591792657 30
1753688036402 0.0846486127263665 31
1753688059548 0.08041202857617545 32
1753688081914 0.07642465525834856 33
1753688117116 0.009968433294567204 34
1753688132620 0.08813756437946503 35
1753688164586 0.010383784681840837 36
1753688194579 0.08523010466854959 37
1753688213753 0.09445090546602426 38
1753688244893 0.10201030071440438 39
1753688260608 0.010882206346569197 40
1753688289149 0.08946668881874066 41
1753688313419 0.11746137232098355 42
1753688328106 0.10059810599767403 43
1753688342821 0.010217644126931383 44
1753688372501 0.11239408539624522 45
1753688390592 0.11314171789333777 46
1753688421315 0.011131417178933378 47
1753688437527 0.010051503572021931 48
1753688466498 0.0768400066456222 49
1753688498779 0.05997674032231268 50
1753688515986 0.09212493769729191 51
1753688543602 0.11031732845987706 52
1753688567531 0.00955308190729357 53
1753688583038 0.010965276624023924 54
1753688612923 0.010383784681840837 55
1753688627096 0.011214487456388105 56
1753688644390 0.10632995514205018 57
1753688664298 0.10740986874896162 58
1753688698035 0.00930387107492939 59
1753688714942 0.00805781691310849 60
1753688741348 0.009636152184748297 61
1753688772924 0.08456554244891178 62
1753688801698 0.010217644126931383 63
1753688819130 0.008888519687655756 64
1753688851595 0.1262668217311846 65
1753688867438 0.11056653929224124 66
1753688883002 0.12718059478318658 67
1753688897666 0.010217644126931383 68
1753688913255 0.11870742648280445 69
1753688937560 0.11181259345406214 70
1753688957363 0.009968433294567204 71
1753688989725 0.009719222462203024 72
1753689023156 0.11206180428642631 73
1753689043619 0.11222794484133577 74
1753689060869 0.11687988037880047 75
1753689088319 0.11372320983552085 76
1753689109173 0.011879049676025918 77
1753689125204 0.12867585977737164 78
1753689152478 0.09818906795148696 79
1753689185146 0.1126432962286094 80
1753689208377 0.12826050839009803 81
1753689238775 0.012958963282937365 82
1753689253341 0.10599767403223127 83
1753689285162 0.1287589300548264 84
1753689300556 0.12369164313008806 85
1753689315964 0.008390098022927396 86
1753689337772 0.10450240903804618 87
1753689366363 0.10873899318823725 88
1753689387829 0.011712909121116465 89
1753689402677 0.12759594617046022 90
1753689429860 0.12643296228609405 91
1753689451918 0.012377471340754278 92
1753689474484 0.011048346901478651 93
1753689497379 0.011629838843661738 94
1753689519119 0.010217644126931383 95
1753689539875 0.09486625685329789 96
1753689556841 0.11845821565044028 97
1753689571585 0.01030071440438611 98
1753689601058 0.011131417178933378 99
1753689616111 0.011048346901478651 100
