1752535188303 0.013534703309400016 0
1752535205572 0.01799125196005612 1
1752535223099 0.023768259470165882 2
1752535240530 0.03004043905257077 3
1752535257910 0.03482710241809028 4
1752535275410 0.0439052570768342 5
1752535292935 0.04522571593628786 6
1752535310268 0.052323182305851285 7
1752535327449 0.05446892795246348 8
1752535344916 0.05826524717339275 9
1752535362333 0.06420731204093423 10
1752535379785 0.0681686886192952 11
1752535397160 0.07064454898077081 12
1752535414688 0.07749442931418668 13
1752535432413 0.08170339192869522 14
1752535450259 0.08327143682429644 15
1752535467648 0.08599488322191962 16
1752535485050 0.08649005529421475 17
1752535502693 0.09185441941074524 18
1752535520086 0.0965585540975489 19
1752535537507 0.09738384088470743 20
1752535555020 0.10547165139886111 21
1752535572457 0.10695716761574647 22
1752535589910 0.11199141701741355 23
1752535607556 0.11265164644714037 24
1752535624979 0.11677808038293307 25
1752535642358 0.11620037963192209 26
1752535659750 0.11595279359577453 27
1752535677091 0.11760336717009161 28
1752535694539 0.1209870429974416 29
1752535711952 0.12197738714203185 30
1752535729250 0.12841462408186846 31
1752535746996 0.1294049682264587 32
1752535764886 0.1304778410497648 33
1752535782333 0.13237600066022942 34
1752535799784 0.13575967648757944 35
1752535817099 0.13807047949162335 36
1752535834490 0.14211438474870017 37
1752535852350 0.13996863910208798 38
1752535869652 0.14442518775274407 39
1752535887302 0.14516794586118675 40
1752535904635 0.1488817364034002 41
1752535922065 0.14904679376083188 42
1752535939582 0.1492118511182636 43
1752535956969 0.15201782619460263 44
1752535974605 0.15498885862837336 45
1752535992067 0.152925641660477 46
1752536009440 0.15573161673681604 47
1752536026923 0.15845506313443922 48
1752536044299 0.1620863249979368 49
1752536061621 0.16571758686143434 50
1752536079288 0.1634893125361063 51
1752536096819 0.16712057439960387 52
1752536114256 0.1697614921185112 53
1752536131699 0.17050425022695387 54
1752536149380 0.17570355698605267 55
1752536166730 0.17628125773706363 56
1752536184455 0.17677642980935876 57
1752536201843 0.17982999092184535 58
1752536219215 0.18412148221506974 59
1752536236480 0.1799125196005612 60
1752536253964 0.1820582652471734 61
1752536271352 0.18618469918296607 62
1752536288835 0.18486424032351242 63
1752536306602 0.1856069984319551 64
1752536323905 0.18750515804241974 65
1752536341568 0.19088883386976974 66
1752536359605 0.19113641990591732 67
1752536377499 0.1920442353717917 68
1752536394804 0.19286952215895023 69
1752536412068 0.1938598663035405 70
1752536429621 0.19707848477345877 71
1752536447407 0.1966658413798795 72
1752536464834 0.20318560699843197 73
1752536482184 0.20376330774944293 74
1752536499593 0.20070974663695634 75
1752536517416 0.2032681356771478 76
1752536535221 0.20516629528761243 77
1752536553021 0.20904514318725756 78
1752536570799 0.20566146735990756 79
1752536588636 0.20681686886192951 80
1752536606183 0.20904514318725756 81
1752536623773 0.21176858958488073 82
1752536641279 0.2116860609061649 83
1752536658689 0.21011801601056368 84
1752536676053 0.21465709333993563 85
1752536693409 0.21424444994635636 86
1752536710757 0.2150697367335149 87
1752536728417 0.21779318313113807 88
1752536746328 0.21606008087810513 89
1752536764129 0.21754559709499052 90
1752536781792 0.22158950235206734 91
1752536799589 0.22208467442436247 92
1752536817125 0.22348766196253197 93
1752536834480 0.22464306346455393 94
1752536852054 0.2259635223240076 95
1752536869535 0.22332260460510028 96
1752536886940 0.22546835025171247 97
1752536904247 0.22621110836015515 98
1752536921581 0.22819179664933564 99
1752536939223 0.22901708343649418 100
