1751140159210 0.07617544442598438 0
1751140281261 0.1353214819737498 1
1751140404507 0.16946336600764247 2
1751140528345 0.21805947831865757 3
1751140652159 0.24464196710417013 4
1751140778634 0.26931383950822396 5
1751140899507 0.287838511380628 6
1751141021413 0.30478484798139227 7
1751141149720 0.3141717893337764 8
1751141278892 0.32281109818906795 9
1751141407282 0.3324472503738162 10
1751141533233 0.34789832198039544 11
1751141662177 0.360192723043695 12
1751141790847 0.3714902807775378 13
1751141917107 0.37904967602591794 14
1751142044378 0.3881043362684831 15
1751142168003 0.39059644459212495 16
1751142291597 0.39558066123940855 17
1751142417297 0.3979066290081409 18
1751142540488 0.4024754942681509 19
1751142662263 0.4028908456554245 20
1751142788182 0.4103671706263499 21
1751142917081 0.4158498089383619 22
1751143039140 0.4219970094700116 23
1751143168554 0.4228277122445589 24
1751143294180 0.42423990696128927 25
1751143424035 0.4287257019438445 26
1751143552143 0.4365343080245888 27
1751143677785 0.4430137896660575 28
1751143800293 0.4461704602093371 29
1751143928567 0.44907791992025253 30
1751144057438 0.45157002824389436 31
1751144185111 0.45497590961953815 32
1751144310044 0.4535637149028078 33
1751144435982 0.4570526665559063 34
1751144559913 0.46419671041701277 35
1751144685385 0.46619039707592624 36
1751144809215 0.46901478650938694 37
1751144928914 0.47100847316830036 38
1751145057043 0.4752450573184914 39
1751145183890 0.47491277620867256 40
1751145307071 0.48338594450905464 41
1751145434587 0.4810599767403223 42
1751145559723 0.482056820069779 43
1751145679417 0.4874563881043363 44
1751145806830 0.4887855125436119 45
1751145930913 0.49210832364180096 46
1751146057228 0.49609569695962785 47
1751146185186 0.4955972752948995 48
1751146310139 0.4971756105665393 49
1751146432150 0.49892008639308855 50
1751146505415 0.5026582488785513 51
1751146575911 0.49991692972254526 52
1751146646035 0.4985878052832696 53
1751146715249 0.49991692972254526 54
1751146786659 0.500913773052002 55
1751146855347 0.5039873733178268 56
1751146927067 0.5078086060807443 57
1751146999237 0.5058979896992856 58
1751147070666 0.5038212327629175 59
1751147140630 0.5049842166472837 60
1751147208813 0.5076424655258348 61
1751147280289 0.49925236750290747 62
1751147351503 0.5032397408207343 63
1751147421526 0.5053164977571025 64
1751147492232 0.5086393088552916 65
1751147561286 0.5122944010632996 66
1751147628979 0.518524671872404 67
1751147702376 0.512792822728028 68
1751147773352 0.5160325635487623 69
1751147845108 0.5239242399069612 70
1751147915088 0.5201030071440439 71
1751147984582 0.5200199368665891 72
1751148055888 0.524007310184416 73
1751148126295 0.5235919587971424 74
1751148196678 0.5190230935371324 75
1751148268120 0.5208506396411364 76
1751148336618 0.5186908124273135 77
1751148404338 0.5225951154676857 78
1751148474323 0.5225951154676857 79
1751148545166 0.52583485628842 80
1751148617426 0.5242565210167802 81
1751148690059 0.5279946835022429 82
1751148762695 0.5280777537796977 83
1751148832122 0.5220136235255026 84
1751148903616 0.5245888021265991 85
1751148975379 0.5279116132247882 86
1751149046952 0.5299052998837016 87
1751149118664 0.5279946835022429 88
1751149190116 0.5284100348895165 89
1751149261492 0.5316497757102508 90
1751149332156 0.5279946835022429 91
1751149403347 0.5265824887855125 92
1751149475335 0.5269147698953315 93
1751149545381 0.5256687157335106 94
1751149615215 0.5296560890513374 95
1751149685681 0.5282438943346071 96
1751149758113 0.5331450407044359 97
1751149830359 0.5362186409702608 98
1751149899808 0.5351387273633494 99
1751149973507 0.5318159162651603 100
1751150023641 0.5284931051669712 101
1751150072729 0.5294899484964279 102
1751150123348 0.532812759594617 103
1751150172853 0.5319820568200698 104
1751150223314 0.5333111812593454 105
1751150272156 0.5348895165309853 106
1751150320444 0.5372985545771722 107
1751150368321 0.5332281109818907 108
1751150415986 0.532812759594617 109
1751150463456 0.5351387273633494 110
1751150512492 0.531898986542615 111
1751150561688 0.53497258680844 112
1751150611664 0.5344741651437116 113
1751150660939 0.5328958298720717 114
1751150710291 0.5335603920917096 115
1751150760243 0.5331450407044359 116
1751150809008 0.5314836351553415 117
1751150857442 0.5320651270975245 118
1751150905564 0.5299883701611563 119
1751150953886 0.5330619704269812 120
1751151003998 0.5309021432131583 121
1751151052677 0.5346403056986211 122
1751151101165 0.5309021432131583 123
1751151150767 0.5353048679182588 124
1751151200528 0.5377969762419006 125
1751151249932 0.5334773218142549 126
1751151298607 0.5362186409702608 127
1751151348071 0.5336434623691643 128
1751151398543 0.5327296893171624 129
1751151447612 0.5361355706928062 130
1751151497500 0.5397906629008141 131
1751151545069 0.5339757434789832 132
1751151594255 0.5353048679182588 133
1751151644588 0.5368832031898987 134
1751151693804 0.5404552251204519 135
1751151741427 0.5382953979066291 136
1751151789288 0.5414520684499087 137
1751151838631 0.5371324140222629 138
1751151886900 0.5382953979066291 139
1751151936080 0.5360525004153514 140
1751151986005 0.535554078750623 141
1751152033963 0.5360525004153514 142
1751152082930 0.5360525004153514 143
1751152132690 0.5363017112477155 144
1751152182906 0.5383784681840837 145
1751152231238 0.5376308356869912 146
1751152278701 0.5380461870742649 147
1751152327943 0.5353879381957136 148
1751152374688 0.5387938195713574 149
1751152423332 0.5394583817909951 150
1751152450128 0.541950490114637 151
1751152477511 0.53497258680844 152
1751152504961 0.5379631167968101 153
1751152532817 0.5400398737331783 154
1751152559691 0.5421166306695464 155
1751152586554 0.5423658415019106 156
1751152613866 0.5444425984382788 157
1751152641022 0.5417843495597275 158
1751152667431 0.5407875062302708 159
1751152695038 0.5426150523342748 160
1751152722106 0.5431965442764579 161
1751152749183 0.5366339923575345 162
1751152775533 0.5377139059644459 163
1751152802639 0.5397075926233593 164
1751152829421 0.543778036218641 165
1751152856338 0.5377969762419006 166
1751152883553 0.5402890845655425 167
1751152911437 0.5396245223459046 168
1751152938228 0.5408705765077255 169
1751152965165 0.5427811928891842 170
1751152992558 0.5428642631666389 171
1751153019222 0.5421166306695464 172
1751153046646 0.5418674198371822 173
1751153074280 0.5433626848313673 174
1751153101472 0.5383784681840837 175
1751153128694 0.5404552251204519 176
1751153155827 0.5423658415019106 177
1751153183529 0.5457717228775544 178
1751153211202 0.546187074264828 179
1751153238214 0.5453563714902808 180
1751153265721 0.5436118956637315 181
1751153293391 0.5415351387273634 182
1751153320317 0.5386276790164479 183
1751153347678 0.5372154842997175 184
1751153374924 0.5418674198371822 185
1751153402377 0.541036717062635 186
1751153429569 0.5384615384615384 187
1751153456116 0.5387938195713574 188
1751153482796 0.540704435952816 189
1751153510353 0.5417012792822729 190
1751153536853 0.5404552251204519 191
1751153563251 0.5418674198371822 192
1751153589802 0.5424489117793654 193
1751153616936 0.5407875062302708 194
1751153643703 0.5411197873400897 195
1751153670505 0.5426150523342748 196
1751153697838 0.5402890845655425 197
1751153724695 0.5427811928891842 198
1751153751073 0.5404552251204519 199
1751153778345 0.5368001329124439 200
