1752050410648 0.18930170595418716 0
1752050509081 0.19422343929245459 1
1752050608619 0.2367797801872479 2
1752050703659 0.25335825037930654 3
1752050792416 0.31277060281982016 4
1752050885315 0.298504977241609 5
1752050982502 0.3875772490101025 6
1752051072624 0.37569847907338194 7
1752051160856 0.36959256929282464 8
1752051256831 0.3451689301705954 9
1752051349640 0.3841912444954298 10
1752051442668 0.36457832217000335 11
1752051536301 0.37732672168153053 12
1752051614590 0.4067461051696703 13
1752051720649 0.3697220885912001 14
1752051819955 0.3804166820856308 15
1752051904142 0.3985493838581949 16
1752051988810 0.42848684453983643 17
1752052077439 0.43118824704881026 18
1752052166358 0.3178958664841061 19
1752052262759 0.42874588313658735 20
1752052355581 0.41398068312178515 21
1752052455208 0.388372867557266 22
1752052541590 0.4371461347740813 23
1752052633585 0.38881693372312476 24
1752052712317 0.4112052695851682 25
1752052800414 0.43831180845946044 26
1752052899007 0.44891388816933725 27
1752052992072 0.40080672020131 28
1752053081045 0.4300780816341635 29
1752053181288 0.4402731006920031 30
1752053272621 0.4257854420308626 31
1752053371408 0.4637901047256041 32
1752053456868 0.40328608962735446 33
1752053549367 0.44945046811974987 34
1752053643397 0.4429930059578877 35
1752053736562 0.4306886726122192 36
1752053836444 0.42722865706990343 37
1752053924342 0.45483477038078673 38
1752054009246 0.4506901528327721 39
1752054111275 0.44031010620582467 40
1752054193324 0.45720312326536655 41
1752054292631 0.42928246308699997 42
1752054386711 0.43794175332124485 43
1752054472860 0.4405876475594864 44
1752054567967 0.44869185508640785 45
1752054655996 0.4380897753765311 46
1752054747248 0.4674906561077601 47
1752054850960 0.44735965658883176 48
1752054942392 0.4242312104503571 49
1752055028885 0.4567775598564186 50
1752055083406 0.4344262295081967 51
1752055145461 0.42053065906820114 52
1752055204433 0.46277245309551124 53
1752055262534 0.4521888761425452 54
1752055322198 0.44713762350590236 55
1752055378832 0.4710061799208082 56
1752055441741 0.44919142952299895 57
1752055496487 0.46119971875809496 58
1752055550966 0.4166635828738482 59
1752055607162 0.4463790104725604 60
1752055669669 0.4310772305073456 61
1752055726649 0.45474225659623285 62
1752055783614 0.44060615031639716 63
1752055839695 0.4690448876882656 64
1752055896290 0.43431521296673203 65
1752055956929 0.45474225659623285 66
1752056013554 0.4185878695925693 67
1752056066036 0.46155127113939975 68
1752056118924 0.4647707508418754 69
1752056171494 0.4628834696369759 70
1752056227837 0.466658032046775 71
1752056284066 0.4439181438034267 72
1752056336787 0.4552233282759131 73
1752056395018 0.4178847648299597 74
1752056455529 0.4767050290493284 75
1752056508410 0.45846131073529955 76
1752056564843 0.46582540798578986 77
1752056622129 0.4401065758798061 78
1752056676623 0.4779632165192614 79
1752056737220 0.44895089368315877 80
1752056788361 0.4672871257817415 81
1752056843923 0.4537431077230507 82
1752056905243 0.4567775598564186 83
1752056962952 0.4647152425711431 84
1752057017451 0.4506531473189505 85
1752057078955 0.4651593087370018 86
1752057130565 0.44277097287495837 87
1752057187178 0.44095770269770196 88
1752057240978 0.45207785960108055 89
1752057298430 0.44617548014654185 90
1752057357103 0.45947896236539243 91
1752057414300 0.3944787773378233 92
1752057470394 0.46358657439958556 93
1752057522011 0.4699515227768938 94
1752057575526 0.44560189468230765 95
1752057624075 0.46456722051585686 96
1752057680174 0.4617918069792399 97
1752057743064 0.4622358731450986 98
1752057802238 0.4720793398216334 99
1752057861992 0.46340154683047774 100
1752057906220 0.44893239092624804 101
1752057946537 0.45516782000518075 102
1752057989399 0.4549642896791622 103
1752058035279 0.4632720275321023 104
1752058081215 0.47439218443548087 105
1752058124441 0.44308551974244165 106
1752058167208 0.4776671724086889 107
1752058209691 0.45265144506531474 108
1752058252595 0.4467305628538652 109
1752058296840 0.4668615623727935 110
1752058338677 0.4721348480923658 111
1752058383234 0.46576989971505756 112
1752058425954 0.4666210265329534 113
1752058471431 0.4338341412870518 114
1752058515259 0.4700070310476261 115
1752058557143 0.45237390371165304 116
1752058603552 0.46737963956629536 117
1752058646287 0.46484476186951856 118
1752058689405 0.4678237057321541 119
1752058733793 0.4705621137549495 120
1752058774616 0.45749916737593904 121
1752058818035 0.4699145172630722 122
1752058858066 0.45298449468970875 123
1752058900878 0.4555008696295748 124
1752058942910 0.4548717758946083 125
1752058983440 0.47257891425822446 126
1752059025449 0.41431373274617916 127
1752059068762 0.43557340043666504 128
1752059111429 0.4745772120045887 129
1752059152837 0.47470673130296415 130
1752059197598 0.46638049069311327 131
1752059239565 0.46813825259963737 132
1752059282353 0.44088369167005886 133
1752059328171 0.46347555785812083 134
1752059376615 0.4623653924434741 135
1752059422414 0.43583243903341595 136
1752059468086 0.4607926581060578 137
1752059510588 0.43796025607815564 138
1752059555570 0.465899419013433 139
1752059600325 0.458424305221478 140
1752059642338 0.47074714132405726 141
1752059685389 0.4736705769159605 142
1752059729570 0.47167227916959625 143
1752059776323 0.44989453428560855 144
1752059819163 0.4401805869074492 145
1752059864434 0.43796025607815564 146
1752059904918 0.4628094586093328 147
1752059948555 0.4389779077082485 148
1752059995094 0.4524294119823854 149
1752060035993 0.4631610109906376 150
1752060064127 0.4650482921955371 151
1752060094496 0.4549642896791622 152
1752060122775 0.46031158642637754 153
1752060153106 0.4597009954483218 154
1752060182589 0.4838655959738001 155
1752060211880 0.4797949894534286 156
1752060240118 0.4648262591126078 157
1752060268606 0.4631425082337268 158
1752060298702 0.4635680716426748 159
1752060328332 0.4674906561077601 160
1752060356075 0.47444769270621323 161
1752060385291 0.45638900196129223 162
1752060415129 0.4663619879362025 163
1752060446971 0.4444732265107501 164
1752060475228 0.45609295785071974 165
1752060505283 0.4733560300484772 166
1752060534354 0.46242090071420644 167
1752060564348 0.4742441623801946 168
1752060592711 0.4767235318062391 169
1752060621760 0.4830514746697258 170
1752060650681 0.47927691225992675 171
1752060679143 0.48662250675350627 172
1752060707656 0.4598860230174296 173
1752060736326 0.48177478444288196 174
1752060765054 0.4653628390630204 175
1752060794661 0.463716093697961 176
1752060822935 0.45477926211005437 177
1752060852819 0.4479147392961551 178
1752060882414 0.47689005661843614 179
1752060912339 0.45109721348480925 180
1752060940683 0.47230137290456276 181
1752060969807 0.459515967879214 182
1752060998405 0.47990600599489325 183
1752061027827 0.4767050290493284 184
1752061055628 0.45968249269141104 185
1752061085608 0.4638641157532472 186
1752061116154 0.4295415016837509 187
1752061144571 0.46308699996299446 188
1752061172394 0.4712097102468268 189
1752061202451 0.45107871072789846 190
1752061233104 0.4447692706213226 191
1752061261053 0.4700070310476261 192
1752061289559 0.4664545017207564 193
1752061317296 0.46950745661103505 194
1752061345831 0.4603485919401991 195
1752061375532 0.4573141398068312 196
1752061404139 0.4647522480849647 197
1752061433734 0.4625319172556711 198
1752061462285 0.47953595085667766 199
1752061492172 0.46062613329386076 200
