1753211284170 0.01686326632330952 0
1753211290829 0.015451071606579166 1
1753211296447 0.02093370991859113 2
1753211302267 0.031815916265160324 3
1753211307968 0.037630835686991194 4
1753211314997 0.04485794982555242 5
1753211322418 0.05540787506230271 6
1753211329864 0.05873068616049178 7
1753211336911 0.06612394085396245 8
1753211343900 0.07193886027579333 9
1753211351567 0.07584316331616547 10
1753211359045 0.07451403887688984 11
1753211366161 0.07625851470343911 12
1753211372907 0.08714072105000831 13
1753211379281 0.09021432131583319 14
1753211386798 0.09544774879548097 15
1753211394269 0.09287257019438445 16
1753211400920 0.10043196544276457 17
1753211408561 0.10217644126931384 18
1753211415204 0.10848978235587307 19
1753211422764 0.10948662568532978 20
1753211429489 0.1104834690147865 21
1753211435922 0.11081575012460541 22
1753211442226 0.12078418341917262 23
1753211449321 0.11962119953480645 24
1753211456771 0.12659910284100348 25
1753211464133 0.1253530486791826 26
1753211470885 0.12203023758099352 27
1753211477196 0.12493769729190896 28
1753211484163 0.13150024921083237 29
1753211491773 0.13864429307193887 30
1753211499061 0.13856122279448413 31
1753211506206 0.1384781525170294 32
1753211512694 0.13914271473666723 33
1753211520103 0.13831201196211995 34
1753211527009 0.14886193719887025 35
1753211534282 0.14803123442432298 36
1753211540978 0.15160325635487623 37
1753211548423 0.1546768566207011 38
1753211554233 0.15384615384615385 39
1753211560625 0.16447914936035887 40
1753211567617 0.16348230603090214 41
1753211575575 0.16447914936035887 42
1753211582976 0.16040870576507726 43
1753211589460 0.17029406878218972 44
1753211596315 0.17062634989200864 45
1753211604023 0.1667220468516365 46
1753211611619 0.171124771556737 47
1753211619239 0.17320152849310516 48
1753211625966 0.17993022096693803 49
1753211632844 0.1801794317993022 50
1753211640445 0.1771058315334773 51
1753211647785 0.18242232929057983 52
1753211655176 0.18217311845821565 53
1753211662384 0.183585313174946 54
1753211668581 0.19064628675859777 55
1753211675812 0.1909785678684167 56
1753211683076 0.19139391925569033 57
1753211689730 0.1928891842498754 58
1753211696550 0.19363681674696792 59
1753211703525 0.19546436285097193 60
1753211711106 0.1925569031400565 61
1753211718262 0.19612892507060972 62
1753211725287 0.19961787672370826 63
1753211731733 0.20451902309353714 64
1753211739547 0.20227612560225952 65
1753211747211 0.2041036717062635 66
1753211754224 0.20676192058481474 67
1753211760794 0.20551586642299385 68
1753211768330 0.20709420169463366 69
1753211774860 0.20966938029573018 70
1753211781543 0.21207841834191726 71
1753211787411 0.21224455889682672 72
1753211793798 0.21224455889682672 73
1753211801438 0.21606579165974416 74
1753211808898 0.21332447250373815 75
1753211815563 0.21606579165974416 76
1753211822924 0.21706263498920086 77
1753211829649 0.2215484299717561 78
1753211835284 0.2212161488619372 79
1753211841722 0.222794484133577 80
1753211848850 0.2249543113473999 81
1753211856376 0.2243728194052168 82
1753211864101 0.22952317660740987 83
1753211871828 0.22827712244558898 84
1753211879649 0.22802791161322478 85
1753211887257 0.22570194384449244 86
1753211894717 0.2265326466190397 87
1753211902472 0.23226449576341585 88
1753211910097 0.23392590131251037 89
1753211917009 0.23218142548596113 90
1753211924607 0.23608572852633328 91
1753211931996 0.23359362020269148 92
1753211938641 0.23558730686160492 93
1753211945680 0.24198371822561887 94
1753211952435 0.24248213989034723 95
1753211960102 0.24106994517361688 96
1753211967291 0.24372819405216814 97
1753211973953 0.24372819405216814 98
1753211980442 0.24256521016780197 99
1753211987612 0.2420667885030736 100
