1753211284171 4.61802269782074 0
1753211290830 4.587184217207669 1
1753211296448 4.554672907409973 2
1753211302268 4.518424530698753 3
1753211307969 4.48708821961538 4
1753211314998 4.447487757605833 5
1753211322419 4.4121887284499755 6
1753211329865 4.376475095698792 7
1753211336912 4.345250824110104 8
1753211343901 4.29859269101262 9
1753211351568 4.2651278228507215 10
1753211359046 4.237936506956853 11
1753211366161 4.207901424648082 12
1753211372908 4.170003359535253 13
1753211379282 4.14680874137229 14
1753211386799 4.122337530269599 15
1753211394270 4.101109315237612 16
1753211400921 4.093159662369371 17
1753211408562 4.057022457014567 18
1753211415205 4.035051146090757 19
1753211422765 4.025987649174386 20
1753211429490 4.0062370897091055 21
1753211435923 3.9929827368023916 22
1753211442227 3.9622652628382697 23
1753211449322 3.9447989073958203 24
1753211456772 3.9219341602281346 25
1753211464134 3.910792222690462 26
1753211470886 3.8999093952375383 27
1753211477197 3.880659601777579 28
1753211484164 3.8590771955018686 29
1753211491774 3.8407312127510607 30
1753211499062 3.8273172627581724 31
1753211506207 3.816641630721523 32
1753211512695 3.800737556813895 33
1753211520104 3.789729344288608 34
1753211527010 3.7677728933865104 35
1753211534283 3.766389530062826 36
1753211540979 3.7481525369229662 37
1753211548424 3.743552428175793 38
1753211554234 3.728830828191654 39
1753211560626 3.711396392126352 40
1753211567618 3.7048481107008664 41
1753211575576 3.699235461699256 42
1753211582977 3.6805896265459643 43
1753211589461 3.6664144674135186 44
1753211596316 3.652835229932385 45
1753211604024 3.6467640001315837 46
1753211611620 3.6341044737942934 47
1753211619240 3.624021288225159 48
1753211625967 3.6171620347861633 49
1753211632845 3.605166280004045 50
1753211640446 3.592904650298123 51
1753211647786 3.5877318665629527 52
1753211655177 3.5779122939226053 53
1753211662385 3.5620439377037503 54
1753211668582 3.550561294203899 55
1753211675813 3.5503962671571343 56
1753211683077 3.53845004826947 57
1753211689731 3.5309736547774757 58
1753211696551 3.5218666015978166 59
1753211703526 3.502779570608993 60
1753211711107 3.5000524492311897 61
1753211718263 3.496811933405212 62
1753211725288 3.4954728060732774 63
1753211731734 3.483329353286419 64
1753211739548 3.4661680379551267 65
1753211747212 3.4667649921523065 66
1753211754225 3.451335394868534 67
1753211760795 3.455962413571972 68
1753211768331 3.4526629417119983 69
1753211774861 3.4361677489996256 70
1753211781544 3.431287094518486 71
1753211787412 3.415350501855014 72
1753211793799 3.4239916607781384 73
1753211801439 3.41235378776693 74
1753211808899 3.4129349209772233 75
1753211815564 3.3983629358421106 76
1753211822925 3.3957338187062174 77
1753211829650 3.3781885169994537 78
1753211835285 3.3750981418161445 79
1753211841723 3.3634462464552257 80
1753211848851 3.365088484601946 81
1753211856377 3.3630277787301157 82
1753211864102 3.3606778570412086 83
1753211871829 3.359020432287427 84
1753211879650 3.3434565419056375 85
1753211887257 3.3422827849923284 86
1753211894718 3.3267290030972902 87
1753211902473 3.3233585547328546 88
1753211910098 3.326283174184452 89
1753211917010 3.3114912844145183 90
1753211924608 3.310589095457806 91
1753211931997 3.299199050842789 92
1753211938642 3.3033215543360908 93
1753211945681 3.288119525982583 94
1753211952436 3.28358061998118 95
1753211960103 3.292419816927531 96
1753211967292 3.2758990597354107 97
1753211973954 3.280039390078509 98
1753211980443 3.277872017848988 99
1753211987613 3.2684168480884734 100
