1753989733692 0.02533643462369164 0
1753989782718 0.06728692473832863 1
1753989820189 0.08174115301545107 2
1753989870832 0.11081575012460541 3
1753989920888 0.13141717893337765 4
1753989971034 0.15326466190397076 5
1753990024225 0.15484299717561056 6
1753990069715 0.15409536467851803 7
1753990119474 0.1757767070942017 8
1753990170164 0.1934706761920585 9
1753990214474 0.2060142880877222 10
1753990267691 0.2165642133244725 11
1753990314381 0.22271141385612228 12
1753990362966 0.22894168466522677 13
1753990407199 0.23226449576341585 14
1753990444025 0.23450739325469347 15
1753990493804 0.24347898321980396 16
1753990543486 0.24032231267652435 17
1753990583315 0.2556903140056488 18
1753990635644 0.25660408705765075 19
1753990684882 0.2576009303871075 20
1753990736630 0.2610068117627513 21
1753990787781 0.2694799800631334 22
1753990837513 0.2742149858780528 23
1753990884789 0.27147366672204687 24
1753990929738 0.2800299052998837 25
