1753989733694 4.548691754362078 0
1753989782719 4.417342161952663 1
1753989820191 4.343977843375604 2
1753989870833 4.2461743122565 3
1753989920889 4.201484923944935 4
1753989971035 4.144221947791312 5
1753990024226 4.139561429099075 6
1753990069717 4.165060282639066 7
1753990119475 4.1256575411297485 8
1753990170165 4.113262824319751 9
1753990214475 4.114474915889398 10
1753990267692 4.121684396359232 11
1753990314382 4.142199409328562 12
1753990362968 4.16865896476465 13
1753990407200 4.1680679482554615 14
1753990444026 4.122847703716001 15
1753990493805 4.139539536614876 16
1753990543487 4.172180636959561 17
1753990583316 4.130144320177369 18
1753990635645 4.145801602746433 19
1753990684884 4.153597228109001 20
1753990736631 4.178531464877601 21
1753990787782 4.169839151198955 22
1753990837514 4.16093591003394 23
1753990884790 4.19731309650757 24
1753990929739 4.201557735153062 25
