1753250757259 0.026831699617876723 0
1753250776334 0.06138893503904303 1
1753250797667 0.08007974746635654 2
1753250818323 0.10001661405549095 3
1753250837943 0.11480312344243229 4
1753250857618 0.1363183253032065 5
1753250876812 0.15608905133743148 6
1753250897327 0.1695464362850972 7
1753250918795 0.18690812427313508 8
1753250939508 0.19463366007642466 9
1753250958897 0.2041036717062635 10
1753250978409 0.20817411530154512 11
1753250998537 0.21573351054992523 12
1753251016229 0.23101844160159496 13
1753251035855 0.2392423990696129 14
1753251055118 0.25502575178601095 15
1753251074952 0.2544442598438279 16
1753251095450 0.2573517195547433 17
1753251116534 0.2688154178434956 18
1753251137172 0.27679016447914934 19
1753251155783 0.27147366672204687 20
1753251174778 0.27853464030569863 21
1753251195705 0.2784515700282439 22
1753251214014 0.2881707924904469 23
1753251232752 0.2875062302708091 24
1753251250695 0.2993022096693803 25
1753251270490 0.29764080412028576 26
1753251290069 0.29789001495264994 27
1753251308546 0.30486791825884696 28
1753251326113 0.3110981890679515 29
1753251345348 0.3126765243395913 30
1753251365345 0.31566705432796144 31
1753251386334 0.31683003821232764 32
1753251406438 0.32065127097524504 33
1753251426763 0.3192390762585147 34
1753251446923 0.32779531483635155 35
1753251465842 0.32904136899817243 36
1753251485062 0.3345240073101844 37
1753251503002 0.33460707758763913 38
1753251520135 0.33734839674364514 39
1753251540022 0.3430802458880213 40
1753251558565 0.34399401894002324 41
1753251572461 0.34150191061638147 42
1753251593065 0.344077089217478 43
1753251609421 0.34856288420003323 44
1753251628835 0.3493935869745805 45
1753251646533 0.35230104668549594 46
1753251666268 0.35396245223459044 47
1753251685006 0.35770061472005316 48
1753251703298 0.3597773716564213 49
1753251722597 0.3587805283269646 50
1753251741935 0.3621864097026084 51
1753251760732 0.3627679016447915 52
1753251780712 0.3641800963615218 53
1753251801284 0.36567536135570694 54
1753251822910 0.3665060641302542 55
1753251842466 0.36725369662734675 56
1753251856265 0.3685828210666224 57
1753251874414 0.3697458049509885 58
1753251890948 0.36982887522844327 59
1753251910939 0.3727363349393587 60
1753251929079 0.3695796643960791 61
1753251948595 0.3705765077255358 62
1753251967265 0.371739491609902 63
1753251988205 0.37481309187572687 64
1753252006783 0.3747300215982721 65
1753252025674 0.37630835686991193 66
1753252045415 0.37863432463864427 67
1753252066252 0.37880046519355376 68
1753252083624 0.3768067785346403 69
1753252103772 0.3817909951819239 70
1753252122584 0.38204020601428806 71
1753252142374 0.38187406545937863 72
1753252162945 0.3848645954477488 73
1753252182212 0.38685828210666223 74
1753252201234 0.3858614387772055 75
1753252222616 0.3852799468350224 76
1753252239972 0.38743977404884533 77
1753252260550 0.3892673201528493 78
1753252279705 0.39092872570194387 79
1753252298224 0.38785512543611894 80
1753252317926 0.38719056321648115 81
1753252336864 0.3866921415517528 82
1753252357557 0.38818740654593786 83
1753252377592 0.38785512543611894 84
1753252388085 0.3936700448579498 85
1753252406507 0.39225785014121944 86
1753252425716 0.39283934208340254 87
1753252444272 0.3947499584648613 88
1753252465887 0.39209170958631 89
1753252483806 0.39558066123940855 90
1753252499226 0.3952483801295896 91
1753252518839 0.3950822395746802 92
1753252538351 0.393919255690314 93
1753252556132 0.39599601262668216 94
1753252575537 0.40089715899651107 95
1753252596025 0.3958298720717727 96
1753252616024 0.39873733178268816 97
1753252634804 0.39798969928559563 98
1753252654957 0.39798969928559563 99
1753252675012 0.3986542615052334 100
