1753250757260 4.5370759497474555 0
1753250776335 4.36604808738824 1
1753250797668 4.185098807017009 2
1753250818324 4.0298044740677685 3
1753250837944 3.89111554878206 4
1753250857619 3.76350184682539 5
1753250876813 3.657470993356276 6
1753250897328 3.5563126133990517 7
1753250918796 3.47338928320469 8
1753250939509 3.391824850118075 9
1753250958898 3.3182402282715246 10
1753250978410 3.2498076136696485 11
1753250998538 3.1946897517737844 12
1753251016230 3.123446630424389 13
1753251035856 3.0726996983936625 14
1753251055119 3.0038852809657066 15
1753251074953 2.9711093777064868 16
1753251095451 2.936067586563474 17
1753251116535 2.890779156602697 18
1753251137173 2.839245101793216 19
1753251155784 2.8351857985153375 20
1753251174779 2.7831483701789717 21
1753251195706 2.762211992015053 22
1753251214015 2.7222683641553775 23
1753251232753 2.696657956824076 24
1753251250696 2.650941030525169 25
1753251270491 2.635942755901999 26
1753251290070 2.6220220676636985 27
1753251308547 2.589415887315116 28
1753251326114 2.5573465763871135 29
1753251345349 2.5438794102574556 30
1753251365346 2.5269673694678345 31
1753251386335 2.4991930628484313 32
1753251406439 2.4837108876661076 33
1753251426764 2.4707751689011332 34
1753251446924 2.436787062392309 35
1753251465843 2.4309358464764568 36
1753251485063 2.3999247359673284 37
1753251503003 2.385759361868097 38
1753251520136 2.366508077615547 39
1753251540023 2.3463932927063706 40
1753251558566 2.3268669267545583 41
1753251572462 2.3339779825584386 42
1753251593066 2.3090426340956003 43
1753251609422 2.2893209176160747 44
1753251628836 2.27858308354763 45
1753251646534 2.2782326707848983 46
1753251666269 2.2613695890600813 47
1753251685007 2.2354017430716775 48
1753251703299 2.2134986259372056 49
1753251722598 2.2140799725992735 50
1753251741936 2.198285431396365 51
1753251760733 2.1981908701682804 52
1753251780713 2.180521864846455 53
1753251801285 2.171227995113647 54
1753251822911 2.1550616117373593 55
1753251842467 2.1412315338712222 56
1753251856266 2.1348154175464424 57
1753251874415 2.126996769016658 58
1753251890949 2.1257989431201736 59
1753251910940 2.0989326569977904 60
1753251929080 2.1007734829197413 61
1753251948596 2.0924534640388863 62
1753251967266 2.089031575005713 63
1753251988206 2.0664942513348024 64
1753252006784 2.050089628700701 65
1753252025675 2.048500009748604 66
1753252045416 2.034458361613044 67
1753252066253 2.034418345593815 68
1753252083625 2.0310138514145626 69
1753252103773 2.014614153053641 70
1753252122585 2.005551370635109 71
1753252142375 1.9903989470007541 72
1753252162946 1.9909285131047985 73
1753252182213 1.9849485577267727 74
1753252201235 1.9764395802461485 75
1753252222617 1.9759503677080237 76
1753252239973 1.9617710614176846 77
1753252260551 1.9459230567588182 78
1753252279706 1.9353105583427432 79
1753252298225 1.9461699718309582 80
1753252317927 1.9324153503884585 81
1753252336865 1.9286148833309016 82
1753252357559 1.9262719548433807 83
1753252377593 1.920401452052062 84
1753252388086 1.9032887877750015 85
1753252406508 1.89704263254142 86
1753252425717 1.8883026345793867 87
1753252444273 1.8778987030501424 88
1753252465888 1.8862240387517497 89
1753252483807 1.8632694995668868 90
1753252499227 1.870196499766648 91
1753252518840 1.8572742494434658 92
1753252538352 1.8547943801238989 93
1753252556133 1.8401888870438792 94
1753252575538 1.8317850394915913 95
1753252596026 1.838207956032374 96
1753252616025 1.8201030052074016 97
1753252634805 1.8244438128981986 98
1753252654958 1.8172473694664082 99
1753252675013 1.8170937679241363 100
