1750979381971 0.03264661903970759 0
1750979405413 0.06246884864595448 1
1750979428192 0.08880212659910285 2
1750979452043 0.0980229273965775 3
1750979473970 0.11405549094533976 4
1750979495678 0.14155175278285428 5
1750979519445 0.15318159162651604 6
1750979541012 0.16722046851636485 7
1750979562441 0.18159162651603256 8
1750979584574 0.1882372487124107 9
1750979608427 0.1976241900647948 10
1750979632180 0.20966938029573018 11
1750979654486 0.21789333776374814 12
1750979669056 0.22570194384449244 13
1750979684797 0.22827712244558898 14
1750979700143 0.22960624688486458 15
1750979716062 0.2367502907459711 16
1750979731138 0.24123608572852634 17
1750979746111 0.24347898321980396 18
1750979760769 0.24838012958963282 19
1750979775233 0.24854627014454228 20
1750979789931 0.2573517195547433 21
1750979804812 0.2586808439940189 22
1750979819913 0.2625851470343911 23
1750979835266 0.26241900647948163 24
1750979850095 0.2659910284100349 25
1750979861943 0.2684831367336767 26
1750979873839 0.2672370825718558 27
1750979885462 0.27114138561222795 28
1750979897104 0.2737996344907792 29
1750979908976 0.2709752450573185 30
1750979920823 0.2743811264329623 31
1750979933204 0.27429805615550756 32
1750979944917 0.27828542947333446 33
1750979957168 0.27712244558896826 34
1750979969116 0.2802791161322479 35
1750979980805 0.2794484133577006 36
1750979992733 0.28385113806280116 37
1750980004806 0.2819405216813424 38
1750980013673 0.28326964612061806 39
1750980022334 0.28410034889516533 40
1750980031216 0.28551254361189565 41
1750980040294 0.28567868416680514 42
1750980048983 0.28110981890679515 43
1750980057856 0.28144210001661407 44
1750980066560 0.2826050839009802 45
1750980075270 0.2846818408373484 46
1750980084122 0.28891842498753945 47
1750980092897 0.28792158165808274 48
1750980101734 0.29489948496427976 49
1750980110542 0.28883535471008476 50
