1750979381971 4.554569442014626 0
1750979405414 4.433796338746406 1
1750979428193 4.316601042488935 2
1750979452044 4.217591983072394 3
1750979473971 4.138748356052285 4
1750979495679 4.030794123382616 5
1750979519446 3.9530223117449945 6
1750979541013 3.8763822343931724 7
1750979562442 3.8367157430396253 8
1750979584574 3.800779766773867 9
1750979608428 3.750483249630834 10
1750979632181 3.7192917843985427 11
1750979654486 3.709092962536405 12
1750979669056 3.6611050338041586 13
1750979684798 3.6473848271039215 14
1750979700144 3.649664698553065 15
1750979716063 3.6228899794148015 16
1750979731139 3.6161780392938225 17
1750979746112 3.5965409182910912 18
1750979760770 3.5845639108108243 19
1750979775234 3.6039520084432013 20
1750979789932 3.5555629067032113 21
1750979804813 3.5679997829340646 22
1750979819914 3.531637152988102 23
1750979835267 3.539991358014003 24
1750979850096 3.518726504540534 25
1750979861944 3.508967261246244 26
1750979873839 3.528063793538648 27
1750979885462 3.529204957847988 28
1750979897105 3.490249966487708 29
1750979908977 3.4954119117483464 30
1750979920824 3.490730323288911 31
1750979933204 3.497913176946251 32
1750979944918 3.486291269060442 33
1750979957168 3.4765288172874595 34
1750979969117 3.464473454778863 35
1750979980806 3.4580476340900805 36
1750979992734 3.4491741889512255 37
1750980004807 3.4411740216350997 38
1750980013674 3.4487894478591863 39
1750980022335 3.442666592619007 40
1750980031217 3.4344335726801716 41
1750980040295 3.4420069502200734 42
1750980048984 3.4567598723072424 43
1750980057857 3.470860497948501 44
1750980066561 3.4517351595881407 45
1750980075271 3.432253306079382 46
1750980084123 3.430300239406247 47
1750980092898 3.43073528939909 48
1750980101735 3.413444690064955 49
1750980110543 3.435224894166444 50
