1752259598904 0.23629870850756762 0
1752259699656 0.23885208896125523 1
1752259794479 0.30792288050919586 2
1752259887745 0.38250749361654884 3
1752259983414 0.41988306257632385 4
1752260073775 0.4040261999037857 5
1752260170874 0.4340561743699811 6
1752260260572 0.45809125559708397 7
1752260347606 0.450949191429523 8
1752260440777 0.45326203604337045 9
1752260534549 0.4772786145135625 10
1752260624536 0.4718017984679717 11
1752260713865 0.46020056988491287 12
1752260792528 0.46484476186951856 13
1752260901249 0.46700958442807977 14
1752261003379 0.4580172445694409 15
1752261088837 0.4729119638826185 16
1752261174821 0.483958109758354 17
1752261260109 0.48445768419494506 18
1752261350716 0.48908337342263997 19
1752261445078 0.48664100951041706 20
1752261537161 0.48828775487547643 21
1752261632937 0.4828849498575288 22
1752261718945 0.4981127187951005 23
1752261818154 0.4800725308070903 24
1752261895398 0.4776856751655997 25
1752261979828 0.5037560596528883 26
1752262081508 0.5089923398586389 27
1752262177354 0.5022388335862044 28
1752262263666 0.49924138696665804 29
1752262355477 0.5066424897309699 30
1752262449722 0.5058098656699849 31
1752262545528 0.5049957443659105 32
1752262635462 0.499074862154461 33
1752262726339 0.5008881323317175 34
1752262822729 0.49468970876660623 35
1752262916000 0.5012211819561114 36
1752263011647 0.5035710320837805 37
1752263101387 0.5073455944935795 38
1752263185122 0.5029789438626355 39
1752263283697 0.5093994005106761 40
1752263365056 0.5089183288309959 41
1752263467040 0.5059023794545388 42
1752263567213 0.5055323243163231 43
1752263650699 0.5151722606668394 44
1752263743165 0.5088073122895311 45
1752263831997 0.5083817488805832 46
1752263927520 0.5209451208230026 47
1752264031954 0.5132109684342967 48
1752264120991 0.5091218591570144 49
1752264205046 0.49866780150242385 50
1752264296872 0.5122673278318469 51
1752264401664 0.5132849794619398 52
1752264492186 0.5152092661806609 53
1752264587329 0.500666099248788 54
1752264683510 0.5173925914961329 55
1752264767331 0.518817303778263 56
1752264867112 0.5168375087888095 57
1752264952044 0.5167264922473449 58
1752265039083 0.511508714798505 59
1752265130957 0.498908337342264 60
1752265230281 0.5167264922473449 61
1752265322156 0.5189653258335492 62
1752265412688 0.5175776190652407 63
1752265504088 0.516041890241646 64
1752265598281 0.5248677052880879 65
1752265701645 0.5105465714391444 66
1752265789537 0.5168560115457204 67
1752265879367 0.5221478000222033 68
1752265963366 0.5182807238278504 69
1752266047419 0.5209451208230026 70
1752266139025 0.5194093919994079 71
1752266231427 0.5115642230692373 72
1752266318130 0.5158938681863597 73
1752266409995 0.512174814047293 74
1752266509948 0.5201124967620175 75
1752266595677 0.5155793213188765 76
1752266689545 0.5204455463864116 77
1752266784133 0.5174666025237761 78
1752266865877 0.5200939940051068 79
1752266957445 0.5268660030344521 80
1752267037852 0.5270140250897384 81
1752267128309 0.5207415904969841 82
1752267228977 0.5178366576619916 83
1752267319718 0.5257558376198054 84
1752267401852 0.5243681308514969 85
1752267499403 0.5221663027791141 86
1752267580205 0.510158013544018 87
1752267672821 0.514783702771713 88
1752267759462 0.5195389112977834 89
1752267851272 0.5221478000222033 90
1752267942119 0.5296229138141583 91
1752268028827 0.5219812752100063 92
1752268121599 0.5213151759612182 93
1752268203704 0.5229619213262776 94
1752268288844 0.5107315990082523 95
1752268368774 0.5251452466417497 96
1752268458429 0.5119712837212744 97
1752268553498 0.5231099433815638 98
1752268644725 0.5217407393701662 99
1752268740089 0.5168005032749879 100
1752268833737 0.5239610701994597 101
1752268915839 0.5196869333530696 102
1752269009422 0.5254597935092329 103
1752269109902 0.5264219368685934 104
1752269211147 0.5162454205676645 105
1752269300742 0.5261443955149318 106
1752269393993 0.5317692336158087 107
1752269484431 0.5230174295970099 108
1752269580452 0.5245901639344263 109
1752269673151 0.5298819524109092 110
1752269763185 0.532250305295489 111
1752269859687 0.5208526070384487 112
1752269951675 0.531750730858898 113
1752270047930 0.5275876105539725 114
1752270136444 0.5277356326092588 115
1752270225738 0.5226658772157051 116
1752270327309 0.5267179809791659 117
1752270421838 0.5268104947637198 118
1752270515094 0.5184287458831366 119
1752270611153 0.5187988010213522 120
1752270705689 0.5259593679458239 121
1752270792924 0.5279576656921882 122
1752270876001 0.5274580912555971 123
1752270969533 0.520075491248196 124
1752271052619 0.5211486511490212 125
1752271137507 0.5291788476482996 126
1752271223056 0.5148392110424453 127
1752271313030 0.5227028827295267 128
1752271404828 0.5293823779743182 129
1752271490174 0.5290493283499241 130
1752271583666 0.5344151278540502 131
1752271670048 0.5241460977685675 132
1752271763870 0.5296784220848907 133
1752271858775 0.5299374606816416 134
1752271959867 0.5295859083003368 135
1752272061252 0.5205195574140546 136
1752272159115 0.529308366946675 137
1752272249327 0.5297524331125337 138
1752272344296 0.52705103060356 139
1752272447955 0.5267364837360766 140
1752272540873 0.523517004033601 141
1752272632524 0.5214817007734153 142
1752272727056 0.527717129852348 143
1752272825207 0.5211116456351996 144
1752272918770 0.5224808496465974 145
1752273019076 0.525700329349073 146
1752273104692 0.5296784220848907 147
1752273199986 0.5249047108019095 148
1752273300063 0.5264034341116827 149
1752273385621 0.5286607704547978 150
1752273477804 0.5312696591792178 151
1752273575599 0.5333604707101358 152
1752273668009 0.5323243163231322 153
1752273762082 0.5142286200643896 154
1752273856215 0.5229804240831883 155
1752273943025 0.5280131739629205 156
1752274028470 0.5229989268400992 157
1752274116911 0.5294008807312289 158
1752274219255 0.5286792732117085 159
1752274325461 0.5282352070458498 160
1752274409243 0.5330829293564742 161
1752274499853 0.5324723383784183 162
1752274594571 0.5323058135662214 163
1752274703006 0.5164489508936831 164
1752274788259 0.5271990526588461 165
1752274882919 0.5307330792288051 166
1752274976071 0.5268104947637198 167
1752275073193 0.5340080672020131 168
1752275164149 0.525700329349073 169
1752275257876 0.5294748917588721 170
1752275353197 0.5362469007882175 171
1752275442248 0.5370795248492025 172
1752275527152 0.5348221885060874 173
1752275620436 0.5351367353735706 174
1752275713482 0.5299744661954632 175
1752275808543 0.5287532842393516 176
1752275896154 0.5272360581726677 177
1752275994508 0.5202790215742146 178
1752276084843 0.5201680050327498 179
1752276178983 0.5287162787255301 180
1752276268203 0.5276616215816157 181
1752276368120 0.5227953965140806 182
1752276456196 0.5282352070458498 183
1752276547402 0.5343411168264072 184
1752276631979 0.5329164045442771 185
1752276729426 0.5281611960182067 186
1752276826908 0.5320097694556489 187
1752276916337 0.5270880361173815 188
1752277004644 0.5322873108093106 189
1752277101342 0.5227398882433483 190
1752277203385 0.5207415904969841 191
1752277283773 0.5315657032897901 192
1752277374179 0.5293268697035859 193
1752277457139 0.5360433704621989 194
1752277546881 0.5361728897605743 195
1752277638811 0.5280686822336528 196
1752277725446 0.5264034341116827 197
1752277819719 0.5366724641971654 198
1752277915864 0.5355808015394293 199
1752278013759 0.5348961995337306 200
