1751587051085 0.01636484465858116 0
1751587069283 0.012377471340754278 1
1751587087327 0.011712909121116465 2
1751587105165 0.011463698288752284 3
1751587123306 0.010965276624023924 4
1751587141153 0.010965276624023924 5
1751587159060 0.010965276624023924 6
1751587176955 0.010134573849476657 7
1751587195199 0.010965276624023924 8
1751587212988 0.010466854959295564 9
1751587230786 0.010632995514205018 10
1751587248610 0.010549925236750291 11
1751587266515 0.010549925236750291 12
1751587284387 0.010965276624023924 13
1751587302319 0.013125103837846819 14
1751587320139 0.010716065791659743 15
1751587337974 0.011962119953480645 16
1751587355811 0.012709752450573184 17
1751587373850 0.013955806612394086 18
1751587391671 0.01204519023093537 19
1751587409464 0.01387273633493936 20
1751587427417 0.013623525502575179 21
