1751587051086 4.634084169681255 0
1751587069284 4.462369244857314 1
1751587087328 4.313265157126739 2
1751587105166 4.2285312381097375 3
1751587123307 4.170349613965786 4
1751587141154 4.17956376206028 5
1751587159061 4.200430434082876 6
1751587176956 4.214831137967841 7
1751587195200 4.224677068112827 8
1751587212989 4.210754827322605 9
1751587230787 4.203639004976121 10
1751587248611 4.2021127736533375 11
1751587266516 4.185438881255139 12
1751587284388 4.181545353527077 13
1751587302319 4.1831878893212044 14
1751587320140 4.184918729208658 15
1751587337974 4.181434957632351 16
1751587355812 4.169015069376676 17
1751587373851 4.161480959947994 18
1751587391672 4.172276361292277 19
1751587409464 4.160670865053087 20
1751587427418 4.158002031155122 21
