1754115617328 4.571385812338484 0
1754115648865 4.501406297507332 1
1754115680973 4.412132000361936 2
1754115716469 4.369855396584234 3
1754115751000 4.313113452858061 4
1754115782276 4.2850512054699115 5
1754115815305 4.274363032706198 6
1754115849829 4.23871291991591 7
1754115883465 4.208602568240364 8
1754115914294 4.210846571322999 9
1754115942046 4.185931635283782 10
1754115974256 4.187641974129863 11
1754116004886 4.1435345814678035 12
1754116031598 4.18893613756179 13
1754116063840 4.156226493696948 14
1754116095108 4.181123600932118 15
1754116127753 4.134949664700778 16
1754116161576 4.173134410917483 17
1754116195858 4.1217431841952905 18
1754116230144 4.190885786476031 19
1754116263505 4.153898850189833 20
1754116298181 4.193480210802344 21
1754116327697 4.144837184882355 22
1754116361395 4.203115017537361 23
1754116395690 4.123721851777409 24
1754116429250 4.210967995755659 25
1754116462743 4.1272282740708 26
1754116499452 4.221965513193291 27
1754116532533 4.146103686948642 28
1754116564001 4.239893381387158 29
1754116597421 4.204309529018483 30
1754116630213 4.22774728091638 31
1754116664170 4.241098840129431 32
1754116694406 4.24224959145378 33
1754116723785 4.254813558241558 34
1754116756712 4.262960784497407 35
1754116783687 4.291776702954219 36
1754116817234 4.2774814946178426 37
1754116850107 4.284322535518139 38
1754116876427 4.288979927773934 39
1754116908916 4.283450317099697 40
1754116943959 4.318151399887825 41
1754116978517 4.339142132050954 42
1754117010497 4.317145660137519 43
1754117043607 4.342040779624179 44
1754117078724 4.3394824678705435 45
1754117113020 4.32865395258835 46
1754117145396 4.368154179478654 47
1754117179013 4.36402630297363 48
1754117210943 4.388319661345188 49
1754117243151 4.377667077978702 50
1754117276186 4.40119968325263 51
1754117308389 4.391913154687437 52
1754117339754 4.407550268235353 53
1754117374489 4.425069474971009 54
1754117405106 4.445252366730424 55
1754117438855 4.468148018292591 56
1754117471329 4.466129722227916 57
1754117504846 4.467364386481966 58
1754117535807 4.4872115564952635 59
1754117566784 4.504930481164332 60
1754117598851 4.506632446616375 61
1754117632665 4.51867937035749 62
1754117664977 4.511005673214586 63
1754117698822 4.534345534868529 64
1754117730954 4.542329424867714 65
1754117760631 4.551040439494972 66
1754117792867 4.5509153097655 67
1754117819375 4.561215218449401 68
1754117855230 4.5548903893126615 69
1754117888719 4.564865758384963 70
1754117923796 4.571933680287977 71
1754117953366 4.59971283960613 72
1754117987796 4.587444286522569 73
1754118015517 4.566724071267424 74
1754118045029 4.591578726422241 75
1754118078777 4.603663189126043 76
1754118110659 4.600481887696019 77
1754118143199 4.621614891648944 78
1754118168799 4.617514424586607 79
1754118201354 4.627914334004944 80
1754118236141 4.623509823912681 81
1754118267709 4.633995406890226 82
1754118301280 4.63346475880153 83
1754118333745 4.654499929716177 84
1754118366773 4.620279329659408 85
1754118396834 4.611375839526586 86
1754118429269 4.612703733287122 87
1754118459424 4.640469275167531 88
1754118491378 4.607051285012723 89
1754118523666 4.629441241285489 90
1754118555597 4.650871520053193 91
1754118588810 4.669541647256097 92
1754118620502 4.67942099593276 93
1754118651492 4.684295450065155 94
1754118683429 4.700047464393777 95
1754118712086 4.712688244093161 96
1754118746101 4.7167945708382675 97
1754118776283 4.731894704569233 98
1754118808611 4.734333301283272 99
1754118844593 4.745985501601246 100
