1749124339357 0.09129423492274465 0
1749124461417 0.1617378302043529 1
1749124585096 0.20983552085063964 2
1749124708832 0.25477654095364677 3
1749124831391 0.28044525668715736 4
1749124954913 0.3052832696461206 5
1749125077536 0.31998670875560725 6
1749125195428 0.33801295896328293 7
1749125320237 0.35055657085894665 8
1749125447533 0.3655922910782522 9
1749125572351 0.3783851138062801 10
1749125695717 0.39117793653430805 11
1749125818831 0.3929224123608573 12
1749125937762 0.40613058647615885 13
1749126059208 0.4132746303372653 14
1749126180306 0.4271473666722047 15
1749126301705 0.42930719388602756 16
1749126420746 0.4289749127762087 17
1749126541600 0.44666888187406545 18
1749126657834 0.4505731849144376 19
1749126773257 0.4557235421166307 20
1749126886448 0.4636152184748297 21
1749126993051 0.47283601927230434 22
1749127095598 0.47657418175776706 23
1749127202290 0.482056820069779 24
1749127296984 0.4882040206014288 25
1749127388771 0.4894500747632497 26
1749127469652 0.4897823558730686 27
1749127550207 0.4918591128094368 28
1749127624622 0.4990031566705433 29
1749127703903 0.4950157833527164 30
1749127782214 0.5058979896992856 31
1749127854869 0.5120451902309354 32
1749127925429 0.5152849310516697 33
1749127999906 0.5175278285429473 34
1749128069435 0.5181093204851305 35
1749128138868 0.5210998504735006 36
1749128207359 0.5180262502076757 37
1749128275560 0.5272470510051503 38
1749128344446 0.5316497757102508 39
1749128410800 0.5337265326466191 40
1749128477281 0.5387938195713574 41
1749128547813 0.5413689981724539 42
1749128610049 0.543778036218641 43
1749128675122 0.5456886526000997 44
1749128740504 0.5511712909121117 45
1749128805150 0.5488453231433793 46
1749128867875 0.5547433128426649 47
1749128930447 0.5588137564379465 48
1749128988884 0.5608905133743147 49
1749129047672 0.5559893670044858 50
