1749124339358 4.251006124158812 0
1749124461418 3.83421005377537 1
1749124585097 3.4754979287038963 2
1749124708833 3.1686609280386286 3
1749124831392 2.948452385755532 4
1749124954914 2.772978791085016 5
1749125077537 2.6612006289349313 6
1749125195428 2.5347104653837693 7
1749125320238 2.4168586732516055 8
1749125447533 2.314829057387713 9
1749125572351 2.213346588961448 10
1749125695718 2.1323753280179676 11
1749125818832 2.0729615799638363 12
1749125937763 2.013754305691868 13
1749126059209 1.9277691659686156 14
1749126180307 1.8445715999211645 15
1749126301706 1.8011832744955742 16
1749126420746 1.775138409750984 17
1749126541601 1.7116544259410817 18
1749126657835 1.6467356702496403 19
1749126773258 1.6029890423418838 20
1749126886449 1.5156015998497372 21
1749126993051 1.4818191868218948 22
1749127095598 1.4356863632810668 23
1749127202291 1.410773411974682 24
1749127296985 1.358576658249469 25
1749127388772 1.3071345168606872 26
1749127469653 1.2801720408274928 27
1749127550208 1.2564096942335075 28
1749127624622 1.2246428202380912 29
1749127703903 1.2060185833162758 30
1749127782215 1.1678327804415338 31
1749127854870 1.1189494679515726 32
1749127925429 1.0973024560139752 33
1749127999906 1.0711344018762494 34
1749128069436 1.0483995232158942 35
1749128138869 1.027449352216567 36
1749128207360 1.0323670845982338 37
1749128275561 0.9981514950900441 38
1749128344447 0.9551218261844439 39
1749128410801 0.9186749886039299 40
1749128477282 0.8949694967489408 41
1749128547814 0.8776225581569127 42
1749128610050 0.8564833339995939 43
1749128675123 0.8332888686389891 44
1749128740505 0.7975527164675366 45
1749128805151 0.8090031780433093 46
1749128867876 0.7880264192380729 47
1749128930448 0.7627525730329432 48
1749128988885 0.7370536007263042 49
1749129047673 0.7282281738617653 50
