1749026754603 0.08074430968599434 0
1749026817864 0.1427978069446752 1
1749026881080 0.18466522678185746 2
1749026945131 0.2242897491277621 3
1749027010830 0.24879548097690646 4
1749027076534 0.27338428310350554 5
1749027140942 0.2899983385944509 6
1749027206666 0.30976906462867587 7
1749027272522 0.31467021099850473 8
1749027340085 0.31874065459378637 9
1749027406770 0.3370161156338262 10
1749027472696 0.3513872736334939 11
1749027539828 0.3566207011131417 12
1749027606211 0.36426316663897657 13
1749027672092 0.3802126599102841 14
1749027736206 0.3905133743146702 15
1749027798395 0.3895165309852135 16
1749027860181 0.3929224123608573 17
1749027926370 0.40122944010632994 18
1749027988503 0.4094533975743479 19
1749028050596 0.4098687489616215 20
1749028109340 0.4202525336434624 21
1749028163963 0.42689815583984053 22
1749028216636 0.4302209669380296 23
1749028273291 0.43188237248712413 24
1749028326442 0.4425153680013291 25
1749028378523 0.43429141053331116 26
1749028424587 0.43794650274131913 27
1749028469816 0.44700116298388437 28
1749028512420 0.45107160657916595 29
1749028555940 0.45497590961953815 30
1749028599835 0.45921249376972917 31
1749028640626 0.45813258016281777 32
1749028681164 0.46519355374646953 33
1749028723625 0.4654427645788337 34
1749028762819 0.4696793487290248 35
1749028801432 0.4794816414686825 36
1749028840915 0.4780694467519522 37
1749028879299 0.48238910117959793 38
1749028917574 0.4896992855956139 39
1749028955061 0.4974248213989035 40
1749028992542 0.5003322811098189 41
1749029031769 0.49352051835853133 42
1749029066402 0.49634490779199203 43
1749029101424 0.5044857949825552 44
1749029136114 0.5068948330287423 45
1749029172402 0.5104668549592956 46
1749029206166 0.5058149194218309 47
1749029239559 0.5083900980229275 48
1749029271480 0.5144542282771224 49
1749029303918 0.5159494932713076 50
