1752936764289 4.506783488904814 0
1752936779941 4.2958531134246805 1
1752936795365 4.072452350749359 2
1752936813025 3.8837949277766457 3
1752936827097 3.7189658316490317 4
1752936853503 3.5631835955559747 5
1752936882646 3.4382010341738276 6
1752936911737 3.325280237843936 7
1752936928436 3.239600659402052 8
1752936949535 3.1588164173576416 9
1752936973746 3.080925523249468 10
1752937004141 3.0153294714406633 11
1752937029026 2.977603383519755 12
1752937059309 2.9118649523910256 13
1752937091512 2.8802932981268383 14
1752937105784 2.8285133348994984 15
1752937138216 2.8085824241696056 16
1752937167728 2.7857317145922416 17
1752937181962 2.756102961004965 18
1752937203950 2.710559648496133 19
1752937223651 2.7223865861771968 20
1752937241484 2.6817311282112 21
1752937256999 2.6843677342162517 22
1752937272248 2.6569434184301195 23
1752937288890 2.644326983959412 24
1752937319317 2.6065625023314283 25
1752937334233 2.6026832927942127 26
1752937348665 2.6092295362800204 27
1752937380069 2.5773586915873365 28
1752937405318 2.5555777179942916 29
1752937427517 2.558092908839048 30
1752937445095 2.551841183165472 31
1752937476774 2.537433881594013 32
1752937508948 2.534298863298575 33
1752937536104 2.5272228831675143 34
1752937554133 2.495219646649621 35
1752937569143 2.5032329860218003 36
1752937602022 2.4727133710368405 37
1752937617814 2.469088555529767 38
1752937652808 2.4655723952553616 39
1752937666993 2.44100817329254 40
1752937698343 2.4344226999695917 41
1752937712552 2.4625140053784653 42
1752937726237 2.4399456806476207 43
1752937741753 2.423639648502954 44
1752937765894 2.423423688882912 45
1752937789432 2.424713195003234 46
1752937804395 2.407543567754679 47
1752937818863 2.3894603932457605 48
1752937832527 2.3724993512168493 49
1752937849598 2.3809164846902564 50
