1749066209708 0.06645622196378136 0
1749066258414 0.11098189067951487 1
1749066307729 0.14803123442432298 2
1749066357293 0.1845821565044027 3
1749066406620 0.20834025585645455 4
1749066455907 0.22453895996012627 5
1749066504788 0.24439275627180596 6
1749066553777 0.2564379465027413 7
1749066603361 0.2725535803289583 8
1749066654056 0.28484798139225787 9
1749066703960 0.29307193886027577 10
1749066753161 0.3133410865592291 11
1749066803154 0.31824223292905796 12
1749066852926 0.32679847150689484 13
1749066901028 0.3286260176108988 14
1749066949197 0.3419172620036551 15
1749066996618 0.34706761920584817 16
1749067043607 0.35171955474331285 17
1749067091988 0.3631832530320651 18
1749067139490 0.3634324638644293 19
1749067186459 0.36825053995680346 20
1749067235684 0.3815417843495597 21
1749067285857 0.3871074929390264 22
1749067334636 0.39275627180594785 23
1749067384956 0.39441767735504235 24
1749067434234 0.40770892174779866 25
1749067484345 0.4126100681176275 26
1749067532345 0.4106163814587141 27
1749067579551 0.4246552583485629 28
1749067626221 0.4298056155507559 29
1749067675691 0.4347067619205848 30
1749067725816 0.4317993022096694 31
1749067775248 0.4323807941518525 32
1749067824224 0.4356205349725868 33
1749067873551 0.43670044857949825 34
1749067922399 0.4439275627180595 35
1749067971362 0.44027247051005153 36
1749068019290 0.4527330121282605 37
1749068066392 0.45846486127263664 38
1749068115891 0.46594118624356207 39
1749068163791 0.4666888187406546 40
1749068213130 0.46178767237082574 41
1749068263723 0.46992855956138896 42
1749068312856 0.47034391094866257 43
1749068361578 0.47715567369995016 44
1749068409840 0.4876225286592457 45
1749068458357 0.4826383120119621 46
1749068507260 0.48712410699451736 47
1749068556649 0.4921913939192557 48
1749068604832 0.49634490779199203 49
1749068652644 0.48828709087888356 50
