1749066209708 4.450641368492599 0
1749066258415 4.155788478703648 1
1749066307730 3.8715148984350702 2
1749066357294 3.617566001904163 3
1749066406621 3.428508885699003 4
1749066455908 3.2550755227228216 5
1749066504789 3.129968644148836 6
1749066553778 3.0210719031440987 7
1749066603362 2.892051325548541 8
1749066654057 2.7976884634443895 9
1749066703961 2.702210545465023 10
1749066753162 2.599269704199855 11
1749066803155 2.556575390690913 12
1749066852927 2.4799624272634055 13
1749066901028 2.454652740285471 14
1749066949197 2.3736679254808695 15
1749066996619 2.315893836476908 16
1749067043608 2.2660650795044623 17
1749067091989 2.1918953328632513 18
1749067139491 2.132592014156143 19
1749067186460 2.10855160644237 20
1749067235684 2.014756638074201 21
1749067285857 1.9688643027072823 22
1749067334637 1.9337255983553214 23
1749067384957 1.8865205018116007 24
1749067434235 1.8233673879855297 25
1749067484345 1.8048117903594592 26
1749067532345 1.7571837616268624 27
1749067579552 1.697259422359693 28
1749067626222 1.6788931236397548 29
1749067675692 1.6628481554318408 30
1749067725817 1.6308553942665691 31
1749067775249 1.5911733223884195 32
1749067824224 1.5698584781238214 33
1749067873552 1.5757174331598962 34
1749067922400 1.523828321603657 35
1749067971363 1.512409191995666 36
1749068019291 1.47274719907209 37
1749068066392 1.4317122710037367 38
1749068115891 1.3896753294017306 39
1749068163792 1.3681067878228024 40
1749068213130 1.3460560694093684 41
1749068263723 1.3174345470687403 42
1749068312857 1.2874676283261073 43
1749068361579 1.2616589063021224 44
1749068409841 1.2124276951603945 45
1749068458358 1.209971554352851 46
1749068507260 1.1818071144119882 47
1749068556650 1.1789611326072613 48
1749068604832 1.1495109348156245 49
1749068652645 1.1460403102354777 50
