1755716561536 0.028077753779697623 0
1755716595722 0.07019438444924406 1
1755716647608 0.0731018441601595 2
1755716703936 0.10284100348895166 3
1755716757106 0.11272636650606413 4
1755716813378 0.14005648778866922 5
1755716868959 0.14711746137232098 6
1755716903959 0.14246552583485628 7
1755716960633 0.17029406878218972 8
1755717013369 0.18649277288586144 9
1755717067646 0.195132081741153 10
1755717121463 0.2031898986542615 11
1755717175606 0.2134906130586476 12
1755717230754 0.22644957634158497 13
1755717276285 0.2373317826881542 14
1755717329289 0.2368333610234258 15
1755717387773 0.2532812759594617 16
1755717433602 0.25618873567037714 17
1755717487937 0.2662402392423991 18
1755717539509 0.2722212992191394 19
1755717587484 0.27413191560059813 20
1755717642621 0.28152517029406876 21
1755717698033 0.28069446751952154 22
1755717753125 0.2800299052998837 23
1755717806108 0.2983884366173783 24
1755717864203 0.299385279946835 25
1755717917066 0.30129589632829373 26
1755717969106 0.29689317162319323 27
1755718014447 0.30328958298720715 28
1755718067026 0.30486791825884696 29
1755718119236 0.30760923741485297 30
1755718165736 0.3036218640970261 31
1755718218586 0.31915600598106 32
1755718255303 0.31965442764578833 33
1755718307249 0.31874065459378637 34
1755718363274 0.3184914437614222 35
1755718420141 0.3242232929057983 36
1755718459513 0.3253032065127098 37
1755718503988 0.3233095198537963 38
1755718559855 0.3214819737497923 39
1755718614088 0.3302874231599934 40
1755718670897 0.32737996344907794 41
1755718725662 0.3233095198537963 42
1755718777263 0.3197374979232431 43
1755718833819 0.3186575843163316 44
1755718868681 0.3179099518192391 45
1755718921569 0.3195713573683336 46
1755718977079 0.3176607409868749 47
1755719028372 0.3203189898654262 48
1755719085308 0.31898986542615054 49
1755719127745 0.31840837348396744 50
1755719181792 0.3192390762585147 51
1755719237542 0.31982056820069776 52
1755719279483 0.32081741153015453 53
1755719313919 0.32098355208506396 54
1755719365834 0.32023591958797143 55
1755719401363 0.32098355208506396 56
1755719455526 0.3203189898654262 57
1755719507671 0.3214819737497923 58
1755719559943 0.31915600598106 59
1755719611438 0.32056820069779035 60
1755719665396 0.34033892673201527 61
1755719720683 0.33992357534474166 62
1755719777683 0.3364346236916431 63
1755719830612 0.33120119621199534 64
1755719868284 0.33934208340255856 65
1755719924696 0.3388436617378302 66
1755719979117 0.3397574347898322 67
1755720035432 0.3370161156338262 68
1755720070433 0.3482306030902143 69
1755720119182 0.34515700282438944 70
1755720170900 0.351054992523675 71
1755720223148 0.34931051669712576 72
1755720276725 0.3500581491942183 73
1755720313655 0.3513872736334939 74
1755720367272 0.3515534141884034 75
1755720418923 0.35446087389931885 76
1755720467553 0.34872902475494266 77
1755720520206 0.3476491111480312 78
1755720574180 0.35487622528659246 79
1755720629496 0.3527994683502243 80
1755720684314 0.3546270144542283 81
1755720740480 0.3553746469513208 82
1755720797030 0.3542116630669546 83
1755720849760 0.3600265824887855 84
1755720901864 0.3552085063964114 85
1755720956465 0.3546270144542283 86
1755721011340 0.35786675527496264 87
1755721055968 0.35911280943678353 88
1755721110564 0.35952816082405714 89
1755721167517 0.3602757933211497 90
1755721221533 0.3591958797142382 91
1755721272837 0.36235255025751784 92
1755721327054 0.35869745804950987 93
1755721380858 0.35711912277787006 94
1755721436031 0.3566207011131417 95
1755721476034 0.3575344741651437 96
1755721530474 0.3569529822229606 97
1755721586438 0.3569529822229606 98
1755721644334 0.36542615052334276 99
1755721700340 0.3627679016447915 100
1755721753113 0.362601761089882 101
1755721791143 0.36202026914769897 102
1755721844918 0.36168798803788005 103
1755721898332 0.3618541285927895 104
1755721933201 0.36293404219970093 105
1755721968228 0.3621864097026084 106
1755722023436 0.36293404219970093 107
1755722078361 0.36202026914769897 108
1755722131959 0.36285097192224625 109
1755722186598 0.36285097192224625 110
1755722240410 0.3684166805117129 111
1755722298052 0.3664229938527995 112
1755722352604 0.36467851802625023 113
1755722407612 0.3630171124771557 114
1755722465659 0.36384781525170296 115
1755722521492 0.36285097192224625 116
1755722575866 0.3624356205349726 117
1755722625310 0.36351553414188403 118
1755722679490 0.3637647449742482 119
1755722718207 0.3627679016447915 120
1755722771779 0.3631832530320651 121
1755722826434 0.36575843163316163 122
1755722861386 0.36426316663897657 123
1755722912227 0.36168798803788005 124
1755722946619 0.3611895663731517 125
1755723000748 0.36052500415351385 126
1755723056893 0.35894666888187404 127
1755723111277 0.35952816082405714 128
1755723165728 0.35911280943678353 129
1755723223318 0.35828210666223625 130
1755723276514 0.357451403887689 131
1755723327310 0.3572021930553248 132
1755723381671 0.3566207011131417 133
1755723416343 0.35471008473168303 134
1755723470978 0.35529157667386607 135
1755723520153 0.3550423658415019 136
1755723575733 0.3566207011131417 137
1755723631812 0.35711912277787006 138
1755723685289 0.35512543611895664 139
1755723741281 0.35446087389931885 140
1755723793497 0.35529157667386607 141
1755723846239 0.35371324140222626 142
1755723902748 0.35371324140222626 143
1755723947661 0.35396245223459044 144
1755724003020 0.3542116630669546 145
1755724058142 0.3533809602924074 146
1755724109760 0.3533809602924074 147
1755724163503 0.35230104668549594 148
1755724198759 0.3532148197374979 149
1755724253534 0.3532148197374979 150
