1755716561538 4.567804437098729 0
1755716595723 4.461710307283315 1
1755716647609 4.360326174563208 2
1755716703938 4.3038769292641845 3
1755716757107 4.21874151708292 4
1755716813380 4.211754169342383 5
1755716868960 4.139372152173636 6
1755716903960 4.118302821302344 7
1755716960634 4.123213839396245 8
1755717013370 4.105615414730498 9
1755717067647 4.106814389062691 10
1755717121464 4.1127227552392585 11
1755717175608 4.0982956929819485 12
1755717230756 4.113479884280947 13
1755717276286 4.093164895276291 14
1755717329290 4.123660299700158 15
1755717387774 4.125607252002486 16
1755717433603 4.118025611131155 17
1755717487938 4.159578762466774 18
1755717539511 4.17785638576398 19
1755717587486 4.207908590453817 20
1755717642623 4.147486773684549 21
1755717698034 4.186738885878319 22
1755717753127 4.222335617134177 23
1755717806109 4.218126871104918 24
1755717864204 4.262344442805278 25
1755717917067 4.21806598312063 26
1755717969107 4.258195848127219 27
1755718014449 4.158471936036114 28
1755718067027 4.302088115374446 29
1755718119237 4.287223840279294 30
1755718165738 4.322519140753394 31
1755718218588 4.320689861998071 32
1755718255305 4.357189431680523 33
1755718307251 4.391264474380712 34
1755718363275 4.332454267759083 35
1755718420142 4.371679257270206 36
1755718459515 4.383661687137143 37
1755718503989 4.409526965687479 38
1755718559856 4.437816832742324 39
1755718614090 4.4543486787331705 40
1755718670898 4.384498951998333 41
1755718725663 4.409911806138396 42
1755718777265 4.429426111747067 43
1755718833821 4.437346865961082 44
1755718868682 4.459936572299215 45
1755718921570 4.46807025537615 46
1755718977080 4.491136985653039 47
1755719028373 4.50176747094627 48
1755719085309 4.514266890595462 49
1755719127746 4.532429572524548 50
1755719181794 4.53429556157355 51
1755719237543 4.5474093388964825 52
1755719279484 4.543507960194897 53
1755719313920 4.566731179930109 54
1755719365835 4.591223375134748 55
1755719401364 4.603548301512863 56
1755719455527 4.60523469571502 57
1755719507672 4.615052837012427 58
1755719559944 4.62740257505244 59
1755719611440 4.633083093792144 60
1755719665398 4.591771151305343 61
1755719720684 4.653953942197228 62
1755719777684 4.569696071329888 63
1755719830614 4.610279461876771 64
1755719868285 4.597552854568546 65
1755719924697 4.609277471906222 66
1755719979119 4.637588305022707 67
1755720035433 4.639417216228526 68
1755720070434 4.693704854033624 69
1755720119183 4.650252477525667 70
1755720170902 4.685891827393411 71
1755720223150 4.706303737987457 72
1755720276726 4.7051713158237956 73
1755720313656 4.7155034206020305 74
1755720367273 4.729831986367815 75
1755720418924 4.681295961403502 76
1755720467555 4.69135540672197 77
1755720520207 4.713274348278529 78
1755720574181 4.723218529660362 79
1755720629497 4.743713773448714 80
1755720684316 4.754677019241615 81
1755720740481 4.7603635106311355 82
1755720797031 4.771420298942052 83
1755720849761 4.737040634377528 84
1755720901866 4.767586903960342 85
1755720956466 4.791679141439262 86
1755721011341 4.765083928114077 87
1755721055969 4.722315368125829 88
1755721110565 4.728424018314005 89
1755721167518 4.738160254583807 90
1755721221534 4.743831356937078 91
1755721272839 4.7871361797335235 92
1755721327055 4.82796703417148 93
1755721380860 4.8460108368815575 94
1755721436032 4.821615095538533 95
1755721476035 4.822022734246922 96
1755721530475 4.836197897888522 97
1755721586440 4.848289395562274 98
1755721644336 4.790899248806583 99
1755721700342 4.8028502489020575 100
1755721753114 4.822015983094841 101
1755721791144 4.830167870743301 102
1755721844919 4.843096929050235 103
1755721898333 4.852433769733531 104
1755721933202 4.859865337897105 105
1755721968230 4.860946236498269 106
1755722023437 4.8700729670881175 107
1755722078362 4.876961893497725 108
1755722131960 4.878809139924485 109
1755722186600 4.894193611236191 110
1755722240411 4.843336410028499 111
1755722298053 4.877912599026695 112
1755722352605 4.902082545344869 113
1755722407613 4.905859784201508 114
1755722465661 4.913487941731367 115
1755722521494 4.951590291173557 116
1755722575867 4.9537642629348255 117
1755722625311 4.953681703552457 118
1755722679492 4.947524809822063 119
1755722718209 4.956104642555482 120
1755722771780 4.9804388467494505 121
1755722826435 4.785819161712163 122
1755722861387 4.812459582885793 123
1755722912228 4.824598414169792 124
1755722946620 4.850320280549242 125
1755723000749 4.8653319940067625 126
1755723056894 4.867959800742833 127
1755723111278 4.885586307608768 128
1755723165729 4.883648461845223 129
1755723223319 4.878930980795271 130
1755723276515 4.890603949978627 131
1755723327311 4.907803150790709 132
1755723381672 4.903647436497476 133
1755723416344 4.916062562725464 134
1755723470980 4.917743988987585 135
1755723520154 4.917660703094878 136
1755723575735 4.921715134393473 137
1755723631814 4.916903560288557 138
1755723685290 4.920373448170137 139
1755723741282 4.932945584326041 140
1755723793498 4.913895183680359 141
1755723846241 4.951196055964561 142
1755723902749 4.951024430864562 143
1755723947662 4.952229788725279 144
1755724003022 4.950452677260123 145
1755724058143 4.967690245784877 146
1755724109761 4.953246621487124 147
1755724163504 4.9800366150157975 148
1755724198761 4.986125250301942 149
1755724253535 4.955305969505118 150
