1753729194641 0.020684499086226948 0
1753729207509 0.03264661903970759 1
1753729220379 0.04319654427645788 2
1753729233505 0.057733842831035054 3
1753729245015 0.07958132580162817 4
1753729255452 0.08398405050672869 5
1753729266115 0.09561388935039043 6
1753729278482 0.11073267984715068 7
1753729291710 0.11804286426316664 8
1753729305084 0.12967270310682838 9
1753729316440 0.13806280112975577 10
1753729329474 0.13806280112975577 11
1753729340949 0.1462867585977737 12
1753729353841 0.16049177604253198 13
1753729366489 0.1645622196378136 14
1753729378307 0.17369995015783352 15
1753729390937 0.17718890181093205 16
1753729403702 0.17585977737165642 17
1753729417397 0.18159162651603256 18
1753729429657 0.1926399734175112 19
1753729441070 0.19546436285097193 20
1753729454582 0.19978401727861772 21
1753729466815 0.20210998504735006 22
1753729479601 0.20825718557899983 23
1753729493452 0.2078418341917262 24
1753729503681 0.21332447250373815 25
1753729514920 0.2184748297059312 26
1753729528007 0.21739491609901976 27
1753729539546 0.22968931716231933 28
1753729551228 0.23517195547433128 29
1753729564370 0.23691643130088055 30
1753729576447 0.2348396743645124 31
1753729589042 0.23558730686160492 32
1753729601304 0.24131915600598106 33
1753729611410 0.2393254693470676 34
1753729623637 0.24563881043362684 35
1753729636498 0.24804784847981393 36
1753729649101 0.2552749626183751 37
1753729662433 0.2585147034391095 38
1753729675862 0.25502575178601095 39
1753729687898 0.2642465525834856 40
1753729699863 0.26873234756604086 41
1753729710757 0.2644126931383951 42
1753729722924 0.2675693636816747 43
1753729733688 0.2672370825718558 44
1753729746813 0.2664063797973085 45
1753729759618 0.2669048014620369 46
1753729772139 0.2716398072769563 47
1753729784669 0.27487954809769066 48
1753729795987 0.27994683502242895 49
1753729808310 0.27737165642133244 50
1753729821732 0.2797806944675195 51
1753729833771 0.2819405216813424 52
1753729846178 0.28451570028243894 53
1753729859308 0.28650938694135236 54
1753729870785 0.2909121116464529 55
1753729883679 0.292407376640638 56
1753729896379 0.29539790662900817 57
1753729909408 0.29664396079082905 58
1753729921207 0.2919920252533644 59
1753729934439 0.2945672038544609 60
1753729946323 0.2927396577504569 61
1753729959341 0.29664396079082905 62
1753729971591 0.3007974746635654 63
1753729984174 0.3027080910450241 64
1753729996301 0.3055324804784848 65
1753730008516 0.3052832696461206 66
1753730021341 0.30420335603920917 67
1753730032924 0.30245888021265993 68
1753730043454 0.30378800465193556 69
1753730056493 0.3059478318657584 70
1753730068722 0.30785844824721714 71
1753730078575 0.30760923741485297 72
1753730091925 0.30910450240903803 73
1753730104116 0.3135902973915933 74
1753730116666 0.3108489782355873 75
1753730130195 0.3113473999003157 76
1753730140727 0.3101844160159495 77
1753730154411 0.31408871905632163 78
1753730166014 0.3150855623857784 79
1753730177483 0.3139225785014122 80
1753730187417 0.3159162651603256 81
1753730200075 0.31658082737996346 82
1753730213777 0.3189067951486958 83
1753730226956 0.3209004818076092 84
1753730240338 0.3177438112643296 85
1753730252171 0.31998670875560725 86
1753730265154 0.31641468682505397 87
1753730277390 0.3213158331948829 88
1753730290371 0.31965442764578833 89
1753730300775 0.3207343412526998 90
1753730312863 0.32397408207343414 91
1753730325631 0.324306363183253 92
1753730337701 0.32397408207343414 93
1753730349979 0.3278783851138063 94
1753730363124 0.32696461206180427 95
1753730375517 0.32438943346070775 96
1753730389483 0.32837680677853465 97
1753730403283 0.3297059312178103 98
1753730414624 0.3292075095530819 99
1753730427351 0.3227280279116132 100
