1753729194642 4.595463232214383 0
1753729207510 4.519624007154082 1
1753729220380 4.42941323089319 2
1753729233506 4.3478835943918765 3
1753729245016 4.272265192038274 4
1753729255453 4.19512279257147 5
1753729266116 4.127328516505957 6
1753729278483 4.054083023917129 7
1753729291711 3.996371037622318 8
1753729305085 3.933917049551872 9
1753729316442 3.8771944872818858 10
1753729329475 3.8434883014351042 11
1753729340950 3.7989825682511795 12
1753729353842 3.7492959348029977 13
1753729366490 3.717326821099314 14
1753729378308 3.676339079021856 15
1753729390938 3.646886959628129 16
1753729403703 3.624867985082204 17
1753729417398 3.5933033321624346 18
1753729429658 3.5489673722236286 19
1753729441071 3.5447157105511606 20
1753729454583 3.509216347678763 21
1753729466816 3.496543917825313 22
1753729479602 3.4669496475422568 23
1753729493453 3.446060052710754 24
1753729503683 3.406542092624358 25
1753729514921 3.4045405321484004 26
1753729528008 3.3945604224273165 27
1753729539548 3.365753194322702 28
1753729551229 3.3382479010534265 29
1753729564371 3.3254382646900607 30
1753729576448 3.308705632753761 31
1753729589043 3.295160030206245 32
1753729601305 3.2766277808108817 33
1753729611411 3.27292391486206 34
1753729623638 3.2431796342698203 35
1753729636499 3.2453143592389906 36
1753729649103 3.2244347116685605 37
1753729662434 3.207202184596148 38
1753729675863 3.203758521258405 39
1753729687899 3.177082563383632 40
1753729699864 3.163096214603506 41
1753729710758 3.17360783865994 42
1753729722925 3.1557615664186676 43
1753729733689 3.1415281918631126 44
1753729746814 3.1300013353464835 45
1753729759619 3.138878349598439 46
1753729772140 3.131545708178472 47
1753729784670 3.1090075858955175 48
1753729795988 3.0869388255365457 49
1753729808311 3.0870632587259883 50
1753729821733 3.069228620001026 51
1753729833772 3.0728890212106323 52
1753729846179 3.0617176415339995 53
1753729859309 3.0502687113382274 54
1753729870786 3.037446248902148 55
1753729883681 3.02929748086781 56
1753729896380 3.0277792028440755 57
1753729909409 3.0099462306689895 58
1753729921208 3.0236293464310284 59
1753729934440 2.9978717408194266 60
1753729946324 2.9963870281404485 61
1753729959342 2.9824170878375464 62
1753729971592 2.977626502376086 63
1753729984175 2.969877745384627 64
1753729996302 2.956234484497566 65
1753730008517 2.9614972272381257 66
1753730021342 2.949085070499105 67
1753730032925 2.9541182854487245 68
1753730043455 2.950099237003262 69
1753730056494 2.9413336501646663 70
1753730068723 2.9305289084543547 71
1753730078576 2.9135259320351095 72
1753730091926 2.9222738008982194 73
1753730104117 2.911932047937236 74
1753730116667 2.920371729305884 75
1753730130196 2.9080912073327996 76
1753730140728 2.9057729074112153 77
1753730154412 2.888509707435333 78
1753730166015 2.8819690313270083 79
1753730177484 2.8827663176372402 80
1753730187418 2.8742839179529067 81
1753730200077 2.879004950894684 82
1753730213778 2.885205645491567 83
1753730226957 2.8727957049729995 84
1753730240339 2.861165337674805 85
1753730252173 2.865416546161559 86
1753730265155 2.8492048450030416 87
1753730277391 2.8406537097133775 88
1753730290373 2.8570811083433054 89
1753730300776 2.8371593114732443 90
1753730312864 2.8443797107577673 91
1753730325632 2.8255177876587525 92
1753730337702 2.82806062908822 93
1753730349980 2.8075090622942005 94
1753730363125 2.8142687148810337 95
1753730375518 2.8258874279679045 96
1753730389484 2.8021014697314213 97
1753730403284 2.801346882720513 98
1753730414625 2.8001768607810646 99
1753730427352 2.806214947348986 100
