1751863029284 0.20241560286938784 0
1751863100771 0.20789310842710793 1
1751863170003 0.232828363853047 2
1751863232502 0.25093392615680793 3
1751863304107 0.2805216235418147 4
1751863379387 0.28446359406870947 5
1751863462078 0.30667155593243645 6
1751863536669 0.3388031994132881 7
1751863613580 0.34489950266999747 8
1751863684585 0.34781014369857677 9
1751863760077 0.3648614580707263 10
1751863830647 0.3691930419636514 11
1751863895951 0.3589255838470882 12
1751863962380 0.37354754428987236 13
1751864031724 0.39752022551738364 14
1751864099682 0.3827378360415282 15
1751864176030 0.4068709463021108 16
1751864242913 0.3959846904865583 17
1751864322319 0.3996058029473105 18
1751864395011 0.41179840946072926 19
1751864466930 0.41585497215410355 20
1751864541438 0.41317351545848324 21
1751864611052 0.42160749891137445 22
1751864681331 0.4203699035133958 23
1751864752256 0.4041894896064905 24
1751864830149 0.4270391676025027 25
1751864906483 0.4197281873811106 26
1751864984750 0.4248848348726881 27
1751865062181 0.42958311369834756 28
1751865141785 0.4243118740402906 29
1751865212906 0.43684825705314784 30
1751865283662 0.43130199619554005 31
1751865355277 0.4447551165402333 32
1751865431977 0.447803268168588 33
1751865499347 0.45511424838998005 34
1751865575428 0.42032406664680405 35
1751865653931 0.4493388031994133 36
1751865722680 0.4468177755368643 37
1751865793486 0.43508353768936353 38
1751865860664 0.43528980358902664 39
1751865936100 0.4600417115485985 40
1751866005149 0.43116448559576465 41
1751866077575 0.44010267458116564 42
1751866150618 0.44855957646735267 43
1751866225550 0.4517910755620746 44
1751866298067 0.4481012078014347 45
1751866368249 0.46194394151215823 46
1751866440812 0.4547933903238375 47
1751866521442 0.4424174363440515 48
1751866590499 0.4449613824398964 49
1751866658897 0.4484679027341691 50
1751866706398 0.45332661059289986 51
1751866752241 0.4481241262347306 52
1751866802062 0.4584832580844773 53
1751866848945 0.45742901015286597 54
1751866898622 0.45580180138885706 55
1751866945524 0.4587582792840281 56
1751866991586 0.45268489446061466 57
1751867035444 0.4652212774734719 58
1751867082865 0.4586207686842527 59
1751867130101 0.45949166914949696 60
1751867177234 0.4564205990878464 61
1751867220931 0.45580180138885706 62
1751867266586 0.4668943231040726 63
1751867309795 0.451011848830014 64
1751867354391 0.4370086860862191 65
1751867399139 0.4679256526023881 66
1751867442223 0.4445030137739784 67
1751867486764 0.45701647835353976 68
1751867535112 0.4693007586001421 69
1751867580039 0.45722274425320286 70
1751867625447 0.4584145027845897 71
1751867668247 0.4682465106685307 72
1751867713633 0.4616001650127197 73
1751867760074 0.46377741617583024 74
1751867804248 0.4561455778882956 75
1751867848185 0.467719386702725 76
1751867897556 0.47507620379070886 77
1751867940881 0.45768111291912084 78
1751867988650 0.467719386702725 79
1751868032365 0.4704008433983453 80
1751868080610 0.4704237618316412 81
1751868126575 0.4700570668989068 82
1751868170704 0.4648545825407375 83
1751868215033 0.4655192171063186 84
1751868261911 0.45802488941855934 85
1751868308964 0.47686384158778905 86
1751868361504 0.4682694291018266 87
1751868407468 0.4646024797744826 88
1751868448977 0.4699883115990191 89
1751868491134 0.4714321728966608 90
1751868534012 0.4679714894689799 91
1751868578725 0.47402195585909745 92
1751868622315 0.4654962986730227 93
1751868664602 0.4633878028097999 94
1751868710755 0.47885774528453234 95
1751868759773 0.47216556276212956 96
1751868802655 0.4703779249650494 97
1751868846517 0.4721426443288337 98
1751868889937 0.4764742282217588 99
1751868932609 0.475970022689249 100
1751868965734 0.4727156051612312 101
1751868998154 0.4688423899342241 102
1751869031839 0.45644351752114226 103
1751869065614 0.47358650562647536 104
1751869100635 0.47922444021726673 105
1751869130950 0.4508972566635345 106
1751869164667 0.4626085760777393 107
1751869198463 0.46327321064332044 108
1751869233835 0.4827309605115394 109
1751869265573 0.47995783008273557 110
1751869298787 0.4684756950014897 111
1751869330850 0.4938005637934591 112
1751869366824 0.4667797309375931 113
1751869401339 0.4741136295922811 114
1751869436469 0.4755345724566269 115
1751869472108 0.4731968922604451 116
1751869506334 0.48160795728004036 117
1751869538310 0.4684756950014897 118
1751869571450 0.4681090000687553 119
1751869603850 0.47301354479407787 120
1751869638905 0.46363990557605483 121
1751869672205 0.4647170719409621 122
1751869704837 0.4834414319437123 123
1751869738306 0.462906515710586 124
1751869772288 0.4716842756629157 125
1751869807218 0.4685215318680815 126
1751869841600 0.45756652075264137 127
1751869875027 0.4868562785048014 128
1751869909727 0.4694382691999175 129
1751869945088 0.47906401118419545 130
1751869979123 0.47260101299475166 131
1751870011372 0.48025576971558226 132
1751870044929 0.4762679623220957 133
1751870076898 0.4864208282721793 134
1751870113026 0.48444984300873195 135
1751870146137 0.46242522861137214 136
1751870179434 0.4825705314784681 137
1751870214707 0.47503036692411704 138
1751870247421 0.464969174707217 139
1751870281614 0.47541998029014737 140
1751870313219 0.4837164531432631 141
1751870346840 0.4876125868035661 142
1751870380707 0.47736804712029884 143
1751870411584 0.4685215318680815 144
1751870448115 0.48121834391401 145
1751870483744 0.48284555267801893 146
1751870515367 0.4849311301079458 147
1751870546855 0.4873604840373112 148
1751870578456 0.4740448742923934 149
1751870610068 0.48545825407375154 150
1751870632779 0.47814727385235944 151
1751870655508 0.47697843375426857 152
1751870677701 0.48133293608048955 153
1751870698740 0.48062246464831665 154
1751870720361 0.45843742121788555 155
1751870743966 0.48124126234730596 156
1751870765460 0.49813214768638414 157
1751870787203 0.49208168129626656 158
1751870809986 0.4808745674145715 159
1751870834344 0.48126418078060185 160
1751870856807 0.48078289368138794 161
1751870879055 0.49455687209222376 162
1751870900679 0.48660417573854653 163
1751870922953 0.4944422799257443 164
1751870946057 0.4883688951023308 165
1751870968076 0.47138633603006896 166
1751870989829 0.48383104530974264 167
1751871012551 0.4913941282973896 168
1751871035509 0.5026241606123806 169
1751871057802 0.5001260513831275 170
1751871079469 0.4884376504022185 171
1751871100454 0.48218091811243785 172
1751871122045 0.483281002910641 173
1751871144907 0.4849311301079458 174
1751871166390 0.4904544725322577 175
1751871187994 0.4760387779891367 176
1751871209648 0.47652006508835054 177
1751871232434 0.4914628835972773 178
1751871254213 0.49292966332821486 179
1751871276369 0.49577154905690646 180
1751871298372 0.4888501822015447 181
1751871319854 0.49668828638874246 182
1751871341683 0.4835101872436 183
1751871364496 0.4910274333646552 184
1751871387531 0.4894002246006463 185
1751871409419 0.48124126234730596 186
1751871432542 0.4896294089336053 187
1751871455642 0.4913482914307978 188
1751871479308 0.4888272637682488 189
1751871502697 0.4913482914307978 190
1751871525448 0.48007242224921504 191
1751871548498 0.49930098778447507 192
1751871569784 0.49483189329177457 193
1751871592582 0.4900877775995233 194
1751871615577 0.47924735865056267 195
1751871638440 0.4949464854582541 196
1751871660079 0.4848623748080581 197
1751871684018 0.48525198817408843 198
1751871706332 0.4863979098388834 199
1751871728946 0.49792588178672104 200
