1751863029285 2.218950908870554 0
1751863100772 2.1080374091846434 1
1751863170004 2.1214916831794945 2
1751863232502 2.140226349036816 3
1751863304108 2.0749191392331334 4
1751863379388 2.1371990524821385 5
1751863462079 2.086577009137524 6
1751863536670 2.057617217163887 7
1751863613581 2.075242531057974 8
1751863684586 2.113117206468963 9
1751863760078 2.088821765231866 10
1751863830648 2.0998564294400204 11
1751863895952 2.158645182931382 12
1751863962381 2.1822636912792355 13
1751864031725 2.146414177620163 14
1751864099683 2.1835414817209577 15
1751864176031 2.1654593581616433 16
1751864242914 2.2120417249556126 17
1751864322320 2.1943754853342163 18
1751864395012 2.1820983079231446 19
1751864466931 2.2240239636971473 20
1751864541438 2.1974864393747824 21
1751864611053 2.1873425179382004 22
1751864681332 2.256745151435098 23
1751864752257 2.3156334641183722 24
1751864830150 2.226987673951 25
1751864906484 2.2435592831771842 26
1751864984751 2.294327951320466 27
1751865062182 2.246905349441565 28
1751865141786 2.2451706557980144 29
1751865212907 2.262929459251958 30
1751865283663 2.297066570989319 31
1751865355278 2.30763386678933 32
1751865431978 2.356426051607494 33
1751865499348 2.3220157422254317 34
1751865575429 2.4086670637369343 35
1751865653932 2.3254232807485824 36
1751865722680 2.348969556235392 37
1751865793487 2.355872069673255 38
1751865860665 2.4053590004935868 39
1751865936101 2.34552766462961 40
1751866005149 2.411528478884845 41
1751866077576 2.357214739229756 42
1751866150619 2.3924961034550325 43
1751866225551 2.3877673484505393 44
1751866298067 2.4333073184149963 45
1751866368250 2.3575573578635978 46
1751866440813 2.3677382606191832 47
1751866521443 2.4533197543344665 48
1751866590500 2.422453193420698 49
1751866658898 2.418622782113395 50
1751866706399 2.3700888849504667 51
1751866752242 2.3323636928150853 52
1751866802063 2.300397163819988 53
1751866848946 2.306795711698848 54
1751866898623 2.3118299768582005 55
1751866945524 2.3228751815111734 56
1751866991587 2.342457763904752 57
1751867035445 2.316427582513758 58
1751867082866 2.3159325928136543 59
1751867130102 2.3042145260125486 60
1751867177234 2.305469787244422 61
1751867220932 2.31483437273129 62
1751867266587 2.3097839326973397 63
1751867309796 2.3470048138526773 64
1751867354391 2.3314172145479026 65
1751867399140 2.2560119859272354 66
1751867442224 2.297244253934539 67
1751867486765 2.284075116914946 68
1751867535112 2.2850260342835123 69
1751867580040 2.269935269303839 70
1751867625447 2.2772890269732673 71
1751867668248 2.3121426309708806 72
1751867713634 2.287619566620987 73
1751867760075 2.292568281623742 74
1751867804248 2.3243567285213387 75
1751867848185 2.2836823220765115 76
1751867897557 2.301413156910957 77
1751867940882 2.337516796532255 78
1751867988651 2.3162174515856084 79
1751868032366 2.323800817285479 80
1751868080611 2.3206728973825217 81
1751868126576 2.316163754655372 82
1751868170705 2.343061104519599 83
1751868215034 2.364325165201088 84
1751868261912 2.3191491096279977 85
1751868308965 2.3258611782336263 86
1751868361505 2.316275189167982 87
1751868407468 2.324839799214462 88
1751868448978 2.3163833991021985 89
1751868491134 2.30474738549512 90
1751868534013 2.3562548947094393 91
1751868578725 2.31290257063496 92
1751868622316 2.343784548883287 93
1751868664603 2.3704908105887075 94
1751868710756 2.3178137666903185 95
1751868759774 2.3749652687406444 96
1751868802655 2.3166252974880805 97
1751868846518 2.347056290502695 98
1751868889938 2.32581600364447 99
1751868932610 2.346555272315237 100
1751868965735 2.280549526133344 101
1751868998155 2.277909097937352 102
1751869031840 2.262502289118446 103
1751869065615 2.182760615619539 104
1751869100635 2.202349705335056 105
1751869130951 2.232427087445102 106
1751869164668 2.2842588789892195 107
1751869198464 2.19206578307288 108
1751869233836 2.197769076925521 109
1751869265574 2.1855454156449334 110
1751869298787 2.1696744535892205 111
1751869330851 2.1953752200515266 112
1751869366825 2.1995020462306454 113
1751869401340 2.1636436670644565 114
1751869436470 2.189110716925026 115
1751869472108 2.199351563618722 116
1751869506334 2.2279895133156686 117
1751869538311 2.1939923295313766 118
1751869571451 2.2240480663275277 119
1751869603850 2.204333962769873 120
1751869638906 2.200460239675646 121
1751869672206 2.1961528928160443 122
1751869704838 2.1893683439843996 123
1751869738307 2.197714480317256 124
1751869772289 2.1761252404137936 125
1751869807218 2.1782064545995286 126
1751869841601 2.2291800037459555 127
1751869875028 2.1942390289138283 128
1751869909728 2.1924615026884258 129
1751869945089 2.192905954486302 130
1751869979124 2.2314737867427463 131
1751870011373 2.1812360591539415 132
1751870044930 2.199185725448968 133
1751870076899 2.1880109389464653 134
1751870113027 2.171853319388066 135
1751870146138 2.2128361674066497 136
1751870179435 2.1978442173487727 137
1751870214708 2.2173020631352207 138
1751870247422 2.272666319782012 139
1751870281615 2.254145673240669 140
1751870313220 2.19387706835586 141
1751870346841 2.191398026614272 142
1751870380708 2.208461248807811 143
1751870411585 2.2544633687153004 144
1751870448116 2.207748214006252 145
1751870483745 2.166654690204482 146
1751870515368 2.187857946503501 147
1751870546856 2.2253350629822166 148
1751870578457 2.2079156382139438 149
1751870610069 2.1823006764191875 150
1751870632779 2.0318037294552154 151
1751870655509 1.9430742913580876 152
1751870677702 1.9254139584652001 153
1751870698741 1.9083709522049963 154
1751870720362 1.9193800972077073 155
1751870743967 1.8899217268960433 156
1751870765461 1.9143055120331494 157
1751870787204 1.9029431784004232 158
1751870809986 1.8896496914421728 159
1751870834345 1.9109866888083376 160
1751870856807 1.8982040655308559 161
1751870879056 1.9032701201736928 162
1751870900679 1.932392660247681 163
1751870922954 1.8596771741289144 164
1751870946058 1.895163740594729 165
1751870968077 1.904267491083173 166
1751870989829 1.9066875122595026 167
1751871012552 1.8968607591782185 168
1751871035510 1.8895173358697115 169
1751871057803 1.8803183921438142 170
1751871079470 1.8872965112532742 171
1751871100454 1.884016168846674 172
1751871122046 1.8997313426557092 173
1751871144907 1.8951140380828317 174
1751871166391 1.877707231780799 175
1751871187994 1.8801310505135447 176
1751871209649 1.8749900046127659 177
1751871232435 1.8689470292113624 178
1751871254214 1.8748223058905171 179
1751871276369 1.8605145543400978 180
1751871298373 1.8741559274288284 181
1751871319855 1.901787585129481 182
1751871341684 1.915636290295777 183
1751871364497 1.893147019029042 184
1751871387531 1.8868230005477937 185
1751871409420 1.8906467028129879 186
1751871432543 1.9106606844690104 187
1751871455643 1.8770763507784616 188
1751871479309 1.876992269177624 189
1751871502698 1.8678198673067516 190
1751871525449 1.901804298085074 191
1751871548499 1.890296383082127 192
1751871569785 1.8917731039213157 193
1751871592583 1.9170821859456697 194
1751871615577 1.9099868321622546 195
1751871638441 1.853605911149001 196
1751871660080 1.8773524428168027 197
1751871684019 1.8639248298737987 198
1751871706333 1.8927684574678703 199
1751871728947 1.8873335474159458 200
