1754609386772 0.19141665410322126 0
1754609413522 0.29192421729735163 1
1754609443738 0.49756269159254235 2
1754609462728 0.5988240615106287 3
1754609482055 0.6885773154429871 4
1754609507590 0.6904869591436755 5
1754609536476 0.7497864214282125 6
1754609563072 0.785717875270114 7
1754609583139 0.7875772651892055 8
1754609609257 0.7983818282325745 9
1754609633839 0.8048645660585959 10
1754609654870 0.8156691291019649 11
1754609678296 0.8263229308005428 12
1754609704511 0.8220011055831952 13
1754609729129 0.8233077039047189 14
1754609758805 0.8277802904668576 15
1754609778843 0.8333082064425348 16
1754609803602 0.8347655661088497 17
1754609831557 0.8336599829137142 18
1754609860397 0.8328056686265641 19
1754609885551 0.8359214030855822 20
1754609908346 0.8363736871199557 21
1754609932261 0.843459470325142 22
1754609961574 0.8420021106588271 23
1754609985745 0.8444142921754862 24
1754610013956 0.8494899241167898 25
1754610046191 0.848886878737625 26
1754610073533 0.8494396703351927 27
1754610098113 0.8453188602442334 28
1754610126092 0.8455701291522187 29
1754610153390 0.8479823106688779 30
1754610176456 0.8500929694959546 31
1754610200055 0.8522036283230313 32
1754610221488 0.8507965224383135 33
1754610248521 0.8525554047942108 34
1754610271771 0.8547163174028846 35
1754610291858 0.8529574350469873 36
1754610314320 0.8555203779084376 37
1754610336876 0.8559224081612141 38
1754610358006 0.8536609879893462 39
1754610379144 0.8546660636212875 40
1754610407784 0.8574300216091261 41
1754610433790 0.8614503241368913 42
1754610456236 0.8565254535403789 43
1754610478039 0.8560229157244083 44
1754610504484 0.8612995627921001 45
1754610528764 0.8600934720337705 46
1754610550659 0.8569777375747525 47
1754610571181 0.8518518518518519 48
1754610590952 0.8585356048042615 49
1754610614845 0.8590883964018292 50
1754610637326 0.8607970249761294 51
1754610666733 0.8636112367455651 52
1754610684957 0.8616010854816825 53
1754610703828 0.8593899190914116 54
1754610728741 0.8657721493542389 55
1754610752218 0.8621538770792502 56
1754610776344 0.8569777375747525 57
1754610808601 0.8580833207698879 58
1754610829044 0.8608975325393236 59
1754610849131 0.8622543846424443 60
1754610868331 0.8647168199407005 61
1754610892287 0.8625056535504296 62
1754610911648 0.8639630132167445 63
1754610934561 0.8659731644806272 64
1754610964971 0.8646665661591034 65
1754610989977 0.8659731644806272 66
1754611022685 0.8676817930549274 67
1754611053101 0.8692899140660335 68
1754611084378 0.8658726569174331 69
1754611108779 0.8657218955726418 70
1754611129288 0.8636112367455651 71
1754611160723 0.8655711342278506 72
1754611179304 0.8656716417910447 73
1754611204292 0.8640132669983416 74
1754611232196 0.8632594602743856 75
1754611253411 0.8639127594351474 76
1754611281879 0.8656213880094477 77
1754611303143 0.865118850193477 78
1754611327393 0.867330016583748 79
1754611354894 0.8671792552389568 80
1754611380495 0.8654203728830594 81
1754611411697 0.8629076838032061 82
1754611436490 0.8679833157445098 83
1754611462547 0.865118850193477 84
1754611483783 0.8679330619629128 85
1754611515373 0.8660736720438214 86
1754611541072 0.8700437207899895 87
1754611561190 0.8695411829740188 88
1754611582682 0.8718026031458868 89
1754611603537 0.8698929594451983 90
1754611628712 0.8702447359163777 91
1754611647823 0.8688376300316599 92
1754611667950 0.8716015880194985 93
1754611690944 0.8703452434795719 94
1754611712223 0.8708980350771396 95
1754611738930 0.8700939745715865 96
1754611760294 0.8716518418010956 97
1754611781409 0.8695411829740188 98
1754611802032 0.8701442283531836 99
1754611829304 0.8717523493642897 100
