1754609386773 2.300614295676426 0
1754609413523 2.0843728662080676 1
1754609443739 1.846647603348607 2
1754609462730 1.718877135767491 3
1754609482056 1.587447344745852 4
1754609507591 1.650752213655352 5
1754609536477 1.5629929477693805 6
1754609563073 1.5729983503974618 7
1754609583140 1.6523789389362311 8
1754609609259 1.647563378771733 9
1754609633841 1.6713530200138678 10
1754609654872 1.7033700288622287 11
1754609678298 1.6899714196213353 12
1754609704512 1.7319878139840654 13
1754609729131 1.7482645409826894 14
1754609758806 1.7925930722639496 15
1754609778844 1.7713142833216002 16
1754609803604 1.8170656297330414 17
1754609831558 1.811657932346736 18
1754609860398 1.887216512124543 19
1754609885552 1.8880496027664175 20
1754609908347 1.9409158601633885 21
1754609932262 1.927356595097519 22
1754609961575 1.9294769312471298 23
1754609985746 1.9703986517909524 24
1754610013958 1.932834462278746 25
1754610046192 1.9550937649588929 26
1754610073535 1.9717004561910958 27
1754610098115 1.9659847203526053 28
1754610126094 1.966676831786158 29
1754610153391 1.9743547484346589 30
1754610176457 2.009260835944068 31
1754610200056 2.024447431472306 32
1754610221489 2.0429983928722204 33
1754610248522 2.024738768404378 34
1754610271773 2.04662627387859 35
1754610291859 2.088151151581679 36
1754610314322 2.0658325048173425 37
1754610336878 2.0651553944229017 38
1754610358007 2.1163823940993796 39
1754610379145 2.0947510624160914 40
1754610407785 2.1176225836526674 41
1754610433792 2.1044443025839152 42
1754610456238 2.1393594425211533 43
1754610478041 2.1274014429746853 44
1754610504485 2.111030089075884 45
1754610528765 2.1309673819800223 46
1754610550660 2.1575857253459194 47
1754610571183 2.191310857039523 48
1754610590953 2.130604667460917 49
1754610614846 2.1756842927770723 50
1754610637328 2.152454632826128 51
1754610666734 2.1952240320537877 52
1754610684959 2.2171051116413203 53
1754610703830 2.200537051101759 54
1754610728743 2.22628156314737 55
1754610752219 2.197879075522506 56
1754610776345 2.2314354955732316 57
1754610808602 2.2472429662191438 58
1754610829045 2.2432296336853446 59
1754610849132 2.2361102105967667 60
1754610868333 2.229446848345651 61
1754610892288 2.240762059052122 62
1754610911649 2.212626291871418 63
1754610934562 2.263749445269367 64
1754610964972 2.2663216569841116 65
1754610989978 2.26629760125545 66
1754611022687 2.2574222395077284 67
1754611053103 2.2772138513446536 68
1754611084379 2.2905109173683735 69
1754611108781 2.244789633325915 70
1754611129290 2.2392553459145863 71
1754611160724 2.289663626079709 72
1754611179306 2.294047548359559 73
1754611204293 2.2515088907603134 74
1754611232197 2.2832647481529746 75
1754611253412 2.304427033329203 76
1754611281881 2.301259085749767 77
1754611303144 2.285539811722179 78
1754611327394 2.323381371471131 79
1754611354895 2.31236630629439 80
1754611380497 2.3244395409281595 81
1754611411698 2.3283249549631817 82
1754611436492 2.349853055355813 83
1754611462549 2.3740508857871108 84
1754611483784 2.3081541431596193 85
1754611515374 2.3422557037138048 86
1754611541073 2.3336186052936094 87
1754611561192 2.3275048709875934 88
1754611582684 2.357619209592816 89
1754611603539 2.3354956465427437 90
1754611628713 2.35985242719532 91
1754611647824 2.3819649567696923 92
1754611667951 2.3858614406677514 93
1754611690946 2.348143391157826 94
1754611712225 2.414638426414243 95
1754611738932 2.401495027304977 96
1754611760295 2.3977932519016028 97
1754611781410 2.378540692843308 98
1754611802033 2.4140174190380583 99
1754611829305 2.3638047458642575 100
