1752637424893 0.03159113463446907 0
1752637478798 0.0656632484287132 1
1752637533216 0.09510420112471055 2
1752637586840 0.113959642739001 3
1752637640600 0.1329804829639431 4
1752637693236 0.14621237181607674 5
1752637746166 0.16167714191200794 6
1752637803014 0.17904399603043333 7
1752637855213 0.18962950711214024 8
1752637907224 0.20079391333112803 9
1752637960324 0.2065828647039365 10
1752638014765 0.21485279523652 11
1752638067543 0.22601720145550777 12
1752638121554 0.2291597750578895 13
1752638177534 0.23833939794905723 14
1752638230710 0.23916639100231557 15
1752638284028 0.24569963612305656 16
1752638336759 0.24892490903076414 17
1752638391110 0.2505788951372808 18
1752638444586 0.25719483956334765 19
1752638498043 0.26108170691366195 20
1752638552075 0.26108170691366195 21
1752638605968 0.2673668541184254 22
1752638658442 0.2704267284154813 23
1752638713374 0.27505788951372806 24
1752638766474 0.27547138604035726 25
1752638820514 0.27985444922262653 26
1752638876384 0.2819219318557724 27
1752638929639 0.28432021171022165 28
1752638982009 0.2858914985114125 29
1752639035282 0.28721468739662587 30
1752639088784 0.2890340721137942 31
1752639141391 0.2938306318226927 32
1752639193912 0.2940787297386702 33
1752639245804 0.2994541845848495 34
1752639298249 0.29928878597419784 35
1752639352181 0.29912338736354616 36
1752639405148 0.2999503804168045 37
1752639458947 0.3009427720807145 38
1752639512459 0.3045815415150513 39
1752639568694 0.30549123387363547 40
1752639623867 0.3076414158121072 41
1752639679147 0.30921270261329803 42
1752639735418 0.30805491233873633 43
1752639788444 0.30656632484287133 44
1752639842696 0.30797221303341055 45
1752639895420 0.31086668871981477 46
1752639948797 0.3126860734369831 47
1752640002420 0.3151670525967582 48
1752640055569 0.31558054912338734 49
1752640110083 0.3169037380086007 50
1752640163830 0.3140092623221965 51
1752640216775 0.3184750248097916 52
1752640269993 0.3168210387032749 53
1752640325051 0.3168210387032749 54
1752640379145 0.3184750248097916 55
1752640432135 0.32095600396956664 56
1752640486116 0.3205425074429375 57
1752640539146 0.32062520674826334 58
1752640591413 0.32095600396956664 59
1752640647647 0.32211379424412834 60
1752640701180 0.3229407872973867 61
1752640754968 0.3259179622891168 62
1752640810641 0.3220310949388025 63
1752640868871 0.32500826993053256 64
1752640922677 0.3250909692358584 65
1752640978401 0.327820046311611 66
1752641033948 0.32633145881574593 67
1752641087275 0.32699305325835265 68
1752641140441 0.32939133311280183 69
1752641193669 0.32757194839563347 70
1752641247369 0.32980482963943103 71
1752641301820 0.32790274561693683 72
1752641354627 0.3321204101885544 73
1752641410288 0.33154151505127355 74
1752641467416 0.33063182269268937 75
1752641520242 0.3355937810122395 76
1752641574557 0.3335262983790936 77
1752641626937 0.3331955011577903 78
1752641681074 0.3349321865696328 79
1752641735255 0.33427059212702614 80
1752641792510 0.33220310949388027 81
1752641844303 0.3360899768441945 82
1752641897564 0.3347667879589811 83
1752641950298 0.33542838240158784 84
1752642004055 0.336338074760172 85
1752642057322 0.3355110817069137 86
1752642113325 0.3350975851802845 87
1752642167790 0.3374958650347337 88
1752642220244 0.33757856434005956 89
1752642274736 0.33691696989745284 90
1752642326967 0.33807476017201454 91
1752642380093 0.3393152497519021 92
1752642432725 0.33948064836255376 93
1752642486494 0.33923255044657624 94
1752642539986 0.3382401587826662 95
1752642593133 0.337826662256037 96
1752642647181 0.33873635461462126 97
1752642700962 0.3389844525305987 98
1752642754420 0.3401422428051604 99
1752642807743 0.34080383724776714 100
