1751895021442 2.238288377034743 0
1751895119576 2.1320080800660115 1
1751895220929 2.056189670127054 2
1751895315300 1.9720628306348797 3
1751895407716 1.9047371118055476 4
1751895496936 1.8761900404053158 5
1751895596603 1.844238803432179 6
1751895688026 1.8759794764511628 7
1751895773567 1.8195936674341198 8
1751895861438 1.825524924806025 9
1751895943973 1.7932698455861447 10
1751896031076 1.7985066761238502 11
1751896125200 1.8234624561530248 12
1751896218684 1.8132647082269298 13
1751896307755 1.8062598661279792 14
1751896399266 1.808985790345228 15
1751896487275 1.8194717283763964 16
1751896586958 1.8285498303063468 17
1751896684746 1.8274132884162642 18
1751896771589 1.806092802030033 19
1751896856352 1.8108281637262058 20
1751896945008 1.8214946464280382 21
1751897033870 1.8678861516966545 22
1751897128308 1.8260516257667272 23
1751897221635 1.8519787846320401 24
1751897313878 1.8565262739896613 25
1751897410485 1.871736345550752 26
1751897500554 1.8597917426726422 27
1751897591623 1.8567656042761966 28
1751897686713 1.8726927085835412 29
1751897777281 1.86839356655905 30
1751897870327 1.8857472233370802 31
1751897960909 1.8837304243436233 32
1751898046618 1.8794523098856397 33
1751898136775 1.8789874792422545 34
1751898227467 1.8907031455968457 35
1751898317359 1.8995709399388174 36
1751898410233 1.8788221393987938 37
1751898507547 1.9110434008136499 38
1751898596287 1.9278276193905741 39
1751898687367 1.874102467777439 40
1751898773799 1.9300171933629402 41
1751898868445 1.8940346726815995 42
1751898950115 1.9138175755082747 43
1751899043942 1.9302531923639101 44
1751899144298 1.9093533243995093 45
1751899234625 1.9647235769001563 46
1751899324538 1.921908188939328 47
1751899413900 1.9261775212646206 48
1751899505069 1.9284782214280294 49
1751899598831 1.9314149640269342 50
1751899656795 1.8989883027366745 51
1751899711079 1.8835386916710037 52
1751899767336 1.8563414335725759 53
1751899826695 1.844448753952072 54
1751899885153 1.8440628071837095 55
1751899938787 1.853874757419881 56
1751899998340 1.8533042065893661 57
1751900060430 1.8489560441599762 58
1751900116163 1.8404589828547093 59
1751900171386 1.8517129496854294 60
1751900227604 1.8449613300380636 61
1751900283754 1.8596209902970713 62
1751900340197 1.8532053404998416 63
1751900393754 1.8848993423279516 64
1751900448821 1.8622439633138417 65
1751900504922 1.8440310538131697 66
1751900561604 1.8345783110471934 67
1751900613872 1.8270843963708696 68
1751900670658 1.8303268548740295 69
1751900725081 1.844688019656494 70
1751900780055 1.852412795764622 71
1751900838798 1.8671325422931393 72
1751900896936 1.8391118055356537 73
1751900951524 1.8390775479958839 74
1751901009143 1.8450325579676603 75
1751901062035 1.8594355040656247 76
1751901117254 1.8526503233812377 77
1751901174252 1.9130606134669035 78
1751901227845 1.8565219888799833 79
1751901283325 1.8298060972885433 80
1751901339816 1.8623126926194442 81
1751901394836 1.859990496198643 82
1751901450103 1.8386284742794579 83
1751901504601 1.8525308474345326 84
1751901565000 1.8439644139810984 85
1751901617877 1.866325303243895 86
1751901672447 1.8390275631322117 87
1751901723862 1.8580585251736828 88
1751901778802 1.842349880772544 89
1751901834228 1.874803145514759 90
1751901896672 1.8535823342958386 91
1751901950474 1.8397917982389418 92
1751902003487 1.8689921233959599 93
1751902058970 1.8591780703629028 94
1751902116444 1.8684247200474575 95
1751902172354 1.8813825904265602 96
1751902226378 1.862663234396658 97
1751902282772 1.8694834855745555 98
1751902337576 1.859156698234641 99
1751902396245 1.8450588119479143 100
1751902438750 1.7918252471389025 101
1751902480609 1.7845039419831927 102
1751902521627 1.7721222400786438 103
1751902560946 1.7763237061358967 104
1751902601634 1.7749254514788961 105
1751902643792 1.7576868081866845 106
1751902682254 1.754060600593432 107
1751902723211 1.7852885388282242 108
1751902764006 1.7678876877342757 109
1751902807038 1.7580295597078883 110
1751902849205 1.7611955370672077 111
1751902890597 1.7460889250419145 112
1751902933645 1.7558235456137203 113
1751902974583 1.7412736021203055 114
1751903018230 1.7422003652582814 115
1751903060370 1.7415006471397383 116
1751903099891 1.7488765391526275 117
1751903138255 1.7490414309232674 118
1751903177679 1.7291735787024125 119
1751903220060 1.7241578083219793 120
1751903261189 1.7558490368070252 121
1751903303886 1.7435901105251501 122
1751903342946 1.7428562679941528 123
1751903385111 1.7575508229276189 124
1751903426794 1.7610014113996364 125
1751903469148 1.7295735211527927 126
1751903514721 1.7478058824855316 127
1751903555438 1.7435807874869733 128
1751903595692 1.7494714121111992 129
1751903639757 1.7510183197595877 130
1751903684780 1.775148027604018 131
1751903728475 1.746891316153507 132
1751903772241 1.7453655187356822 133
1751903815171 1.7335071991391389 134
1751903858038 1.7428015932515744 135
1751903904443 1.747173588790986 136
1751903947901 1.7383376708976814 137
1751903990928 1.7339320262822346 138
1751904031783 1.7224167506867925 139
1751904070413 1.746342292495503 140
1751904111380 1.7428137905220151 141
1751904152588 1.7412560675149138 142
1751904192344 1.752125520530962 143
1751904236597 1.7605726766252412 144
1751904279037 1.7393627494372939 145
1751904321505 1.7441709289517677 146
1751904365096 1.734643720073726 147
1751904407094 1.7367906068504557 148
1751904449217 1.7435017758672295 149
1751904491484 1.7508490689886176 150
1751904518770 1.636157933422639 151
1751904547061 1.5785570204898114 152
1751904575128 1.5560268218767142 153
1751904602429 1.5678027063454034 154
1751904628826 1.5511757463894422 155
1751904654756 1.5517479634607965 156
1751904681685 1.5469080576491416 157
1751904708973 1.5348319129883137 158
1751904735948 1.5547443493734134 159
1751904763404 1.5489872219264036 160
1751904792101 1.5553163217593968 161
1751904820063 1.5428635197729026 162
1751904848533 1.5401573131211028 163
1751904877135 1.5537265945347805 164
1751904904850 1.5369400575610528 165
1751904932295 1.5396627159401262 166
1751904959735 1.536840571009172 167
1751904987801 1.5275864066326454 168
1751905016088 1.5416063059535523 169
1751905044313 1.5570503108428366 170
1751905072144 1.5454543323128758 171
1751905099975 1.531996258032943 172
1751905126774 1.5270107387864582 173
1751905154741 1.5276708349807016 174
1751905182630 1.5331546644755794 175
1751905209978 1.5265414186621153 176
1751905237759 1.5373321130862052 177
1751905266111 1.5360192700112403 178
1751905293826 1.5370285652238362 179
1751905321865 1.538632277151782 180
1751905349585 1.524776209753648 181
1751905376663 1.527182202803912 182
1751905404171 1.5285121692644312 183
1751905432840 1.5302865505718406 184
1751905459983 1.5561822907046745 185
1751905488285 1.5277126525494795 186
1751905516555 1.53405152896754 187
1751905544211 1.5309853709546108 188
1751905571867 1.5416111305367135 189
1751905599870 1.5310736888810101 190
1751905627389 1.5285792885098772 191
1751905654050 1.5269685035692786 192
1751905680542 1.5375673878827218 193
1751905707529 1.5297141377121979 194
1751905735086 1.5285567524851162 195
1751905762878 1.5278872037630147 196
1751905791034 1.5356651365239038 197
1751905819318 1.5206547317110461 198
1751905847421 1.5374652097639911 199
1751905875830 1.5322177854175059 200
