1753749011273 0.02641634823060309 0
1753749039951 0.040122944010632995 1
1753749053318 0.0609735836517694 2
1753749079362 0.08448247217145705 3
1753749102187 0.09694301378966606 4
1753749131553 0.10541618209004817 5
1753749147329 0.13490613058647616 6
1753749164277 0.14944342914105332 7
1753749190753 0.16231932214653597 8
1753749203670 0.17527828542947332 9
1753749216849 0.17885030736002658 10
1753749233556 0.1901478650938694 11
1753749246862 0.19455058979896994 12
1753749276825 0.20335603920917095 13
1753749308838 0.22138228941684665 14
1753749338087 0.23002159827213822 15
1753749372596 0.22844326300049841 16
1753749385968 0.23218142548596113 17
1753749406530 0.24007310184416017 18
1753749427473 0.24505731849144377 19
1753749449823 0.24663565376308358 20
1753749475610 0.2539458381790995 21
1753749493086 0.25278285429473335 22
1753749525397 0.25461040039873734 23
1753749539476 0.25834856288420005 24
1753749558654 0.2571025087223791 25
1753749575885 0.2654926067453065 26
1753749593027 0.2654095364678518 27
1753749610722 0.2736334939358697 28
1753749628518 0.27155673699950156 29
1753749644511 0.2697291908954976 30
1753749661161 0.2688984881209503 31
1753749678908 0.2716398072769563 32
1753749696215 0.28011297557733844 33
1753749712311 0.2747134075427812 34
1753749729205 0.27728858614387775 35
1753749745473 0.27487954809769066 36
1753749762151 0.2780362186409703 37
1753749778354 0.2811928891842499 38
1753749793654 0.2796976241900648 39
1753749812806 0.28518026250207673 40
1753749830499 0.2902475494268151 41
1753749847414 0.2850141219471673 42
1753749865313 0.28825386276790166 43
1753749883606 0.29165974414354545 44
1753749902052 0.2880046519355375 45
1753749919524 0.2894168466522678 46
1753749937121 0.2862601761089882 47
1753749953540 0.28509719222462204 48
1753749969555 0.28734008971589964 49
1753749989196 0.28891842498753945 50
1753750001437 0.29041368998172457 51
1753750014909 0.29390264163482305 52
1753750027156 0.29066290081408874 53
1753750039931 0.2921581658082738 54
1753750051946 0.30046519355374646 55
1753750063190 0.296976241900648 56
1753750073933 0.3009636152184748 57
1753750085675 0.2996344907791992 58
1753750096947 0.303954145206845 59
1753750109152 0.2958132580162818 60
1753750122963 0.29423492274464197 61
1753750135406 0.2965608905133743 62
1753750149703 0.2977238743977405 63
1753750162239 0.3017943179930221 64
1753750176037 0.29905299883701614 65
1753750188596 0.3019604585479316 66
1753750199980 0.30104668549592956 67
1753750213517 0.29880378800465196 68
1753750226074 0.3017943179930221 69
1753750238315 0.3042864263166639 70
1753750249996 0.3027911613224788 71
1753750261960 0.302126599102841 72
1753750273460 0.2985545771722878 73
1753750285820 0.30287423159993354 74
1753750298131 0.30536633992357537 75
1753750305482 0.3035387938195714 76
1753750313333 0.3015451071606579 77
1753750320836 0.30071440438611063 78
1753750326988 0.29789001495264994 79
1753750333789 0.3083568699119455 80
1753750341237 0.31101511879049676 81
1753750348175 0.31059976740322315 82
1753750354466 0.3142548596112311 83
1753750361250 0.31201196211995347 84
1753750367840 0.30561555075593955 85
1753750374777 0.30943678351885695 86
1753750381517 0.3051171290912112 87
1753750388864 0.3075261671373982 88
1753750395356 0.3115135404552251 89
1753750402376 0.3079415185246719 90
1753750409441 0.3096859943512211 91
1753750415683 0.3133410865592291 92
1753750421842 0.31201196211995347 93
1753750428942 0.3161654759926898 94
1753750436494 0.31525170294068783 95
1753750442942 0.31184582156504403 96
1753750450246 0.3129257351719555 97
1753750457084 0.31442100016614055 98
1753750464464 0.3129257351719555 99
1753750471618 0.31201196211995347 100
