1753749011274 4.543555027950506 0
1753749039953 4.41832054327796 1
1753749053319 4.295000201616531 2
1753749079363 4.200563235862158 3
1753749102188 4.133529366390602 4
1753749131555 4.029806470109315 5
1753749147330 3.984293040180968 6
1753749164278 3.9113055620438013 7
1753749190754 3.8720322296417975 8
1753749203671 3.8156500294359854 9
1753749216850 3.7895069778742236 10
1753749233557 3.7602329497680085 11
1753749246863 3.738461736873099 12
1753749276826 3.715991374673639 13
1753749308839 3.705187945167474 14
1753749338088 3.7126327046029153 15
1753749372597 3.7286051888834684 16
1753749385969 3.7255137366825615 17
1753749406531 3.7026939549432076 18
1753749427474 3.698950685463617 19
1753749449824 3.7464662726409497 20
1753749475611 3.698199232694931 21
1753749493087 3.7093191917276322 22
1753749525398 3.7170199529370023 23
1753749539477 3.711563288814734 24
1753749558655 3.7090694644825457 25
1753749575886 3.709988665197416 26
1753749593028 3.7262722230373484 27
1753749610724 3.698267003739767 28
1753749628519 3.666931310976288 29
1753749644512 3.658643327349622 30
1753749661162 3.652138859772692 31
1753749678909 3.659317764578471 32
1753749696216 3.684312548944057 33
1753749712312 3.650538191556329 34
1753749729206 3.6471789789680877 35
1753749745474 3.6717054152147965 36
1753749762152 3.632923438186754 37
1753749778355 3.6674382370677803 38
1753749793655 3.660133131064503 39
1753749812807 3.6465435241415203 40
1753749830500 3.6720501851664715 41
1753749847415 3.678111340592217 42
1753749865314 3.663896734797689 43
1753749883607 3.666889833196365 44
1753749902053 3.650313095529824 45
1753749919525 3.6690922478709513 46
1753749937122 3.652623686258309 47
1753749953541 3.6264689204671794 48
1753749969556 3.625950644388576 49
1753749989197 3.655133433142045 50
1753750001438 3.623370824816248 51
1753750014911 3.609491230923872 52
1753750027157 3.60488819765313 53
1753750039932 3.5906083308232337 54
1753750051947 3.5993083623614117 55
1753750063191 3.578459726305958 56
1753750073934 3.5937402719031266 57
1753750085676 3.5942426623667725 58
1753750096949 3.5788547748299697 59
1753750109153 3.5480234146168272 60
1753750122964 3.5552648884401243 61
1753750135407 3.5838187401938106 62
1753750149704 3.6208630048549693 63
1753750162240 3.600224576799646 64
1753750176039 3.565182266890777 65
1753750188597 3.546460340144806 66
1753750199981 3.5234013531151915 67
1753750213518 3.533883282859168 68
1753750226075 3.590715654974176 69
1753750238316 3.5690361357075973 70
1753750249997 3.553123519350722 71
1753750261961 3.4999607520952303 72
1753750273461 3.5380648639007695 73
1753750285821 3.5337712446547895 74
1753750298132 3.5744381101254707 75
1753750305483 3.510650697207691 76
1753750313334 3.4922743336950948 77
1753750320837 3.464706937948061 78
1753750326989 3.454967151962443 79
1753750333790 3.4545557868485695 80
1753750341238 3.4439277568876667 81
1753750348177 3.477347860082251 82
1753750354467 3.468349441466285 83
1753750361251 3.4708346209890855 84
1753750367842 3.4296396487572958 85
1753750374778 3.4354953005966293 86
1753750381518 3.4256419731870125 87
1753750388865 3.406265218363634 88
1753750395357 3.4348638029647707 89
1753750402377 3.4152837969917065 90
1753750409442 3.4076095228688263 91
1753750415684 3.397754496563979 92
1753750421843 3.4080478744303395 93
1753750428943 3.4125729948720696 94
1753750436495 3.4198687058153547 95
1753750442943 3.4213136925372623 96
1753750450248 3.4010006614145283 97
1753750457085 3.4152681754010223 98
1753750464465 3.4244258144714594 99
1753750471619 3.3954570441122764 100
