1750029351475 0.2185545646301299 0
1750029662356 0.20784146837878845 1
1750029965908 0.2313214668985679 2
1750030255032 0.22510454057654591 3
1750030530492 0.22634422528956816 4
1750030812366 0.23505902379454538 5
1750031110441 0.24162750249787218 6
1750031389356 0.2513414498760315 7
1750031649389 0.26908559375346924 8
1750031943768 0.2712689190689413 9
1750032238787 0.29143692410169114 10
1750032512039 0.29870850756762757 11
1750032788387 0.2953225030529549 12
1750032924866 0.3037042519335381 13
1750033107810 0.31323317174258963 14
1750033275751 0.3241127928061281 15
1750033423350 0.3362320985826888 16
1750033573040 0.3406172519705436 17
1750033718412 0.3452244384413278 18
1750033871311 0.3622284720423343 19
1750034039680 0.33519594419568516 20
1750034202364 0.3369537061022092 21
1750034362829 0.3403212078599711 22
1750034512469 0.3428005772860156 23
1750034676312 0.34043222440143583 24
1750034812262 0.34742626651371056 25
1750034914645 0.3678718129001221 26
1750035029117 0.381989416423047 27
1750035138307 0.388039817932872 28
1750035243624 0.3901491322207009 29
1750035355787 0.38461680790437774 30
1750035462519 0.38371017281574954 31
1750035575555 0.3795285497539133 32
1750035680674 0.37469933020019985 33
1750035784958 0.3746623246863783 34
1750035899939 0.378381378825445 35
1750036009025 0.3967916219516708 36
1750036126036 0.3856344595344706 37
1750036230665 0.3840247196832328 38
1750036288309 0.3907782259556674 39
1750036349615 0.4013247973948118 40
1750036405403 0.40212041594197534 41
1750036467641 0.3946082966361988 42
1750036528145 0.3845057913629131 43
1750036584165 0.3862820560263479 44
1750036644220 0.4000296044110572 45
1750036703237 0.40639455278836545 46
1750036762658 0.39812382044924693 47
1750036824860 0.4157199422713984 48
1750036883239 0.40850386707619435 49
1750036941799 0.40541390667209415 50
