1750029351475 2.5269283946608896 0
1750029662357 2.767423378578234 1
1750029965908 2.9001190176497347 2
1750030255033 2.9464102622046724 3
1750030530493 2.9746039482157256 4
1750030812367 2.958120639054749 5
1750031110442 3.0195323389553703 6
1750031389356 3.0577600993297973 7
1750031649390 3.00759669782269 8
1750031943769 3.013595304537232 9
1750032238788 2.7560250658119623 10
1750032512040 2.786865387702562 11
1750032788388 2.84295131328139 12
1750032924867 2.7643893931285226 13
1750033107811 2.6334148410409184 14
1750033275752 2.6139024038858785 15
1750033423351 2.443210350043325 16
1750033573041 2.489994792952808 17
1750033718413 2.4609722308923425 18
1750033871312 2.3932602941280483 19
1750034039681 2.50625962355904 20
1750034202365 2.505058674187313 21
1750034362830 2.390327348114498 22
1750034512470 2.4221653243001584 23
1750034676313 2.353850210135727 24
1750034812263 2.4125333971306206 25
1750034914646 2.275037597149056 26
1750035029118 2.157715900574979 27
1750035138308 2.111066647679821 28
1750035243625 2.086166339793104 29
1750035355788 2.095954775932972 30
1750035462520 2.1627029736670345 31
1750035575556 2.122921755516561 32
1750035680675 2.1129420122987272 33
1750035784958 2.129350660643906 34
1750035899940 2.103981653618373 35
1750036009026 2.025849821655237 36
1750036126037 2.1074674077033664 37
1750036230666 2.1442722677676302 38
1750036288310 2.032303870264286 39
1750036349616 1.9235608678256313 40
1750036405403 1.8947495250513198 41
1750036467641 1.9314731027726828 42
1750036528146 1.9599729964342711 43
1750036584166 1.9276603357170217 44
1750036644221 1.8417673933205099 45
1750036703238 1.81379180547042 46
1750036762659 1.897249909323261 47
1750036824861 1.7811851383395043 48
1750036883240 1.7842206968349192 49
1750036941800 1.8144969235310355 50
