1753164363256 0.021681342415683667 0
1753164377766 0.04361189566373152 1
1753164391560 0.06554244891177936 2
1753164404818 0.07825220136235254 3
1753164419356 0.09104502409038046 4
1753164433078 0.10217644126931384 5
1753164445609 0.119455058979897 6
1753164459117 0.1354045522512045 7
1753164473205 0.1427978069446752 8
1753164486470 0.14819737497923244 9
1753164500025 0.15991028410034888 10
1753164511848 0.16597441435454394 11
1753164525126 0.17411530154510715 12
1753164538245 0.18524671872404053 13
1753164552799 0.19139391925569033 14
1753164565792 0.20269147698953313 15
1753164579494 0.20476823392590132 16
1753164593516 0.20958631001827546 17
1753164607241 0.21897325137065957 18
1753164620972 0.22952317660740987 19
1753164633710 0.22877554411031734 20
1753164646919 0.23475660408705765 21
1753164660602 0.23126765243395914 22
1753164672510 0.23999003156670543 23
1753164684319 0.23874397740488454 24
1753164697356 0.2492108323641801 25
1753164711246 0.251370659578003 26
1753164725454 0.25120451902309354 27
1753164738071 0.26034224954311347 28
1753164751592 0.26831699617876725 29
1753164765052 0.2672370825718558 30
1753164780024 0.2703937531151354 31
1753164793221 0.27147366672204687 32
1753164806693 0.2747964778202359 33
1753164816536 0.27645788336933047 34
1753164829487 0.280860608074431 35
1753164842668 0.28293736501079914 36
1753164856089 0.2893337763748131 37
1753164868903 0.29132746303372653 38
1753164882434 0.29165974414354545 39
1753164895590 0.29863764744974247 40
1753164909150 0.30004984216647285 41
1753164923251 0.2949825552417345 42
1753164936893 0.2985545771722878 43
1753164950930 0.3035387938195714 44
1753164965444 0.3073600265824888 45
1753164978447 0.30644625353048677 46
1753164991850 0.30902143213158334 47
1753165005432 0.31483635155341416 48
1753165018745 0.3176607409868749 49
1753165032491 0.3192390762585147 50
1753165046112 0.32056820069779035 51
1753165060089 0.32256188735670377 52
1753165073672 0.32563548762252864 53
1753165085783 0.32563548762252864 54
1753165099652 0.3282937365010799 55
1753165113586 0.3336102342581824 56
1753165127440 0.33311181259345407 57
1753165141780 0.33593620202691477 58
1753165155898 0.3329456720385446 59
1753165170529 0.34033892673201527 60
1753165184089 0.3368499750789168 61
1753165197340 0.33676690480146204 62
1753165211144 0.33900980229273964 63
1753165223828 0.3410865592291078 64
1753165237738 0.34499086226948 65
1753165251539 0.34731683003821234 66
1753165265705 0.35055657085894665 67
1753165279423 0.3482306030902143 68
1753165290806 0.3488120950323974 69
1753165304046 0.351968765575677 70
1753165318015 0.3515534141884034 71
1753165332297 0.3559561388935039 72
1753165345757 0.3526333277953148 73
1753165358865 0.35969430137896663 74
1753165373290 0.35828210666223625 75
1753165386756 0.3546270144542283 76
1753165401267 0.3577836849975079 77
1753165414498 0.3643462369164313 78
1753165427755 0.3631832530320651 79
1753165441705 0.3635986044193388 80
1753165456289 0.3624356205349726 81
1753165469888 0.36010965276624024 82
1753165484326 0.36451237747134074 83
1753165496409 0.36285097192224625 84
1753165510215 0.367170626349892 85
1753165522787 0.36725369662734675 86
1753165536134 0.36891510217644125 87
1753165549910 0.3724040538295398 88
1753165563631 0.37107492939026415 89
1753165578467 0.3755607243728194 90
1753165593005 0.3748961621531816 91
1753165607025 0.37281940521681345 92
1753165620851 0.3758099352051836 93
1753165635786 0.3755607243728194 94
1753165648387 0.3777205515866423 95
1753165663267 0.37938195713573686 96
1753165677211 0.38162485462701445 97
1753165690162 0.3783851138062801 98
1753165702995 0.3798803788004652 99
1753165717331 0.38004651935537465 100
1753165731506 0.3802126599102841 101
1753165745879 0.38220634656919755 102
1753165760294 0.3797142382455557 103
1753165772279 0.37664063797973085 104
1753165787528 0.3802126599102841 105
1753165799655 0.3848645954477488 106
1753165813407 0.3839508223957468 107
1753165827395 0.38228941684665224 108
1753165841983 0.3886858282106662 109
1753165856048 0.38743977404884533 110
1753165869297 0.38976574181757767 111
1753165883481 0.3910948662568533 112
1753165897249 0.3895165309852135 113
1753165910280 0.3889350390430304 114
1753165924811 0.3914271473666722 115
1753165938671 0.3936700448579498 116
1753165953168 0.39342083402558564 117
1753165967998 0.39242399069612893 118
1753165982148 0.3926732015284931 119
1753165997347 0.3901810932048513 120
1753166010496 0.3947499584648613 121
1753166023981 0.3972420667885031 122
1753166037064 0.395746801794318 123
1753166050353 0.3935039043030404 124
1753166063379 0.3947499584648613 125
1753166076581 0.3933377637481309 126
1753166090577 0.395746801794318 127
1753166104022 0.3964113640139558 128
1753166117954 0.3972420667885031 129
1753166132519 0.3998172453895996 130
1753166146052 0.3990696128925071 131
1753166159409 0.4000664562219638 132
1753166173075 0.40039873733178266 133
1753166188479 0.39965110483469013 134
1753166201994 0.39898654261505234 135
1753166216420 0.39931882372487126 136
1753166230790 0.39940189400232595 137
1753166243701 0.40181093204851304 138
1753166255890 0.4014786509386941 139
1753166269891 0.4007310184416016 140
1753166282763 0.4042199700947001 141
1753166295747 0.40521681342415683 142
1753166308698 0.4038046187074265 143
1753166322788 0.4041368998172454 144
1753166336604 0.4044691809270643 145
1753166349285 0.406379797308523 146
1753166362511 0.40613058647615885 147
1753166374199 0.40613058647615885 148
1753166385004 0.4022262834357867 149
1753166399448 0.4060475161987041 150
1753166413371 0.4067120784183419 151
1753166428983 0.4062967270310683 152
1753166443314 0.4072105000830703 153
1753166456790 0.40696128925070607 154
1753166470218 0.40579830536633993 155
1753166484174 0.40737664063797974 156
1753166498486 0.4062967270310683 157
1753166512559 0.4064628675859777 158
1753166527117 0.409121116464529 159
1753166540191 0.4097026084067121 160
1753166554185 0.41078252201362353 161
1753166567624 0.41078252201362353 162
1753166580954 0.4121947167303539 163
1753166595199 0.4104502409038046 164
1753166608773 0.4094533975743479 165
1753166621782 0.411862435620535 166
1753166636176 0.411862435620535 167
1753166650315 0.41277620867253695 168
1753166664382 0.41136401395580663 169
1753166678084 0.41078252201362353 170
1753166691963 0.41435454394417676 171
1753166705147 0.4108655922910783 172
1753166718517 0.4126100681176275 173
1753166733095 0.41435454394417676 174
1753166748126 0.41078252201362353 175
1753166759514 0.41368998172453897 176
1753166774118 0.41460375477654093 177
1753166786714 0.4130254195049011 178
1753166799995 0.41393919255690315 179
1753166812627 0.4156005981059977 180
1753166827697 0.4156836683834524 181
1753166841968 0.4135238411696295 182
1753166856686 0.41834191726200365 183
1753166871310 0.41651437115799966 184
1753166886277 0.4156005981059977 185
1753166900047 0.41809270642963947 186
1753166913829 0.4166805117129091 187
1753166926669 0.41593287921581656 188
1753166939499 0.4141884033892673 189
1753166953507 0.4146868250539957 190
1753166969162 0.41834191726200365 191
1753166984128 0.4175112144874564 192
1753166996194 0.4180096361521847 193
1753167010454 0.4187572686492773 194
1753167022922 0.4147698953314504 195
1753167034680 0.4144376142216315 196
1753167048285 0.4174281442100017 197
1753167061444 0.41593287921581656 198
1753167075169 0.41834191726200365 199
1753167087555 0.4194218308689151 200
