1753525970352 4.525164788875353 0
1753525994113 4.360478178206087 1
1753526009603 4.175863964284756 2
1753526023398 4.0217677652898205 3
1753526054670 3.886476275636003 4
1753526069217 3.7697715283338185 5
1753526086005 3.6672269910742332 6
1753526108555 3.572395839646761 7
1753526126452 3.492876512082857 8
1753526147177 3.4209619290061912 9
1753526165565 3.374325356390666 10
1753526186024 3.3300114236234197 11
1753526210610 3.308887783579059 12
1753526225076 3.2443239274920965 13
1753526253440 3.225909433159825 14
1753526273331 3.187420243397745 15
1753526303567 3.1732133102980735 16
1753526329622 3.1633661748986786 17
1753526355068 3.1530656859225674 18
1753526374169 3.105969894241653 19
1753526400306 3.1265393663497867 20
1753526414452 3.101552126465744 21
1753526445797 3.1237075019765785 22
1753526477870 3.090430469337331 23
1753526507533 3.091490133265417 24
1753526525766 3.054296329801465 25
1753526542800 3.0696841423906625 26
1753526558256 3.079412948794633 27
1753526581929 3.04658191415849 28
1753526612598 3.0226335898680925 29
1753526627214 3.0401914621414714 30
1753526641191 3.021395505665735 31
1753526669043 3.0291159755828416 32
1753526689682 3.026849649801342 33
1753526705670 3.047067997314162 34
1753526738440 2.996280514307166 35
1753526752901 3.0202879974484866 36
1753526766831 2.988196584670258 37
1753526794378 2.99249951342804 38
1753526816349 3.00150765990283 39
1753526830715 2.9797664225338445 40
1753526856300 2.97581111740607 41
1753526870873 2.999085547597769 42
1753526894557 2.9844008259542267 43
1753526925077 2.9715876985878396 44
1753526940085 2.974772908424927 45
1753526966606 2.997860416305392 46
1753526999937 2.9983013446896263 47
1753527016598 2.9761040633531466 48
1753527047588 2.9448689330843956 49
1753527062971 2.9486914591376165 50
1753527078451 2.950416438018061 51
1753527108768 2.9680514525802195 52
1753527126350 2.944076802839567 53
1753527157546 2.9307613058253845 54
1753527172659 2.9487134911077844 55
1753527192160 2.938986581108091 56
1753527216050 2.95274036085663 57
1753527229963 2.93196639880697 58
1753527251732 2.9399238456945636 59
1753527265677 2.9224630459990304 60
1753527289241 2.9111379586264636 61
1753527309830 2.899649233845119 62
1753527339167 2.905069176092834 63
1753527352733 2.8947918958046817 64
1753527380967 2.879429808924402 65
1753527412065 2.920054799762324 66
1753527446014 2.8948556410328417 67
1753527466494 2.9113174308840515 68
1753527492429 2.8968822325397223 69
1753527511741 2.8797720331144423 70
1753527527808 2.8880107284128527 71
1753527555516 2.8629445302066108 72
1753527572064 2.875875728010358 73
1753527586074 2.8652530495037616 74
1753527609252 2.888093947431961 75
1753527635747 2.860819629487644 76
1753527667387 2.8616837156469987 77
1753527696663 2.847564648533621 78
1753527717213 2.844174730762774 79
1753527732972 2.855952801621342 80
1753527748700 2.850574481642241 81
1753527765966 2.870215300212572 82
1753527780888 2.8844107486702053 83
1753527807298 2.8659401291283286 84
1753527828174 2.8394670475724104 85
1753527862257 2.868386348559408 86
1753527876397 2.8269213948084686 87
1753527908715 2.831998980127635 88
1753527938024 2.848615938620254 89
1753527951786 2.8167647643489904 90
1753527972983 2.825756733416638 91
1753527999598 2.805356889071388 92
1753528027163 2.8194765905863473 93
1753528041585 2.800551532801037 94
1753528072529 2.8021524786313075 95
1753528098309 2.8224201687966515 96
1753528129501 2.7926800862363153 97
1753528157390 2.820540600767518 98
1753528185249 2.8192837611386454 99
1753528214462 2.8078105356259733 100
