1751292624594 0.03123442432297724 0
1751292750735 0.05025751786010965 1
1751292877988 0.07011131417178934 2
1751293006600 0.09038046187074265 3
1751293134333 0.11571689649443428 4
1751293260948 0.13681674696793486 5
1751293384198 0.16231932214653597 6
1751293510992 0.17502907459710915 7
1751293639076 0.19205848147532814 8
1751293771379 0.20493437448081075 9
1751293900763 0.21324140222628343 10
1751294028765 0.23010466854959297 11
1751294159506 0.2448081076590796 12
1751294285872 0.2445588968267154 13
1751294413271 0.2652433959129423 14
1751294541724 0.2847649111148031 15
1751294669028 0.279033061970427 16
1751294795521 0.27811928891842497 17
1751294926779 0.29265658747300216 18
1751295051510 0.30245888021265993 19
1751295177300 0.2983884366173783 20
1751295305862 0.3019604585479316 21
1751295435194 0.3204851304203356 22
1751295562692 0.32713075261671376 23
1751295693798 0.3342747964778202 24
1751295820109 0.35030736002658247 25
1751295948671 0.33834524007310185 26
1751296078530 0.34931051669712576 27
1751296203188 0.3516364844658581 28
1751296328695 0.3493935869745805 29
1751296460407 0.36044193387605916 30
1751296589411 0.36052500415351385 31
1751296719145 0.3616049177604253 32
1751296848114 0.36849975078916763 33
1751296977789 0.37281940521681345 34
1751297104985 0.3837016115633826 35
1751297233849 0.37207177271972086 36
1751297361512 0.36791825884698454 37
1751297488975 0.3808772221299219 38
1751297618281 0.3763914271473667 39
1751297746017 0.38976574181757767 40
1751297873147 0.40214321315833196 41
1751298006237 0.3950822395746802 42
1751298134133 0.39699285595613887 43
1751298261255 0.40272470510051506 44
1751298389354 0.41676358199036384 45
1751298518754 0.40538295397906626 46
1751298646337 0.4108655922910783 47
1751298776418 0.4116132247881708 48
1751298903583 0.4182588469845489 49
1751299031306 0.4191726200365509 50
1751299106692 0.4289749127762087 51
1751299179025 0.4265658747300216 52
1751299252983 0.4425153680013291 53
1751299327803 0.4305532480478485 54
1751299403848 0.4409370327296893 55
1751299479120 0.4449244060475162 56
1751299553286 0.44700116298388437 57
1751299629436 0.45564047183917594 58
1751299705397 0.44824721714570526 59
1751299780739 0.4529822229606247 60
1751299853794 0.4511546768566207 61
1751299928894 0.45597275294899486 62
1751300004306 0.4543113473999003 63
1751300078015 0.45480976906462867 64
1751300152393 0.45264994185080576 65
1751300226182 0.4636152184748297 66
1751300300533 0.46319986708755606 67
1751300377364 0.4621199534806446 68
1751300451818 0.4682671540122944 69
1751300525516 0.4652766240239242 70
1751300599706 0.4658581159661073 71
1751300673839 0.471423824555574 72
1751300749336 0.4720053164977571 73
1751300825334 0.4786509386941352 74
1751300899599 0.47516198704103674 75
1751300975943 0.47316830038212326 76
1751301050369 0.479647782023592 77
1751301125410 0.4853796311679681 78
1751301199993 0.4834690147865094 79
1751301274902 0.4876225286592457 80
1751301350983 0.493603588635986 81
1751301426354 0.4964279780694468 82
1751301501089 0.48837016115633824 83
1751301574984 0.49676025917926564 84
1751301650262 0.4974248213989035 85
1751301726034 0.4897823558730686 86
1751301801744 0.4906130586476159 87
1751301879229 0.49169297225452735 88
1751301953808 0.4914437614221632 89
1751302029472 0.49734175112144874 90
1751302104728 0.4888685828210666 91
1751302178372 0.4928559561388935 92
1751302254010 0.499086226947998 93
1751302328406 0.4968433294567204 94
1751302402373 0.5002492108323642 95
1751302477660 0.5093869413523842 96
1751302553612 0.4961787672370826 97
1751302629190 0.4862934042199701 98
1751302703187 0.49825552417345076 99
1751302779169 0.4955972752948995 100
1751302831956 0.5053164977571025 101
1751302885014 0.509719222462203 102
1751302939127 0.5149526499418509 103
1751302992652 0.512460541618209 104
1751303047326 0.5112144874563881 105
1751303100759 0.5152849310516697 106
1751303154301 0.5150357202193055 107
1751303207834 0.5172786177105831 108
1751303259833 0.5201030071440439 109
1751303312532 0.5222628343578668 110
1751303365574 0.5232596776873235 111
1751303419320 0.5199368665891344 112
1751303473559 0.5262502076756936 113
1751303526379 0.5279946835022429 114
1751303579248 0.5311513540455225 115
1751303632223 0.5338096029240738 116
1751303686205 0.5297391593287921 117
1751303741097 0.5279946835022429 118
1751303794441 0.5242565210167802 119
1751303848208 0.5241734507393254 120
1751303902786 0.5287423159993354 121
1751303955962 0.5305698621033395 122
1751304009041 0.5260009968433295 123
1751304062622 0.5255856454560558 124
1751304116286 0.5259179265658748 125
1751304170739 0.5341418840338926 126
1751304223108 0.5331450407044359 127
1751304275686 0.5339757434789832 128
1751304329538 0.5332281109818907 129
1751304383226 0.531898986542615 130
1751304437235 0.5336434623691643 131
1751304491330 0.5372154842997175 132
1751304545127 0.5338096029240738 133
1751304599627 0.5347233759760758 134
1751304653137 0.5380461870742649 135
1751304706476 0.5342249543113474 136
1751304759444 0.5365509220800797 137
1751304812677 0.5358032895829872 138
1751304866265 0.5382953979066291 139
1751304918415 0.5371324140222629 140
1751304971456 0.5365509220800797 141
1751305024719 0.5363847815251703 142
1751305078522 0.5379631167968101 143
1751305132278 0.531317494600432 144
1751305186956 0.5357202193055325 145
1751305239537 0.5413689981724539 146
1751305293166 0.5369662734673534 147
1751305346813 0.5417843495597275 148
1751305399415 0.5426150523342748 149
1751305453117 0.5439441767735504 150
1751305485225 0.5439441767735504 151
1751305517292 0.544691809270643 152
1751305549483 0.5503405881375644 153
1751305582152 0.5487622528659246 154
1751305614360 0.5484299717561056 155
1751305646334 0.5473500581491942 156
1751305678049 0.5505067286924739 157
1751305710346 0.5485961123110151 158
1751305742455 0.5496760259179265 159
1751305774844 0.5511712909121117 160
1751305806744 0.5561555075593952 161
1751305838760 0.5475992689815584 162
1751305870880 0.5497590961953813 163
1751305903100 0.5562385778368499 164
1751305935395 0.5515035720219306 165
1751305967784 0.5502575178601097 166
1751305999504 0.5519189234092042 167
1751306032050 0.5521681342415684 168
1751306064072 0.5514205017444759 169
1751306096441 0.5523342747964778 170
1751306128490 0.5563216481143047 171
1751306160195 0.5523342747964778 172
1751306192199 0.5500083070277455 173
1751306224726 0.5476823392590131 174
1751306257201 0.545605582322645 175
1751306289414 0.549260674530653 176
1751306321570 0.5529988370161156 177
1751306353915 0.5557401561721216 178
1751306386023 0.5564877886692141 179
1751306417610 0.5514205017444759 180
1751306449923 0.5523342747964778 181
1751306482070 0.5559062967270311 182
1751306513978 0.5563216481143047 183
1751306546316 0.5558232264495764 184
1751306578278 0.5564047183917594 185
1751306610037 0.5559062967270311 186
1751306641873 0.5555740156172122 187
1751306673660 0.5543279614553913 188
1751306705721 0.5548263831201197 189
1751306737528 0.5549094533975744 190
1751306769520 0.5570692806113973 191
1751306801339 0.5569862103339425 192
1751306833095 0.5573184914437614 193
1751306865352 0.5597275294899485 194
1751306897517 0.5603090214321316 195
1751306929734 0.5598105997674032 196
1751306962440 0.559561388935039 197
1751306994611 0.5612227944841336 198
1751307026237 0.5575677022761256 199
1751307058209 0.5574015617212161 200
