1751292624595 4.542796698975533 0
1751292750736 4.437116218795793 1
1751292877989 4.324227462700807 2
1751293006601 4.163267420740276 3
1751293134334 4.0395328178281495 4
1751293260949 3.859219505036263 5
1751293384198 3.716914175187103 6
1751293510993 3.563450107758864 7
1751293639076 3.4484741957611575 8
1751293771380 3.320044463098726 9
1751293900764 3.2693027363649283 10
1751294028766 3.163060810446689 11
1751294159506 3.0991114908629678 12
1751294285873 3.030842708220949 13
1751294413271 2.8951060476800183 14
1751294541725 2.7841435334245515 15
1751294669029 2.7971722536374664 16
1751294795522 2.744877276474711 17
1751294926780 2.6556698832130072 18
1751295051511 2.567334229453064 19
1751295177300 2.553664129351106 20
1751295305863 2.5728904928615886 21
1751295435195 2.470445852424478 22
1751295562693 2.332596009082782 23
1751295693799 2.282440650984238 24
1751295820110 2.2013493577889807 25
1751295948672 2.284070890219886 26
1751296078531 2.1828636028477004 27
1751296203189 2.128188722252144 28
1751296328695 2.1217188130674267 29
1751296460407 2.0957456998536443 30
1751296589411 2.0589214237598674 31
1751296719145 2.0033399429815866 32
1751296848115 1.9157383542080395 33
1751296977790 1.8686288114716998 34
1751297104986 1.8134456628314233 35
1751297233850 1.8320853904566128 36
1751297361513 1.8752953931156855 37
1751297488976 1.7992806983669298 38
1751297618282 1.8744397523800032 39
1751297746018 1.7542092758988372 40
1751297873148 1.6065226583645693 41
1751298006238 1.6445423780575226 42
1751298134134 1.65439871527621 43
1751298261256 1.6068958189399516 44
1751298389355 1.4890614571586132 45
1751298518755 1.5449054820189811 46
1751298646338 1.512479573943914 47
1751298776418 1.5270905057802175 48
1751298903584 1.4977624210215457 49
1751299031307 1.4429580731823972 50
1751299106693 1.364691619038231 51
1751299179026 1.3243776169136172 52
1751299252984 1.2489341601209512 53
1751299327804 1.3416725340627758 54
1751299403849 1.31052700318584 55
1751299479121 1.2676823000968154 56
1751299553287 1.2501862608428735 57
1751299629437 1.2309319067170148 58
1751299705398 1.262194431512552 59
1751299780739 1.2073284275438316 60
1751299853795 1.1694724599401356 61
1751299928895 1.1718338434328022 62
1751300004307 1.1301127044588153 63
1751300078016 1.1072263302521865 64
1751300152394 1.1698206396332655 65
1751300226182 1.1104980058327611 66
1751300300533 1.1142941724725095 67
1751300377365 1.0857836988055003 68
1751300451818 1.0606978143764618 69
1751300525516 1.0402566611229709 70
1751300599706 1.0435623368792495 71
1751300673840 1.0036937444948033 72
1751300749337 0.9892469876042218 73
1751300825335 0.9496826085795583 74
1751300899600 0.982460452705628 75
1751300975944 0.9756708308833582 76
1751301050370 0.9307297207869216 77
1751301125411 0.8965130354982056 78
1751301199994 0.9040770987342353 79
1751301274903 0.8869799196738914 80
1751301350984 0.8846341412469036 81
1751301426355 0.8910660246326837 82
1751301501090 0.9039200085542937 83
1751301574985 0.8722186356414142 84
1751301650262 0.8758871153015808 85
1751301726035 0.9052158149602083 86
1751301801745 0.8725904724006739 87
1751301879230 0.8706727036086669 88
1751301953809 0.8610771569419854 89
1751302029473 0.8508838661259315 90
1751302104729 0.8722288233078093 91
1751302178373 0.8497560615275492 92
1751302254011 0.838124285359288 93
1751302328407 0.8628068287070401 94
1751302402374 0.8178036771397591 95
1751302477661 0.7885231210201503 96
1751302553613 0.8655661348619128 97
1751302629190 0.952556755685002 98
1751302703188 0.876658581560552 99
1751302779169 0.8679935329600764 100
1751302831957 0.790165590710144 101
1751302885015 0.7863891297773611 102
1751302939127 0.7594144521891827 103
1751302992653 0.775656019930758 104
1751303047327 0.7557905904965153 105
1751303100760 0.7759072856320685 106
1751303154302 0.7565818688105643 107
1751303207835 0.7527213226052525 108
1751303259834 0.7508348500032719 109
1751303312533 0.7494712580344199 110
1751303365575 0.7122797923164146 111
1751303419321 0.7045053290070111 112
1751303473560 0.7050714267133185 113
1751303526380 0.7059936570657395 114
1751303579249 0.711304411448471 115
1751303632224 0.7284132001119791 116
1751303686206 0.7179208990969798 117
1751303741098 0.6974895414864991 118
1751303794442 0.7026309252083583 119
1751303848209 0.7208861543169811 120
1751303902787 0.6720504903766167 121
1751303955963 0.6804722830057754 122
1751304009042 0.7167771402920646 123
1751304062623 0.676680507016818 124
1751304116287 0.6766782707136207 125
1751304170739 0.6358302839649602 126
1751304223108 0.6224294573024773 127
1751304275687 0.6179104074505959 128
1751304329539 0.6179412642883167 129
1751304383227 0.6091497508416907 130
1751304437236 0.619753442693129 131
1751304491331 0.6690957518822946 132
1751304545128 0.6916178764905365 133
1751304599628 0.6697250570806926 134
1751304653138 0.6439091209689224 135
1751304706477 0.6410142755008272 136
1751304759445 0.6173825404008192 137
1751304812678 0.639624116782564 138
1751304866266 0.613595113495483 139
1751304918416 0.6252195631972459 140
1751304971457 0.5967296184946482 141
1751305024720 0.5984430386140291 142
1751305078523 0.6020861841868781 143
1751305132279 0.6180136577565241 144
1751305186957 0.620014078963075 145
1751305239538 0.557602650277863 146
1751305293167 0.5859813688442498 147
1751305346813 0.5717194239172839 148
1751305399415 0.5742497231999977 149
1751305453118 0.5583756916085395 150
1751305485226 0.5914662099736396 151
1751305517293 0.5964091500153271 152
1751305549484 0.577981033740223 153
1751305582153 0.5881888843474251 154
1751305614361 0.58320669007138 155
1751305646334 0.6088292295996572 156
1751305678049 0.5815606687013208 157
1751305710347 0.5844097413023219 158
1751305742456 0.5877763091279417 159
1751305774845 0.6102907907334401 160
1751305806745 0.5886076809827648 161
1751305838761 0.5835627757304788 162
1751305870881 0.6173503708932901 163
1751305903101 0.5472801154890043 164
1751305935396 0.5974129936607933 165
1751305967785 0.5592996421512396 166
1751305999505 0.5490002277512346 167
1751306032051 0.5643248515309881 168
1751306064073 0.5627416153522556 169
1751306096442 0.5537712061928429 170
1751306128490 0.5476538621457023 171
1751306160196 0.5872297875112226 172
1751306192200 0.5811587951468349 173
1751306224727 0.5739429026253728 174
1751306257202 0.5864515354876031 175
1751306289415 0.5644410808871925 176
1751306321571 0.5313076425585292 177
1751306353915 0.509743986202131 178
1751306386024 0.5203777760829613 179
1751306417611 0.5491935964952684 180
1751306449924 0.513257927648561 181
1751306482071 0.48886225960325463 182
1751306513979 0.4788188760648605 183
1751306546317 0.48850557927839683 184
1751306578279 0.4737973054570505 185
1751306610037 0.5143115888232269 186
1751306641874 0.5014197406608192 187
1751306673661 0.4843262586787757 188
1751306705722 0.49748542760697495 189
1751306737529 0.5184245938248756 190
1751306769521 0.5275882291527306 191
1751306801340 0.5313585342187748 192
1751306833096 0.5164953580453734 193
1751306865352 0.51256346502448 194
1751306897518 0.5200282107208146 195
1751306929735 0.5289584155996108 196
1751306962441 0.5316809870587182 197
1751306994612 0.5007770709816649 198
1751307026238 0.49843116060551923 199
1751307058210 0.48592942749360907 200
