1752943881918 4.555644621213678 0
1752943897593 4.422219845816687 1
1752943916588 4.272498003220849 2
1752943933015 4.130840654631731 3
1752943948823 4.00150128270759 4
1752943967345 3.872981675135182 5
1752943983880 3.7636576244539452 6
1752943999734 3.662638427179969 7
1752944018029 3.580151292294602 8
1752944034344 3.4917937175172273 9
1752944053522 3.4196312825636683 10
1752944072547 3.3487042426912663 11
1752944091387 3.2957358921010136 12
1752944106167 3.2264647995689026 13
1752944121872 3.1760598167294765 14
1752944138184 3.1160375833661678 15
1752944154007 3.079262087253925 16
1752944170922 3.045737551059378 17
1752944189749 3.001230512661511 18
1752944208114 2.95179652578944 19
1752944226964 2.9422118706881575 20
1752944245312 2.895300919641813 21
1752944260378 2.8821902142797713 22
1752944277486 2.8466802024701003 23
1752944287173 2.820084704076006 24
1752944303797 2.7750528353560417 25
1752944318810 2.760000815833502 26
1752944334913 2.7547068382171385 27
1752944351879 2.7162480946973173 28
1752944367377 2.683959911730471 29
1752944386861 2.675664021318427 30
1752944403942 2.661714174056965 31
1752944420214 2.63817086520191 32
1752944439040 2.62722078258874 33
1752944455709 2.617073430427236 34
1752944471201 2.576796045294325 35
1752944487385 2.576993368738286 36
1752944503787 2.5459356003320734 37
1752944522632 2.5398448818167902 38
1752944540194 2.522786632411968 39
1752944558052 2.49523388260851 40
1752944575949 2.4832735435208035 41
1752944592376 2.4974707413767003 42
1752944609812 2.4755679412692873 43
1752944626714 2.4570130690550194 44
1752944644447 2.448161153582376 45
1752944661326 2.4498800266034566 46
1752944676138 2.429656229759776 47
1752944694236 2.415499050271967 48
1752944707496 2.3906695620133727 49
1752944725702 2.3934184537559258 50
