1753551175859 0.02816082405715235 0
1753551197887 0.057816913108489784 1
1753551220551 0.08207343412526998 2
1753551251602 0.10956969596278451 3
1753551273664 0.12801129755773386 4
1753551298255 0.15010799136069114 5
1753551322480 0.17120784183419172 6
1753551344501 0.18591128094367834 7
1753551372130 0.19488287090878884 8
1753551394548 0.20543279614553914 9
1753551417495 0.2084233261339093 10
1753551440743 0.22420667885030737 11
1753551469785 0.2265326466190397 12
1753551492618 0.24015617212161489 13
1753551514627 0.24356205349725868 14
1753551544826 0.2535304867918259 15
1753551567863 0.24655258348562883 16
1753551589638 0.2552749626183751 17
1753551619098 0.2563548762252866 18
1753551641539 0.2636650606413025 19
1753551664137 0.26648945007476327 20
1753551690009 0.2680677853464031 21
1753551716699 0.2658248878551254 22
1753551739473 0.27554411031732845 23
1753551778399 0.27654095364678516 24
1753551800739 0.2768732347566041 25
1753551829084 0.2803621864097026 26
1753551842749 0.28169131084897825 27
1753551856777 0.27953148363515534 28
1753551872301 0.2874231599933544 29
1753551886381 0.28692473832862603 30
1753551900677 0.28335271639807275 31
1753551929157 0.2821897325137066 32
1753551943182 0.289666057484632 33
1753551957547 0.2890014952649942 34
1753551989289 0.29332114969263995 35
1753552006423 0.29016447914936033 36
1753552036777 0.29249044691809273 37
1753552052240 0.29207509553081906 38
1753552079876 0.2958963282937365 39
1753552108363 0.3019604585479316 40
1753552135441 0.29722545273301215 41
1753552168877 0.29689317162319323 42
1753552198048 0.2919920252533644 43
1753552226488 0.2961455391261007 44
1753552255422 0.3037049343744808 45
1753552269115 0.2973915932879216 46
1753552299762 0.29888685828210665 47
1753552313776 0.3015451071606579 48
1753552343162 0.3037049343744808 49
1753552358270 0.30287423159993354 50
1753552376834 0.3009636152184748 51
1753552399029 0.30345572354211664 52
1753552412784 0.30378800465193556 53
1753552433805 0.30038212327629177 54
1753552454169 0.3059478318657584 55
1753552472259 0.3081076590795813 56
1753552492043 0.30760923741485297 57
1753552510624 0.3096859943512211 58
1753552531693 0.3075261671373982 59
1753552544409 0.3055324804784848 60
1753552560817 0.30187738827047683 61
1753552580112 0.30229273965775044 62
1753552598888 0.30104668549592956 63
1753552618168 0.30661239408539626 64
1753552638427 0.3086891510217644 65
1753552657953 0.31035055657085897 66
1753552678650 0.30819072935703606 67
1753552700179 0.3086060807443097 68
1753552720735 0.30902143213158334 69
1753552742963 0.30827379963449075 70
1753552765750 0.3086891510217644 71
1753552786253 0.31043362684831366 72
1753552805348 0.31068283768067784 73
1753552825031 0.31035055657085897 74
1753552840173 0.3151686326632331 75
1753552851440 0.31284266489450074 76
1753552862166 0.30976906462867587 77
1753552872979 0.3110981890679515 78
1753552883800 0.3111812593454062 79
1753552894524 0.3105166971257684 80
1753552904935 0.3130088054494102 81
1753552914848 0.31184582156504403 82
1753552924439 0.3150855623857784 83
1753552935394 0.3120950323974082 84
1753552945736 0.31383950822395745 85
1753552956989 0.3145040704435953 86
1753552967360 0.3139225785014122 87
1753552977812 0.31940521681342415 88
1753552987820 0.3169131084897824 89
1753552997901 0.3126765243395913 90
1753553008852 0.31500249210832365 91
1753553019766 0.3161654759926898 92
1753553031410 0.3174946004319654 93
1753553041156 0.3151686326632331 94
1753553052091 0.31741153015451073 95
1753553063085 0.3149194218308689 96
1753553073799 0.3142548596112311 97
1753553084786 0.31965442764578833 98
1753553095627 0.320069779033062 99
1753553105453 0.3186575843163316 100
