1753331552236 0.04560558232264496 0
1753331579679 0.104253198205682 1
1753331644661 0.14271473666722048 2
1753331685304 0.17162319322146535 3
1753331714649 0.19313839508223957 4
1753331784245 0.2190563216481143 5
1753331830380 0.23965775045688653 6
1753331869358 0.2544442598438279 7
1753331936247 0.26574181757767074 8
1753331964523 0.27487954809769066 9
1753331992517 0.2824389433460708 10
1753332019686 0.2909121116464529 11
1753332086330 0.29905299883701614 12
1753332114333 0.30686160491776043 13
1753332177734 0.31500249210832365 14
1753332206620 0.3260508390098023 15
1753332236911 0.32405715235088883 16
1753332273292 0.32879215816580826 17
1753332330510 0.3331948828709088 18
1753332357394 0.3425818242232929 19
1753332384692 0.34042199700947 20
1753332412194 0.3432463864429307 21
1753332440065 0.3402558564545606 22
1753332504613 0.3476491111480312 23
1753332532883 0.3488120950323974 24
1753332582307 0.3547931550091377 25
1753332648831 0.35171955474331285 26
1753332678881 0.3513872736334939 27
1753332710476 0.35545771722877556 28
1753332771437 0.3627679016447915 29
1753332798951 0.3584482472171457 30
1753332827577 0.36102342581824226 31
1753332856654 0.3609403555407875 32
1753332919415 0.3641800963615218 33
1753332959596 0.3606080744309686 34
1753332988866 0.36625685329789004 35
1753333017033 0.3669214155175278 36
1753333044600 0.3693304535637149 37
1753333109246 0.36733676690480144 38
1753333168170 0.37049343744808105 39
1753333228957 0.37605914603754775 40
1753333283331 0.37165642133244725 41
1753333331797 0.371739491609902 42
1753333393775 0.3731516863266323 43
1753333456597 0.3765575677022761 44
1753333519067 0.37747134075427813 45
1753333547427 0.37605914603754775 46
1753333600335 0.37763748130918756 47
1753333627769 0.37946502741319155 48
1753333655222 0.3813756437946503 49
1753333683650 0.3811264329622861 50
1753333749600 0.38228941684665224 51
1753333776836 0.37979730852301047 52
1753333804442 0.38187406545937863 53
1753333832228 0.38461538461538464 54
1753333865546 0.3879381957135737 55
1753333901777 0.38478152517029407 56
1753333966837 0.3855291576673866 57
1753334025741 0.38843661737830204 58
1753334058931 0.3895165309852135 59
1753334089920 0.38818740654593786 60
1753334123000 0.3841169629506563 61
1753334150789 0.38561222794484135 62
1753334182377 0.38802126599102843 63
1753334244070 0.39117793653430805 64
1753334272050 0.38843661737830204 65
1753334319152 0.39101179597939856 66
1753334347755 0.3923409204186742 67
1753334418038 0.39092872570194387 68
1753334477245 0.3913440770892175 69
1753334506950 0.39117793653430805 70
1753334534982 0.39126100681176273 71
1753334574686 0.3917594284764911 72
1753334623155 0.395746801794318 73
1753334677950 0.3960790829041369 74
1753334743819 0.3950822395746802 75
1753334776705 0.395746801794318 76
1753334803897 0.39591294234922747 77
1753334831214 0.39400232596776874 78
1753334858552 0.3979066290081409 79
1753334921489 0.39624522345904634 80
1753334951379 0.3956637315168633 81
1753335017597 0.3974912776208673 82
1753335060159 0.39815583984050507 83
1753335095905 0.39533145040704437 84
1753335125452 0.3990696128925071 85
1753335161009 0.39873733178268816 86
1753335188872 0.3985711912277787 87
1753335233174 0.400315667054328 88
1753335299692 0.40181093204851304 89
1753335327380 0.40039873733178266 90
1753335355291 0.398488120950324 91
1753335383033 0.400315667054328 92
1753335451633 0.39998338594450905 93
1753335493187 0.4032231267652434 94
1753335520438 0.4020601428808772 95
1753335587844 0.4007310184416016 96
1753335656556 0.4047183917594285 97
1753335717406 0.40430304037215486 98
1753335773959 0.4033061970426981 99
1753335807529 0.4038876889848812 100
