1753331552237 4.395711685703699 0
1753331579680 4.0426824360767855 1
1753331644662 3.738738949315322 2
1753331685305 3.5209661211321905 3
1753331714650 3.340057533601508 4
1753331784246 3.1776432154018477 5
1753331830381 3.0633428749690923 6
1753331869359 2.9476741080030684 7
1753331936248 2.8728224884256406 8
1753331964524 2.805214107990714 9
1753331992518 2.7451989659706304 10
1753332019687 2.6895801523448184 11
1753332086331 2.6540879944448914 12
1753332114334 2.598274267276078 13
1753332177735 2.5739708383491435 14
1753332206621 2.525270147805285 15
1753332236912 2.518570764908159 16
1753332273293 2.495922016296758 17
1753332330511 2.4756078618132538 18
1753332357395 2.4336379766994303 19
1753332384693 2.453178557361312 20
1753332412195 2.4053495280393173 21
1753332440067 2.4141729937534646 22
1753332504614 2.3920475556077654 23
1753332532884 2.3812353010144185 24
1753332582309 2.3415685835980202 25
1753332648832 2.340085326964248 26
1753332678882 2.350575710570221 27
1753332710477 2.3222699846716126 28
1753332771438 2.298412018233599 29
1753332798952 2.2944237537608783 30
1753332827578 2.2884575194611187 31
1753332856655 2.2804329561299173 32
1753332919416 2.279747202852127 33
1753332959597 2.2751112960826205 34
1753332988867 2.243839416823631 35
1753333017034 2.2524498204733194 36
1753333044601 2.216676294164419 37
1753333109247 2.212353064128858 38
1753333168171 2.2061481099325535 39
1753333228958 2.1903146449963677 40
1753333283332 2.17607260299143 41
1753333331798 2.203178983092071 42
1753333393776 2.185744831929785 43
1753333456598 2.1638427941160963 44
1753333519068 2.162505887079299 45
1753333547428 2.17171789715887 46
1753333600336 2.153201291216395 47
1753333627771 2.136445707342794 48
1753333655223 2.1129001555463516 49
1753333683651 2.1212861963781036 50
1753333749601 2.1091842083009023 51
1753333776837 2.118937315786077 52
1753333804443 2.10895877039334 53
1753333832229 2.10281208222083 54
1753333865547 2.09246892922311 55
1753333901778 2.0750941791873543 56
1753333966838 2.078552343417446 57
1753334025742 2.0767932869517347 58
1753334058932 2.082064129462063 59
1753334089921 2.054636808539826 60
1753334123001 2.058645949389713 61
1753334150791 2.0527752785159845 62
1753334182378 2.049426358278126 63
1753334244071 2.0323234404585158 64
1753334272051 2.021362840186093 65
1753334319153 2.027412131759232 66
1753334347756 2.0106162723877996 67
1753334418039 2.0111818587363426 68
1753334477246 2.013329532637422 69
1753334506951 1.9957124006566729 70
1753334534983 1.9971930393974484 71
1753334574687 1.9818447761324927 72
1753334623156 1.983528145289017 73
1753334677951 1.976428888208087 74
1753334743820 1.9682938456348256 75
1753334776706 1.974391593694294 76
1753334803898 1.9591441605240887 77
1753334831215 1.9472697588515147 78
1753334858553 1.9399972249693167 79
1753334921490 1.952498428650601 80
1753334951380 1.9415920452733348 81
1753335017598 1.9410907297743416 82
1753335060160 1.9445881637884723 83
1753335095906 1.9396083401112683 84
1753335125453 1.9159981191445155 85
1753335161010 1.9173169356306419 86
1753335188873 1.905867387491724 87
1753335233175 1.90209265912373 88
1753335299693 1.9090799897765733 89
1753335327381 1.885418508894824 90
1753335355292 1.8983930818616508 91
1753335383034 1.8836900846992521 92
1753335451634 1.8819366464413567 93
1753335493188 1.8675114942227766 94
1753335520439 1.858166613018358 95
1753335587845 1.8666966383562325 96
1753335656557 1.8502227421690165 97
1753335717407 1.853870026802332 98
1753335773960 1.852248453163507 99
1753335807530 1.8541140215906744 100
