1754551797379 0.24096688275792755 0
1754551817726 0.22242323734861047 1
1754551852836 0.27106889793456956 2
1754551876688 0.5904316799839188 3
1754551902606 0.4892205638474295 4
1754551924952 0.6872204633398663 5
1754551951625 0.6898839137645107 6
1754551976835 0.7630534197698376 7
1754551998811 0.7684808281823208 8
1754552028963 0.7904417307402382 9
1754552053345 0.7908940147746117 10
1754552075465 0.8030051761395045 11
1754552099475 0.8061209105985225 12
1754552119896 0.8094376601839288 13
1754552148848 0.8148650685964118 14
1754552171253 0.8168752198602944 15
1754552199731 0.8216995828936128 16
1754552221636 0.8201417156641038 17
1754552245424 0.8289361274435901 18
1754552271163 0.8281823207196342 19
1754552289833 0.831197547615458 20
1754552317364 0.8301924719835168 21
1754552339046 0.8380320619126589 22
1754552364224 0.8323533845921905 23
1754552387001 0.838132569475853 24
1754552410970 0.8371274938439117 25
1754552432945 0.8392381526709884 26
1754552458334 0.8398411980501532 27
1754552482483 0.8432584551987538 28
1754552507156 0.8401427207397356 29
1754552536229 0.8446655610834716 30
1754552558989 0.8440625157043068 31
1754552582310 0.8474295190713101 32
1754552607709 0.8458213980602041 33
1754552632141 0.8479320568872808 34
1754552652274 0.8463239358761747 35
1754552672691 0.8500929694959546 36
1754552696429 0.8463239358761747 37
1754552716620 0.8516005829438665 38
1754552737445 0.851148298909493 39
1754552757979 0.8533594652997638 40
1754552780749 0.8497411930247751 41
1754552799409 0.8546158098396904 42
1754552824059 0.8513995678174783 43
1754552846633 0.8549173325292728 44
1754552867380 0.8536107342077491 45
1754552886426 0.8559726619428112 46
1754552914683 0.855068093874064 47
1754552944450 0.8561234232876024 48
1754552974092 0.8556208854716317 49
1754552995064 0.8570279913563495 50
1754553024483 0.8589878888386351 51
1754553048375 0.858183828333082 52
1754553073916 0.8594904266546057 53
1754553098949 0.858937635057038 54
1754553129090 0.8569777375747525 55
1754553155720 0.8611990552289059 56
1754553183945 0.8571787527011407 57
1754553208848 0.8609477863209206 58
1754553238023 0.8592391577466204 59
1754553260297 0.86044524850495 60
1754553288349 0.8609477863209206 61
1754553310296 0.8626061611136238 62
1754553342017 0.860495502286547 63
1754553363151 0.864314789687924 64
1754553389738 0.8632594602743856 65
1754553413188 0.864314789687924 66
1754553437066 0.8617518468264737 67
1754553459066 0.864365043469521 68
1754553485082 0.8617518468264737 69
1754553513205 0.8656716417910447 70
1754553546871 0.8638122518719533 71
1754553573530 0.8661239258254184 72
1754553601595 0.8632594602743856 73
1754553623764 0.8657721493542389 74
1754553654525 0.8635107291823709 75
1754553680988 0.8661741796070155 76
1754553703982 0.8621036232976531 77
1754553729392 0.8657218955726418 78
1754553749448 0.8661239258254184 79
1754553775409 0.8661239258254184 80
1754553798013 0.8659229106990302 81
1754553823187 0.8666767174229861 82
1754553850898 0.8668777325493744 83
1754553880840 0.8671290014573597 84
1754553903863 0.8679833157445098 85
1754553924216 0.8668274787677773 86
1754553951730 0.8667772249861803 87
1754553979963 0.8675310317101362 88
1754554005676 0.8677823006181216 89
1754554027905 0.8675812854917333 90
1754554055594 0.8659229106990302 91
1754554080326 0.8687371224684658 92
1754554106939 0.8667772249861803 93
1754554128967 0.8690386451580482 94
1754554152382 0.8677320468365245 95
1754554179457 0.8690386451580482 96
1754554207332 0.8676315392733304 97
1754554231576 0.8697924518820042 98
1754554258963 0.8686868686868687 99
1754554282340 0.8695914367556159 100
