1754551797379 2.2200733316041297 0
1754551817727 2.0622407291707296 1
1754551852836 2.0881095142051835 2
1754551876689 1.755944434881754 3
1754551902606 1.8345733006589073 4
1754551924953 1.5916152764998732 5
1754551951626 1.5946528746747897 6
1754551976836 1.468407845215187 7
1754551998811 1.535051115539176 8
1754552028964 1.4568429511977434 9
1754552053346 1.5566493539827742 10
1754552075465 1.4970025244657716 11
1754552099475 1.597271740264054 12
1754552119897 1.538752963292302 13
1754552148849 1.6292436326420587 14
1754552171253 1.5728710801059922 15
1754552199732 1.6725219595729606 16
1754552221637 1.5994366974828873 17
1754552245425 1.6931908099786845 18
1754552271163 1.6291616111043123 19
1754552289834 1.734852113665263 20
1754552317364 1.6602890770915393 21
1754552339047 1.7607470406510697 22
1754552364225 1.6754715348517932 23
1754552387002 1.7809904317256902 24
1754552410970 1.6950828175551944 25
1754552432946 1.8079474067427275 26
1754552458335 1.70873723994882 27
1754552482483 1.8265875338360533 28
1754552507157 1.7317962662133213 29
1754552536230 1.8464230420107715 30
1754552558990 1.7361290247402255 31
1754552582310 1.860509194699103 32
1754552607709 1.7480148487960143 33
1754552632142 1.8783515708839338 34
1754552652275 1.7639178709298506 35
1754552672692 1.8887457768464053 36
1754552696429 1.7712222987936557 37
1754552716621 1.8993164171547776 38
1754552737446 1.7794814298419837 39
1754552757979 1.9134494868059768 40
1754552780750 1.796360400553487 41
1754552799409 1.9240673091641343 42
1754552824060 1.7998338428838674 43
1754552846634 1.9352053808305836 44
1754552867380 1.7997670341042469 45
1754552886427 1.9408502525726867 46
1754552914684 1.811593432807889 47
1754552944450 1.950061867125905 48
1754552974092 1.8114423761808922 49
1754552995065 1.9572354724602907 50
1754553024484 1.8180006405577727 51
1754553048375 1.963945731987184 52
1754553073916 1.826785793140293 53
1754553098950 1.9774140567882967 54
1754553129091 1.8511684675625004 55
1754553155721 1.9887875592652426 56
1754553183946 1.8340828466186267 57
1754553208848 1.9927484659079504 58
1754553238024 1.850775426010378 59
1754553260297 1.9940506094231176 60
1754553288350 1.8504417308394137 61
1754553310296 2.0081675119119273 62
1754553342017 1.856245302701234 63
1754553363151 1.997061187639744 64
1754553389738 1.8440833081775665 65
1754553413188 2.000198349195843 66
1754553437066 1.8506818698775347 67
1754553459066 2.008797469918429 68
1754553485082 1.8670515441424493 69
1754553513206 2.0101661488919573 70
1754553546872 1.8693136361429463 71
1754553573531 2.0147518401429214 72
1754553601596 1.8712933134671401 73
1754553623764 2.0143975973086192 74
1754553654525 1.8724446801504468 75
1754553680988 2.018237409245231 76
1754553703982 1.8842117675645134 77
1754553729392 2.028376100720262 78
1754553749448 1.8846906745870944 79
1754553775409 2.030974648866975 80
1754553798014 1.8889936137275514 81
1754553823188 2.028450822137853 82
1754553850898 1.8840387472608489 83
1754553880841 2.0308549083797325 84
1754553903864 1.8863543892465655 85
1754553924216 2.038422225215169 86
1754553951730 1.8908969097294357 87
1754553979964 2.04134902748934 88
1754554005676 1.897217768507058 89
1754554027906 2.044703248222773 90
1754554055594 1.9070698427287458 91
1754554080327 2.047325418780364 92
1754554106940 1.8904811643431167 93
1754554128968 2.0497711667968934 94
1754554152383 1.8956296233885335 95
1754554179457 2.048376873085011 96
1754554207333 1.923101395035666 97
1754554231576 2.05700680920572 98
1754554258964 1.9011023738946224 99
1754554282340 2.0553279776625097 100
