1750248586820 0.02865924572188071 0
1750248607942 0.07451403887688984 1
1750248628854 0.1039209170958631 2
1750248650132 0.12427313507227114 3
1750248672415 0.14346236916431301 4
1750248695858 0.1651437115799967 5
1750248719528 0.1866589134407709 6
1750248741335 0.20078086060807443 7
1750248765759 0.21207841834191726 8
1750248789488 0.2274464196710417 9
1750248810925 0.23517195547433128 10
1750248832163 0.24406047516198703 11
1750248853971 0.24713407542781193 12
1750248868252 0.2572686492772886 13
1750248882238 0.26333277953148365 14
1750248896312 0.275377969762419 15
1750248910164 0.2728027911613225 16
1750248924120 0.27587639142714737 17
1750248939643 0.2811928891842499 18
1750248955059 0.2858448247217146 19
1750248970449 0.2850141219471673 20
1750248985822 0.2903306197042698 21
1750249001392 0.28792158165808274 22
1750249015246 0.296976241900648 23
1750249030886 0.2941518524671872 24
1750249046218 0.2993022096693803 25
1750249057434 0.2989699285595614 26
1750249068419 0.2973915932879216 27
1750249079371 0.3013789666057485 28
1750249090486 0.30785844824721714 29
1750249102108 0.30902143213158334 30
1750249113654 0.3081076590795813 31
1750249125044 0.3051171290912112 32
1750249136366 0.30603090214321316 33
1750249147459 0.30669546436285094 34
1750249158479 0.312759594617046 35
1750249169666 0.3102674862934042 36
1750249180965 0.31408871905632163 37
1750249192737 0.31383950822395745 38
1750249201148 0.31442100016614055 39
1750249209275 0.320069779033062 40
1750249217419 0.3193221465359694 41
1750249225734 0.31741153015451073 42
1750249233829 0.317328459877056 43
1750249241906 0.32098355208506396 44
1750249250156 0.3211496926399734 45
1750249258760 0.3184914437614222 46
1750249267221 0.32056820069779035 47
1750249275722 0.32123276291742814 48
1750249283928 0.3236418009636152 49
1750249292074 0.32098355208506396 50
