1750248586820 4.506940678870693 0
1750248607943 4.294591900178894 1
1750248628855 4.066423261601567 2
1750248650132 3.8717784845012235 3
1750248672416 3.70054252601662 4
1750248695858 3.5323300881263537 5
1750248719529 3.400450286092554 6
1750248741336 3.280504374731584 7
1750248765760 3.1830047540376043 8
1750248789488 3.0918977253323794 9
1750248810925 3.016949150431001 10
1750248832164 2.944940623527016 11
1750248853972 2.9003169093126004 12
1750248868253 2.8436766220472 13
1750248882239 2.8131316468063248 14
1750248896313 2.770702232428587 15
1750248910165 2.751637456045275 16
1750248924121 2.7361493747416743 17
1750248939643 2.7099435119104767 18
1750248955059 2.6665376907840104 19
1750248970450 2.672968488598431 20
1750248985822 2.633744525002451 21
1750249001393 2.630301334681056 22
1750249015247 2.604167522503178 23
1750249030886 2.5919118305498334 24
1750249046218 2.5559518071171015 25
1750249057435 2.5476691326633025 26
1750249068420 2.552225555715665 27
1750249079371 2.526812352719253 28
1750249090486 2.504459784969456 29
1750249102109 2.499484417354825 30
1750249113655 2.4976862209616915 31
1750249125045 2.4869322674071004 32
1750249136367 2.483573266804945 33
1750249147460 2.472601176147553 34
1750249158480 2.445479284344024 35
1750249169667 2.4516831785127264 36
1750249180965 2.429989600730273 37
1750249192738 2.424271783053549 38
1750249201149 2.4160888693246485 39
1750249209276 2.3981556299981475 40
1750249217420 2.3948675614287245 41
1750249225735 2.4076927292367 42
1750249233830 2.3911551470739494 43
1750249241907 2.388522458494887 44
1750249250156 2.3888319233552204 45
1750249258760 2.3903764925768716 46
1750249267222 2.380034832242358 47
1750249275723 2.3743141883934884 48
1750249283929 2.3664313127960463 49
1750249292075 2.370103266232652 50
