1753571755693 0.03713241402226283 0
1753571777521 0.09004818076092375 1
1753571832476 0.11579996677188902 2
1753571855014 0.14512377471340754 3
1753571884306 0.16879880378800466 4
1753571907558 0.1859943512211331 5
1753571938740 0.20701113141717895 6
1753571960999 0.22013623525502576 7
1753571997189 0.23392590131251037 8
1753572025714 0.2433128426648945 9
1753572047987 0.24995846486127263 10
1753572071946 0.25677022761256024 11
1753572095512 0.26150523342747967 12
1753572117811 0.2706429639474996 13
1753572143065 0.2769563050340588 14
1753572165675 0.2824389433460708 15
1753572190527 0.2840172786177106 16
1753572215586 0.2824389433460708 17
1753572238475 0.29041368998172457 18
1753572260448 0.29190895497590963 19
1753572282148 0.29265658747300216 20
1753572316954 0.29514869579664393 21
1753572339451 0.29423492274464197 22
1753572362128 0.2983884366173783 23
1753572385765 0.2962286094035554 24
1753572408311 0.30229273965775044 25
1753572422594 0.3052832696461206 26
1753572451630 0.30146203688320317 27
1753572465645 0.30744309685994353 28
1753572495371 0.3075261671373982 29
1753572528377 0.30877222129921916 30
1753572542421 0.30885529157667385 31
1753572567734 0.30943678351885695 32
1753572584800 0.3080245888021266 33
1753572606981 0.31143047017777037 34
1753572621423 0.31325801628177435 35
1753572636078 0.3119288918424988 36
1753572663388 0.31541784349559726 37
1753572679037 0.3143379298886858 38
1753572696717 0.3164977571025087 39
1753572713151 0.3195713573683336 40
1753572729714 0.3207343412526998 41
1753572743770 0.31699617876723707 42
1753572774418 0.3183253032065127 43
1753572794329 0.3197374979232431 44
1753572824638 0.3204851304203356 45
1753572857840 0.3169131084897824 46
1753572871639 0.32181425485961124 47
1753572897773 0.3235587306861605 48
1753572914455 0.32522013623525503 49
1753572933063 0.32339259013125105 50
1753572950518 0.3247217145705267 51
1753572968845 0.32222960624688485 52
1753572979289 0.3263831201196212 53
1753572994676 0.3263831201196212 54
1753573018356 0.32339259013125105 55
1753573038800 0.3254693470676192 56
1753573059422 0.32696461206180427 57
1753573080966 0.32580162817743813 58
1753573101522 0.32737996344907794 59
1753573116161 0.3284598770559894 60
1753573133237 0.3242232929057983 61
1753573152755 0.3282106662236252 62
1753573168021 0.3286260176108988 63
1753573187900 0.3302874231599934 64
1753573209775 0.3308689151021764 65
1753573230847 0.3320318989865426 66
1753573249826 0.33153347732181426 67
1753573272243 0.3304535637149028 68
1753573287248 0.33037049343744807 69
1753573306045 0.33095198537963116 70
1753573317407 0.3366007642465526 71
1753573337115 0.3336102342581824 72
1753573355996 0.33493935869745806 73
1753573378067 0.3342747964778202 74
1753573398308 0.3310350556570859 75
1753573408518 0.3345240073101844 76
1753573417719 0.33394251536800135 77
1753573428408 0.33311181259345407 78
1753573439032 0.33734839674364514 79
1753573449350 0.3297059312178103 80
1753573459654 0.33518856952982223 81
1753573470482 0.33236418009636154 82
1753573481477 0.3361023425818242 83
1753573491302 0.33593620202691477 84
1753573499681 0.3369330453563715 85
1753573509805 0.3381790995181924 86
1753573519983 0.3375976075760093 87
1753573530457 0.33552085063964115 88
1753573540492 0.3370161156338262 89
1753573550963 0.3397574347898322 90
1753573560309 0.3390928725701944 91
1753573570642 0.3369330453563715 92
1753573581759 0.33834524007310185 93
1753573591793 0.34075427811928893 94
1753573601493 0.3385113806280113 95
1753573611471 0.3362684831367337 96
1753573621177 0.3410865592291078 97
1753573632682 0.34033892673201527 98
1753573643312 0.34042199700947 99
1753573653319 0.33801295896328293 100
