1753732716924 0.027247051005150357 0
1753732740392 0.054909453397574345 1
1753732767333 0.07351719554743313 2
1753732780012 0.10059810599767403 3
1753732811759 0.11430470177770394 4
1753732824627 0.13199867087556072 5
1753732838902 0.15451071606579167 6
1753732869199 0.17070942016946336 7
1753732897136 0.17868416680511712 8
1753732912300 0.19023093537132413 9
1753732930214 0.19920252533643462 10
1753732948484 0.21207841834191726 11
1753732961129 0.21714570526665558 12
1753732984792 0.22611729523176607 13
1753733015056 0.23783020435288255 14
1753733032215 0.24854627014454228 15
1753733055926 0.2497923243063632 16
1753733073106 0.2502907459710915 17
1753733104860 0.2526997840172786 18
1753733134646 0.26748629340422 19
1753733155844 0.2654926067453065 20
1753733183877 0.2662402392423991 21
1753733198073 0.26997840172786175 22
1753733225999 0.27089217477986377 23
1753733252364 0.27155673699950156 24
1753733265356 0.27853464030569863 25
1753733282898 0.2791992025253364 26
1753733298440 0.28110981890679515 27
1753733320325 0.2850141219471673 28
1753733333807 0.28567868416680514 29
1753733350950 0.2840172786177106 30
1753733378024 0.2881707924904469 31
1753733399253 0.2903306197042698 32
1753733428042 0.2891676358199036 33
1753733456239 0.29016447914936033 34
1753733472566 0.29149360358863596 35
1753733488065 0.2912443927562718 36
1753733516980 0.2947333444093703 37
1753733540673 0.2884200033228111 38
1753733562616 0.29573018773882703 39
1753733582312 0.30245888021265993 40
1753733605786 0.3047017777039375 41
1753733622831 0.29988370161156336 42
1753733635362 0.29980063133410867 43
1753733665356 0.3058647615883037 44
1753733690408 0.29863764744974247 45
1753733705574 0.3005482638312012 46
1753733718675 0.30328958298720715 47
1753733739894 0.3042864263166639 48
1753733763897 0.30403721548429974 49
1753733792113 0.30187738827047683 50
1753733807825 0.3031234424322977 51
1753733825276 0.3080245888021266 52
1753733844859 0.305781691310849 53
1753733875914 0.3027080910450241 54
1753733890589 0.3129257351719555 55
1753733919494 0.3080245888021266 56
1753733933611 0.31242731350722713 57
1753733955765 0.305781691310849 58
1753733984031 0.31043362684831366 59
1753734013879 0.3107659079581326 60
1753734039635 0.3051171290912112 61
1753734056124 0.30943678351885695 62
1753734069047 0.30877222129921916 63
1753734081346 0.3119288918424988 64
1753734096533 0.3125103837846818 65
1753734114490 0.3126765243395913 66
1753734139312 0.31400564877886694 67
1753734154801 0.3108489782355873 68
1753734172469 0.31317494600431967 69
1753734185702 0.31641468682505397 70
1753734205846 0.3199036384781525 71
1753734222705 0.31408871905632163 72
1753734252598 0.31408871905632163 73
1753734265799 0.31699617876723707 74
1753734286928 0.3170792490446918 75
1753734307522 0.31467021099850473 76
1753734328411 0.3157501246054162 77
1753734357495 0.3157501246054162 78
1753734373593 0.3142548596112311 79
1753734387209 0.31533477321814257 80
1753734415680 0.30985213490613056 81
1753734429829 0.31724538959960125 82
1753734458498 0.3194882870908789 83
1753734473323 0.3166638976574182 84
1753734493289 0.3142548596112311 85
1753734507607 0.3164977571025087 86
1753734520919 0.31757767070942017 87
1753734544775 0.3151686326632331 88
1753734575867 0.3170792490446918 89
1753734590909 0.3166638976574182 90
1753734620677 0.31965442764578833 91
1753734646689 0.3201528493105167 92
1753734667346 0.31757767070942017 93
1753734693236 0.31757767070942017 94
1753734711775 0.3217311845821565 95
1753734732099 0.31442100016614055 96
1753734745271 0.32314337929888687 97
1753734773018 0.3185745140388769 98
1753734793826 0.31940521681342415 99
1753734819385 0.3189067951486958 100
