1753732716925 4.536441994595297 0
1753732740393 4.399095254768189 1
1753732767334 4.266445550361367 2
1753732780014 4.122519234390307 3
1753732811760 4.031084983776777 4
1753732824628 3.9265674513495736 5
1753732838903 3.8343954299266922 6
1753732869200 3.7607505453539876 7
1753732897137 3.7180344822427815 8
1753732912301 3.651450286020798 9
1753732930215 3.630647267875375 10
1753732948486 3.598102893183942 11
1753732961130 3.5791713023646734 12
1753732984793 3.5191603345297726 13
1753733015057 3.4991044156588442 14
1753733032216 3.503229167216863 15
1753733055927 3.487466727499703 16
1753733073107 3.495482453281712 17
1753733104861 3.497447498346287 18
1753733134647 3.4650341815285044 19
1753733155845 3.507002254853283 20
1753733183878 3.474101900478129 21
1753733198074 3.4983957851318914 22
1753733226000 3.47576109295184 23
1753733252365 3.4879952525581417 24
1753733265357 3.454250490805741 25
1753733282899 3.478394383941192 26
1753733298441 3.515745266614315 27
1753733320326 3.4913707450188824 28
1753733333808 3.4623382894769343 29
1753733350951 3.48126199187577 30
1753733378025 3.4755807645985337 31
1753733399254 3.4859256912625702 32
1753733428043 3.508363242483079 33
1753733456240 3.5081341214644004 34
1753733472567 3.473439042384808 35
1753733488066 3.4973416651507896 36
1753733516981 3.4787368101450316 37
1753733540674 3.5276204871499974 38
1753733562618 3.4986373085768196 39
1753733582313 3.473894091489787 40
1753733605787 3.5041774516222906 41
1753733622832 3.528242225053682 42
1753733635363 3.5094465349353428 43
1753733665357 3.504291074022419 44
1753733690409 3.483870484739755 45
1753733705575 3.511532192942524 46
1753733718676 3.5172106823459197 47
1753733739895 3.4782919438008553 48
1753733763898 3.45925380715481 49
1753733792114 3.4892067064340497 50
1753733807826 3.488260301973901 51
1753733825278 3.4942655938295015 52
1753733844861 3.511375056395715 53
1753733875915 3.4857257487281323 54
1753733890590 3.5058155063322083 55
1753733919495 3.4843751249405055 56
1753733933612 3.5027273346291414 57
1753733955767 3.498858284028251 58
1753733984033 3.4984847630658735 59
1753734013880 3.486477272657849 60
1753734039636 3.478592854329847 61
1753734056125 3.4800788475065083 62
1753734069048 3.5033200529003503 63
1753734081347 3.5111731150198904 64
1753734096534 3.4955900689291823 65
1753734114491 3.4945630890424133 66
1753734139313 3.495745383513079 67
1753734154802 3.4895772313735924 68
1753734172470 3.504192264679351 69
1753734185704 3.4961030435517038 70
1753734205847 3.501830380696517 71
1753734222706 3.462491177576788 72
1753734252599 3.4973661302956476 73
1753734265801 3.4973778505506212 74
1753734286929 3.5186040937249126 75
1753734307523 3.4786665244556465 76
1753734328413 3.496976944827367 77
1753734357496 3.4831799868589792 78
1753734373594 3.4647835194438183 79
1753734387210 3.4829671172258383 80
1753734415681 3.474444392017829 81
1753734429830 3.498125622312829 82
1753734458499 3.491870697047491 83
1753734473324 3.4900181919849937 84
1753734493290 3.4742437326993296 85
1753734507608 3.5051892984121373 86
1753734520920 3.4652258778298637 87
1753734544776 3.4534307960115496 88
1753734575868 3.494543965403249 89
1753734590910 3.443417241702114 90
1753734620678 3.480242493480582 91
1753734646690 3.4662713437909187 92
1753734667347 3.4959737790130725 93
1753734693237 3.457965823232551 94
1753734711776 3.4642841779870013 95
1753734732100 3.472583222803873 96
1753734745272 3.449347725131022 97
1753734773019 3.4720265842025246 98
1753734793827 3.474243512157133 99
1753734819386 3.4640755294037247 100
