1754650563342 2.1143276347543605 0
1754650608077 1.962406551449057 1
1754650659384 1.893093343586121 2
1754650723082 1.739590168356049 3
1754650768107 1.7309337452771043 4
1754650817790 1.6211991559977343 5
1754650867938 1.589125528781576 6
1754650922274 1.6387767561637776 7
1754650969885 1.6587506007854471 8
1754651020126 1.5669443601314819 9
1754651069709 1.6342368632337896 10
1754651121124 1.5632529791936671 11
1754651207677 1.5659126898966214 12
1754651255413 1.626194695861681 13
1754651323519 1.6515030883953392 14
1754651380514 1.563691116215696 15
1754651433595 1.6414709797859453 16
1754651506707 1.5713583715863308 17
1754651551301 1.642201620725685 18
1754651600574 1.6649132571147494 19
1754651660945 1.6665942236061335 20
1754651710048 1.694554490633843 21
1754651754518 1.7060782098513896 22
1754651801393 1.70920706725634 23
1754651862882 1.643202548793794 24
1754651924631 1.6932687259134291 25
1754651985329 1.7035254629475864 26
1754652045474 1.6475925741149462 27
1754652103323 1.710497237896224 28
1754652160186 1.7551532016794735 29
1754652208278 1.7298970234680466 30
1754652273502 1.739795525039931 31
1754652331694 1.6624808024681945 32
1754652388169 1.7329749621284611 33
1754652438617 1.6857796176323525 34
1754652515009 1.706342685799146 35
1754652591514 1.7148189930064037 36
1754652653389 1.7284847986170722 37
1754652744135 1.721067146430495 38
1754652795692 1.741066220498689 39
1754652850136 1.7441879433286445 40
1754652914804 1.7594494677721917 41
1754652990361 1.7732835689618438 42
1754653054253 1.7779291961935868 43
1754653109467 1.7906921219992864 44
1754653160539 1.7933137022957264 45
1754653216133 1.8079516404012315 46
1754653271835 1.8111781948374193 47
1754653349189 1.8326262763901162 48
1754653403282 1.835991384155302 49
1754653462733 1.8555161445137782 50
1754653518972 1.858735113615709 51
1754653591579 1.7777595413157925 52
1754653654968 1.768411817070864 53
1754653703462 1.8875863795964238 54
1754653773740 1.9049963812628086 55
1754653842172 1.9574575065690676 56
1754653900230 1.9640002048837437 57
1754653965474 1.9918123354079929 58
1754654018866 1.9836048351947435 59
1754654063627 2.006694908116728 60
1754654110965 2.007773883658657 61
1754654155437 2.0218275382169795 62
1754654210942 2.024225137221589 63
1754654255245 2.030325152445433 64
1754654333059 2.0443700994424985 65
1754654379328 2.0537543182999096 66
1754654451312 2.060728648830103 67
1754654521893 2.068760948679898 68
1754654570489 2.0788891026393252 69
1754654615401 2.0751201280973386 70
1754654686521 2.101817611407005 71
1754654749683 2.094828997796913 72
1754654793443 2.102361332874133 73
1754654836925 2.112418103958383 74
1754654905284 2.1218701517428076 75
1754654965875 2.1192595763055055 76
1754655009591 2.1312013432456096 77
1754655082941 2.128874776108689 78
1754655145105 2.137113685379093 79
1754655215007 2.1485803385157047 80
1754655258339 2.1487621930857945 81
1754655334774 2.1541500721070355 82
1754655387856 2.160649601311324 83
1754655449223 2.1627007985774656 84
1754655504953 2.176331030871351 85
1754655551248 2.164971963167638 86
1754655610112 2.1831302416093985 87
1754655669253 2.1998808421624974 88
1754655743297 2.1873657707833067 89
1754655804944 2.1907525061039226 90
1754655848241 2.1924486005771944 91
1754655901990 2.195469995782959 92
1754655959006 2.2047282754536326 93
1754656038163 2.215793802217414 94
1754656099370 2.2097617621895456 95
1754656160112 2.2161259912647138 96
1754656221807 2.231199347115008 97
1754656279666 2.23245085468059 98
1754656326217 2.2365311144305213 99
1754656372980 2.2460305459009704 100
