1754057974033 0.02940687821897325 0
1754058025390 0.0693636816746968 1
1754058076528 0.09087888353547101 2
1754058131042 0.10483469014786509 3
1754058180873 0.13008805449410202 4
1754058235833 0.1462867585977737 5
1754058289281 0.1601594949327131 6
1754058336433 0.1745306529323808 7
1754058390510 0.18798803788004653 8
1754058445270 0.19729190895497592 9
1754058499429 0.20809104502409037 10
1754058554396 0.21673035387938197 11
1754058606782 0.22129921913939193 12
1754058659809 0.23508888519687657 13
1754058694805 0.2368333610234258 14
1754058745824 0.2502907459710915 15
1754058802710 0.2448081076590796 16
1754058855180 0.2613390928725702 17
1754058909758 0.25685329789001493 18
1754058962983 0.26815085562385776 19
1754059014952 0.2632497092540289 20
1754059070504 0.2766240239242399 21
1754059122786 0.2754610400398737 22
1754059181338 0.2845987705598937 23
1754059232440 0.28235587306861604 24
1754059284340 0.2927396577504569 25
1754059330182 0.2881707924904469 26
1754059383335 0.2983884366173783 27
1754059440390 0.29664396079082905 28
1754059495886 0.3029573018773883 29
1754059547658 0.2973915932879216 30
1754059597249 0.3096029240737664 31
1754059653892 0.30038212327629177 32
1754059707780 0.30902143213158334 33
1754059756007 0.30902143213158334 34
1754059805007 0.3096859943512211 35
1754059858145 0.31442100016614055 36
1754059911996 0.3245555740156172 37
1754059966001 0.3267154012294401 38
1754060018895 0.32522013623525503 39
1754060073050 0.3276291742814421 40
1754060130380 0.3297059312178103 41
1754060168011 0.3274630337265326 42
1754060209356 0.33311181259345407 43
1754060264279 0.32081741153015453 44
1754060323154 0.33535471008473167 45
1754060375728 0.33577006147200533 46
1754060430618 0.3370161156338262 47
1754060485666 0.3310350556570859 48
1754060541326 0.338594450905466 49
1754060595086 0.3385113806280113 50
1754060641326 0.34116962950656254 51
1754060684050 0.34042199700947 52
1754060738781 0.3412526997840173 53
1754060793636 0.3425818242232929 54
1754060839438 0.34499086226948 55
1754060895544 0.3448247217145705 56
1754060951782 0.34515700282438944 57
1754061005926 0.34648612726366507 58
1754061057881 0.3483967436451238 59
1754061111383 0.34648612726366507 60
1754061166543 0.3469014786509387 61
1754061224640 0.34989200863930886 62
1754061278754 0.3410865592291078 63
1754061332503 0.3482306030902143 64
1754061387560 0.3481475328127596 65
1754061442555 0.3464030569862103 66
1754061496842 0.3454062136567536 67
1754061546816 0.35296560890513373 68
1754061600313 0.35446087389931885 69
1754061654483 0.35130420335603924 70
1754061707701 0.35412859278949993 71
1754061762936 0.3543778036218641 72
1754061802447 0.3530486791825885 73
1754061856714 0.3572021930553248 74
1754061913079 0.35171955474331285 75
1754061967607 0.353796311679681 76
1754062022609 0.3547931550091377 77
1754062076256 0.35554078750623025 78
1754062130491 0.35703605250041537 79
1754062184661 0.35230104668549594 80
1754062234496 0.3580328958298721 81
1754062287930 0.35288253862767904 82
1754062337260 0.3577836849975079 83
1754062391478 0.3515534141884034 84
1754062448342 0.35396245223459044 85
1754062497705 0.3566207011131417 86
1754062552450 0.3540455225120452 87
1754062604176 0.3533809602924074 88
1754062653050 0.3552085063964114 89
1754062707617 0.3532148197374979 90
1754062755606 0.3499750789167636 91
1754062801083 0.35296560890513373 92
1754062853328 0.35171955474331285 93
1754062901934 0.3508057816913108 94
1754062952228 0.35927894999169296 95
1754063008190 0.3553746469513208 96
1754063062140 0.35047350058149196 97
1754063109086 0.34615384615384615 98
1754063144381 0.3424987539458382 99
1754063200640 0.34332945672038545 100
