1754057974034 4.5509070689569935 0
1754058025392 4.443802837223956 1
1754058076529 4.314154597550013 2
1754058131043 4.2689256235305475 3
1754058180874 4.190939628696262 4
1754058235834 4.184405064852224 5
1754058289282 4.146645618173512 6
1754058336435 4.142384684966383 7
1754058390512 4.103251759503072 8
1754058445271 4.133929987474075 9
1754058499430 4.092800112917074 10
1754058554397 4.133832073356348 11
1754058606783 4.082841988274881 12
1754058659810 4.143883156487073 13
1754058694806 4.102683631264782 14
1754058745825 4.166874221401949 15
1754058802711 4.120107733297857 16
1754058855181 4.187233849533634 17
1754058909759 4.144105148274272 18
1754058962984 4.2178672818265515 19
1754059014953 4.184674204219009 20
1754059070505 4.252112100964487 21
1754059122787 4.182288067139799 22
1754059181339 4.275829831777843 23
1754059232441 4.219748311934299 24
1754059284341 4.309016932788118 25
1754059330184 4.248879555491978 26
1754059383336 4.338124432924727 27
1754059440391 4.269240209817587 28
1754059495888 4.367316514178783 29
1754059547659 4.360268334996678 30
1754059597250 4.39904107786068 31
1754059653893 4.369971799006096 32
1754059707781 4.401706188075287 33
1754059756008 4.443657741708271 34
1754059805008 4.418716579214203 35
1754059858147 4.475470493000206 36
1754059911997 4.480272825482277 37
1754059966002 4.51842647287032 38
1754060018896 4.5427236858647 39
1754060073051 4.545087896170514 40
1754060130381 4.571956562519473 41
1754060168012 4.453405361522015 42
1754060209357 4.574589315232036 43
1754060264280 4.538585895318931 44
1754060323155 4.597585495462363 45
1754060375729 4.505414350193323 46
1754060430619 4.613572153895563 47
1754060485667 4.525175770207987 48
1754060541328 4.6230635775865485 49
1754060595087 4.542752501137163 50
1754060641328 4.639831542111287 51
1754060684051 4.535860641771192 52
1754060738782 4.634520309995747 53
1754060793637 4.557563371533853 54
1754060839439 4.657022674628994 55
1754060895545 4.647835005256366 56
1754060951784 4.665006832410835 57
1754061005927 4.655667911690382 58
1754061057883 4.6761231802888785 59
1754061111384 4.706966214716048 60
1754061166544 4.6789622711608985 61
1754061224641 4.733017687771729 62
1754061278755 4.68109179000197 63
1754061332505 4.716723869428223 64
1754061387561 4.76260997942425 65
1754061442556 4.750147375313838 66
1754061496844 4.760529279858528 67
1754061546817 4.69174870442062 68
1754061600315 4.729103439839272 69
1754061654484 4.785881241779992 70
1754061707702 4.674179892350151 71
1754061762938 4.747087363369621 72
1754061802448 4.7568981353053985 73
1754061856716 4.735151380434598 74
1754061913080 4.680941122892537 75
1754061967608 4.695076095369426 76
1754062022610 4.7511696456649934 77
1754062076257 4.720393130387764 78
1754062130492 4.7803398108982496 79
1754062184662 4.69137921613501 80
1754062234497 4.7803373053096205 81
1754062287931 4.740048571942453 82
1754062337261 4.726416060133917 83
1754062391479 4.740488751017167 84
1754062448343 4.6885780542247035 85
1754062497706 4.6386572567800215 86
1754062552451 4.6781522529030175 87
1754062604178 4.651896126552727 88
1754062653051 4.637275126452637 89
1754062707618 4.580531275186312 90
1754062755607 4.561343948442358 91
1754062801085 4.601879866499486 92
1754062853330 4.574730147004477 93
1754062901935 4.517990145421497 94
1754062952229 4.544000285990781 95
1754063008191 4.586681337707909 96
1754063062141 4.592425255190256 97
1754063109087 4.651788205443896 98
1754063144382 4.665586537919077 99
1754063200641 4.666042167533576 100
