1751933548604 2.0219302900243727 0
1751933634753 1.941757730267412 1
1751933718505 1.8990341731449174 2
1751933799236 1.7957838175226368 3
1751933877854 1.6419022769506146 4
1751933957809 1.73377997815833 5
1751934040729 1.7097631059239555 6
1751934119573 1.668819350620405 7
1751934195911 1.6694912523253187 8
1751934278034 1.7719870644372764 9
1751934360496 1.65540159444489 10
1751934438522 1.677474442216881 11
1751934518810 1.766379099357397 12
1751934589727 1.7428698471966135 13
1751934678939 1.7835217045620861 14
1751934762445 1.8312909548937883 15
1751934838498 1.725870246962795 16
1751934915418 1.7326359239389468 17
1751934993158 1.7534578299452979 18
1751935072405 1.7649195822380428 19
1751935155992 1.768533056052103 20
1751935237502 1.746545722021077 21
1751935319430 1.8060514595960941 22
1751935397274 1.7915933287717323 23
1751935479373 1.8453432785473378 24
1751935551388 1.8831212546974234 25
1751935628689 1.6625410499558815 26
1751935712517 1.6651533777665597 27
1751935793701 1.682054264514409 28
1751935870600 1.7217443177264686 29
1751935951785 1.7124127317051434 30
1751936031983 1.7106462075499436 31
1751936115841 1.6925655986437316 32
1751936193089 1.7414480386991842 33
1751936270462 1.7294620839170798 34
1751936353530 1.893119374913007 35
1751936434405 1.8139101359451306 36
1751936520666 1.7446992641316506 37
1751936598211 1.6934619473342603 38
1751936672863 1.7623395654208438 39
1751936757172 1.7228692824918208 40
1751936831552 1.722671276593763 41
1751936919181 1.7441272503514837 42
1751937001362 1.7814834844555236 43
1751937076187 1.689291708323138 44
1751937156580 1.7431566980932103 45
1751937234634 1.745138379525438 46
1751937312802 1.6843149108764417 47
1751937398006 1.6775063916568573 48
1751937476357 1.7498614670383195 49
1751937553052 1.806681326442122 50
