1754638727659 0.22543759020093995 0
1754638788445 0.2831846945194834 1
1754638845768 0.24347777818895017 2
1754638910553 0.3808422454945787 3
1754638968306 0.3751618991229693 4
1754639017188 0.42476779040076973 5
1754639068484 0.41253746808274433 6
1754639118197 0.4488768826555157 7
1754639199040 0.4273396736113681 8
1754639264111 0.4637716019686933 9
1754639308771 0.47257891425822446 10
1754639376791 0.4708951633793435 11
1754639435347 0.4935055323243163 12
1754639488894 0.49707656440809683 13
1754639555735 0.49028605262184066 14
1754639601148 0.4889353513673537 15
1754639673566 0.5082707323391186 16
1754639726406 0.5000555082707323 17
1754639774543 0.51637493986604 18
1754639826969 0.5049957443659105 19
1754639879254 0.5028494245642601 20
1754639970717 0.4822928616363838 21
1754640021112 0.5294748917588721 22
1754640065673 0.5348406912629982 23
1754640117676 0.5198534581652666 24
1754640167508 0.5232764681937608 25
1754640230627 0.5213151759612182 26
1754640286885 0.5194278947563187 27
1754640352650 0.5227213854864374 28
1754640415323 0.5218332531547201 29
1754640479392 0.5247381859897124 30
1754640530234 0.5350627243459275 31
1754640583726 0.528975317322281 32
1754640642721 0.515875365429449 33
1754640699389 0.5291973504052104 34
1754640752114 0.5241275950116567 35
1754640800350 0.5277726381230803 36
1754640841756 0.5449246937793731 37
1754640908313 0.5459793509232875 38
1754640975574 0.5358583428930911 39
1754641050229 0.5299929689523739 40
1754641125864 0.5434629759834215 41
1754641190291 0.553417459201421 42
1754641244446 0.5528993820079192 43
1754641300839 0.5537875143396366 44
1754641350201 0.5538800281241905 45
1754641412251 0.5541390667209414 46
1754641464847 0.553676497798172 47
1754641529475 0.55434259704696 48
1754641590171 0.5535284757428857 49
1754641639190 0.5546941494282648 50
1754641710738 0.5557118010583577 51
1754641758147 0.5550457018095696 52
1754641806789 0.5550457018095696 53
1754641876356 0.5549531880250157 54
1754641928106 0.5561003589534841 55
1754641975818 0.5550271990526588 56
1754642031348 0.5549901935388373 57
1754642082459 0.5468859860119157 58
1754642129364 0.5464974281167894 59
1754642197077 0.5565074196055212 60
1754642262531 0.5561373644673057 61
1754642319096 0.5542500832624061 62
1754642368409 0.5559893424120194 63
1754642425441 0.5555082707323391 64
1754642474955 0.5540465529363875 65
1754642554728 0.5524738185989713 66
1754642602758 0.5554712652185175 67
1754642678947 0.5488657810013692 68
1754642726426 0.5478111238574548 69
1754642793944 0.5476816045590793 70
1754642851125 0.5465344336306109 71
1754642897908 0.5445176331273359 72
1754642949602 0.5558228175998223 73
1754642998348 0.5559893424120194 74
1754643052046 0.5536950005550827 75
1754643100449 0.5516411945379862 76
1754643158732 0.5451467268623025 77
1754643210199 0.5439440476631018 78
1754643255837 0.5444436220996929 79
1754643308222 0.5446286496688006 80
1754643385222 0.5447026606964438 81
1754643430710 0.545942345409466 82
1754643506773 0.5440920697183881 83
1754643561735 0.5427968767346335 84
1754643614485 0.5425378381378826 85
1754643669405 0.5422602967842208 86
1754643716406 0.5436480035525293 87
1754643775018 0.5432594456574029 88
1754643840171 0.5447951744809977 89
1754643898626 0.5433889649557784 90
1754643954088 0.5427968767346335 91
1754644006430 0.5421862857565777 92
1754644079913 0.5428153794915442 93
1754644143772 0.5438330311216372 94
1754644195051 0.5403915183362321 95
1754644255578 0.5407800762313585 96
1754644310148 0.5410576175850201 97
1754644378725 0.5421122747289346 98
1754644427820 0.5418532361321837 99
1754644497143 0.5416867113199867 100
