1754638727660 2.1696765290452324 0
1754638788447 2.131532516481041 1
1754638845769 2.1835169459787647 2
1754638910554 1.9957762656452585 3
1754638968307 2.042148061514642 4
1754639017189 1.9687946051902647 5
1754639068486 2.041719048518348 6
1754639118198 1.9838844284129682 7
1754639199041 2.0687606077865794 8
1754639264113 2.036672552789891 9
1754639308773 2.0608582117369068 10
1754639376792 2.0812608846498915 11
1754639435348 2.0595913328008084 12
1754639488895 2.0891639501019577 13
1754639555736 2.140236508544955 14
1754639601149 2.1550368433254268 15
1754639673567 2.138507794795371 16
1754639726407 2.186875835965473 17
1754639774545 2.163765327015942 18
1754639826971 2.2348635127400334 19
1754639879256 2.258089520761109 20
1754639970718 2.2593890666314485 21
1754640021113 2.245304053207046 22
1754640065674 2.2773880717712296 23
1754640117677 2.268610353461427 24
1754640167509 2.3410428545269344 25
1754640230628 2.3928956312138343 26
1754640286886 2.4257334055789834 27
1754640352651 2.444312611707587 28
1754640415325 2.480275784220064 29
1754640479394 2.4889218315764245 30
1754640530235 2.3935399753421036 31
1754640583728 2.5132913812215363 32
1754640642723 2.3644456964748986 33
1754640699390 2.4904009087004217 34
1754640752115 2.429701191010727 35
1754640800351 2.567140860960574 36
1754640841757 2.5897947883511816 37
1754640908314 2.588805059140017 38
1754640975575 2.578995281149278 39
1754641050230 2.6104418046820537 40
1754641125865 2.5782219846342036 41
1754641190293 2.559966356590723 42
1754641244447 2.5723006827737316 43
1754641300841 2.6019117411874775 44
1754641350203 2.612300730810419 45
1754641412252 2.63296206367417 46
1754641464848 2.64375573037654 47
1754641529476 2.654067814483921 48
1754641590172 2.6848249066385805 49
1754641639191 2.692131855035755 50
1754641710740 2.7094818662428026 51
1754641758148 2.7158959226529023 52
1754641806790 2.7321980146463978 53
1754641876357 2.751176164765892 54
1754641928107 2.755663438957484 55
1754641975819 2.772756856006249 56
1754642031349 2.7748889457478496 57
1754642082460 2.7995971957490684 58
1754642129365 2.80050199286576 59
1754642197078 2.802408660582368 60
1754642262532 2.8276105808842367 61
1754642319097 2.85648699602007 62
1754642368410 2.873934905570702 63
1754642425443 2.869852635780589 64
1754642474956 2.898871704344849 65
1754642554729 2.8702694355434937 66
1754642602759 2.89179091571826 67
1754642678948 2.8865743705149858 68
1754642726428 2.9107466945941955 69
1754642793945 2.9062309997737676 70
1754642851126 2.909976996478653 71
1754642897909 2.912269830683381 72
1754642949603 2.902475701016068 73
1754642998349 2.943542156888282 74
1754643052047 2.9450632926105347 75
1754643100450 2.9639968662201 76
1754643158733 2.9467213866165403 77
1754643210200 2.951104936098723 78
1754643255838 2.9577120268903836 79
1754643308223 2.967419717633125 80
1754643385223 2.964525906178167 81
1754643430711 2.9805418274691506 82
1754643506774 2.967852757150172 83
1754643561736 2.9915088351393213 84
1754643614486 3.000526543372432 85
1754643669407 3.0115419819983553 86
1754643716408 3.006661556242334 87
1754643775019 3.0138239003316003 88
1754643840172 3.017670135076637 89
1754643898627 3.0196104423218553 90
1754643954090 3.045242690852936 91
1754644006431 3.0464788682964166 92
1754644079915 3.0409349824416116 93
1754644143774 3.0565918750778684 94
1754644195052 3.0514192027691722 95
1754644255579 3.0648075409497957 96
1754644310150 3.0747238038912887 97
1754644378726 3.084551707610948 98
1754644427821 3.0787783124135855 99
1754644497145 3.102726342778045 100
