1749046333624 4.544037802222397 0
1749046360576 4.329587874867526 1
1749046387629 4.108107637136411 2
1749046413892 3.9244913759227558 3
1749046440197 3.7594914297287882 4
1749046467460 3.6303339595301605 5
1749046494638 3.5171913943555286 6
1749046521660 3.414646341050057 7
1749046549096 3.3251651751990075 8
1749046576841 3.2338685959815576 9
1749046604300 3.1779321803170726 10
1749046631557 3.10675777011982 11
1749046659138 3.050078534538779 12
1749046686630 3.0036870706677687 13
1749046713325 2.9352010429130977 14
1749046740076 2.8788036047635632 15
1749046766190 2.8449468281325196 16
1749046793042 2.818465773637879 17
1749046820655 2.7778980793347627 18
1749046847754 2.73655552718007 19
1749046874483 2.7067497268275287 20
1749046901805 2.6717838148150737 21
1749046929407 2.633137997920997 22
1749046956341 2.6071143170373188 23
1749046983797 2.573119168711991 24
1749047010721 2.530311626689481 25
1749047038277 2.5169152188521564 26
1749047064730 2.497780749969695 27
1749047090870 2.4707327931305096 28
1749047116810 2.457033945425261 29
1749047143709 2.4375220824059642 30
1749047170473 2.4122587233694124 31
1749047196891 2.398128375605206 32
1749047223168 2.3875336088944805 33
1749047249482 2.3652074571515693 34
1749047275643 2.3438830617321997 35
1749047301909 2.3349682961932348 36
1749047328159 2.3209064126941725 37
1749047354326 2.31062743993505 38
1749047380905 2.288324207142653 39
1749047407320 2.2798560362570726 40
1749047433687 2.2731579986188333 41
1749047460817 2.2572609489582427 42
1749047487009 2.244151704868332 43
1749047513130 2.238808767811347 44
1749047539483 2.2295523796914853 45
1749047565907 2.2142767995758788 46
1749047592101 2.2057463298667224 47
1749047618823 2.1938953999650734 48
1749047644937 2.182204612084876 49
1749047671493 2.1776079982581784 50
