1754475322040 2.245281385919632 0
1754475358722 2.166619513484089 1
1754475395419 2.085369680316248 2
1754475435785 2.058774483905835 3
1754475479160 2.065683188676159 4
1754475520575 2.0614730299838397 5
1754475553579 2.0754988720359386 6
1754475603191 2.067396254139784 7
1754475636522 2.0793470451753935 8
1754475676086 2.0724368354908127 9
1754475709603 2.122989672594439 10
1754475747632 2.0722224573116392 11
1754475782548 2.1294700961924224 12
1754475821684 2.087648061660596 13
1754475855706 2.1313170305532365 14
1754475894172 2.0709397617315592 15
1754475936755 2.139573682234584 16
1754475974642 2.0846478472751206 17
1754476007387 2.142126476989811 18
1754476046870 2.072618138255788 19
1754476087225 2.1601404548258323 20
1754476127323 2.107072815844578 21
1754476161903 2.178445561926529 22
1754476202754 2.1109111396656597 23
1754476236196 2.179148243329574 24
1754476275052 2.117996988137589 25
1754476316987 2.2060850389486046 26
1754476360228 2.131314428867605 27
1754476392866 2.2248888714575643 28
1754476436265 2.1432378643444423 29
1754476469174 2.2370060121444455 30
1754476509518 2.1633035526890296 31
1754476543211 2.2567585957163168 32
1754476587604 2.1745649807279244 33
1754476621838 2.2764730633679724 34
1754476664985 2.1931011727539813 35
1754476697699 2.2865917197514682 36
1754476741331 2.1917303976608946 37
1754476774069 2.3062144522997907 38
1754476816009 2.218480113676809 39
1754476852543 2.323260504694144 40
1754476899625 2.230910112471056 41
1754476932396 2.3397763075079614 42
1754476979810 2.270686161018326 43
1754477012328 2.3659635769194405 44
1754477059406 2.2760778473309258 45
1754477093061 2.390485411489388 46
1754477134291 2.26570804390997 47
1754477166528 2.4009761843208226 48
1754477212447 2.2964445881794116 49
1754477248674 2.426374152464884 50
1754477288305 2.298560489947644 51
1754477319319 2.44088907162147 52
1754477369673 2.337898090447186 53
1754477401766 2.469977459864704 54
1754477442759 2.363027447223813 55
1754477476686 2.467900928408758 56
1754477517891 2.3525535401870776 57
1754477548757 2.489864017924855 58
1754477592544 2.356490593582487 59
1754477624384 2.5138234941433253 60
1754477675201 2.3590466718377274 61
1754477705935 2.533882171690013 62
1754477747965 2.3750722587570494 63
1754477781805 2.550717900063379 64
1754477822784 2.3870562914995563 65
1754477855058 2.5591614944849534 66
1754477895888 2.398104872315822 67
1754477928584 2.5797781594625526 68
1754477970625 2.4257961756809365 69
1754478001012 2.591603793337278 70
1754478042001 2.431601512864108 71
1754478074555 2.6055293290141504 72
1754478116116 2.4473465999669526 73
1754478149738 2.6184568906854677 74
1754478190247 2.4289390727048583 75
1754478233617 2.623186661458686 76
1754478279250 2.4601336698107064 77
1754478313767 2.6415643840494076 78
1754478355067 2.4701493471130727 79
1754478386668 2.651823858747565 80
1754478427498 2.4682923616421126 81
1754478459640 2.664087424027862 82
1754478501065 2.4899277977365712 83
1754478534767 2.6768825584810383 84
1754478579235 2.4938449886502214 85
1754478614858 2.6928745718254294 86
1754478655667 2.488483984679679 87
1754478688715 2.69919953883385 88
1754478730309 2.538072923815536 89
1754478761863 2.7096416290902514 90
1754478803416 2.516998465909111 91
1754478838008 2.710865198039886 92
1754478880539 2.5230445305033213 93
1754478916651 2.7074379235299317 94
1754478958338 2.5122155174367538 95
1754478989618 2.718983971393022 96
1754479031150 2.524557401605089 97
1754479070675 2.723896934149676 98
1754479111540 2.502549179831429 99
1754479152703 2.733558037785571 100
