1752307808086 0.22023831550901085 0
1752307868166 0.23121045035710322 1
1752307926698 0.2982274358879473 2
1752307982222 0.33364171261517966 3
1752308036817 0.37875143396366057 4
1752308092186 0.3702771712985235 5
1752308152835 0.3936091477630167 6
1752308207426 0.42820930318617473 7
1752308261595 0.4187543944047663 8
1752308318381 0.4174592014210117 9
1752308375620 0.45385412426451543 10
1752308429324 0.4537801132368723 11
1752308484338 0.45163379343522186 12
1752308533913 0.45017207563927025 13
1752308596634 0.4439181438034267 14
1752308655792 0.4263960330089183 15
1752308708841 0.44778521999777965 16
1752308760855 0.4697479924508752 17
1752308814493 0.4703770861858417 18
1752308869987 0.46575139695814677 19
1752308927316 0.47590941050216484 20
1752308984516 0.48022055286237647 21
1752309041776 0.46458572327276765 22
1752309094547 0.4788143433371572 23
1752309151938 0.47596491877289715 24
1752309200126 0.4699515227768938 25
1752309256967 0.5083447433667616 26
1752309319878 0.5076046330903304 27
1752309376483 0.49304296340154685 28
1752309430602 0.4907671243015209 29
1752309485983 0.5102690300854827 30
1752309541354 0.5009436406024498 31
1752309599583 0.4917292676608815 32
1752309654804 0.4962439403471117 33
1752309709581 0.5095104170521407 34
1752309769834 0.48443918143803427 35
1752309826665 0.5010546571439144 36
1752309885921 0.49678052029752434 37
1752309938256 0.5128409132960812 38
1752309990752 0.5115457203123266 39
1752310054275 0.5161714095400215 40
1752310107470 0.5100654997594641 41
1752310168749 0.5163564371091293 42
1752310225521 0.49530029974466194 43
1752310277400 0.5245346556636938 44
1752310332161 0.5059208822114495 45
1752310385269 0.5127854050253488 46
1752310442768 0.5283647263442253 47
1752310502470 0.5190578396181031 48
1752310557123 0.515283277208304 49
1752310610381 0.4898049809421604 50
1752310665221 0.5242201087962106 51
1752310727675 0.5207970987677164 52
1752310783445 0.5277356326092588 53
1752310839602 0.49528179698775116 54
1752310895914 0.5282537098027607 55
1752310947971 0.5275506050401509 56
1752311009184 0.5293453724604966 57
1752311061419 0.515875365429449 58
1752311116248 0.5112866817155757 59
1752311171900 0.4897864781852496 60
1752311231400 0.5119527809643637 61
1752311287534 0.5333049624394035 62
1752311343572 0.5211301483921105 63
1752311399984 0.5161159012692891 64
1752311456568 0.5160973985123783 65
1752311521278 0.5195574140546941 66
1752311575585 0.5117122451245235 67
1752311628675 0.5345261443955149 68
1752311680402 0.5223698331051326 69
1752311733278 0.5226103689449728 70
1752311788549 0.5168745143026311 71
1752311845177 0.5104170521407689 72
1752311901843 0.5183362320985827 73
1752311960823 0.4999259889723569 74
1752312021487 0.5268475002775413 75
1752312074994 0.5114532065277726 76
1752312132182 0.5170225363579173 77
1752312190667 0.5131369574066535 78
1752312244819 0.5284572401287791 79
1752312302098 0.5309366095548237 80
1752312352078 0.537375568959775 81
1752312406437 0.529567405543426 82
1752312467707 0.523683528845798 83
1752312523498 0.5343966250971395 84
1752312576349 0.5258853569181808 85
1752312635889 0.5373200606890427 86
1752312688750 0.5048847278244458 87
1752312744199 0.5205380601709655 88
1752312801217 0.5348406912629982 89
1752312859583 0.5099914887318211 90
1752312916257 0.539059319838656 91
1752312968402 0.5184657513969582 92
1752313023654 0.5360988787329312 93
1752313074836 0.5309736150686453 94
1752313127588 0.5191133478888355 95
1752313178234 0.5334899900085113 96
1752313236729 0.5145431669318729 97
1752313297479 0.5364504311142361 98
1752313353886 0.5315101950190578 99
1752313413325 0.5187432927506198 100
1752313469642 0.5359878621914665 101
1752313521176 0.5256078155645191 102
1752313580199 0.5286792732117085 103
1752313639635 0.5344706361247826 104
1752313701916 0.5161344040261999 105
1752313758006 0.5291048366206564 106
1752313814129 0.527125041631203 107
1752313868011 0.5331569403841172 108
1752313928713 0.5280131739629205 109
1752313989211 0.5303630240905896 110
1752314045919 0.535192243644303 111
1752314105042 0.5306775709580728 112
1752314160774 0.5407800762313585 113
1752314221601 0.5257373348628945 114
1752314273528 0.5225178551604189 115
1752314329058 0.5219812752100063 116
1752314392297 0.5413536616955926 117
1752314449862 0.5420567664582022 118
1752314507276 0.5315472005328794 119
1752314563683 0.5102320245716612 120
1752314617114 0.5343226140694963 121
1752314671534 0.5407615734744476 122
1752314723573 0.5343041113125856 123
1752314778001 0.5209821263368242 124
1752314829594 0.5358583428930911 125
1752314882700 0.5370795248492025 126
1752314937165 0.5249787218295526 127
1752314992197 0.5263294230840395 128
1752315049394 0.5417977278614513 129
1752315102467 0.5431299263590275 130
1752315159985 0.544258594530585 131
1752315214096 0.5329349073011879 132
1752315268944 0.5448321799948193 133
1752315327887 0.5382266957776709 134
1752315386560 0.5373385634459534 135
1752315444945 0.526033378973467 136
1752315504757 0.5318802501572735 137
1752315561756 0.5360803759760204 138
1752315620944 0.5333419679532251 139
1752315684815 0.5279391629352773 140
1752315739449 0.5266624727084336 141
1752315795480 0.534100580986567 142
1752315852285 0.531750730858898 143
1752315911174 0.5389853088110128 144
1752315971324 0.5242756170669429 145
1752316033404 0.520242016060393 146
1752316087177 0.5371350331199348 147
1752316144603 0.5349147022906413 148
1752316206472 0.5270325278466491 149
1752316259583 0.5208526070384487 150
1752316315461 0.5398734411427303 151
1752316376762 0.5267364837360766 152
1752316433510 0.5365984531695223 153
1752316490974 0.5198349554083559 154
1752316549134 0.5332679569255819 155
1752316604773 0.5342115975280317 156
1752316657119 0.5286237649409762 157
1752316715445 0.5317322281019872 158
1752316778438 0.5296414165710691 159
1752316838841 0.5279761684490989 160
1752316890894 0.542167782999667 161
1752316949593 0.5422232912703993 162
1752317007933 0.5362283980313066 163
1752317070415 0.5204455463864116 164
1752317125182 0.533175443141028 165
1752317182787 0.5316767198312549 166
1752317242955 0.517725641120527 167
1752317301965 0.5432594456574029 168
1752317362148 0.529567405543426 169
1752317420847 0.5357473263516264 170
1752317480557 0.5350072160751952 171
1752317536577 0.542500832624061 172
1752317590541 0.5407060652037153 173
1752317644974 0.5377086185841691 174
1752317700223 0.5369315027939163 175
1752317757295 0.5337860341190838 176
1752317810681 0.5350627243459275 177
1752317871486 0.5186877844798875 178
1752317927367 0.5289013062946379 179
1752317985875 0.5384302261036894 180
1752318043847 0.5366354586833438 181
1752318101673 0.528642267697887 182
1752318158284 0.5397994301150871 183
1752318213303 0.5422047885134885 184
1752318267589 0.5318432446434519 185
1752318328473 0.5142286200643896 186
1752318389477 0.5352662546719461 187
1752318446077 0.5302335047922141 188
1752318499588 0.5345446471524257 189
1752318555279 0.514191614550568 190
1752318615527 0.5318987529141842 191
1752318667801 0.5390038115679237 192
1752318723188 0.5346001554231581 193
1752318779527 0.5410946230988417 194
1752318835706 0.5433519594419568 195
1752318891609 0.5329904155719202 196
1752318946812 0.530326018576768 197
1752319002575 0.5444436220996929 198
1752319059031 0.546108870221663 199
1752319114356 0.5386522591866189 200
