1753612468870 0.03821232762917428 0
1753612493979 0.08763914271473666 1
1753612516747 0.11380628011297558 2
1753612542020 0.14246552583485628 3
1753612564156 0.16788503073600267 4
1753612587748 0.18474829705931217 5
1753612609738 0.20642963947499585 6
1753612632144 0.2187240405382954 7
1753612656157 0.23018773882704768 8
1753612679012 0.24098687489616216 9
1753612702576 0.2438943346070776 10
1753612730076 0.2525336434623692 11
1753612753632 0.2582654926067453 12
1753612776240 0.26590795813258017 13
1753612803340 0.2742149858780528 14
1753612827507 0.28418341917262 15
1753612849275 0.27894999169297224 16
1753612872773 0.28518026250207673 17
1753612896634 0.2871739491609902 18
1753612918606 0.29041368998172457 19
1753612940401 0.2927396577504569 20
1753612963115 0.29481641468682507 21
1753612985616 0.2981392257850141 22
1753613015892 0.29905299883701614 23
1753613038301 0.2962286094035554 24
1753613061902 0.3013789666057485 25
1753613092834 0.29921913939192557 26
1753613124613 0.30063133410865595 27
1753613147466 0.30603090214321316 28
1753613171688 0.30628011297557733 29
1753613194104 0.30744309685994353 30
1753613216611 0.30885529157667385 31
1753613238614 0.30661239408539626 32
1753613260477 0.3052832696461206 33
1753613290083 0.31043362684831366 34
1753613317118 0.30943678351885695 35
1753613339480 0.30885529157667385 36
1753613361523 0.31226117295231764 37
1753613383905 0.3125103837846818 38
1753613419586 0.3169131084897824 39
1753613441640 0.31782688154178435 40
1753613464290 0.3180760923741485 41
1753613486985 0.3180760923741485 42
1753613513596 0.3158331948828709 43
1753613539256 0.31965442764578833 44
1753613561361 0.3184914437614222 45
1753613583719 0.31533477321814257 46
1753613605672 0.32023591958797143 47
1753613628037 0.31907293570360523 48
1753613649806 0.31982056820069776 49
1753613679552 0.3209004818076092 50
1753613725814 0.32256188735670377 51
1753613748154 0.3234756604087058 52
1753613770318 0.32239574680179434 53
1753613797687 0.3228941684665227 54
1753613820308 0.3245555740156172 55
1753613842710 0.3223126765243396 56
1753613864530 0.3227280279116132 57
1753613889087 0.3238910117959794 58
1753613911275 0.32737996344907794 59
1753613933772 0.32596776873234756 60
1753613957718 0.32463864429307193 61
1753613982872 0.32895829872071775 62
1753614008475 0.326133909287257 63
1753614030517 0.3244725037381625 64
1753614052408 0.32737996344907794 65
1753614076159 0.3301212826050839 66
1753614105226 0.3297059312178103 67
1753614128194 0.3248878551254361 68
1753614150045 0.32555241734507395 69
1753614182720 0.32737996344907794 70
1753614204830 0.3280445256687157 71
1753614242949 0.3280445256687157 72
1753614265161 0.3300382123276292 73
1753614287523 0.33153347732181426 74
1753614312624 0.32904136899817243 75
1753614343048 0.32937365010799136 76
1753614365309 0.33078584482472173 77
1753614391157 0.33020435288253863 78
1753614413596 0.3329456720385446 79
1753614440794 0.3326964612061804 80
1753614463550 0.3302874231599934 81
1753614486022 0.33053663399235755 82
1753614508994 0.3319488287090879 83
1753614531026 0.32870908788835357 84
1753614553069 0.3326964612061804 85
1753614579888 0.3330287423159993 86
1753614602105 0.3300382123276292 87
1753614625434 0.3344409370327297 88
1753614648462 0.33518856952982223 89
1753614671103 0.3341086559229108 90
1753614695614 0.3348562884200033 91
1753614719951 0.3360192723043695 92
1753614742501 0.3346901478650939 93
1753614765401 0.33518856952982223 94
1753614788954 0.3370161156338262 95
1753614811013 0.3338594450905466 96
1753614846136 0.3375976075760093 97
1753614872870 0.3330287423159993 98
1753614901668 0.33651769396909786 99
1753614943457 0.338594450905466 100
