1753612468871 4.496006295007002 0
1753612493980 4.263372691736782 1
1753612516748 4.010836536626383 2
1753612542021 3.835833268126675 3
1753612564157 3.6966822493098777 4
1753612587749 3.569912953328378 5
1753612609739 3.4800967792008906 6
1753612632145 3.4191467827971347 7
1753612656158 3.3617766478690774 8
1753612679013 3.3388728358601396 9
1753612702577 3.292024769564008 10
1753612730077 3.2787832017472707 11
1753612753633 3.263022987475628 12
1753612776242 3.2245757197904696 13
1753612803341 3.2187041501247826 14
1753612827508 3.2202917199724514 15
1753612849276 3.2245318160493097 16
1753612872774 3.237530399114673 17
1753612896635 3.2207745789895372 18
1753612918607 3.1761675451584606 19
1753612940402 3.231398009741299 20
1753612963116 3.198653786669817 21
1753612985617 3.2112740014675247 22
1753613015893 3.2036465783358916 23
1753613038302 3.221490595356444 24
1753613061903 3.168030292070119 25
1753613092835 3.2091301123226357 26
1753613124614 3.2124440554084326 27
1753613147467 3.1867857648721922 28
1753613171689 3.1658715685682584 29
1753613194105 3.1917072685162973 30
1753613216612 3.1687964351419424 31
1753613238615 3.190087155452406 32
1753613260478 3.178628570413235 33
1753613290084 3.201488630501988 34
1753613317119 3.151543818019778 35
1753613339481 3.1779084354732596 36
1753613361524 3.143273387819086 37
1753613383906 3.1569004261012257 38
1753613419587 3.185410330583795 39
1753613441641 3.1580631883199506 40
1753613464291 3.1574430335550834 41
1753613486986 3.1910947295808847 42
1753613513597 3.1736769543504284 43
1753613539257 3.169107564275398 44
1753613561362 3.1600773608766857 45
1753613583720 3.1821619692794645 46
1753613605673 3.161825646489054 47
1753613628038 3.162052111203238 48
1753613649807 3.130849344095792 49
1753613679553 3.138159110309639 50
1753613725815 3.1394414130421358 51
1753613748155 3.148027656610403 52
1753613770319 3.143571146604256 53
1753613797688 3.1275329269495287 54
1753613820309 3.1418455892382218 55
1753613842712 3.1393459767358873 56
1753613864531 3.1406129846502533 57
1753613889088 3.1437777674040377 58
1753613911276 3.142077705655095 59
1753613933774 3.106043767152059 60
1753613957719 3.105060324387761 61
1753613982873 3.0979776320521815 62
1753614008476 3.095285814398127 63
1753614030518 3.097341297806669 64
1753614052409 3.0796754694360398 65
1753614076160 3.1127476600934383 66
1753614105227 3.085957184062889 67
1753614128195 3.1107151483012734 68
1753614150046 3.1009272732983377 69
1753614182721 3.0871465364106654 70
1753614204832 3.0980448143287393 71
1753614242950 3.0523335390177997 72
1753614265162 3.0805107001078804 73
1753614287524 3.065234214126702 74
1753614312625 3.077877479488255 75
1753614343049 3.0503522738218805 76
1753614365310 3.061021416182048 77
1753614391158 3.0411945936582057 78
1753614413597 3.041378421978263 79
1753614440795 3.064137783016114 80
1753614463551 3.046155268978464 81
1753614486023 3.0807028990655945 82
1753614508995 3.0632862441894972 83
1753614531027 3.0470396338830086 84
1753614553070 3.0427029227475835 85
1753614579889 3.069329619027252 86
1753614602106 3.0137981251365447 87
1753614625435 3.025343777651217 88
1753614648463 3.055092290191938 89
1753614671104 3.00779927905776 90
1753614695615 3.0141103409572136 91
1753614719952 3.0049552457723987 92
1753614742502 3.01941772240878 93
1753614765402 3.002174881349475 94
1753614788955 3.0059126994429732 95
1753614811014 3.026368472174038 96
1753614846137 2.9883757262804638 97
1753614872871 3.004046271129317 98
1753614901669 3.011346645929195 99
1753614943459 2.9908690211082707 100
