1753655517284 0.039707592623359364 0
1753655548802 0.0746801794317993 1
1753655563162 0.09611231101511879 2
1753655579000 0.1210333942515368 3
1753655593457 0.13922578501412194 4
1753655623295 0.15052334274796478 5
1753655643481 0.16946336600764247 6
1753655670513 0.19172620036550922 7
1753655689367 0.20385446087389933 8
1753655703918 0.2137398238910118 9
1753655724266 0.22362518690812427 10
1753655750757 0.23035387938195714 11
1753655778607 0.2411530154510716 12
1753655793469 0.246801794317993 13
1753655822773 0.2572686492772886 14
1753655856886 0.27072603422495434 15
1753655877948 0.26873234756604086 16
1753655896049 0.2716398072769563 17
1753655913139 0.28052832696461205 18
1753655928619 0.2871739491609902 19
1753655945494 0.2827712244558897 20
1753655962273 0.28983219803954147 21
1753655992753 0.2914105333111813 22
1753656018699 0.29348729024754944 23
1753656034316 0.2909951819239076 24
1753656049579 0.2978069446751952 25
1753656078334 0.2971423824555574 26
1753656104419 0.2958963282937365 27
1753656120272 0.3011297557733843 28
1753656147292 0.30686160491776043 29
1753656169140 0.30486791825884696 30
1753656185386 0.30345572354211664 31
1753656201350 0.3037049343744808 32
1753656228647 0.30320651270975246 33
1753656263959 0.3047017777039375 34
1753656281458 0.3108489782355873 35
1753656300343 0.3086891510217644 36
1753656323670 0.31325801628177435 37
1753656356307 0.3119288918424988 38
1753656377511 0.3110981890679515 39
1753656401493 0.31741153015451073 40
1753656417568 0.320069779033062 41
1753656448043 0.31683003821232764 42
1753656463541 0.31815916265160327 43
1753656488446 0.3184914437614222 44
1753656519559 0.31658082737996346 45
1753656534307 0.3166638976574182 46
1753656549106 0.32040206014288086 47
1753656579242 0.32139890347233757 48
1753656607290 0.3211496926399734 49
1753656623047 0.31898986542615054 50
1753656637405 0.31940521681342415 51
1753656667214 0.3204851304203356 52
1753656684634 0.3220634656919754 53
1753656700735 0.32222960624688485 54
1753656719508 0.3245555740156172 55
1753656747668 0.32339259013125105 56
1753656778956 0.3268815417843496 57
1753656807459 0.32580162817743813 58
1753656822751 0.3230603090214321 59
1753656848896 0.3258846984548928 60
1753656870960 0.31965442764578833 61
1753656892852 0.3247217145705267 62
1753656923614 0.32497092540289085 63
1753656944687 0.32837680677853465 64
1753656962000 0.3285429473334441 65
1753656976453 0.3267154012294401 66
1753657005867 0.3294567203854461 67
1753657041745 0.3263000498421665 68
1753657064758 0.3235587306861605 69
1753657079116 0.33037049343744807 70
1753657106823 0.329789001495265 71
1753657135102 0.32962286094035553 72
1753657169748 0.3284598770559894 73
1753657189424 0.3301212826050839 74
1753657209457 0.3295397906629008 75
1753657242492 0.3310350556570859 76
1753657257473 0.3330287423159993 77
1753657287968 0.3314504070443595 78
1753657314998 0.3328626017610899 79
1753657346775 0.3304535637149028 80
1753657370946 0.33219803954145205 81
1753657385547 0.3322811098189068 82
1753657416843 0.3316996178767237 83
1753657431179 0.331616547599269 84
1753657459531 0.330702774547267 85
1753657478769 0.3294567203854461 86
1753657497661 0.3298720717727197 87
1753657519141 0.3312842664894501 88
1753657552196 0.3316996178767237 89
1753657578458 0.33618541285927894 90
1753657592587 0.33518856952982223 91
1753657621086 0.33493935869745806 92
1753657635513 0.3335271639807277 93
1753657662038 0.3338594450905466 94
1753657686497 0.33560392091709584 95
1753657705924 0.3311181259345406 96
1753657736402 0.3364346236916431 97
1753657751299 0.3318657584316332 98
1753657771191 0.33120119621199534 99
1753657792529 0.33585313174946 100
