1753395467444 4.6174739725001475 0
1753395475078 4.5855919410321535 1
1753395481874 4.566225154503097 2
1753395488689 4.536494143623522 3
1753395495584 4.5196600982550565 4
1753395502692 4.492418441766448 5
1753395509982 4.474528344752859 6
1753395517483 4.461344229869353 7
1753395524259 4.443501990199239 8
1753395531104 4.401947886565996 9
1753395538497 4.37860498006427 10
1753395545936 4.371665044309913 11
1753395554207 4.34121830616743 12
1753395561584 4.329159911213026 13
1753395569665 4.303205028959261 14
1753395577049 4.285240395773655 15
1753395583223 4.284816978658233 16
1753395589765 4.278322439626668 17
1753395597501 4.257560277195626 18
1753395604764 4.248337956174375 19
1753395612415 4.247594150789348 20
1753395619749 4.230261717838818 21
1753395626679 4.226454575004674 22
1753395634119 4.211404790693895 23
1753395641989 4.19542767782079 24
1753395648508 4.180923362096952 25
1753395654597 4.191112236497582 26
1753395662385 4.182228255091519 27
1753395669317 4.169318767193237 28
1753395676324 4.1581812252162536 29
1753395682922 4.152574602372008 30
1753395690322 4.1430414014125185 31
1753395697738 4.146388166689381 32
1753395705214 4.142749137615847 33
1753395713146 4.124095374568764 34
1753395719759 4.114580614469592 35
1753395726341 4.1160407303861835 36
1753395733828 4.096459317828688 37
1753395741276 4.104689083814922 38
1753395747562 4.089372840334558 39
1753395753458 4.07902784140083 40
1753395761293 4.083589086817212 41
1753395768820 4.078274427917435 42
1753395775437 4.069885635035235 43
1753395782914 4.081443620960769 44
1753395788839 4.050334188055221 45
1753395795925 4.0658119131708 46
1753395803526 4.059579344044317 47
1753395811487 4.041097511008489 48
1753395818764 4.032569000429343 49
1753395826225 4.026592197063441 50
1753395833479 4.014043107785413 51
1753395841129 4.015807234900195 52
1753395848558 4.018972028900265 53
1753395855924 4.009144108202238 54
1753395863134 4.003631715315538 55
1753395869664 3.993491120176087 56
1753395876946 4.0004474570541735 57
1753395882973 3.993663382209515 58
1753395890739 3.9778265376058934 59
1753395897294 3.9678472936679556 60
1753395904207 3.9621966198343546 61
1753395910054 3.965021577037749 62
1753395916034 3.9845150165720216 63
1753395922734 3.9845354465588443 64
1753395929938 3.953169262223807 65
1753395937308 3.9450066437887616 66
1753395944622 3.9325888935334046 67
1753395952325 3.944520596873615 68
1753395959075 3.9521554732282604 69
1753395965681 3.9451292415234462 70
1753395971851 3.930779502916957 71
1753395979433 3.9127893092352686 72
1753395985975 3.9206527718078594 73
1753395992924 3.9129566974928522 74
1753395999950 3.9268369005978134 75
1753396007313 3.9079425662893765 76
1753396014676 3.915732519022303 77
1753396020480 3.898111614047504 78
1753396027196 3.8949156591700826 79
1753396033853 3.8928428647797766 80
1753396041166 3.895225785093279 81
1753396048675 3.9134327229104557 82
1753396055584 3.90683513929885 83
1753396062891 3.910956440752622 84
1753396068707 3.8977568912225493 85
1753396075436 3.8974880153714935 86
1753396082838 3.8779659393756716 87
1753396090618 3.866607460117781 88
1753396098137 3.88436647203601 89
1753396105353 3.856477069073036 90
1753396111635 3.8863372647145957 91
1753396119470 3.880546558374314 92
1753396125847 3.8826118631491195 93
1753396131656 3.872596956416808 94
1753396138710 3.853486813783345 95
1753396146520 3.8828700586946736 96
1753396153750 3.848700165197397 97
1753396161005 3.850791538924217 98
1753396167627 3.8567182355540397 99
1753396175312 3.8482888617301096 100
