1754595983843 3.6556133142245035 0
1754595998868 7.17268467466078 1
1754596011770 6.144072903409127 2
1754596028763 5.108606816345888 3
1754596044776 7.454329382566545 4
1754596063931 8.333069915763753 5
1754596077977 3.036061688795263 6
1754596096042 6.203320758187919 7
1754596119277 3.25932995403285 8
1754596136179 3.3296078445270503 9
1754596150626 8.152028460202246 10
1754596163054 3.77537873696834 11
1754596182803 9.953010960854543 12
1754596200539 10.00937393369465 13
1754596216908 6.41279583984046 14
1754596236667 6.945534202612006 15
1754596248160 7.737997221241162 16
1754596268152 9.153312848632687 17
1754596284114 3.4589814117821165 18
1754596295118 5.436356106680593 19
1754596315313 3.8606990691356793 20
1754596332904 9.849756371168063 21
1754596357737 7.821835941084057 22
1754596376048 3.471710704698953 23
1754596396926 9.622066534686773 24
1754596407662 6.536392055029814 25
1754596421921 8.255602624422867 26
1754596438989 4.8193421319716 27
1754596448922 3.9204487172179507 28
1754596467463 3.3881732872818793 29
1754596484033 3.3629194435652403 30
1754596498775 5.7459426455166 31
1754596510858 4.329248906770034 32
1754596526912 3.296592630863525 33
1754596544564 7.247368796940324 34
1754596557879 4.309855743166217 35
1754596571234 9.037812655727311 36
1754596594457 6.031450119127266 37
1754596618753 6.4884506987247885 38
1754596634121 3.2336036809714055 39
1754596651373 9.044273801685911 40
1754596663241 5.763208754978415 41
1754596680430 4.100723424804441 42
1754596693734 3.9256991259294884 43
1754596708267 8.41694659111969 44
1754596729456 4.12780563187592 45
1754596744574 4.495834255861668 46
1754596758853 8.471788520655043 47
1754596771886 8.99479951926169 48
1754596795192 2.8975068988184622 49
1754596817600 2.9280620080137516 50
1754596829847 4.990145442997976 51
1754596842842 4.03592940330878 52
1754596859973 8.293834729430337 53
1754596874307 10.635053834610575 54
1754596891480 9.902005381878384 55
1754596906203 8.881857852984641 56
1754596927158 4.0850971001961724 57
1754596938815 6.2261535349789145 58
1754596950527 10.11046767533129 59
1754596968447 7.8738266448103404 60
1754596982914 9.056475190198089 61
1754596997162 3.6465965127433164 62
1754597015909 5.742541387429913 63
1754597028531 8.71133273067334 64
1754597043295 6.682778763522992 65
1754597060802 3.1564544787181394 66
1754597072233 5.341559924481644 67
1754597089509 10.354567134671699 68
1754597099979 4.268977155733016 69
1754597119199 5.005091372040042 70
1754597136539 9.32167149205589 71
1754597160324 9.042024791584302 72
1754597181831 3.3475647158979593 73
1754597200572 4.110487948191864 74
1754597218037 3.206315493629986 75
1754597229292 5.085718372012365 76
1754597246153 8.824323773034827 77
1754597261623 3.314754512996573 78
1754597274533 4.867404881874364 79
1754597298472 4.325167643016525 80
1754597315795 5.676503587021024 81
1754597332926 8.254846507147446 82
1754597354622 7.925560500679417 83
1754597378093 7.065238652689363 84
1754597396601 5.02773229740594 85
1754597412721 9.90755946940047 86
1754597427323 4.620441996718344 87
1754597444176 3.5384155800021655 88
1754597457667 9.48751340006108 89
1754597471546 3.864364589770234 90
1754597490642 3.257013079769751 91
1754597503930 9.526569629999157 92
1754597520702 10.796451659211636 93
1754597536418 9.078436416009598 94
1754597551961 8.698183603634632 95
1754597566142 4.474593401038334 96
1754597579401 3.799016916363467 97
1754597598733 9.15477190575733 98
1754597612519 10.512017182849187 99
1754597627739 9.15022378117457 100
