1753377981704 0.026997840172786176 0
1753377999297 0.049260674530652936 1
1753378016960 0.058315334773218146 2
1753378032636 0.08282106662236252 3
1753378047568 0.1014288087722213 4
1753378065308 0.11380628011297558 5
1753378082552 0.12950656255191892 6
1753378098715 0.14346236916431301 7
1753378116038 0.15235088885196876 8
1753378133016 0.1667220468516365 9
1753378149674 0.1748629340421997 10
1753378166295 0.1829207509553082 11
1753378184620 0.19247383286260175 12
1753378201622 0.20402060142880876 13
1753378215567 0.20883867752118293 14
1753378233794 0.22171457052666557 15
1753378248957 0.22237913274630336 16
1753378263591 0.22570194384449244 17
1753378280353 0.23218142548596113 18
1753378297571 0.23899318823724872 19
1753378312790 0.24214985878052833 20
1753378329119 0.2511214487456388 21
1753378345613 0.25037381624854627 22
1753378358663 0.2571025087223791 23
1753378375234 0.25660408705765075 24
1753378392478 0.26358199036384783 25
1753378409397 0.2636650606413025 26
1753378425278 0.26457883369330454 27
1753378441261 0.27230436949659415 28
1753378457135 0.2752948994849643 29
1753378475527 0.2784515700282439 30
1753378493420 0.27994683502242895 31
1753378508495 0.2812759594617046 32
1753378526963 0.28293736501079914 33
1753378544423 0.28567868416680514 34
1753378560610 0.28825386276790166 35
1753378575815 0.2858448247217146 36
1753378594360 0.29573018773882703 37
1753378608778 0.29564711746137234 38
1753378626838 0.2971423824555574 39
1753378643761 0.3031234424322977 40
1753378661333 0.30478484798139227 41
1753378677725 0.30162817743811265 42
1753378690575 0.2983884366173783 43
1753378707602 0.3052001993686659 44
1753378726583 0.3017943179930221 45
1753378744677 0.30171124771556734 46
1753378761762 0.3079415185246719 47
1753378777028 0.30686160491776043 48
1753378789535 0.3091875726864928 49
1753378808806 0.31043362684831366 50
1753378826386 0.3113473999003157 51
1753378843072 0.31226117295231764 52
1753378853382 0.3129257351719555 53
1753378868260 0.3139225785014122 54
1753378885890 0.31716231932214656 55
1753378902510 0.3157501246054162 56
1753378918301 0.31757767070942017 57
1753378934464 0.3192390762585147 58
1753378952278 0.31815916265160327 59
1753378970733 0.31624854627014454 60
1753378984083 0.3160824057152351 61
1753379002217 0.31525170294068783 62
1753379020688 0.3166638976574182 63
1753379038480 0.3223126765243396 64
1753379056144 0.3233095198537963 65
1753379073133 0.3235587306861605 66
1753379090141 0.3228941684665227 67
1753379099522 0.320069779033062 68
1753379113811 0.32256188735670377 69
1753379130185 0.3241402226283436 70
1753379148158 0.32654926067453066 71
1753379165610 0.3266323309519854 72
1753379182938 0.32405715235088883 73
1753379199776 0.32870908788835357 74
1753379217962 0.32895829872071775 75
1753379235652 0.3250539956803456 76
1753379254125 0.324306363183253 77
1753379268501 0.3274630337265326 78
1753379283969 0.3284598770559894 79
1753379299790 0.32721382289416845 80
1753379317102 0.3268815417843496 81
1753379333408 0.3285429473334441 82
1753379351170 0.3300382123276292 83
1753379367115 0.3291244392756272 84
1753379384772 0.33078584482472173 85
1753379403043 0.3320318989865426 86
1753379420060 0.330702774547267 87
1753379438518 0.3332779531483635 88
1753379450792 0.33153347732181426 89
1753379462029 0.3320318989865426 90
1753379480168 0.330702774547267 91
1753379498636 0.3332779531483635 92
1753379516217 0.3344409370327297 93
1753379529247 0.3366838345240073 94
1753379544761 0.3392590131251038 95
1753379561281 0.33369330453563717 96
1753379577735 0.3360192723043695 97
1753379594498 0.33743146702109983 98
1753379612024 0.3375145372985546 99
1753379625901 0.3344409370327297 100
