1753240812625 0.014371157999667719 0
1753240819071 0.015284931051669712 1
1753240826504 0.015201860774214987 2
1753240834019 0.01786010965276624 3
1753240840975 0.021265991028410036 4
1753240848597 0.027911613224788172 5
1753240855892 0.02990529988370161 6
1753240862945 0.0354710084731683 7
1753240870148 0.04111978734008972 8
1753240877918 0.04078750623027081 9
1753240885146 0.04003987373317827 10
1753240892123 0.04477487954809769 11
1753240898880 0.04950988536301711 12
1753240906249 0.04892839342083403 13
1753240913430 0.05607243728194052 14
1753240920805 0.057401561721216146 15
1753240927649 0.05424489117793654 16
1753240934495 0.06321648114304702 17
1753240941933 0.06014288087722213 18
1753240949263 0.059478318657584316 19
1753240956144 0.0684499086226948 20
1753240962249 0.07193886027579333 21
1753240969998 0.0718557899983386 22
1753240976639 0.07384947665725204 23
1753240984228 0.07243728194052168 24
1753240991216 0.07899983385944509 25
1753240998057 0.08174115301545107 26
1753241005416 0.08165808273799635 27
1753241012381 0.08531317494600432 28
1753241019366 0.08165808273799635 29
1753241026630 0.09112809436783519 30
1753241034149 0.08896826715401229 31
1753241040261 0.09852134906130587 32
1753241046881 0.10034889516530986 33
1753241054165 0.10068117627512876 34
1753241059823 0.10309021432131583 35
1753241066483 0.0976906462867586 36
1753241072685 0.1017610898820402 37
1753241079017 0.1126432962286094 38
1753241085478 0.11579996677188902 39
1753241093052 0.12036883203189899 40
1753241100834 0.12244558896826715 41
1753241108599 0.1222794484133577 42
1753241115807 0.11555075593952484 43
1753241122730 0.1262668217311846 44
1753241128616 0.1263498920086393 45
1753241134556 0.12311015118790497 46
1753241142530 0.12958963282937366 47
1753241149485 0.12809436783518857 48
1753241156886 0.1260176108988204 49
1753241163342 0.12842664894500747 50
1753241170779 0.13017112477155673 51
1753241178001 0.13498920086393087 52
1753241184457 0.14080412028576175 53
1753241191821 0.13299551420501746 54
1753241198052 0.14238245555740156 55
1753241204277 0.13947499584648612 56
1753241210168 0.14196710417012792 57
1753241215871 0.1468682505399568 58
1753241222690 0.15035720219305532 59
1753241229781 0.145289915268317 60
1753241236311 0.13665060641302543 61
1753241243920 0.14678518026250206 62
1753241250782 0.14794816414686826 63
1753241258414 0.1543445755108822 64
1753241265346 0.15442764578833693 65
1753241272425 0.15284931051669712 66
1753241279390 0.14661903970759263 67
1753241287083 0.15301545107160658 68
1753241294168 0.15509220800797474 69
1753241301651 0.15766738660907129 70
1753241308769 0.15351387273633493 71
1753241316003 0.1562551918923409 72
1753241323411 0.15941186243562053 73
1753241331350 0.1643130088054494 74
1753241338490 0.1648945007476325 75
1753241345659 0.1673866090712743 76
1753241353083 0.16406379797308523 77
1753241360462 0.1655590629672703 78
1753241368028 0.17029406878218972 79
1753241375199 0.16979564711746137 80
1753241382425 0.17652433959129424 81
1753241388896 0.17162319322146535 82
1753241395941 0.18217311845821565 83
1753241402094 0.182671540122944 84
1753241409399 0.17652433959129424 85
1753241416750 0.18566207011131416 86
1753241424154 0.18051171290912113 87
1753241431178 0.1860774214985878 88
1753241437569 0.1857451403887689 89
1753241445362 0.17876723708257186 90
1753241451238 0.18491443761422163 91
1753241457587 0.18640970260840672 92
1753241464875 0.18491443761422163 93
1753241472206 0.19214155175278286 94
1753241479021 0.19180927064296394 95
1753241486405 0.1926399734175112 96
1753241494231 0.19222462203023757 97
1753241501876 0.1935537464695132 98
1753241508923 0.19471673035387937 99
1753241516021 0.19380295730187738 100
