1753240812626 4.625401530259795 0
1753240819072 4.579605043811325 1
1753240826505 4.5507907012071165 2
1753240834020 4.515519859611412 3
1753240840976 4.491024219724199 4
1753240848598 4.458167362583941 5
1753240855893 4.450761549559998 6
1753240862946 4.436457990297203 7
1753240870149 4.419323930573994 8
1753240877919 4.400032162766538 9
1753240885147 4.38523188991274 10
1753240892124 4.376420819594009 11
1753240898881 4.366197780231911 12
1753240906250 4.351230670695247 13
1753240913431 4.325188451627064 14
1753240920806 4.313988156456966 15
1753240927650 4.306644757087614 16
1753240934496 4.306245280845469 17
1753240941934 4.298877597606799 18
1753240949264 4.279328446570641 19
1753240956145 4.284305168330644 20
1753240962250 4.270320146161 21
1753240969999 4.260091472193191 22
1753240976640 4.253461499131993 23
1753240984229 4.249314108131412 24
1753240991217 4.240395336654218 25
1753240998058 4.240951857129883 26
1753241005417 4.242204720656278 27
1753241012382 4.228871033691768 28
1753241019367 4.227436776820628 29
1753241026631 4.210804692633566 30
1753241034150 4.193479356669537 31
1753241040262 4.191891392372696 32
1753241046882 4.20398333649918 33
1753241054166 4.189267089558329 34
1753241059824 4.193190098510364 35
1753241066484 4.197432874580951 36
1753241072686 4.163291426905568 37
1753241079018 4.171919313986395 38
1753241085478 4.170677141313445 39
1753241093053 4.159110440833071 40
1753241100835 4.171141610570493 41
1753241108600 4.162914855783854 42
1753241115808 4.155941895749099 43
1753241122731 4.154182085624108 44
1753241128617 4.147368117208589 45
1753241134557 4.149203327384602 46
1753241142531 4.149912602313179 47
1753241149486 4.123567360747306 48
1753241156887 4.128628271875787 49
1753241163343 4.143512412724048 50
1753241170780 4.12207383000084 51
1753241178002 4.1093122482600455 52
1753241184458 4.122537354252428 53
1753241191822 4.114475899005247 54
1753241198053 4.112547373611319 55
1753241204278 4.119657625165893 56
1753241210169 4.108253008380263 57
1753241215872 4.105839109811627 58
1753241222691 4.096067071211544 59
1753241229782 4.0815852233570835 60
1753241236312 4.084206704809767 61
1753241243920 4.0768773995211465 62
1753241250783 4.0818026726764005 63
1753241258415 4.100313710084028 64
1753241265347 4.081099750665919 65
1753241272426 4.07900462174626 66
1753241279391 4.07706247660331 67
1753241287084 4.071001455356916 68
1753241294169 4.083901924363401 69
1753241301652 4.080686528775911 70
1753241308770 4.080072046278303 71
1753241316004 4.0450772942741064 72
1753241323412 4.0460405646627216 73
1753241331351 4.043072850952734 74
1753241338491 4.050988969005122 75
1753241345660 4.045305583621334 76
1753241353084 4.053575559567383 77
1753241360463 4.048978488602624 78
1753241368029 4.034106051811604 79
1753241375200 4.035652537965233 80
1753241382426 4.041604090959598 81
1753241388897 4.0332220450525975 82
1753241395942 4.027788636337664 83
1753241402095 4.0410631946928115 84
1753241409400 4.0489999858608465 85
1753241416751 4.0223513706334755 86
1753241424155 4.03172653908487 87
1753241431179 4.018800110414079 88
1753241437570 4.028469041447121 89
1753241445363 4.002644280818091 90
1753241451239 4.004711810832967 91
1753241457588 4.005887226579369 92
1753241464876 4.007930753811311 93
1753241472207 4.017039134578576 94
1753241479022 4.01570376394275 95
1753241486406 4.01913835457164 96
1753241494232 4.000757661873976 97
1753241501877 4.00450087062147 98
1753241508924 4.017526890911841 99
1753241516022 4.01125686694314 100
