1751196689274 0.05457717228775544 0
1751196753510 0.08838677521182921 1
1751196818997 0.11256022595115468 2
1751196885958 0.14171789333776375 3
1751196952181 0.1627346735338096 4
1751197019092 0.1786010965276624 5
1751197084496 0.20950323974082075 6
1751197150538 0.22021930553248048 7
1751197215693 0.22794484133577006 8
1751197284566 0.23392590131251037 9
1751197349275 0.2507060973583652 10
1751197415257 0.2585147034391095 11
1751197483367 0.2752948994849643 12
1751197548214 0.27571025087223794 13
1751197614769 0.28335271639807275 14
1751197680324 0.2927396577504569 15
1751197745043 0.2852633327795315 16
1751197808530 0.29880378800465196 17
1751197875614 0.3046187074264828 18
1751197941650 0.30669546436285094 19
1751198006982 0.3077753779697624 20
1751198073489 0.31840837348396744 21
1751198140872 0.3123442432297724 22
1751198206297 0.32123276291742814 23
1751198272834 0.3230603090214321 24
1751198337356 0.322478817079249 25
1751198405377 0.3361023425818242 26
1751198472642 0.3483967436451238 27
1751198539111 0.3444093703272969 28
1751198604410 0.3434125269978402 29
1751198672712 0.3518026250207676 30
1751198741043 0.3536301711247716 31
1751198807817 0.356537630835687 32
1751198874045 0.3575344741651437 33
1751198940876 0.36110649609569695 34
1751199007198 0.3593620202691477 35
1751199073792 0.3617710583153348 36
1751199140165 0.3661737830204353 37
1751199206436 0.37257019438444927 38
1751199271438 0.3773882704768234 39
1751199334666 0.3789666057484632 40
1751199400161 0.38403389267320154 41
1751199469221 0.3833693304535637 42
1751199533348 0.3777205515866423 43
1751199599217 0.3775544110317329 44
1751199665716 0.38187406545937863 45
1751199732842 0.3899318823724871 46
1751199797479 0.3905133743146702 47
1751199862084 0.3835354710084732 48
1751199926695 0.3882704768233926 49
1751199994042 0.38876889848812096 50
1751200034154 0.3866921415517528 51
1751200072530 0.3839508223957468 52
1751200111227 0.3925070609735837 53
1751200148767 0.3910948662568533 54
1751200188282 0.39616215318159165 55
1751200226710 0.3960790829041369 56
1751200265667 0.39242399069612893 57
1751200302978 0.39657750456886526 58
1751200341510 0.3930885529157667 59
1751200380386 0.3908456554244891 60
1751200416911 0.39242399069612893 61
1751200456163 0.39275627180594785 62
1751200495326 0.3982389101179598 63
1751200533679 0.4022262834357867 64
1751200570835 0.3999003156670543 65
1751200608720 0.3986542615052334 66
1751200647036 0.39342083402558564 67
1751200685255 0.395746801794318 68
1751200721913 0.4024754942681509 69
1751200759920 0.39699285595613887 70
1751200798015 0.39666057484632 71
1751200835809 0.395746801794318 72
1751200874583 0.39682671540122944 73
1751200913837 0.39666057484632 74
1751200952693 0.40613058647615885 75
1751200990984 0.4076258514703439 76
1751201029501 0.39956803455723544 77
1751201068573 0.40314005648778867 78
1751201107486 0.40712742980561556 79
1751201145433 0.40812427313507227 80
1751201184047 0.4030569862103339 81
1751201223235 0.4066290081408872 82
1751201262688 0.40596444592124936 83
1751201300946 0.40961953812925733 84
1751201339696 0.4048014620368832 85
1751201377022 0.4103671706263499 86
1751201415456 0.4103671706263499 87
1751201455427 0.41194550589798967 88
1751201494133 0.4104502409038046 89
1751201532513 0.4090380461870743 90
1751201571145 0.4116132247881708 91
1751201609789 0.41177936534308024 92
1751201649364 0.41020103007144043 93
1751201687492 0.4122777870078086 94
1751201725878 0.4130254195049011 95
1751201764462 0.4103671706263499 96
1751201803237 0.41053331118125935 97
1751201841915 0.41576673866090713 98
1751201880951 0.42075095530819073 99
1751201920076 0.4165974414354544 100
1751201947563 0.4137730520019937 101
1751201974135 0.41593287921581656 102
1751202001686 0.41277620867253695 103
1751202028697 0.4169297225452733 104
1751202057229 0.418840338926732 105
1751202084652 0.41435454394417676 106
1751202112349 0.41634823060309023 107
1751202139938 0.40928725701943847 108
1751202166895 0.4088719056321648 109
1751202194251 0.4084565542448912 110
1751202221708 0.4104502409038046 111
1751202248723 0.4080412028576175 112
1751202276766 0.4131915600598106 113
1751202304322 0.4068782189732514 114
1751202332225 0.4067120784183419 115
1751202360272 0.4068782189732514 116
1751202388408 0.4058813756437947 117
1751202416001 0.4035554078750623 118
1751202443501 0.4028908456554245 119
1751202471355 0.4082904136899817 120
1751202499313 0.4097026084067121 121
1751202526860 0.4114470842332613 122
1751202554254 0.41177936534308024 123
1751202582190 0.41310848978235587 124
1751202609889 0.4090380461870743 125
1751202637788 0.4101179597939857 126
1751202665281 0.41094866256853296 127
1751202692102 0.40795813258016284 128
1751202720090 0.41153015451071606 129
1751202747819 0.41593287921581656 130
1751202776044 0.4154344575510882 131
1751202803901 0.4152683169961788 132
1751202831099 0.4084565542448912 133
1751202859058 0.4150191061638146 134
1751202886599 0.4137730520019937 135
1751202914523 0.4131915600598106 136
1751202942391 0.41177936534308024 137
1751202970095 0.41177936534308024 138
1751202997843 0.4104502409038046 139
1751203025408 0.41119787340089714 140
1751203053053 0.41676358199036384 141
1751203080705 0.41551752782854295 142
1751203107992 0.41493603588635986 143
1751203135966 0.4116132247881708 144
1751203163453 0.40770892174779866 145
1751203189477 0.40795813258016284 146
1751203216356 0.40654593786343246 147
1751203243926 0.4068782189732514 148
1751203271234 0.4060475161987041 149
1751203297596 0.4047183917594285 150
1751203313775 0.403638478152517 151
1751203330137 0.40696128925070607 152
1751203346316 0.4048014620368832 153
1751203362758 0.40297391593287923 154
1751203378843 0.4041368998172454 155
1751203394987 0.40438611064960955 156
1751203411244 0.40338926732015284 157
1751203427571 0.403638478152517 158
1751203444121 0.40621365675361354 159
1751203460971 0.4020601428808772 160
1751203477370 0.4026416348230603 161
1751203493910 0.4008140887190563 162
1751203510348 0.4004818076092374 163
1751203527036 0.40039873733178266 164
1751203543508 0.4014786509386941 165
1751203560263 0.4016447914936036 166
1751203576775 0.40122944010632994 167
1751203593418 0.40056487788669215 168
1751203609862 0.39998338594450905 169
1751203626643 0.4028908456554245 170
1751203643287 0.4033061970426981 171
1751203659631 0.403638478152517 172
1751203676017 0.4041368998172454 173
1751203692858 0.40297391593287923 174
1751203709315 0.400315667054328 175
1751203725911 0.39798969928559563 176
1751203742459 0.3963282937365011 177
1751203759218 0.39591294234922747 178
1751203775853 0.39898654261505234 179
1751203792239 0.39956803455723544 180
1751203808820 0.39965110483469013 181
1751203825418 0.3940853962452235 182
1751203841801 0.398488120950324 183
1751203858449 0.4001495264994185 184
1751203875198 0.3997341751121449 185
1751203891872 0.4014786509386941 186
1751203908093 0.39715899651104836 187
1751203924587 0.3964944342914105 188
1751203941039 0.39275627180594785 189
1751203957735 0.3952483801295896 190
1751203973924 0.39541452068449906 191
1751203990336 0.39882040206014285 192
1751204007027 0.39931882372487126 193
1751204023866 0.3967436451237747 194
1751204040349 0.3967436451237747 195
1751204056822 0.3950822395746802 196
1751204073705 0.39591294234922747 197
1751204090260 0.395746801794318 198
1751204106684 0.39666057484632 199
1751204123292 0.3963282937365011 200
