1753664074613 4.516904059527034 0
1753664100208 4.339507672372137 1
1753664133955 4.153638268045911 2
1753664160968 3.974784424375305 3
1753664194573 3.844567753525802 4
1753664228240 3.715259030314763 5
1753664243246 3.621263894058965 6
1753664261447 3.5620296899058577 7
1753664287547 3.484651246226016 8
1753664317870 3.4277051791009305 9
1753664336140 3.378269302169008 10
1753664358482 3.362097614029507 11
1753664385737 3.2966409604852234 12
1753664402055 3.2522510355624927 13
1753664430170 3.253456385976526 14
1753664454263 3.2082141807174605 15
1753664469989 3.2088761894516824 16
1753664499052 3.1960988364588343 17
1753664530937 3.171057272522388 18
1753664557346 3.152991776294004 19
1753664587465 3.1580396166753757 20
1753664606323 3.136872881930302 21
1753664637724 3.144983670063711 22
1753664665216 3.1405708615713523 23
1753664695536 3.12070143158577 24
1753664724744 3.119096956428411 25
1753664749159 3.1152763593069652 26
1753664764926 3.1226405256848175 27
1753664788245 3.106369770958873 28
1753664802139 3.1068188226055864 29
1753664824532 3.110757904618723 30
1753664846072 3.09801028712845 31
1753664876503 3.121136476197086 32
1753664893126 3.1086108041535514 33
1753664909360 3.1206277973745675 34
1753664936685 3.088242623403896 35
1753664952841 3.1172721538522 36
1753664967159 3.095880679335647 37
1753664982338 3.084321436977556 38
1753665007336 3.08993132785976 39
1753665029590 3.082999146350709 40
1753665051949 3.060737030124235 41
1753665067648 3.092868728960351 42
1753665087267 3.0855036995000087 43
1753665113011 3.05459948731257 44
1753665127611 3.083320457071259 45
1753665142103 3.079492074715141 46
1753665163847 3.063433667042685 47
1753665184279 3.0519222221749427 48
1753665212758 3.0528481300560895 49
1753665235441 3.0500920797540543 50
1753665250040 3.0606954561370663 51
1753665266877 3.065490885674143 52
1753665281487 3.06269856594888 53
1753665295771 3.069467274576182 54
1753665310510 3.038430135711937 55
1753665340810 3.039323176910349 56
1753665355774 3.0558485471384125 57
1753665377306 3.057027202572726 58
1753665409397 3.062226259813171 59
1753665440205 3.0500870506137105 60
1753665470223 3.0500490101193454 61
1753665492017 3.025411520624889 62
1753665511453 3.0469809259660425 63
1753665527324 3.026464244350401 64
1753665545464 3.0313740225236367 65
1753665573663 3.026306906282016 66
1753665592108 3.008265929376513 67
1753665624536 3.02886176398669 68
1753665656088 3.0283618244847434 69
1753665686929 3.02306538552738 70
1753665713240 3.023940980054016 71
1753665745767 3.0179066813922524 72
1753665774606 3.012771949421464 73
1753665797178 3.0017608811065077 74
1753665815978 3.0110880490762715 75
1753665843834 2.9959465201354023 76
1753665872733 2.991697137336223 77
1753665887395 2.998925779944784 78
1753665914728 3.004208698708172 79
1753665930080 3.022623724354613 80
1753665956235 2.9974731434012685 81
1753665972895 2.997118500803624 82
1753666003101 2.995735306988877 83
1753666019834 3.005917462292489 84
1753666048154 2.990306249835871 85
1753666067268 2.988616269667245 86
1753666095104 2.9748846690452457 87
1753666109771 2.9846915114584465 88
1753666138670 2.9917684443034647 89
1753666171122 2.9778664595357642 90
1753666198165 2.9793803837617263 91
1753666220632 2.9684138232399713 92
1753666235180 2.9730982572732048 93
1753666252574 2.9628094659611928 94
1753666279712 2.9668273676555508 95
1753666294511 2.971613571248897 96
1753666308729 2.965706891808008 97
1753666340762 2.9607150898827346 98
1753666371652 2.971246063807478 99
1753666401352 2.982183603867249 100
