1754365693701 0.1871738889094475 0
1754365736440 0.27515449802020503 1
1754365772324 0.34833290160233876 2
1754365808215 0.3678903156570329 3
1754365848491 0.391481330718277 4
1754365892013 0.39675461643784926 5
1754365932864 0.4075417237168338 6
1754365971486 0.42893091070569517 7
1754366010000 0.4362209969285423 8
1754366045977 0.43573992524886207 9
1754366083522 0.43059615882766533 10
1754366122195 0.45479776486696516 11
1754366160317 0.4718017984679717 12
1754366195892 0.47616844909891576 13
1754366232146 0.48545683306812715 14
1754366270544 0.4852533027421086 15
1754366306899 0.48580838544943195 16
1754366342148 0.4928764385893498 17
1754366377338 0.493783073677978 18
1754366420806 0.5048847278244458 19
1754366461768 0.5052362802057506 20
1754366508459 0.49217333382674017 21
1754366552109 0.5030344521333678 22
1754366589776 0.501091662657736 23
1754366625044 0.49985197794471375 24
1754366664942 0.514783702771713 25
1754366700573 0.49276542204788515 26
1754366736452 0.5119157754505421 27
1754366781225 0.5118602671798098 28
1754366820736 0.4984457684194945 29
1754366853469 0.5149687303408208 30
1754366889014 0.5181327017725641 31
1754366924962 0.5124708581578655 32
1754366964486 0.5248121970173556 33
1754367009611 0.5227953965140806 34
1754367048028 0.5231099433815638 35
1754367085300 0.5215372090441476 36
1754367125781 0.5155608185619658 37
1754367160956 0.52586685416127 38
1754367200316 0.5184657513969582 39
1754367239322 0.5273840802279539 40
1754367285303 0.5312141509084853 41
1754367323032 0.5257373348628945 42
1754367359534 0.5298079413832661 43
1754367397651 0.5279946712060097 44
1754367437999 0.5204825519002332 45
1754367475456 0.5351367353735706 46
1754367512726 0.5223698331051326 47
1754367547584 0.5332124486548496 48
1754367583800 0.5263849313547718 49
1754367620782 0.5285682566702439 50
1754367657183 0.5314361839914147 51
1754367699394 0.5338600451467269 52
1754367736848 0.534433630610961 53
1754367776870 0.5289013062946379 54
1754367814962 0.5300484772231062 55
1754367858979 0.5378751433963661 56
1754367900671 0.5308811012840914 57
1754367941118 0.5283277208304037 58
1754367978077 0.5327128742182585 59
1754368020992 0.5370055138215594 60
1754368064756 0.538041668208563 61
1754368102556 0.5345446471524257 62
1754368138106 0.5380971764792954 63
1754368180833 0.5325278466491508 64
1754368221107 0.5185212596676905 65
1754368259117 0.531824741886541 66
1754368298784 0.5280686822336528 67
1754368339913 0.53796765718092 68
1754368376928 0.5362654035451282 69
1754368416375 0.5277911408799911 70
1754368453959 0.5343781223402287 71
1754368490178 0.5307700847426267 72
1754368529320 0.5314731895052363 73
1754368574781 0.5342301002849424 74
1754368611256 0.5281241905043852 75
1754368650978 0.5352477519150354 76
1754368687500 0.5324538356215076 77
1754368730733 0.5357103208378048 78
1754368777604 0.5385782481589757 79
1754368816173 0.5385227398882434 80
1754368852855 0.532176294267846 81
1754368890490 0.5389112977833698 82
1754368926173 0.5378566406394553 83
1754368964589 0.5406875624468046 84
1754369007739 0.5355993042963402 85
1754369047703 0.5318617474003626 86
1754369084529 0.540317507308589 87
1754369121566 0.5377456240979906 88
1754369156201 0.5395403915183362 89
1754369193468 0.5392443474077637 90
1754369234506 0.5364874366280575 91
1754369275554 0.5407060652037153 92
1754369311684 0.5308070902564482 93
1754369349351 0.5434999814972431 94
1754369389192 0.5380601709654739 95
1754369427073 0.5348961995337306 96
1754369463902 0.5335825037930652 97
1754369498073 0.5377641268549014 98
1754369541727 0.5436665063094401 99
1754369583357 0.5375976020427043 100
