1754365693702 2.187663820120559 0
1754365736441 2.0107068319142787 1
1754365772326 1.8631267663132733 2
1754365808217 1.8089558641007037 3
1754365848492 1.8297738434197948 4
1754365892014 1.7816357700339405 5
1754365932865 1.7759637575302538 6
1754365971488 1.7435862629531205 7
1754366010001 1.7552423649534294 8
1754366045978 1.7738742702444614 9
1754366083524 1.7961936495473205 10
1754366122196 1.7199943119575405 11
1754366160318 1.6863830615925592 12
1754366195893 1.7107991347467366 13
1754366232148 1.6831571977539055 14
1754366270546 1.6789641431331204 15
1754366306900 1.6925291636776612 16
1754366342150 1.6889355261029015 17
1754366377339 1.6778326506444812 18
1754366420807 1.6556055077932135 19
1754366461770 1.6735773601958903 20
1754366508460 1.709789433461636 21
1754366552110 1.7141342569443527 22
1754366589778 1.7406989817108822 23
1754366625046 1.7319306755652533 24
1754366664943 1.704691307300548 25
1754366700574 1.8044655387217265 26
1754366736453 1.715097758152024 27
1754366781226 1.7490005306716316 28
1754366820738 1.8148086968145414 29
1754366853471 1.764081728036939 30
1754366889016 1.7636394659462182 31
1754366924963 1.7344375108946262 32
1754366964487 1.6977292206683743 33
1754367009612 1.7410945839425216 34
1754367048029 1.7632065609745358 35
1754367085301 1.7765920399740691 36
1754367125782 1.7929466827417115 37
1754367160958 1.7702622553492238 38
1754367200318 1.8261785712852832 39
1754367239323 1.7513539155880447 40
1754367285305 1.7463818464724985 41
1754367323033 1.7935870608091797 42
1754367359535 1.7792998372254878 43
1754367397652 1.7900847463276646 44
1754367438000 1.8473916672549415 45
1754367475458 1.7789950261398038 46
1754367512727 1.8443485322810234 47
1754367547585 1.7836431065089158 48
1754367583801 1.8389237062429686 49
1754367620783 1.8231772871205818 50
1754367657185 1.8230994037286772 51
1754367699395 1.825983883956929 52
1754367736849 1.816429248266605 53
1754367776872 1.8395143825443092 54
1754367814963 1.8723673340573428 55
1754367858981 1.8190088010097105 56
1754367900672 1.8621943288065141 57
1754367941119 1.8709300372724156 58
1754367978078 1.846892681835555 59
1754368020993 1.8728541346234628 60
1754368064758 1.8103147436350462 61
1754368102557 1.8325476712106408 62
1754368138107 1.8807267371918082 63
1754368180834 1.9047559367375337 64
1754368221109 1.9587711360832596 65
1754368259118 1.9372844933610613 66
1754368298785 1.955503925238076 67
1754368339914 1.9043680267608747 68
1754368376929 1.926382552103331 69
1754368416377 1.9370938657652592 70
1754368453960 1.9345820955671122 71
1754368490180 1.9357247070644144 72
1754368529321 1.9228601042400957 73
1754368574783 1.9483354925260747 74
1754368611258 1.999622306227321 75
1754368650979 1.9631381483136114 76
1754368687501 1.9278233243817748 77
1754368730734 1.9245366734312055 78
1754368777605 1.8852639377775233 79
1754368816174 1.8857567452615451 80
1754368852856 1.94659169149875 81
1754368890491 1.9365369248378133 82
1754368926174 1.9889646428240277 83
1754368964591 1.9389465432378998 84
1754369007741 1.9495626165164726 85
1754369047704 2.0509433901715908 86
1754369084530 1.9305356759579717 87
1754369121567 1.9381248296121067 88
1754369156202 1.9580749038371015 89
1754369193470 1.9386072193049986 90
1754369234508 1.940090389467987 91
1754369275556 1.9124994159911959 92
1754369311685 1.9953718403853462 93
1754369349352 1.9422172358844947 94
1754369389193 1.9407990142215765 95
1754369427075 2.0291501177230002 96
1754369463904 2.0168537750038467 97
1754369498074 1.9488031327149526 98
1754369541728 1.9589240523449747 99
1754369583359 1.9782444053725765 100
