1749148798743 0.17977278614513562 0
1749148827105 0.18051289642156682 1
1749148855199 0.21255967139103726 2
1749148882569 0.2776893757169818 3
1749148909541 0.3169522258816564 4
1749148936684 0.2814454353698701 5
1749148964662 0.32881249306146615 6
1749148991676 0.3513673537357066 7
1749149018365 0.32335417977278613 8
1749149046005 0.33519594419568516 9
1749149073915 0.35541945749916737 10
1749149100755 0.3766421196758317 11
1749149128006 0.37506938533841544 12
1749149153356 0.3671687081375125 13
1749149182432 0.36467083595455724 14
1749149210488 0.3423935166339785 15
1749149236723 0.3479628464641232 16
1749149263045 0.37075824297820376 17
1749149289478 0.3829330570254968 18
1749149316239 0.39492284350368206 19
1749149344200 0.3660030344521334 20
1749149372938 0.3927765237020316 21
1749149400307 0.38211893572142247 22
1749149427837 0.3893535136735374 23
1749149456516 0.38452429411982386 24
1749149482010 0.3822114495059764 25
1749149508597 0.42445324353328645 26
1749149536595 0.4360174666025238 27
1749149564097 0.4252118565666284 28
1749149590483 0.414831809939681 29
1749149617993 0.4288939051918736 30
1749149646525 0.4256929282463087 31
1749149675713 0.4282463086999963 32
1749149703353 0.42263997335603004 33
1749149730917 0.42363912222921213 34
1749149760083 0.39161085001665247 35
1749149788734 0.4181808089405321 36
1749149816973 0.43059615882766533 37
1749149843473 0.431798838026866 38
1749149869587 0.43366761647485474 39
1749149897650 0.4410132109684343 40
1749149923687 0.4463605077156496 41
1749149952174 0.4357029197350405 42
1749149979913 0.43331606409354995 43
1749150005946 0.45294748917588723 44
1749150033819 0.44717462901972393 45
1749150060510 0.4451208230026274 46
1749150087332 0.46893387114680085 47
1749150115600 0.4588498686304259 48
1749150142370 0.4500425563408948 49
1749150168735 0.42904192724715984 50
