1749148798743 2.2309819604895695 0
1749148827106 2.1615323892165645 1
1749148855199 2.1005795818681503 2
1749148882569 1.985572933379052 3
1749148909542 1.8844448327935217 4
1749148936685 1.8822235763722919 5
1749148964663 1.8211736824583173 6
1749148991677 1.7710418684964588 7
1749149018366 1.7758437547668338 8
1749149046006 1.7603618897593418 9
1749149073916 1.707117617586628 10
1749149100755 1.682702725118708 11
1749149128006 1.6908450705574414 12
1749149153356 1.684757793576395 13
1749149182432 1.6762555773659464 14
1749149210489 1.7179757917343859 15
1749149236724 1.675609838617666 16
1749149263046 1.6640347515307061 17
1749149289479 1.6354651566055345 18
1749149316240 1.621000912019556 19
1749149344200 1.6483614671537867 20
1749149372938 1.6092687909395467 21
1749149400308 1.6372819971064172 22
1749149427837 1.6083328574017735 23
1749149456517 1.6204454425116834 24
1749149482010 1.638912470279827 25
1749149508598 1.5465843279363605 26
1749149536596 1.518689162278639 27
1749149564098 1.5342390868169935 28
1749149590483 1.5505124919984596 29
1749149617994 1.529250353540181 30
1749149646526 1.534058339067205 31
1749149675714 1.5206813324184232 32
1749149703354 1.5305779087801255 33
1749149730917 1.527175210023235 34
1749149760083 1.5835687923419504 35
1749149788735 1.5352746945462765 36
1749149816974 1.5176937170432154 37
1749149843473 1.5095385314499905 38
1749149869588 1.5001170824746302 39
1749149897651 1.4885794973794912 40
1749149923688 1.4779066343917842 41
1749149952175 1.4999397721021095 42
1749149979914 1.5012032989704505 43
1749150005947 1.4713029845906689 44
1749150033820 1.4677741099945005 45
1749150060511 1.4723049524047414 46
1749150087333 1.4513757663696119 47
1749150115601 1.4419232773455017 48
1749150142370 1.463377206913308 49
1749150168735 1.5074927259816864 50
