1754377916839 0.1967583169892314 0
1754377954391 0.24501350701254487 1
1754377994772 0.3231321466898568 2
1754378031926 0.3354549827924361 3
1754378075087 0.28681123487399623 4
1754378114916 0.39718017984679715 5
1754378161687 0.4192909743551789 6
1754378200372 0.3954594234540947 7
1754378243023 0.4090219442696962 8
1754378279951 0.4239351663397846 9
1754378322369 0.4166080746031159 10
1754378359720 0.4450838174888058 11
1754378403497 0.4531510195019058 12
1754378450865 0.4609961884320764 13
1754378493972 0.4452133367871813 14
1754378533138 0.4659734300410761 15
1754378576202 0.4553343448173778 16
1754378614445 0.47439218443548087 17
1754378657109 0.4706361247825926 18
1754378694925 0.4776301668948673 19
1754378740095 0.47039558894275246 20
1754378778905 0.48564186063723497 21
1754378822155 0.49191429522998925 22
1754378866751 0.4886023017429597 23
1754378909403 0.4873256115161159 24
1754378954351 0.4923213558820264 25
1754378998577 0.5003330496243941 26
1754379034871 0.49611442104873626 27
1754379081680 0.49702105613736447 28
1754379119245 0.4994264145357658 29
1754379162301 0.4977241608999741 30
1754379204500 0.5025903859675092 31
1754379246825 0.5045516782000518 32
1754379291327 0.5042926396033008 33
1754379333313 0.5074566110350442 34
1754379371435 0.5015912370943271 35
1754379413318 0.5181697072863857 36
1754379452397 0.5095844280797839 37
1754379492909 0.5138400621692633 38
1754379533926 0.513858564926174 39
1754379573817 0.5156163268326981 40
1754379613523 0.5175961218221515 41
1754379660464 0.5156718351034304 42
1754379697417 0.5160603929985568 43
1754379750471 0.5119527809643637 44
1754379789161 0.512433852644044 45
1754379833143 0.5066979980017022 46
1754379869575 0.513433001517226 47
1754379913512 0.5166154757058802 48
1754379949998 0.5173185804684898 49
1754379992931 0.5174110942530437 50
1754380037199 0.5204825519002332 51
1754380083983 0.5086962957480664 52
1754380132056 0.5156348295896088 53
1754380179509 0.5093808977537653 54
1754380220852 0.5048292195537135 55
1754380260260 0.50830773785294 56
1754380303399 0.5188913148059061 57
1754380344417 0.522425341375865 58
1754380387571 0.5217037338563446 59
1754380434100 0.5080486992561891 60
1754380476068 0.5144876586611405 61
1754380522192 0.5230359323539208 62
1754380564270 0.5216852310994338 63
1754380608071 0.5153757909928579 64
1754380652444 0.511175665174111 65
1754380696100 0.5191133478888355 66
1754380746703 0.5176886356067054 67
1754380790483 0.5186322762091552 68
1754380834553 0.5125818746993303 69
1754380881235 0.5112496762017541 70
1754380921785 0.5078821744439922 71
1754380965212 0.5161344040261999 72
1754381007338 0.5218147503978092 73
1754381053628 0.5058098656699849 74
1754381093548 0.5185212596676905 75
1754381137536 0.5176146245790623 76
1754381179009 0.5036635458683344 77
1754381221002 0.5119527809643637 78
1754381268475 0.5184287458831366 79
1754381310166 0.5161159012692891 80
1754381353542 0.5022573363431151 81
1754381395414 0.5000925137845539 82
1754381438321 0.5005365799504126 83
1754381479786 0.5162269178107538 84
1754381525560 0.511175665174111 85
1754381566191 0.5145431669318729 86
1754381611184 0.5151352551530178 87
1754381656948 0.5195019057839618 88
1754381708757 0.513358990489583 89
1754381751864 0.5116567368537912 90
1754381792300 0.5145431669318729 91
1754381843617 0.5058283684268956 92
1754381887954 0.5153387854790363 93
1754381933068 0.5108426155497169 94
1754381980117 0.5099359804610887 95
1754382023046 0.5084187543944048 96
1754382071797 0.5080116937423677 97
1754382114242 0.5206860822262517 98
1754382162800 0.5159493764570922 99
1754382206263 0.5120637975058284 100
