1752686540197 0.02541950490114637 0
1752686555595 0.061056653929224124 1
1752686572561 0.079332114969264 2
1752686588093 0.10192723043694966 3
1752686603931 0.11355706928061139 4
1752686619601 0.12801129755773386 5
1752686636510 0.14994185080578168 6
1752686653262 0.1612394085396245 7
1752686669211 0.17502907459710915 8
1752686685279 0.18690812427313508 9
1752686701272 0.2006977903306197 10
1752686717870 0.20792490446918094 11
1752686733736 0.21257684000664562 12
1752686749759 0.22478817079249044 13
1752686766040 0.2286924738328626 14
1752686783204 0.24098687489616216 15
1752686798925 0.24032231267652435 16
1752686814407 0.2463864429307194 17
1752686830537 0.2536966273467353 18
1752686846082 0.2608406712078418 19
1752686862169 0.26374813091875726 20
1752686877939 0.26748629340422 21
1752686894311 0.26491111480312346 22
1752686909814 0.2777870078086061 23
1752686925963 0.2718890181093205 24
1752686941821 0.28169131084897825 25
1752686959114 0.2800299052998837 26
1752686975887 0.2793653430802459 27
1752686992171 0.28833693304535635 28
1752687007555 0.29606246884864595 29
1752687024496 0.2947333444093703 30
1752687040575 0.29705931217810266 31
1752687056296 0.29905299883701614 32
1752687072193 0.2980561555075594 33
1752687088762 0.29631167968101013 34
1752687104689 0.3043694965941186 35
1752687120316 0.3055324804784848 36
1752687136056 0.31043362684831366 37
1752687152044 0.3095198537963117 38
1752687168659 0.3101013457384948 39
1752687186014 0.32056820069779035 40
1752687202574 0.31599933543778036 41
1752687219880 0.3149194218308689 42
1752687236272 0.31641468682505397 43
1752687251920 0.32056820069779035 44
1752687268112 0.32056820069779035 45
1752687285431 0.32040206014288086 46
1752687301338 0.32580162817743813 47
1752687318142 0.3223126765243396 48
1752687334007 0.32679847150689484 49
1752687349863 0.32438943346070775 50
1752687366546 0.32870908788835357 51
1752687382297 0.32937365010799136 52
1752687397936 0.3297059312178103 53
1752687414228 0.3297059312178103 54
1752687430448 0.3335271639807277 55
1752687446730 0.33394251536800135 56
1752687464239 0.33709918591128096 57
1752687480570 0.33577006147200533 58
1752687497359 0.3324472503738162 59
1752687513486 0.33809602924073767 60
1752687529100 0.3370161156338262 61
1752687545206 0.3364346236916431 62
1752687560941 0.3351054992523675 63
1752687576372 0.3391759428476491 64
1752687592182 0.3436617378302044 65
1752687607625 0.3429141053331118 66
1752687623342 0.342249543113474 67
1752687640176 0.3415849808938362 68
1752687656743 0.3388436617378302 69
1752687673670 0.3434955972752949 70
1752687690607 0.3459877055989367 71
1752687706681 0.3459877055989367 72
1752687722445 0.34499086226948 73
1752687738575 0.3480644625353049 74
1752687754549 0.3464030569862103 75
1752687770480 0.34715068948330285 76
1752687785908 0.3488120950323974 77
1752687801661 0.34715068948330285 78
1752687818741 0.35030736002658247 79
1752687835856 0.34789832198039544 80
1752687853224 0.34706761920584817 81
1752687869939 0.3490613058647616 82
1752687886129 0.35213490613058646 83
1752687901983 0.3513872736334939 84
1752687918655 0.35238411696295063 85
1752687935337 0.3518026250207676 86
1752687951545 0.35271639807276955 87
1752687967871 0.3547931550091377 88
1752687983575 0.3533809602924074 89
1752687999644 0.3557899983385944 90
1752688015404 0.35512543611895664 91
1752688031275 0.35512543611895664 92
1752688047222 0.35512543611895664 93
1752688063900 0.3577836849975079 94
1752688080325 0.3593620202691477 95
1752688096143 0.353796311679681 96
1752688113073 0.3581990363847815 97
1752688130382 0.35587306861604917 98
1752688147504 0.35927894999169296 99
1752688163811 0.3575344741651437 100
