1752686540198 4.545637728006028 0
1752686555596 4.3952875919585495 1
1752686572562 4.231946893081577 2
1752686588094 4.0804849296315595 3
1752686603932 3.947437960499374 4
1752686619602 3.817480520539564 5
1752686636511 3.705449037083923 6
1752686653263 3.6069976170209195 7
1752686669212 3.5201516801978183 8
1752686685280 3.441746843799085 9
1752686701273 3.3698079682813327 10
1752686717871 3.303704930476799 11
1752686733737 3.2557243682096435 12
1752686749760 3.1887518893751947 13
1752686766041 3.148004633508783 14
1752686783205 3.0891992732380493 15
1752686798926 3.0580402473496404 16
1752686814408 3.031995062948795 17
1752686830538 2.994694391138061 18
1752686846083 2.946989991595541 19
1752686862170 2.9475268119796847 20
1752686877940 2.901862917147962 21
1752686894312 2.8935074657420032 22
1752686909815 2.8595380696523987 23
1752686925964 2.8411258510102484 24
1752686941822 2.7989606803731704 25
1752686959115 2.7934121780937797 26
1752686975888 2.7921516707587575 27
1752686992171 2.7550840894281428 28
1752687007556 2.726205235140971 29
1752687024497 2.718965687894452 30
1752687040576 2.70593300206089 31
1752687056297 2.6868252102601327 32
1752687072194 2.6811326582839885 33
1752687088763 2.6750266789691572 34
1752687104690 2.639574601463654 35
1752687120317 2.6432621050614347 36
1752687136057 2.613703132180844 37
1752687152045 2.605212023883565 38
1752687168660 2.5933123563692444 39
1752687186015 2.5667747259732443 40
1752687202575 2.559636994027074 41
1752687219881 2.5790661200241805 42
1752687236273 2.549757063607088 43
1752687251921 2.5337061916442316 44
1752687268113 2.53620139861935 45
1752687285432 2.5354824088050822 46
1752687301339 2.51487525284203 47
1752687318143 2.4983884755675576 48
1752687334008 2.479189070087019 49
1752687349864 2.488711733197188 50
1752687366546 2.470585338252188 51
1752687382298 2.474218014600412 52
1752687397937 2.4578245470846367 53
1752687414229 2.4566019824556937 54
1752687430449 2.4437679510082653 55
1752687446731 2.4276823769256293 56
1752687464240 2.4260206485011633 57
1752687480571 2.4236905984198556 58
1752687497360 2.4262827575381367 59
1752687513487 2.400527959436546 60
1752687529101 2.4040379036224944 61
1752687545207 2.3942292146002755 62
1752687560942 2.3995870627177562 63
1752687576373 2.378120683733827 64
1752687592183 2.3631611231992773 65
1752687607626 2.3639399963589884 66
1752687623343 2.3521217894332134 67
1752687640177 2.3580051298407385 68
1752687656744 2.356091354663563 69
1752687673671 2.3363195992483954 70
1752687690608 2.330787792695843 71
1752687706682 2.316113312234687 72
1752687722446 2.321461419981627 73
1752687738576 2.319147772072099 74
1752687754550 2.31264870931075 75
1752687770481 2.311804472645548 76
1752687785909 2.301939601319109 77
1752687801662 2.291694828317888 78
1752687818742 2.279304275002707 79
1752687835856 2.2912703109295154 80
1752687853225 2.278370224966816 81
1752687869940 2.2765685865278646 82
1752687886130 2.2755688516153003 83
1752687901984 2.2693649763329105 84
1752687918656 2.2516561518262486 85
1752687935338 2.2587495570085268 86
1752687951546 2.246854667647111 87
1752687967872 2.2328066927951657 88
1752687983576 2.2438543197854988 89
1752687999645 2.2270538136503344 90
1752688015405 2.231056286696735 91
1752688031276 2.218346500442252 92
1752688047223 2.2209215175846078 93
1752688063901 2.2062004326645313 94
1752688080326 2.196087428458467 95
1752688096144 2.210480550170369 96
1752688113074 2.1935786180421135 97
1752688130383 2.196042891909049 98
1752688147505 2.1901122395975814 99
1752688163812 2.189496009198036 100
