1752278091425 0.2231802538578248 0
1752278152513 0.2231987566147356 1
1752278210646 0.28161196018206713 2
1752278268311 0.357214224919513 3
1752278322439 0.40260148762165565 4
1752278379867 0.3675942715464604 5
1752278437166 0.4125929763534767 6
1752278491311 0.4409206971838804 7
1752278542775 0.42819080042926394 8
1752278600959 0.4294119823853754 9
1752278659639 0.4570736039669911 10
1752278715317 0.4658069052288791 11
1752278773509 0.45479776486696516 12
1752278821450 0.45540835584502093 13
1752278884986 0.4539651408059801 14
1752278943731 0.44530585057173516 15
1752278997239 0.46586241349961144 16
1752279049097 0.4804980942160382 17
1752279100784 0.48397661251526475 18
1752279157241 0.48725160048847277 19
1752279214533 0.48232986715020537 20
1752279270463 0.4908781408429856 21
1752279327279 0.481941309255079 22
1752279379918 0.49707656440809683 23
1752279437018 0.4819783147689006 24
1752279485674 0.47772268067942125 25
1752279538620 0.5156903378603412 26
1752279596062 0.520834104281538 27
1752279656699 0.5114902120415942 28
1752279712314 0.5074196055212227 29
1752279768302 0.5192983754579432 30
1752279823621 0.5148947193131777 31
1752279880384 0.5140620952521926 32
1752279933093 0.5081782185545646 33
1752279987815 0.5122673278318469 34
1752280045052 0.49777966917070643 35
1752280102239 0.5138955704399956 36
1752280160601 0.5135810235725123 37
1752280212488 0.5240905894978352 38
1752280264968 0.5157643488879843 39
1752280323376 0.5251637493986604 40
1752280374048 0.5229989268400992 41
1752280435622 0.5243866336084076 42
1752280494127 0.5191688561595678 43
1752280545415 0.5317322281019872 44
1752280602322 0.5253117714539466 45
1752280657694 0.5247011804758909 46
1752280715164 0.5373385634459534 47
1752280775717 0.5316582170743441 48
1752280828524 0.5242386115531215 49
1752280880603 0.5109906376050032 50
1752280935103 0.5310106205824668 51
1752280994058 0.5352662546719461 52
1752281052980 0.5333974762239574 53
1752281108744 0.5160973985123783 54
1752281168034 0.5332124486548496 55
1752281219230 0.5335825037930652 56
1752281278250 0.5322318025385783 57
1752281331029 0.5321392887540244 58
1752281384348 0.5261073900011102 59
1752281438241 0.5118047589090775 60
1752281497172 0.5323613218369537 61
1752281552038 0.5373385634459534 62
1752281607742 0.5382822040484032 63
1752281664058 0.5331014321133849 64
1752281720244 0.5425193353809717 65
1752281782176 0.5244976501498724 66
1752281835683 0.5365799504126115 67
1752281888224 0.5422417940273101 68
1752281940610 0.5377456240979906 69
1752281992933 0.5373570662028643 70
1752282048527 0.5370980276061134 71
1752282104661 0.5301779965214817 72
1752282157423 0.5350812271028383 73
1752282212439 0.531750730858898 74
1752282274272 0.5385597454020649 75
1752282327514 0.5339525589312808 76
1752282387768 0.5383932205898679 77
1752282447424 0.5351367353735706 78
1752282499619 0.5376716130703475 79
1752282557774 0.545609295785072 80
1752282607470 0.5467749694704511 81
1752282661529 0.5397809273581764 82
1752282724582 0.5370610220922918 83
1752282781761 0.5453687599452318 84
1752282831251 0.5429819043037413 85
1752282891445 0.5447581689671761 86
1752282942759 0.5262184065425748 87
1752282997635 0.5332309514117604 88
1752283052377 0.5390963253524775 89
1752283109958 0.5439070421492802 90
1752283167192 0.5501609739851238 91
1752283220259 0.543759020093994 92
1752283277653 0.5418902416460053 93
1752283330265 0.5423158050549531 94
1752283384333 0.5293268697035859 95
1752283432772 0.5478296266143655 96
1752283491574 0.5301224882507494 97
1752283550895 0.5424268215964179 98
1752283607954 0.5400214631980165 99
1752283664757 0.5332124486548496 100
1752283721454 0.5435739925248863 101
1752283772937 0.5372460496613995 102
1752283832508 0.5452762461606779 103
1752283890393 0.5440735669614772 104
1752283950353 0.5330644265995633 105
1752284004399 0.5448876882655516 106
1752284061166 0.5500314546867483 107
1752284114689 0.5447026606964438 108
1752284171923 0.5448136772379084 109
1752284226738 0.5473115494208637 110
1752284280598 0.5514931724826999 111
1752284340658 0.5409466010435555 112
1752284399290 0.5513266476705029 113
1752284457247 0.5439070421492802 114
1752284510626 0.549383858194871 115
1752284566154 0.5410206120711986 116
1752284626486 0.5456463012988936 117
1752284683797 0.5444621248566036 118
1752284743476 0.5387447729711727 119
1752284799897 0.5344151278540502 120
1752284853336 0.5447951744809977 121
1752284908720 0.5476260962883469 122
1752284959845 0.5467749694704511 123
1752285013949 0.5391148281093883 124
1752285066512 0.5382822040484032 125
1752285118873 0.5472190356363098 126
1752285173723 0.5318987529141842 127
1752285232416 0.5415201865077897 128
1752285291915 0.5500499574436591 129
1752285347135 0.5503274987973208 130
1752285405037 0.5558783258705547 131
1752285459590 0.5446286496688006 132
1752285517669 0.5478851348850978 133
1752285575214 0.5477926211005439 134
1752285633731 0.5469784997964696 135
1752285691310 0.5389668060541021 136
1752285749525 0.5466639529289864 137
1752285805861 0.5481626762387596 138
1752285868878 0.5464974281167894 139
1752285928419 0.5441475779891204 140
1752285986443 0.5405765459053399 141
1752286041454 0.5359323539207342 142
1752286097549 0.5465899419013432 143
1752286160495 0.5404470266069644 144
1752286219819 0.5374495799874182 145
1752286280943 0.5438330311216372 146
1752286332864 0.5467749694704511 147
1752286391757 0.5404470266069644 148
1752286453750 0.5429634015468304 149
1752286504664 0.5470895163379343 150
1752286557340 0.5515301779965215 151
1752286618922 0.547959145912741 152
1752286672350 0.5484217148355105 153
1752286729010 0.5350442215890168 154
1752286786596 0.5412981534248603 155
1752286843113 0.5452947489175887 156
1752286895778 0.5414091699663249 157
1752286950613 0.5472560411501314 158
1752287009089 0.5454612737297857 159
1752287068011 0.5455722902712504 160
1752287122505 0.5525848351404359 161
1752287180452 0.5513081449135921 162
1752287239593 0.552066757946934 163
1752287302363 0.5349887133182845 164
1752287354769 0.5455167820005181 165
1752287413730 0.5501239684713022 166
1752287468923 0.5446101469118899 167
1752287526533 0.5541575694778522 168
1752287585479 0.547034008067202 169
1752287643271 0.5495318802501573 170
1752287701417 0.555175221107945 171
1752287756429 0.558709247677904 172
1752287809394 0.5540835584502091 173
1752287864371 0.554675646671354 174
1752287921026 0.5480331569403841 175
1752287979721 0.5458128261110905 176
1752288032377 0.5426858601931688 177
1752288090214 0.5373940717166857 178
1752288146154 0.538134181993117 179
1752288204157 0.5469229915257373 180
1752288257900 0.5460903674647523 181
1752288314140 0.5440920697183881 182
1752288369084 0.5505310291233394 183
1752288424453 0.5525293268697036 184
1752288475461 0.5531399178477593 185
1752288535023 0.5412241423972172 186
1752288596588 0.5488287754875476 187
1752288654946 0.5444806276135145 188
1752288711026 0.5499204381452837 189
1752288769168 0.5415016837508789 190
1752288830573 0.5360433704621989 191
1752288880788 0.5477371128298116 192
1752288938342 0.5487362617029937 193
1752288993313 0.5557303038152684 194
1752289047870 0.5565074196055212 195
1752289103385 0.5482736927802243 196
1752289159502 0.5434629759834215 197
1752289217568 0.5567664582022721 198
1752289274100 0.5567294526884505 199
1752289330368 0.5559893424120194 200
