1753543239507 0.026997840172786176 0
1753543271320 0.05640471839175943 1
1753543293348 0.08697458049509886 2
1753543315818 0.10383784681840838 3
1753543338402 0.11472005316497758 4
1753543364229 0.14412693138395083 5
1753543389768 0.16780196045854792 6
1753543424562 0.1800963615218475 7
1753543448696 0.1907293570360525 8
1753543471561 0.19995015783352715 9
1753543494490 0.20883867752118293 10
1753543516420 0.21207841834191726 11
1753543538959 0.22171457052666557 12
1753543562964 0.22761256022595117 13
1753543588863 0.23824555574015618 14
1753543611973 0.2529489948496428 15
1753543635618 0.25178601096527664 16
1753543657503 0.2517029406878219 17
1753543680846 0.2539458381790995 18
1753543713628 0.25685329789001493 19
1753543739321 0.26574181757767074 20
1753543781028 0.2700614720053165 21
1753543807195 0.2654926067453065 22
1753543830132 0.27413191560059813 23
1753543853234 0.2725535803289583 24
1753543875852 0.2752948994849643 25
1753543911004 0.27512875893005484 26
1753543933320 0.2827712244558897 27
1753543957075 0.2819405216813424 28
1753543982573 0.2774547266987872 29
1753544005443 0.28019604585479313 30
1753544027831 0.2826050839009802 31
1753544054477 0.28410034889516533 32
1753544097351 0.289666057484632 33
1753544131150 0.28833693304535635 34
1753544159427 0.29232430636318324 35
1753544181670 0.2891676358199036 36
1753544204656 0.29249044691809273 37
1753544229765 0.29672703106828374 38
1753544253018 0.2963947499584649 39
1753544309539 0.2939857119122778 40
1753544334021 0.3011297557733843 41
1753544359164 0.296976241900648 42
1753544394149 0.29606246884864595 43
1753544420687 0.29689317162319323 44
1753544445594 0.30229273965775044 45
1753544468262 0.2931550091377305 46
1753544490226 0.2947333444093703 47
1753544516766 0.2965608905133743 48
1753544546936 0.2997175610566539 49
1753544573729 0.3002159827213823 50
1753544598078 0.2929888685828211 51
1753544620858 0.2993022096693803 52
1753544643419 0.29888685828210665 53
1753544666995 0.3009636152184748 54
1753544690382 0.30536633992357537 55
1753544712718 0.30328958298720715 56
1753544735520 0.30727695630503404 57
1753544758246 0.3107659079581326 58
1753544784444 0.3063631832530321 59
1753544809454 0.29946835022428975 60
1753544831426 0.302126599102841 61
1753544853944 0.30245888021265993 62
1753544876332 0.3013789666057485 63
1753544900128 0.3105166971257684 64
1753544927736 0.30943678351885695 65
1753544956282 0.30702774547266987 66
1753544978541 0.30171124771556734 67
1753545005328 0.3061970426981226 68
1753545049614 0.30910450240903803 69
1753545071860 0.31284266489450074 70
1753545098464 0.3113473999003157 71
1753545120769 0.30245888021265993 72
1753545146092 0.3086891510217644 73
1753545168509 0.30478484798139227 74
1753545190699 0.3147532812759595 75
1753545217765 0.30985213490613056 76
1753545252307 0.30171124771556734 77
1753545275120 0.30760923741485297 78
1753545297472 0.31342415683668384 79
1753545319369 0.31068283768067784 80
1753545346236 0.30827379963449075 81
1753545386334 0.31001827546104005 82
1753545416425 0.3077753779697624 83
1753545450503 0.30885529157667385 84
1753545474234 0.30902143213158334 85
1753545497922 0.3113473999003157 86
1753545520453 0.31068283768067784 87
1753545544397 0.30976906462867587 88
1753545568854 0.30719388602757935 89
1753545595685 0.31059976740322315 90
1753545621424 0.30702774547266987 91
1753545646742 0.3135902973915933 92
1753545671367 0.3111812593454062 93
1753545693573 0.3179099518192391 94
1753545717724 0.3151686326632331 95
1753545740167 0.3096029240737664 96
1753545771626 0.31500249210832365 97
1753545794794 0.30985213490613056 98
1753545817327 0.3157501246054162 99
1753545853295 0.3129257351719555 100
