1753543239508 4.536536105209426 0
1753543271322 4.399227367307532 1
1753543293349 4.255895912485109 2
1753543315819 4.123783188750241 3
1753543338403 4.069333803007657 4
1753543364231 3.9780133674897566 5
1753543389769 3.9267914204773082 6
1753543424563 3.886815018510689 7
1753543448697 3.899581105770439 8
1753543471562 3.886850789080207 9
1753543494491 3.904056263521242 10
1753543516421 3.9049613360930597 11
1753543538960 3.908400112626243 12
1753543562965 3.88509987574363 13
1753543588864 3.903536900176391 14
1753543611974 3.954599251861127 15
1753543635619 3.9657167925086823 16
1753543657504 3.9734234634017467 17
1753543680847 3.975327571264294 18
1753543713630 3.9805710354181083 19
1753543739322 4.052055223158 20
1753543781029 4.055929937006465 21
1753543807196 4.059333690491449 22
1753543830134 4.04240214532827 23
1753543853235 4.07741969317466 24
1753543875853 4.050408176864184 25
1753543911005 4.111373380484454 26
1753543933321 4.147256336325157 27
1753543957076 4.120372039761896 28
1753543982574 4.12572472579785 29
1753544005444 4.1346419650369866 30
1753544027832 4.1274179455300555 31
1753544054478 4.157600900073709 32
1753544097353 4.1998089293002785 33
1753544131151 4.19894222215794 34
1753544159429 4.203215622252115 35
1753544181671 4.217966985346433 36
1753544204658 4.1707118649154955 37
1753544229766 4.189488457676805 38
1753544253019 4.217482509109035 39
1753544309540 4.202203501680826 40
1753544334022 4.238958205384648 41
1753544359165 4.2864625951153235 42
1753544394150 4.270984628966823 43
1753544420688 4.250379076083726 44
1753544445595 4.2355695820535715 45
1753544468264 4.292023078795132 46
1753544490227 4.284277700584637 47
1753544516767 4.221158417807411 48
1753544546937 4.223536153522139 49
1753544573730 4.258033936340881 50
1753544598079 4.255002818519936 51
1753544620859 4.250346050424091 52
1753544643420 4.261587531485333 53
1753544666996 4.293457207083079 54
1753544690383 4.274803083619954 55
1753544712719 4.270024350455152 56
1753544735521 4.2995445421033756 57
1753544758247 4.315601537531453 58
1753544784445 4.290315897401394 59
1753544809455 4.248565483521058 60
1753544831427 4.275819422251935 61
1753544853945 4.302359022600777 62
1753544876333 4.336952048877488 63
1753544900129 4.353993363658188 64
1753544927737 4.28043709375739 65
1753544956283 4.330628677501068 66
1753544978542 4.268309120772448 67
1753545005329 4.258986940968732 68
1753545049615 4.3748845512908385 69
1753545071861 4.33414443439022 70
1753545098465 4.330867340747321 71
1753545120770 4.257170154288065 72
1753545146093 4.351505667267421 73
1753545168510 4.300718138687006 74
1753545190700 4.370759570330762 75
1753545217766 4.30888750430467 76
1753545252308 4.352264433999419 77
1753545275122 4.313935962125432 78
1753545297473 4.290171117893845 79
1753545319371 4.328791930217652 80
1753545346237 4.31008087905238 81
1753545386336 4.373952715114136 82
1753545416426 4.342122930600744 83
1753545450504 4.350988843178345 84
1753545474236 4.309261956600794 85
1753545497923 4.333456363786985 86
1753545520454 4.315302590956297 87
1753545544399 4.293840681154575 88
1753545568855 4.36997805018197 89
1753545595686 4.285296821836199 90
1753545621425 4.315865520815841 91
1753545646743 4.287991904525184 92
1753545671368 4.341746079451521 93
1753545693574 4.348335524278471 94
1753545717725 4.35666610319717 95
1753545740168 4.3334016630398375 96
1753545771627 4.336156040292875 97
1753545794795 4.314938605152855 98
1753545817328 4.379249743373605 99
1753545853296 4.358076165687292 100
