1750226090934 0.26688376568108646 0
1750226227104 0.28734781482440885 1
1750226362089 0.3450024053583984 2
1750226490278 0.3745698109018244 3
1750226611703 0.4134996114421049 4
1750226735748 0.34651963142508235 5
1750226865486 0.40506235429078935 6
1750226989378 0.4074677126891907 7
1750227106654 0.40165784701920587 8
1750227237130 0.4028420234614958 9
1750227368421 0.41799578137142435 10
1750227490515 0.4165710690892943 11
1750227614429 0.4075417237168338 12
1750227722981 0.3991969803500722 13
1750227865904 0.3934241201939089 14
1750227997242 0.3850423713133257 15
1750228116862 0.3957924730784887 16
1750228234224 0.4135366169559264 17
1750228352276 0.41003959589978906 18
1750228476040 0.4189394219738741 19
1750228608631 0.3939236946304999 20
1750228736134 0.40506235429078935 21
1750228862600 0.4078007623135847 22
1750228982763 0.3955334344817378 23
1750229110061 0.3936091477630167 24
1750229218888 0.3917773748288495 25
1750229337968 0.4335010916626577 26
1750229469872 0.4373496651000999 27
1750229596313 0.42375013877067685 28
1750229715418 0.412315434999815 29
1750229845345 0.4230470340080672 30
1750229972724 0.42400917736742777 31
1750230102838 0.4280612811308885 32
1750230221616 0.40848536431928356 33
1750230339995 0.42354660844465825 34
1750230472220 0.3843762720645376 35
1750230599825 0.4000666099248788 36
1750230733231 0.41490582096732415 37
1750230851269 0.41608999740961405 38
1750230966611 0.4101136069274322 39
1750231099541 0.41497983199496724 40
1750231216036 0.42993005957887725 41
1750231351098 0.42288050919587017 42
1750231479497 0.41769973726085186 43
1750231594980 0.4223994375161899 44
1750231719078 0.4214742996706509 45
1750231839040 0.4245827628316619 46
1750231959527 0.4320023683528846 47
1750232095846 0.4220663878917959 48
1750232216413 0.4160159863819709 49
1750232334038 0.40419272471598267 50
