1754599395384 3.8485852687750786 0
1754599407140 7.323913699506406 1
1754599422636 5.965522352967689 2
1754599444208 5.211177560572041 3
1754599456560 3.3341454980339855 4
1754599477746 4.058296826006155 5
1754599495211 2.888755641575231 6
1754599512117 5.888320040279773 7
1754599528088 3.1642094080363754 8
1754599541576 3.0590461314393522 9
1754599567604 2.3444757858931022 10
1754599584156 3.4321357608767977 11
1754599596508 10.137559717247338 12
1754599612486 9.925074351334375 13
1754599624150 5.989938380629621 14
1754599644084 3.0777141427590107 15
1754599661173 8.52596510820762 16
1754599682975 8.503340447186803 17
1754599695567 3.6979097388761417 18
1754599708858 4.516366014679171 19
1754599720389 3.4719700633977593 20
1754599734646 11.33026334664156 21
1754599747216 2.388198426860246 22
1754599762375 3.2231311076697553 23
1754599784150 8.787174046396398 24
1754599801161 5.1596759184069345 25
1754599817626 8.831514232715245 26
1754599828636 3.7085711463132593 27
1754599840906 3.10422358246553 28
1754599863528 2.7033410386133774 29
1754599881845 2.65654083839155 30
1754599896318 5.071792839553258 31
1754599907961 3.9201362174387473 32
1754599920289 2.9672908394467226 33
1754599934235 4.769125596450592 34
1754599953402 3.801251186150644 35
1754599964693 8.060350352367788 36
1754599979112 5.568499004197457 37
1754599998452 6.068217719149978 38
1754600011396 2.9040454460602665 39
1754600033047 2.421559671375685 40
1754600054354 4.836707689713079 41
1754600067921 3.267966050360191 42
1754600082752 3.002726777479347 43
1754600100763 8.716114349406094 44
1754600123683 3.2025740644715146 45
1754600135736 3.549285438919631 46
1754600150744 8.635995894450103 47
1754600170718 10.054125219942543 48
1754600182808 2.6346999811417677 49
1754600202559 2.40061790814057 50
1754600220884 4.4248472270976285 51
1754600237932 3.532550198744515 52
1754600258113 2.792935935240371 53
1754600272702 8.217699100420244 54
1754600290633 3.803792478275441 55
1754600303542 2.7628875961391586 56
1754600321324 3.632831625832081 57
1754600334676 5.431871024451555 58
1754600350106 10.560252812498288 59
1754600369788 2.799180669242993 60
1754600381212 10.789909324723121 61
1754600393504 3.410489107590456 62
1754600406867 3.2822230654681577 63
1754600424524 3.465066368147002 64
1754600439020 5.287114213207507 65
1754600452022 3.0380466197657405 66
1754600469610 4.412739434733822 67
1754600488071 4.943698676086184 68
1754600501301 3.889980547731329 69
1754600517091 5.020063035667827 70
1754600532712 3.135522213371867 71
1754600545009 11.075062453302198 72
1754600560540 3.721591072379926 73
1754600581446 3.2579954691419464 74
1754600594076 2.578302935123495 75
1754600605841 4.291616638386165 76
1754600628751 8.3212454704625 77
1754600644307 2.7392007014685142 78
1754600662044 3.5112636543659366 79
1754600673222 3.46580262675112 80
1754600686976 4.917260782781961 81
1754600704096 8.497101820459557 82
1754600725260 7.616282524122949 83
1754600740604 6.302921213644607 84
1754600757023 4.0302472868431005 85
1754600778487 2.690779364218419 86
1754600793557 3.9697767654360607 87
1754600808928 3.364056071827613 88
1754600824768 2.782743073442943 89
1754600842449 3.791459170273149 90
1754600856927 2.817961236283128 91
1754600876613 8.391775970362607 92
1754600893715 9.713937228837638 93
1754600913480 9.84221868062415 94
1754600930218 2.385507352019741 95
1754600943684 3.6913151435375724 96
1754600964359 3.1490495216476195 97
1754600981240 10.056032346226973 98
1754600998310 9.170891738167379 99
1754601009640 4.046707251396768 100
