1753420314913 0.026748629340421996 0
1753420333363 0.054992523675029076 1
1753420347827 0.0647117461372321 2
1753420367000 0.09337099185911281 3
1753420384610 0.10973583651769397 4
1753420403824 0.12252865924572189 5
1753420424632 0.14022262834357868 6
1753420444471 0.1546768566207011 7
1753420463611 0.1671373982389101 8
1753420477766 0.17835188569529822 9
1753420499510 0.1832530320651271 10
1753420510040 0.19380295730187738 11
1753420528085 0.20136235255025753 12
1753420547301 0.2128260508390098 13
1753420566546 0.2242897491277621 14
1753420586419 0.2298554577172288 15
1753420608173 0.23591958797142382 16
1753420625200 0.23600265824887856 17
1753420647254 0.24148529656089052 18
1753420660562 0.25037381624854627 19
1753420681350 0.25344741651437114 20
1753420701326 0.25876391427147366 21
1753420719392 0.2605083900980229 22
1753420737893 0.2628343578667553 23
1753420756488 0.26092374148529657 24
1753420773322 0.27155673699950156 25
1753420794330 0.2724705100515036 26
1753420815348 0.27031068283768067 27
1753420833738 0.28268815417843496 28
1753420853750 0.27911613224788173 29
1753420872210 0.2852633327795315 30
1753420893281 0.2846818408373484 31
1753420915356 0.2909121116464529 32
1753420937480 0.28875228443263 33
1753420958904 0.29049676025917925 34
1753420979489 0.29365343080245887 35
1753421000253 0.2943179930220967 36
1753421023546 0.29888685828210665 37
1753421042124 0.3007974746635654 38
1753421062615 0.30046519355374646 39
1753421073529 0.3059478318657584 40
1753421095309 0.3101013457384948 41
1753421112143 0.3071108157501246 42
1753421131335 0.3059478318657584 43
1753421153341 0.30827379963449075 44
1753421174556 0.310932048513042 45
1753421195645 0.3076923076923077 46
1753421214094 0.3135072271141386 47
1753421231611 0.30976906462867587 48
1753421250868 0.31342415683668384 49
1753421271498 0.31284266489450074 50
1753421294541 0.3149194218308689 51
1753421316296 0.3169131084897824 52
1753421339480 0.3166638976574182 53
1753421359531 0.3176607409868749 54
1753421379800 0.3186575843163316 55
1753421398391 0.3216481143047018 56
1753421421620 0.32339259013125105 57
1753421440761 0.3228941684665227 58
1753421460733 0.3227280279116132 59
1753421480315 0.32438943346070775 60
1753421500940 0.321897325137066 61
1753421514976 0.3245555740156172 62
1753421535949 0.32314337929888687 63
1753421552588 0.32870908788835357 64
1753421574047 0.32837680677853465 65
1753421592243 0.33020435288253863 66
1753421606384 0.3301212826050839 67
1753421627710 0.32596776873234756 68
1753421644883 0.3284598770559894 69
1753421665624 0.32879215816580826 70
1753421688346 0.3310350556570859 71
1753421710299 0.3294567203854461 72
1753421730672 0.3286260176108988 73
1753421750114 0.33211496926399736 74
1753421770166 0.335271639807277 75
1753421788986 0.33120119621199534 76
1753421809888 0.33120119621199534 77
1753421828431 0.3329456720385446 78
1753421849504 0.3344409370327297 79
1753421871572 0.3338594450905466 80
1753421893584 0.33394251536800135 81
1753421910863 0.3345240073101844 82
1753421930978 0.3368499750789168 83
1753421948020 0.33336102342581825 84
1753421963433 0.33518856952982223 85
1753421984261 0.33651769396909786 86
1753422005286 0.3362684831367337 87
1753422022419 0.34116962950656254 88
1753422040650 0.33776374813091875 89
1753422057638 0.3361023425818242 90
1753422076328 0.33709918591128096 91
1753422096942 0.3382621697956471 92
1753422119037 0.3392590131251038 93
1753422138298 0.3402558564545606 94
1753422159591 0.3441601594949327 95
1753422177044 0.33876059146037546 96
1753422196011 0.339508223957468 97
1753422216530 0.3410034889516531 98
1753422235924 0.34274796477820235 99
1753422259150 0.3400897158996511 100
