1753420314914 4.561898386635574 0
1753420333364 4.438516668531031 1
1753420347828 4.308510035644343 2
1753420367001 4.1825306722124544 3
1753420384611 4.084148299571834 4
1753420403825 3.9746433476769143 5
1753420424633 3.8875899712993003 6
1753420444472 3.8089875356750422 7
1753420463612 3.735144546326795 8
1753420477767 3.6630501357749257 9
1753420499511 3.6038294523100047 10
1753420510041 3.5576747261248114 11
1753420528086 3.518637792700927 12
1753420547302 3.4601554067894664 13
1753420566547 3.4238703425620534 14
1753420586420 3.3820236188693387 15
1753420608174 3.3553551910910855 16
1753420625201 3.347701637583763 17
1753420647255 3.314982799698953 18
1753420660563 3.27141790439654 19
1753420681351 3.2817677401129384 20
1753420701327 3.2540360484619124 21
1753420719393 3.241942955699768 22
1753420737894 3.221188041699384 23
1753420756489 3.200633703477464 24
1753420773323 3.172693104206655 25
1753420794331 3.182883390823551 26
1753420815349 3.182387682110177 27
1753420833739 3.1470902222273964 28
1753420853751 3.124637733545481 29
1753420872211 3.1287003500014077 30
1753420893282 3.1107203542038744 31
1753420915357 3.111565244350006 32
1753420937481 3.1053152819274983 33
1753420958905 3.100346336188389 34
1753420979490 3.0596341004329735 35
1753421000254 3.0714917062440907 36
1753421023548 3.0537733787035037 37
1753421042125 3.048979166899049 38
1753421062616 3.051083327979816 39
1753421073530 3.0206830756114003 40
1753421095310 3.017449041245048 41
1753421112144 3.0359127920001687 42
1753421131336 3.0228006672687076 43
1753421153342 3.020773315846259 44
1753421174557 3.023658485611155 45
1753421195646 3.0222657044254655 46
1753421214095 3.0059858081380204 47
1753421231612 2.9978937302006914 48
1753421250869 2.9817058461608936 49
1753421271500 2.980513282857647 50
1753421294542 2.977461331676155 51
1753421316297 2.973983214162937 52
1753421339481 2.971966249763429 53
1753421359532 2.961933963410798 54
1753421379801 2.946403462814721 55
1753421398392 2.9472475809628405 56
1753421421621 2.9568071303057804 57
1753421440762 2.942309585125732 58
1753421460734 2.956428939788804 59
1753421480316 2.933146316484069 60
1753421500941 2.93460275003927 61
1753421514977 2.914821269871875 62
1753421535950 2.924919643694448 63
1753421552589 2.9201959435299716 64
1753421574048 2.9098555220922036 65
1753421592244 2.9175608100365285 66
1753421606385 2.904815916144267 67
1753421627711 2.919441892412148 68
1753421644884 2.917971360631058 69
1753421665625 2.9096629039391635 70
1753421688347 2.892701269075396 71
1753421710300 2.874152192257019 72
1753421730673 2.889032510695634 73
1753421750115 2.8765142781636186 74
1753421770167 2.901800844800425 75
1753421788987 2.871901907418083 76
1753421809889 2.8743341999632417 77
1753421828432 2.8674450569208707 78
1753421849505 2.859787949391503 79
1753421871573 2.872664976158035 80
1753421893585 2.8682280346629607 81
1753421910864 2.8790673135738287 82
1753421930979 2.874381902200279 83
1753421948021 2.868971895201233 84
1753421963435 2.8528630174517158 85
1753421984262 2.8711325410090125 86
1753422005288 2.8351280023847623 87
1753422022420 2.836708191231121 88
1753422040651 2.864201122327788 89
1753422057639 2.8296562245037298 90
1753422076329 2.837289060501654 91
1753422096943 2.8166323367503927 92
1753422119038 2.8399436033390684 93
1753422138299 2.822704462769092 94
1753422159592 2.810125388245586 95
1753422177045 2.8467933602270956 96
1753422196012 2.8207229853087976 97
1753422216531 2.81550916645237 98
1753422235925 2.82765533394845 99
1753422259151 2.812478150123955 100
