1752642876194 0.02698687794008418 0
1752642929580 0.04984732194437567 1
1752642983826 0.07378063877197326 2
1752643038246 0.09754889824213914 3
1752643092662 0.11925394074440868 4
1752643149147 0.1406288685318148 5
1752643202679 0.14838656433110506 6
1752643259898 0.16002310803004044 7
1752643316889 0.17718907320293803 8
1752643372067 0.1832961954279112 9
1752643427682 0.19179664933564414 10
1752643482684 0.19625319798630023 11
1752643538718 0.20681686886192951 12
1752643592550 0.21374927787406123 13
1752643646302 0.22216720310307833 14
1752643700090 0.22513823553684906 15
1752643754489 0.22786168193447223 16
1752643808389 0.23586696376991004 17
1752643865064 0.24081868449286126 18
1752643918970 0.24321201617562102 19
1752643973505 0.24832879425600396 20
1752644027166 0.2512998266897747 21
1752644081085 0.2542708591235454 22
1752644135415 0.2570768341998845 23
1752644189700 0.26153338285054056 24
1752644245149 0.2628538417099942 25
1752644300535 0.2668977469670711 26
1752644354349 0.26764050507551373 27
1752644409045 0.27118923826029545 28
1752644464118 0.2732524552281918 29
1752644519111 0.2741602706940662 30
1752644572833 0.27762647520013206 31
1752644627438 0.2824956672443674 32
1752644682468 0.28389865478253695 33
1752644735871 0.2880250887183296 34
1752644791026 0.28546669967813815 35
1752644846030 0.2892630188990674 36
1752644899838 0.2910786498308162 37
1752644955109 0.2944623256581662 38
1752645008973 0.2939671535858711 39
1752645063127 0.29281175208384913 40
1752645116919 0.29528761244532475 41
1752645174867 0.29743335809193694 42
1752645229263 0.2990014029875382 43
1752645283394 0.29924898902368574 44
1752645337560 0.3013122059915821 45
1752645392538 0.30032186184699183 46
1752645447296 0.30279772220846746 47
1752645501448 0.30444829578278454 48
1752645555975 0.3048609391763638 49
1752645609641 0.3065940414293967 50
1752645664674 0.30453082446150037 51
1752645719091 0.30543863992737474 52
1752645773120 0.3082446150037138 53
1752645826716 0.30725427085912355 54
1752645880188 0.3093174878270199 55
1752645934268 0.3098951885780309 56
1752645988124 0.31014277461417844 57
1752646044781 0.3121234629033589 58
1752646099327 0.313774036477676 59
1752646152774 0.3133613930840967 60
1752646207652 0.31600231080300406 61
1752646261069 0.31402162251382354 62
1752646315264 0.3139390938351077 63
1752646370575 0.317735413056037 64
1752646424648 0.3189733432367748 65
1752646478685 0.31864322852191135 66
1752646533207 0.31699265494759427 67
1752646587746 0.31864322852191135 68
1752646641109 0.3207064454898077 69
1752646698775 0.3214492035982504 70
1752646755904 0.3216142609556821 71
1752646810641 0.320541388132376 72
1752646863610 0.32351242056614676 73
1752646916777 0.3237600066022943 74
1752646971641 0.323925063959726 75
1752647026331 0.32334736320871504 76
1752647080117 0.32334736320871504 77
1752647134066 0.3253280514978955 78
1752647188070 0.32557563753404306 79
1752647243297 0.3268135677147809 80
1752647298696 0.3264834529999175 81
1752647353416 0.3264834529999175 82
1752647408098 0.3264009243212016 83
1752647462970 0.3247503507468845 84
1752647515813 0.3259057522489065 85
1752647570850 0.3271436824296443 86
1752647624707 0.32895931336139306 87
1752647678506 0.32961954279111993 88
1752647734024 0.33060988693571014 89
1752647788405 0.3309400016505736 90
1752647841953 0.3298671288272675 91
1752647896161 0.3310225303292894 92
1752647950270 0.3314351737228687 93
1752648005361 0.3328381612610382 94
1752648060408 0.3323429891887431 95
1752648114524 0.33027977222084676 96
1752648170904 0.3327556325823224 97
1752648224846 0.334076091441776 98
1752648279278 0.33366344804819675 99
1752648335638 0.3326731039036065 100
