1753441534094 0.017527828542947335 0
1753441543497 0.018773882704768236 1
1753441554719 0.029074597109154346 2
1753441564934 0.03131749460043196 3
1753441575406 0.049592955640471836 4
1753441586096 0.05407875062302708 5
1753441595791 0.06886526000996843 6
1753441606715 0.06977903306197043 7
1753441617245 0.07733842831035055 8
1753441627333 0.0818242232929058 9
1753441637782 0.08498089383618541 10
1753441648672 0.09021432131583319 11
1753441659849 0.08963282937365011 12
1753441670617 0.09818906795148696 13
1753441680518 0.10599767403223127 14
1753441690522 0.11613224788170792 15
1753441700184 0.11787672370825719 16
1753441711102 0.11879049676025918 17
1753441722003 0.12460541618209005 18
1753441733740 0.12801129755773386 19
1753441744269 0.13141717893337765 20
1753441755631 0.13490613058647616 21
1753441766063 0.1322478817079249 22
1753441775622 0.14163482306030903 23
1753441784527 0.14229938527994684 24
1753441795742 0.14537298554577172 25
1753441806329 0.14753281275959462 26
1753441817809 0.14828044525668715 27
1753441828096 0.1561721216148862 28
1753441838148 0.1571689649443429 29
1753441849559 0.1583319488287091 30
1753441859616 0.1567536135570693 31
1753441869720 0.16032563548762252 32
1753441881000 0.16530985213490612 33
1753441891119 0.16655590629672704 34
1753441901668 0.1705432796145539 35
1753441911954 0.1770227612560226 36
1753441923629 0.1807609237414853 37
1753441934756 0.1850805781691311 38
1753441946380 0.18524671872404053 39
1753441957034 0.19338760591460374 40
1753441965846 0.19430137896660574 41
1753441975582 0.19646120618042864 42
1753441986345 0.19272304369496593 43
1753441996108 0.2010300714404386 44
1753442007190 0.20202691476989534 45
1753442017861 0.20186077421498588 46
1753442028053 0.20335603920917095 47
1753442038797 0.20709420169463366 48
1753442048546 0.21124771556737 49
1753442058503 0.21083236418009635 50
1753442068951 0.21083236418009635 51
1753442079566 0.20825718557899983 52
1753442089310 0.2134075427811929 53
1753442099617 0.2178102674862934 54
1753442110177 0.21814254859611232 55
1753442120524 0.21639807276956305 56
1753442131243 0.22196378135902975 57
1753442141481 0.2224622030237581 58
1753442152638 0.21980395414520684 59
1753442162443 0.21805947831865757 60
1753442172536 0.21889018109320485 61
1753442182793 0.2268649277288586 62
1753442193419 0.2249543113473999 63
1753442203357 0.2342581824223293 64
1753442212965 0.23267984715068948 65
1753442223649 0.23326133909287258 66
1753442234241 0.23384283103505565 67
1753442244930 0.236168798803788 68
1753442254813 0.2368333610234258 69
1753442263945 0.2395746801794318 70
1753442273313 0.23841169629506562 71
1753442283283 0.23791327463033726 72
1753442293499 0.238910117959794 73
1753442304030 0.24098687489616216 74
1753442313994 0.2443096859943512 75
1753442324961 0.24605416182090048 76
1753442335910 0.24289749127762086 77
1753442346333 0.24622030237580994 78
1753442356932 0.25095530819072936 79
1753442367117 0.2511214487456388 80
1753442377798 0.25020767569363683 81
1753442388354 0.25186908124273133 82
1753442398328 0.2552749626183751 83
1753442408495 0.25178601096527664 84
1753442417029 0.2554411031732846 85
1753442427753 0.25618873567037714 86
1753442438401 0.2539458381790995 87
1753442449386 0.2572686492772886 88
1753442460051 0.2573517195547433 89
1753442470035 0.2588469845489284 90
1753442478957 0.261089882040206 91
1753442489711 0.2595115467685662 92
1753442500220 0.2588469845489284 93
1753442511216 0.26075760093038713 94
1753442522454 0.26499418508057815 95
1753442533341 0.2620867253696627 96
1753442543422 0.26241900647948163 97
1753442554016 0.26682173118458213 98
1753442563900 0.2704768233925901 99
1753442574870 0.26333277953148365 100
