1753441534095 4.576682873215229 0
1753441543498 4.529270044428755 1
1753441554720 4.493147313008625 2
1753441564935 4.452470172122573 3
1753441575407 4.41875608834444 4
1753441586097 4.386854464650079 5
1753441595792 4.358262525564658 6
1753441606716 4.317814927441377 7
1753441617246 4.290946372135535 8
1753441627334 4.258443580234517 9
1753441637783 4.244045786813703 10
1753441648673 4.223084517492113 11
1753441659850 4.207586637623866 12
1753441670618 4.182166213070306 13
1753441680519 4.166248575117978 14
1753441690523 4.151930002842919 15
1753441700185 4.147775642141983 16
1753441711103 4.136223490454208 17
1753441722004 4.119931703208505 18
1753441733741 4.105242481214727 19
1753441744270 4.09278623477563 20
1753441755632 4.082639782367378 21
1753441766064 4.0721597741852 22
1753441775623 4.043740584326978 23
1753441784528 4.04151736772018 24
1753441795743 4.0326872281784745 25
1753441806330 4.0256530611204235 26
1753441817810 4.031747945646133 27
1753441828097 4.026739413605048 28
1753441838149 4.006524846403638 29
1753441849560 3.9849694452666915 30
1753441859617 3.9780167883648287 31
1753441869721 3.9788190430117143 32
1753441881001 4.0015290311176575 33
1753441891120 4.002670671169567 34
1753441901669 3.9807538923096724 35
1753441911955 3.9801203585314586 36
1753441923630 3.968627986323761 37
1753441934757 3.9594775514638583 38
1753441946381 3.9649004582506664 39
1753441957035 3.9474886104411526 40
1753441965847 3.9343720780154308 41
1753441975583 3.940538415763637 42
1753441986346 3.9392465271693338 43
1753441996109 3.930386892083949 44
1753442007191 3.9139018369085194 45
1753442017862 3.9324709284402855 46
1753442028054 3.912157134010493 47
1753442038798 3.8955009992488336 48
1753442048547 3.8939041872357794 49
1753442058504 3.902695286171684 50
1753442068952 3.8967688952961037 51
1753442079567 3.8954263423047424 52
1753442089311 3.8944020985584173 53
1753442099618 3.888669852632737 54
1753442110178 3.8795089043191995 55
1753442120525 3.86743169305813 56
1753442131244 3.8690470354181374 57
1753442141482 3.869244692776587 58
1753442152639 3.8632991271778288 59
1753442162444 3.8466186079427174 60
1753442172537 3.8518707267682806 61
1753442182794 3.8548574972711465 62
1753442193421 3.864204820503523 63
1753442203358 3.8643707868618358 64
1753442212966 3.8479876797876242 65
1753442223650 3.8470105477321295 66
1753442234242 3.8385204604216314 67
1753442244931 3.8508993303658547 68
1753442254814 3.8516010457088967 69
1753442263946 3.845350552525673 70
1753442273314 3.833979415005534 71
1753442283284 3.8131148968064204 72
1753442293500 3.823446113336383 73
1753442304031 3.815138172631883 74
1753442313995 3.8190718331978544 75
1753442324962 3.8210727377750056 76
1753442335911 3.828698712004905 77
1753442346334 3.823855328856714 78
1753442356933 3.815233739556366 79
1753442367118 3.8091575490877103 80
1753442377799 3.8198802385601596 81
1753442388355 3.8323090522452414 82
1753442398329 3.8261270472184714 83
1753442408496 3.8361708802841625 84
1753442417030 3.8185751673990174 85
1753442427754 3.7977463199419317 86
1753442438402 3.7944157406061008 87
1753442449387 3.7829824438913766 88
1753442460053 3.7979273919681047 89
1753442470036 3.7916447280415633 90
1753442478958 3.7962294840917448 91
1753442489712 3.79201797852583 92
1753442500221 3.7994848580184803 93
1753442511218 3.785762756582732 94
1753442522455 3.7807902215314875 95
1753442533342 3.7865806941483204 96
1753442543423 3.793283970248976 97
1753442554017 3.791760881691953 98
1753442563901 3.7998450268734247 99
1753442574871 3.7977495226532776 100
