1749803811956 0.1960182067128002 0
1749803980766 0.16798652999296895 1
1749804150188 0.197128372127447 2
1749804307060 0.1897457721200459 3
1749804461199 0.186378270362284 4
1749804617480 0.21207859971135698 5
1749804777171 0.21831402879028974 6
1749804935562 0.22432742478629317 7
1749805085955 0.2342078969766495 8
1749805247908 0.2293046663952929 9
1749805414906 0.25028679273211707 10
1749805568790 0.2633682418680383 11
1749805720803 0.2621285571550161 12
1749805856681 0.2643303852273989 13
1749806037025 0.27117640528438736 14
1749806199838 0.2698072012729897 15
1749806345071 0.28120489953003 16
1749806487286 0.2790770824852903 17
1749806632530 0.29900455167820006 18
1749806782202 0.3228546053361951 19
1749806950365 0.31534248603041853 20
1749807112947 0.31562002738408024 21
1749807273973 0.31617511009140364 22
1749807426354 0.32178144543536985 23
1749807588433 0.32670317877363725 24
1749807726546 0.31506494467675683 25
1749807879172 0.3365281426932613 26
1749808045817 0.3521074640121378 27
1749808201441 0.35392073418939424 28
1749808350089 0.34507641638604153 29
1749808509067 0.35114532065277726 30
1749808669085 0.3468341782925656 31
1749808835692 0.3610998038707767 32
1749808983244 0.36226547755615585 33
1749809127074 0.35599304296340156 34
1749809287161 0.35486437479184396 35
1749809444422 0.3577508048699256 36
1749809615349 0.3779373126595863 37
1749809766106 0.38522739888243346 38
1749809908513 0.3789179587758576 39
1749810077846 0.36866743144728564 40
1749810222353 0.37778929060430005 41
1749810397010 0.36678015024238614 42
1749810562571 0.38816933723124747 43
1749810708308 0.39201791066868963 44
1749810867239 0.39101876179550754 45
1749811014728 0.388964955778411 46
1749811166053 0.39681012470858157 47
1749811337981 0.39257299337601304 48
1749811492499 0.3957924730784887 49
1749811642971 0.405339895644451 50
