1749803811957 2.5287690397913254 0
1749803980766 2.745809487713268 1
1749804150189 2.8385702281295604 2
1749804307061 2.866990153368905 3
1749804461200 2.8445904542495852 4
1749804617480 2.74701683397144 5
1749804777172 2.756938041589591 6
1749804935562 2.787914785242021 7
1749805085956 2.757434381796342 8
1749805247909 2.849781600683672 9
1749805414907 2.7833234304524614 10
1749805568791 2.677134834479901 11
1749805720804 2.6853364338609746 12
1749805856682 2.739238843507797 13
1749806037026 2.6759230628195487 14
1749806199838 2.832642411258867 15
1749806345071 2.7516759894779623 16
1749806487286 2.8405384485984113 17
1749806632531 2.7004926750633227 18
1749806782203 2.589892966871134 19
1749806950365 2.531802951173602 20
1749807112948 2.557250890993009 21
1749807273974 2.567538885733577 22
1749807426355 2.5539996753976184 23
1749807588434 2.4722851375789023 24
1749807726547 2.5311937864511496 25
1749807879173 2.497691348003548 26
1749808045817 2.3832454554268856 27
1749808201442 2.4062469915993048 28
1749808350090 2.4190689148442286 29
1749808509068 2.3881222283118735 30
1749808669086 2.442212521072928 31
1749808835693 2.2859154887268214 32
1749808983244 2.3035979470463066 33
1749809127075 2.3306205399943933 34
1749809287162 2.3603212681765466 35
1749809444423 2.3919960158881355 36
1749809615350 2.183431412211015 37
1749809766106 2.1505731662659198 38
1749809908514 2.140471697361844 39
1749810077847 2.220277722408617 40
1749810222354 2.184346482489424 41
1749810397011 2.248657508695808 42
1749810562572 2.189530216522515 43
1749810708309 2.136867552070712 44
1749810867240 2.076917523015962 45
1749811014729 2.11119299398151 46
1749811166054 2.1509659783965245 47
1749811337982 2.152036700198596 48
1749811492500 2.1359701414987247 49
1749811642972 2.014706599162368 50
