1749818047613 0.22314324834400326 0
1749818357762 0.20338230396329052 1
1749818663030 0.23224660474410688 2
1749818946442 0.2303778262961181 3
1749819219007 0.22194056914480256 4
1749819503066 0.22343929245457572 5
1749819799627 0.23505902379454538 6
1749820078833 0.25789142582244756 7
1749820346767 0.27761536468933873 8
1749820636309 0.2899937090626503 9
1749820930618 0.2928431336269104 10
1749821196416 0.28760685342115977 11
1749821481676 0.28888354364800356 12
1749821719357 0.2918809902675499 13
1749822035032 0.31097583539947454 14
1749822328940 0.30390778225955667 15
1749822586349 0.3200421862857566 16
1749822851023 0.3182104133515894 17
1749823118377 0.3272212559671391 18
1749823396760 0.3360655737704918 19
1749823700368 0.3417274173851904 20
1749823985021 0.34404026199903787 21
1749824266309 0.3488694815527514 22
1749824535365 0.3515523813048144 23
1749824824831 0.3525515301779965 24
1749825064260 0.3427265662583725 25
1749825336150 0.3603041853236132 26
1749825643491 0.3828960515116752 27
1749825936194 0.3828220404840321 28
1749826207198 0.379806091107575 29
1749826497860 0.3689819783147689 30
1749826786323 0.3862080449987048 31
1749827077321 0.39684713022240314 32
1749827347597 0.39501535728823595 33
1749827616827 0.39755023498501274 34
1749827918593 0.3994745217037339 35
1749828210601 0.4071346630647967 36
1749828518474 0.39264700440365613 37
1749828784639 0.39747622395736965 38
1749829034679 0.4162195167079895 39
1749829336298 0.41955001295192984 40
1749829594022 0.42293601746660253 41
1749829909404 0.4059134811086852 42
1749830191355 0.4207711949080413 43
1749830450499 0.4284313362691041 44
1749830734871 0.41708914628279614 45
1749831006249 0.4110387447729712 46
1749831283483 0.4184768530511046 47
1749831596419 0.4043222440143581 48
1749831864564 0.41653406357547273 49
1749832131266 0.41155682196647303 50
