1753776378322 4.440272151987331 0
1753776404989 4.162578247386208 1
1753776437785 3.9071882378234353 2
1753776465947 3.741075530514155 3
1753776498697 3.6041649893178778 4
1753776525649 3.4738290898968023 5
1753776588818 3.3914636630073054 6
1753776615595 3.292628237320105 7
1753776650324 3.2364924562902826 8
1753776679865 3.17635647443379 9
1753776737985 3.1411240490117964 10
1753776800970 3.105085589435964 11
1753776828548 3.0825302346677157 12
1753776857265 3.0379532989746707 13
1753776885778 3.025134117589832 14
1753776918942 3.002409804906274 15
1753776946672 2.9901115355144414 16
1753777007661 2.991724833437628 17
1753777039601 2.984804121111322 18
1753777066568 2.9336124124587344 19
1753777121088 2.970903374415283 20
1753777180526 2.9420727711201313 21
1753777212548 2.949513578675586 22
1753777255188 2.933961394027602 23
1753777283191 2.9307338162106085 24
1753777310703 2.9003817555569635 25
1753777360107 2.9428053298214034 26
1753777392232 2.9314901327570504 27
1753777428413 2.9141487463900275 28
1753777470194 2.901961626783154 29
1753777510237 2.895976964877749 30
1753777537834 2.889871387778902 31
1753777566118 2.897109015101692 32
1753777594839 2.9003874278730817 33
1753777622100 2.9056122038816654 34
1753777688542 2.8573249147187267 35
1753777715898 2.891931445741035 36
1753777769962 2.8625721906138955 37
1753777796549 2.8668284302639346 38
1753777855123 2.8623960767207124 39
1753777910704 2.8516923586402783 40
1753777949807 2.8600735941437603 41
1753778020621 2.877906605439172 42
1753778047843 2.859750047341678 43
1753778089020 2.8645535481259223 44
1753778116394 2.8596964346786304 45
1753778147067 2.8702895581959234 46
1753778214559 2.8553776736132495 47
1753778263575 2.8495419788127365 48
1753778290542 2.8354631264723853 49
1753778318317 2.8237529276248723 50
1753778349262 2.8401279301916764 51
1753778405403 2.852201988363608 52
1753778460052 2.8439574895758315 53
1753778487925 2.8134924899907534 54
1753778546728 2.828831213981468 55
1753778578650 2.8117458613429216 56
1753778613225 2.837614810787614 57
1753778646329 2.808810474900215 58
1753778673948 2.829709240766431 59
1753778705397 2.796169476182541 60
1753778732046 2.800322227998492 61
1753778798395 2.7783992086319116 62
1753778827218 2.7919415722971967 63
1753778854005 2.798065776570144 64
1753778883482 2.7640767391536443 65
1753778910490 2.8065467182703534 66
1753778951210 2.786058675001221 67
1753779009770 2.785023448137957 68
1753779037010 2.7844465984712463 69
1753779064192 2.7721959792294246 70
1753779120089 2.770285310202262 71
1753779150955 2.736558462781346 72
1753779178921 2.7630330771644336 73
1753779243955 2.744418117364073 74
1753779308204 2.7860384339236344 75
1753779349319 2.739212043280942 76
1753779387458 2.7458060611796307 77
1753779415608 2.740342122282997 78
1753779442974 2.7416445660824045 79
1753779469788 2.7618357925706016 80
1753779505375 2.7311390572560583 81
1753779533092 2.7677325323149233 82
1753779565902 2.7690934474835474 83
1753779617227 2.746848598462464 84
1753779649360 2.734677891535199 85
1753779712267 2.764742947249613 86
1753779780701 2.6979616099548007 87
1753779809214 2.742074748444667 88
1753779836924 2.760805889146395 89
1753779866527 2.6896304986555597 90
1753779906410 2.7378574551604835 91
1753779935616 2.704169357677625 92
1753779963523 2.7190917562377654 93
1753779990526 2.6957525311029715 94
1753780021781 2.705618339065142 95
1753780050783 2.727068613407863 96
1753780078203 2.687432148347473 97
1753780143426 2.70537682464586 98
1753780198859 2.7209467756327887 99
1753780228087 2.683421568887756 100
