1753750512188 0.02616713739823891 0
1753750539476 0.04693470676192058 1
1753750554363 0.051669712576840006 2
1753750568225 0.07451403887688984 3
1753750598810 0.08738993188237248 4
1753750614237 0.10616381458714072 5
1753750645256 0.11687988037880047 6
1753750666570 0.1331616547599269 7
1753750679741 0.1456221963781359 8
1753750709598 0.1511879049676026 9
1753750723476 0.16339923575344742 10
1753750749555 0.1766904801462037 11
1753750775914 0.1820900481807609 12
1753750789887 0.19878717394916098 13
1753750810169 0.20460209337099186 14
1753750841117 0.21066622362518692 15
1753750873696 0.2134075427811929 16
1753750900718 0.21290912111646454 17
1753750928357 0.21822561887356703 18
1753750942248 0.22769563050340588 19
1753750964885 0.23135072271141385 20
1753750991525 0.23035387938195714 21
1753751006741 0.23351054992523676 22
1753751034470 0.2414022262834358 23
1753751049377 0.23400897158996511 24
1753751064726 0.23641800963615217 25
1753751080429 0.246801794317993 26
1753751110859 0.24555574015617213 27
1753751124598 0.2511214487456388 28
1753751153583 0.24962618375145373 29
1753751186059 0.25402890845655424 30
1753751199251 0.25834856288420005 31
1753751227096 0.25743478983219803 32
1753751251188 0.2514537298554577 33
1753751281550 0.2566871573351055 34
1753751300488 0.2654095364678518 35
1753751331046 0.2680677853464031 36
1753751348533 0.26831699617876725 37
1753751379427 0.26275128758930055 38
1753751406016 0.27371656421332446 39
1753751435361 0.27654095364678516 40
1753751449310 0.27679016447914934 41
1753751473270 0.27728858614387775 42
1753751502572 0.2774547266987872 43
1753751516241 0.279033061970427 44
1753751543881 0.2752948994849643 45
1753751569798 0.27587639142714737 46
1753751585865 0.2818574514038877 47
1753751615565 0.276291742814421 48
1753751633324 0.27172287755441105 49
1753751663096 0.2787838511380628 50
1753751692458 0.2791992025253364 51
1753751705416 0.2780362186409703 52
1753751732905 0.2784515700282439 53
1753751763498 0.2784515700282439 54
1753751791003 0.28767237082571856 55
1753751810340 0.2820235919587971 56
1753751828958 0.2858448247217146 57
1753751846015 0.28310350556570857 58
1753751864496 0.2834357866755275 59
1753751879809 0.2836019272304369 60
1753751900261 0.2827712244558897 61
1753751913603 0.290579830536634 62
1753751940652 0.2827712244558897 63
1753751960957 0.29132746303372653 64
1753751987839 0.2868416680511713 65
1753752014564 0.28169131084897825 66
1753752032495 0.28169131084897825 67
1753752063875 0.27953148363515534 68
1753752079188 0.28850307360026584 69
1753752092623 0.28692473832862603 70
1753752120671 0.2958132580162818 71
1753752134571 0.2865924572188071 72
1753752153422 0.28268815417843496 73
1753752176218 0.2853464030569862 74
1753752205494 0.2945672038544609 75
1753752237953 0.29174281442100014 76
1753752266047 0.2921581658082738 77
1753752280125 0.29481641468682507 78
1753752298754 0.2973915932879216 79
1753752312121 0.2971423824555574 80
1753752339867 0.2915766738660907 81
1753752353477 0.2977238743977405 82
1753752366902 0.29506562551918925 83
1753752386350 0.2963947499584649 84
1753752409320 0.2929888685828211 85
1753752437929 0.29705931217810266 86
1753752452329 0.2971423824555574 87
1753752476799 0.29481641468682507 88
1753752490058 0.29789001495264994 89
1753752516293 0.29049676025917925 90
1753752544574 0.2959793985711912 91
1753752571120 0.29664396079082905 92
1753752586475 0.29041368998172457 93
1753752612592 0.29481641468682507 94
1753752625958 0.29722545273301215 95
1753752638882 0.2958963282937365 96
1753752654147 0.2987207177271972 97
1753752668368 0.2962286094035554 98
1753752694914 0.29381957135736836 99
1753752723560 0.2929888685828211 100
