1753750512189 4.588364902590944 0
1753750539477 4.512554870678026 1
1753750554364 4.438090950864461 2
1753750568226 4.362445480786437 3
1753750598811 4.312160912658448 4
1753750614238 4.239758566779818 5
1753750645257 4.195336193886059 6
1753750666571 4.171973544542105 7
1753750679742 4.141897019391903 8
1753750709599 4.108039665217157 9
1753750723477 4.11151618642334 10
1753750749556 4.1003774976770435 11
1753750775915 4.107068379394343 12
1753750789888 4.058958105652109 13
1753750810170 4.0387473775840395 14
1753750841118 4.08099654731554 15
1753750873698 4.084696320361979 16
1753750900719 4.117098053772443 17
1753750928359 4.106605484110811 18
1753750942249 4.090784656144631 19
1753750964886 4.120093389587675 20
1753750991526 4.135724550137353 21
1753751006742 4.144803616293041 22
1753751034471 4.152342044264892 23
1753751049378 4.189842090530524 24
1753751064727 4.1716847066595655 25
1753751080430 4.195993841496171 26
1753751110860 4.25533473699621 27
1753751124599 4.238047890988354 28
1753751153584 4.2180570998127696 29
1753751186060 4.211525560051716 30
1753751199252 4.19979091887466 31
1753751227097 4.221459341116842 32
1753751251189 4.3040998148386995 33
1753751281551 4.290795672799219 34
1753751300489 4.278264113387524 35
1753751331047 4.319322182369012 36
1753751348534 4.280638003459544 37
1753751379428 4.317647461620084 38
1753751406017 4.327774378094867 39
1753751435362 4.311085311917509 40
1753751449311 4.36902398055168 41
1753751473271 4.386573237774502 42
1753751502573 4.348067844500307 43
1753751516242 4.348962058510886 44
1753751543882 4.34922344866747 45
1753751569799 4.406952754007563 46
1753751585866 4.4061499153204755 47
1753751615566 4.357726416664496 48
1753751633325 4.37658612904252 49
1753751663097 4.406435815513309 50
1753751692459 4.384978848790962 51
1753751705417 4.38876681936143 52
1753751732906 4.410338588030762 53
1753751763499 4.422437399613251 54
1753751791004 4.408430411365664 55
1753751810341 4.4393177836344195 56
1753751828959 4.416516352809743 57
1753751846016 4.460586725206072 58
1753751864497 4.429045131435511 59
1753751879810 4.398943581767521 60
1753751900262 4.387713641122441 61
1753751913604 4.405138878674004 62
1753751940653 4.448641957581269 63
1753751960958 4.49037722894979 64
1753751987840 4.452286806551034 65
1753752014565 4.465684868598896 66
1753752032496 4.446246168182747 67
1753752063877 4.464329827810196 68
1753752079190 4.511719277616357 69
1753752092624 4.495223175933152 70
1753752120672 4.491985107843693 71
1753752134572 4.435068402954539 72
1753752153424 4.479527433412623 73
1753752176219 4.479908865482279 74
1753752205495 4.503872776542606 75
1753752237954 4.516739495915994 76
1753752266048 4.510693165755112 77
1753752280126 4.504079622912176 78
1753752298755 4.482001240649811 79
1753752312122 4.50632120444024 80
1753752339869 4.525121839745999 81
1753752353478 4.523036352472678 82
1753752366903 4.51162139659872 83
1753752386351 4.523268332441047 84
1753752409321 4.516178255198432 85
1753752437930 4.543839381140989 86
1753752452330 4.528145479812698 87
1753752476800 4.506782046307431 88
1753752490059 4.53568786465355 89
1753752516294 4.5120987218623405 90
1753752544575 4.502769236750791 91
1753752571121 4.498815046696164 92
1753752586476 4.522688831693989 93
1753752612593 4.538532064323317 94
1753752625959 4.518623223486769 95
1753752638883 4.545642991679062 96
1753752654148 4.5167068135292405 97
1753752668369 4.541195353705275 98
1753752694915 4.5556205626281185 99
1753752723561 4.561264720326113 100
