1753578491653 0.02217976408041203 0
1753578511194 0.04452566871573351 1
1753578534546 0.06379797308523011 2
1753578554759 0.07119122777870078 3
1753578572917 0.09137730520019936 4
1753578590951 0.10824057152350888 5
1753578611657 0.12394085396245223 6
1753578633282 0.13366007642465527 7
1753578654905 0.14595447748795481 8
1753578676133 0.16040870576507726 9
1753578696476 0.16871573351054991 10
1753578716214 0.1776873234756604 11
1753578735260 0.18175776707094202 12
1753578755854 0.19521515201860773 13
1753578776021 0.20202691476989534 14
1753578797019 0.2134075427811929 15
1753578818374 0.21581658082737995 16
1753578830582 0.2199700947001163 17
1753578853908 0.22719720883867753 18
1753578871826 0.23567037713905964 19
1753578888458 0.23799634490779198 20
1753578912646 0.23857783684997508 21
1753578931675 0.24322977238743979 22
1753578950069 0.2508722379132746 23
1753578964959 0.24804784847981393 24
1753578985228 0.2502907459710915 25
1753579003973 0.25519189234092043 26
1753579022118 0.26059146037547765 27
1753579045469 0.2634989200863931 28
1753579067826 0.2639142714736667 29
1753579088768 0.27072603422495434 30
1753579110715 0.2669048014620369 31
1753579130389 0.26914769895331453 32
1753579151550 0.27571025087223794 33
1753579171358 0.2746303372653265 34
1753579193703 0.28019604585479313 35
1753579213367 0.2780362186409703 36
1753579230726 0.2787838511380628 37
1753579252811 0.28576175444425983 38
1753579271452 0.28393420834025584 39
1753579289387 0.29008140887190564 40
1753579308678 0.297557733842831 41
1753579327919 0.29232430636318324 42
1753579347048 0.29265658747300216 43
1753579369284 0.2944010632995514 44
1753579392357 0.29647782023591956 45
1753579410144 0.2955640471839176 46
1753579431353 0.29847150689483304 47
1753579449212 0.29888685828210665 48
1753579466872 0.30171124771556734 49
1753579488687 0.29847150689483304 50
1753579511048 0.30644625353048677 51
1753579533748 0.3042864263166639 52
1753579553269 0.3051171290912112 53
1753579571988 0.30445256687157335 54
1753579590392 0.31126432962286094 55
1753579601587 0.3096029240737664 56
1753579622985 0.3133410865592291 57
1753579644847 0.3139225785014122 58
1753579666739 0.31284266489450074 59
1753579686937 0.3105166971257684 60
1753579704109 0.3073600265824888 61
1753579725259 0.3107659079581326 62
1753579746451 0.31226117295231764 63
1753579765617 0.3150855623857784 64
1753579787531 0.31641468682505397 65
1753579806871 0.31815916265160327 66
1753579827572 0.3180760923741485 67
1753579849977 0.3197374979232431 68
1753579869853 0.3186575843163316 69
1753579891068 0.3163316165475993 70
1753579912327 0.32463864429307193 71
1753579933880 0.31840837348396744 72
1753579954756 0.32040206014288086 73
1753579977078 0.32098355208506396 74
1753579999681 0.31716231932214656 75
1753580015144 0.3204851304203356 76
1753580030368 0.32139890347233757 77
1753580051649 0.31815916265160327 78
1753580073876 0.3199036384781525 79
1753580089895 0.3232264495763416 80
1753580111118 0.32372487124106997 81
1753580128053 0.3217311845821565 82
1753580149797 0.3234756604087058 83
1753580169967 0.3226449576341585 84
1753580187917 0.3216481143047018 85
1753580201787 0.3254693470676192 86
1753580221521 0.3213158331948829 87
1753580232150 0.32555241734507395 88
1753580250205 0.32721382289416845 89
1753580271327 0.3286260176108988 90
1753580293354 0.32679847150689484 91
1753580313138 0.32870908788835357 92
1753580328816 0.3295397906629008 93
1753580349213 0.3267154012294401 94
1753580367160 0.331616547599269 95
1753580388634 0.3232264495763416 96
1753580409969 0.32754610400398737 97
1753580430290 0.32812759594617047 98
1753580453010 0.33277953148363515 99
1753580475423 0.3320318989865426 100
