1753578491654 4.549745315212315 0
1753578511195 4.466871181674821 1
1753578534547 4.364809610749369 2
1753578554760 4.274567003653224 3
1753578572918 4.201170838011386 4
1753578590952 4.117840186924484 5
1753578611658 4.034223169331572 6
1753578633283 3.984537454573373 7
1753578654906 3.918666359619457 8
1753578676134 3.853745381024922 9
1753578696477 3.82251187039609 10
1753578716215 3.776506178497295 11
1753578735261 3.7401646740093817 12
1753578755855 3.7020140244736783 13
1753578776022 3.660251502350649 14
1753578797021 3.649636232184426 15
1753578818376 3.640454016262628 16
1753578830584 3.6323348066377252 17
1753578853909 3.621130331674114 18
1753578871827 3.5946586803802263 19
1753578888459 3.595992860197397 20
1753578912647 3.5652335273044633 21
1753578931676 3.5671275198571877 22
1753578950070 3.5481934784645563 23
1753578964960 3.540894945786822 24
1753578985229 3.493662863963567 25
1753579003974 3.5251062106178206 26
1753579022119 3.54155340830036 27
1753579045470 3.5132897285069102 28
1753579067827 3.4825278850161996 29
1753579088769 3.4772174855135654 30
1753579110716 3.4669421962936893 31
1753579130390 3.47155135666683 32
1753579151551 3.4871839540202787 33
1753579171359 3.4952750108336326 34
1753579193704 3.4394591503074463 35
1753579213369 3.4712653792186323 36
1753579230727 3.4502673679863367 37
1753579252812 3.4394598332040602 38
1753579271453 3.4520598239518527 39
1753579289388 3.424252625781638 40
1753579308679 3.448913073484856 41
1753579327920 3.456875631202587 42
1753579347049 3.4398984405991424 43
1753579369286 3.445075268026026 44
1753579392358 3.4331543812332206 45
1753579410146 3.4497702172496476 46
1753579431354 3.430145527571159 47
1753579449214 3.4023798885804934 48
1753579466873 3.3958093398508855 49
1753579488688 3.427501290868231 50
1753579511049 3.4147119446513194 51
1753579533749 3.437563535707669 52
1753579553270 3.427924717500335 53
1753579571989 3.4117880019090943 54
1753579590393 3.422078237632848 55
1753579601588 3.4116823067847695 56
1753579622986 3.421290917316973 57
1753579644848 3.4166811453258426 58
1753579666740 3.4238274094199856 59
1753579686938 3.3959520002131334 60
1753579704110 3.4114472121218555 61
1753579725260 3.398881619047435 62
1753579746452 3.3948306628826597 63
1753579765618 3.4175495748041964 64
1753579787532 3.4066005513667563 65
1753579806872 3.4101405444317816 66
1753579827573 3.414668615342284 67
1753579849978 3.4190450574244684 68
1753579869854 3.422934693605687 69
1753579891069 3.4080130317690585 70
1753579912328 3.420544461170408 71
1753579933881 3.3752296663996915 72
1753579954758 3.4166838503964003 73
1753579977079 3.3895682118276493 74
1753579999682 3.419825356808335 75
1753580015145 3.386988137466909 76
1753580030369 3.397437361243829 77
1753580051650 3.3929925561075955 78
1753580073877 3.3869515559642878 79
1753580089896 3.416541925875256 80
1753580111119 3.4116167374536768 81
1753580128054 3.419276250586721 82
1753580149798 3.4179052556220846 83
1753580169968 3.4012285918901597 84
1753580187918 3.3899372360164537 85
1753580201788 3.4222927354923174 86
1753580221522 3.3965119866303106 87
1753580232151 3.3732360127200938 88
1753580250206 3.4092691205839505 89
1753580271328 3.383675618085883 90
1753580293355 3.401482622648762 91
1753580313139 3.3910432016408003 92
1753580328817 3.3976599013183026 93
1753580349214 3.3873520351261943 94
1753580367161 3.3758031814872633 95
1753580388635 3.4084840967618266 96
1753580409970 3.375059100521561 97
1753580430291 3.3863764030523296 98
1753580453011 3.3910451008201417 99
1753580475424 3.389401284336645 100
