1751813353703 2.2558244282849844 0
1751813443700 2.128405881575874 1
1751813537460 2.080270199053103 2
1751813631740 2.0753493386938464 3
1751813731860 1.9909398044013538 4
1751813820135 1.9595934566962248 5
1751813906667 2.016488426778557 6
1751813995439 2.0107656775544553 7
1751814086374 1.9883574069981618 8
1751814176834 2.0323225637113946 9
1751814262623 2.010441204605284 10
1751814341820 2.0539937898870635 11
1751814438480 2.008850311372332 12
1751814531811 2.0330102228978695 13
1751814626990 2.010641977335058 14
1751814717608 2.167737461944836 15
1751814809435 1.999068391416053 16
1751814904344 2.084779371386456 17
1751814986191 2.0776249895785055 18
1751815088465 2.069340809725977 19
1751815188293 2.049724203547456 20
1751815285427 2.131515481188581 21
1751815375225 2.1281522547484224 22
1751815466968 2.088094808794061 23
1751815551986 2.1435108591203775 24
1751815642296 2.161650418861332 25
1751815734493 2.195923329423676 26
1751815827746 2.139063600339745 27
1751815922610 2.275912774122954 28
1751816011921 2.188754449809815 29
1751816097591 2.1603400818271026 30
1751816193558 2.1521834988410427 31
1751816295400 2.198003421436917 32
1751816396842 2.1600115171168106 33
1751816487373 2.228325342287832 34
1751816576548 2.1604078425896573 35
1751816668061 2.160246701234042 36
1751816757119 2.1961944526972608 37
1751816847648 2.2001151167894335 38
1751816940938 2.1945477123404946 39
1751817027344 2.193194130716572 40
1751817114626 2.237041521790949 41
1751817203262 2.2288760493428206 42
1751817297410 2.204096646192085 43
1751817397967 2.256723101876659 44
1751817493702 2.241672205483065 45
1751817590773 2.286144316584886 46
1751817670625 2.2248676648753736 47
1751817758904 2.226984118970278 48
1751817851801 2.258524934254456 49
1751817941327 2.2139990754599745 50
1751817994018 2.1653180215576153 51
1751818045714 2.2569258941122636 52
1751818104323 2.1680398643744865 53
1751818159237 2.15647425298653 54
1751818218200 2.1243724982939094 55
1751818273780 2.1817783715540155 56
1751818333785 2.157778387882252 57
1751818393264 2.1921308491846436 58
1751818449687 2.128575321876597 59
1751818508844 2.162573952072834 60
1751818566894 2.1290864479679077 61
1751818620744 2.1642666600412874 62
1751818676888 2.105144108096765 63
1751818730841 2.1472486378135365 64
1751818786422 2.114632010083405 65
1751818843309 2.105174568951972 66
1751818897177 2.1082986799762726 67
1751818956733 2.1183587316936094 68
1751819011168 2.0997959496382834 69
1751819063372 2.136780824945022 70
1751819124807 2.147028997556753 71
1751819183371 2.1231270195668386 72
1751819237277 2.150414020866315 73
1751819289179 2.1340152241130634 74
1751819348616 2.1444855624561607 75
1751819408421 2.1430767634596477 76
1751819462156 2.1766315565411323 77
1751819516981 2.1382291233819513 78
1751819576012 2.103165880879162 79
1751819633440 2.144118852470037 80
1751819686873 2.116457093980008 81
1751819738378 2.157560048326916 82
1751819793943 2.1396003451835126 83
1751819847971 2.1401181114034573 84
1751819903037 2.1435514359902204 85
1751819959740 2.123480155579647 86
1751820021950 2.145843458654989 87
1751820078537 2.1644190392799803 88
1751820134670 2.1455978720479347 89
1751820191755 2.127548151449381 90
1751820248811 2.1590069668232164 91
1751820302973 2.1992219419344026 92
1751820357730 2.167402810990474 93
1751820413429 2.140034294446447 94
1751820473715 2.1468928957785844 95
1751820528279 2.145585933528495 96
1751820582538 2.1348264866168805 97
1751820639920 2.1673549529059217 98
1751820695999 2.149197428441132 99
1751820755341 2.1310816732031808 100
1751820796523 2.0780731188797072 101
1751820836137 2.0400059920504505 102
1751820879738 2.018813629269137 103
1751820923792 2.011748336829991 104
1751820965194 2.037887979331215 105
1751821007449 2.0277396327183452 106
1751821048435 2.037434649633514 107
1751821091599 2.003784487854611 108
1751821132868 2.008350237778324 109
1751821174240 2.0162383784835662 110
1751821213947 1.998542552564767 111
1751821254137 1.9984443252171484 112
1751821296720 2.0499415206842193 113
1751821337102 2.0181981872116572 114
1751821379688 2.031716063748199 115
1751821419131 2.08147511210326 116
1751821460161 2.001565515209651 117
1751821499737 2.01385224083024 118
1751821540084 1.9873837962013026 119
1751821580296 2.006510797006031 120
1751821625844 2.009292060482741 121
1751821668696 2.025737533202771 122
1751821712475 2.030662007025471 123
1751821754826 2.0683898447582547 124
1751821794696 2.00005962018151 125
1751821836354 2.0377330498042605 126
1751821877590 2.0367137500566423 127
1751821916746 2.0144482466948257 128
1751821956897 2.00319176641938 129
1751821996900 2.016771412065192 130
1751822037260 2.0563397896504014 131
1751822079677 2.016687715105963 132
1751822121568 2.0076111077113796 133
1751822161274 2.037242552801606 134
1751822201919 2.014837846489325 135
1751822243964 2.0104905275551683 136
1751822283317 2.0311059358224384 137
1751822326600 2.0342425884430706 138
1751822366059 2.0374120254801946 139
1751822410174 2.0226781812552463 140
1751822450302 2.0256955518907795 141
1751822490825 2.041330746819709 142
1751822531365 2.069902314290451 143
1751822576283 2.0233784993778565 144
1751822616716 2.022137289433074 145
1751822660462 2.015650024322824 146
1751822703840 2.053782092233559 147
1751822744638 2.0119495626484785 148
1751822787816 2.031832143991152 149
1751822832212 2.029278074235367 150
1751822860347 1.8257144524594917 151
1751822887305 1.7670942269936554 152
1751822914190 1.7489805915354186 153
1751822942213 1.7585859352447493 154
1751822968499 1.7580292616888966 155
1751822997310 1.7357184946845972 156
1751823025112 1.755606516367205 157
1751823051183 1.7510076186909214 158
1751823078245 1.732550053892206 159
1751823105905 1.7333091851139406 160
1751823133177 1.7545436158285144 161
1751823160052 1.7399216984704717 162
1751823187210 1.742269602498094 163
1751823213686 1.7465199495471204 164
1751823241297 1.732756092958767 165
1751823268358 1.730145216873459 166
1751823294491 1.7209144713384195 167
1751823321007 1.7389132979008466 168
1751823349745 1.7360647796149211 169
1751823377532 1.7290751404915166 170
1751823405295 1.7523244378873453 171
1751823432293 1.7512826327582427 172
1751823460588 1.7388918584940973 173
1751823490373 1.7210329539284515 174
1751823518601 1.7328234878507436 175
1751823544921 1.732656401071742 176
1751823572029 1.7264564723035492 177
1751823599476 1.7156600621525677 178
1751823626888 1.7325963281411256 179
1751823655059 1.7365998880407156 180
1751823682940 1.7229576595195124 181
1751823711238 1.748163112018083 182
1751823738201 1.7385544353157156 183
1751823765145 1.7205848963039756 184
1751823791577 1.7153896835863516 185
1751823819091 1.7328300945865 186
1751823846815 1.7297575660127846 187
1751823873355 1.737358362705276 188
1751823900963 1.7352935837315142 189
1751823927679 1.7204469680996721 190
1751823955552 1.7251460362631188 191
1751823985092 1.7331551430678247 192
1751824013010 1.722957953038306 193
1751824041433 1.7843061227118153 194
1751824068785 1.7230976167824676 195
1751824097366 1.733993381123281 196
1751824125606 1.7254883274363262 197
1751824153298 1.735397541755319 198
1751824180670 1.706745545945902 199
1751824209008 1.7141865263670304 200
