1753316208360 0.019687655756770228 0
1753316228461 0.03663399235753447 1
1753316249155 0.05333111812593454 2
1753316269066 0.0693636816746968 3
1753316289934 0.08124273135072271 4
1753316308640 0.08896826715401229 5
1753316329876 0.10666223625186907 6
1753316350487 0.118541285927895 7
1753316369354 0.12983884366173784 8
1753316389051 0.13581990363847815 9
1753316408230 0.15035720219305532 10
1753316424600 0.1617378302043529 11
1753316444533 0.17037713905964447 12
1753316464382 0.18366838345240072 13
1753316483871 0.19629506562551918 14
1753316503378 0.20933709918591129 15
1753316522318 0.20202691476989534 16
1753316540530 0.20809104502409037 17
1753316559708 0.21565044027247052 18
1753316579235 0.223708257185579 19
1753316598732 0.22960624688486458 20
1753316616440 0.23168300382123277 21
1753316636284 0.22628343578667554 22
1753316655045 0.24322977238743979 23
1753316675420 0.2445588968267154 24
1753316693278 0.2463864429307194 25
1753316708559 0.24779863764744975 26
1753316727540 0.2526167137398239 27
1753316747035 0.25843163316165474 28
1753316765173 0.2616713739823891 29
1753316783341 0.26474497424821397 30
1753316802299 0.27114138561222795 31
1753316823559 0.2724705100515036 32
1753316843411 0.2730520019936867 33
1753316863268 0.27728858614387775 34
1753316881889 0.2821897325137066 35
1753316899656 0.28210666223625186 36
1753316919688 0.28310350556570857 37
1753316939134 0.290579830536634 38
1753316957736 0.2963947499584649 39
1753316978838 0.2965608905133743 40
1753316997985 0.3005482638312012 41
1753317018931 0.3035387938195714 42
1753317038744 0.29722545273301215 43
1753317058280 0.3029573018773883 44
1753317077346 0.3061970426981226 45
1753317096073 0.2980561555075594 46
1753317115927 0.3086060807443097 47
1753317137203 0.3075261671373982 48
1753317154383 0.3086060807443097 49
1753317175172 0.31059976740322315 50
1753317194167 0.31325801628177435 51
1753317211792 0.31624854627014454 52
1753317224282 0.31641468682505397 53
1753317244253 0.3164977571025087 54
1753317261690 0.3251370659578003 55
1753317281224 0.32040206014288086 56
1753317300072 0.32679847150689484 57
1753317320090 0.3274630337265326 58
1753317339071 0.3234756604087058 59
1753317358895 0.32754610400398737 60
1753317373896 0.3207343412526998 61
1753317394174 0.3244725037381625 62
1753317413449 0.3274630337265326 63
1753317433410 0.3351054992523675 64
1753317452151 0.3310350556570859 65
1753317471485 0.3372653264661904 66
1753317490880 0.3278783851138063 67
1753317510832 0.33078584482472173 68
1753317531243 0.33734839674364514 69
1753317549560 0.33934208340255856 70
1753317565354 0.33718225618873565 71
1753317586265 0.3280445256687157 72
1753317606696 0.33585313174946 73
1753317628402 0.33734839674364514 74
1753317649904 0.3474829705931218 75
1753317668872 0.3460707758763914 76
1753317687070 0.3385113806280113 77
1753317708130 0.3408373483967436 78
1753317727600 0.34872902475494266 79
1753317748197 0.3418341917262004 80
1753317766885 0.343163316165476 81
1753317784746 0.3462369164313009 82
1753317801920 0.34175112144874564 83
1753317821395 0.3436617378302044 84
1753317842740 0.3481475328127596 85
1753317864910 0.35429473334440936 86
1753317884573 0.3465691975411198 87
1753317902826 0.3503904303040372 88
1753317922996 0.3531317494600432 89
1753317942394 0.3434125269978402 90
1753317962716 0.3513872736334939 91
1753317982971 0.3497258680843994 92
1753318003540 0.35288253862767904 93
1753318022320 0.35869745804950987 94
1753318041553 0.3634324638644293 95
1753318062664 0.3549592955640472 96
1753318084121 0.3631001827546104 97
1753318103979 0.3563714902807775 98
1753318122837 0.3591958797142382 99
1753318143955 0.3557899983385944 100
