1753545888693 0.021764412693138394 0
1753545902498 0.04743312842664894 1
1753545932640 0.07036052500415352 2
1753545949914 0.08971589965110484 3
1753545979009 0.10292407376640637 4
1753545993694 0.11737830204352882 5
1753546012391 0.14022262834357868 6
1753546039937 0.15334773218142547 7
1753546056695 0.16796810101345738 8
1753546074893 0.17993022096693803 9
1753546098392 0.17934872902475493 10
1753546112408 0.196045854793155 11
1753546126821 0.2034391094866257 12
1753546141340 0.21573351054992523 13
1753546159972 0.22221299219139393 14
1753546177280 0.23251370659578002 15
1753546190977 0.22968931716231933 16
1753546208143 0.2348396743645124 17
1753546234712 0.24214985878052833 18
1753546260129 0.2507060973583652 19
1753546289895 0.25245057318491443 20
1753546314545 0.2563548762252866 21
1753546344159 0.2588469845489284 22
1753546372023 0.26075760093038713 23
1753546395060 0.2625851470343911 24
1753546423423 0.26432962286094036 25
1753546449833 0.26715401229440106 26
1753546464288 0.27230436949659415 27
1753546481215 0.274464196710417 28
1753546501219 0.28110981890679515 29
1753546516194 0.2777870078086061 30
1753546531499 0.27571025087223794 31
1753546547952 0.27886692141551755 32
1753546562684 0.2830204352882539 33
1753546579762 0.28335271639807275 34
1753546600417 0.2836019272304369 35
1753546615548 0.28675859777371654 36
1753546629869 0.2929888685828211 37
1753546645703 0.29564711746137234 38
1753546659904 0.2875893005482638 39
1753546684778 0.2991360691144708 40
1753546711809 0.30162817743811265 41
1753546738972 0.2983884366173783 42
1753546767639 0.2937365010799136 43
1753546781379 0.29730852301046684 44
1753546797062 0.3011297557733843 45
1753546824996 0.29822229606246886 46
1753546852716 0.3009636152184748 47
1753546868654 0.30129589632829373 48
1753546897295 0.3009636152184748 49
1753546920527 0.2973915932879216 50
1753546934864 0.29988370161156336 51
1753546949456 0.30345572354211664 52
1753546963519 0.30503405881375645 53
1753546994035 0.3063631832530321 54
1753547016861 0.3113473999003157 55
1753547033762 0.30403721548429974 56
1753547063436 0.3071108157501246 57
1753547079671 0.30719388602757935 58
1753547103505 0.30661239408539626 59
1753547134911 0.30819072935703606 60
1753547151598 0.30536633992357537 61
1753547174188 0.3033726532646619 62
1753547192703 0.30486791825884696 63
1753547224317 0.3096859943512211 64
1753547254828 0.3110981890679515 65
1753547272551 0.3113473999003157 66
1753547292820 0.31342415683668384 67
1753547323082 0.3108489782355873 68
1753547347649 0.3089383618541286 69
1753547376075 0.31159661073267986 70
1753547410034 0.31525170294068783 71
1753547437121 0.3107659079581326 72
1753547463175 0.3130918757268649 73
1753547486687 0.31683003821232764 74
1753547515543 0.3145040704435953 75
1753547543935 0.31001827546104005 76
1753547560152 0.3139225785014122 77
1753547585465 0.3141717893337764 78
1753547600711 0.31533477321814257 79
1753547631437 0.31467021099850473 80
1753547647587 0.31442100016614055 81
1753547666543 0.31566705432796144 82
1753547684545 0.317328459877056 83
1753547704336 0.3125103837846818 84
1753547719663 0.317328459877056 85
1753547748201 0.31566705432796144 86
1753547775419 0.3158331948828709 87
1753547806748 0.31840837348396744 88
1753547841757 0.3179099518192391 89
1753547870325 0.3185745140388769 90
1753547899059 0.31782688154178435 91
1753547926001 0.31824223292905796 92
1753547955441 0.31757767070942017 93
1753547972631 0.31840837348396744 94
1753547994446 0.32040206014288086 95
1753548022962 0.3179099518192391 96
1753548040726 0.3203189898654262 97
1753548054603 0.3216481143047018 98
1753548084613 0.320069779033062 99
1753548104748 0.3180760923741485 100
