1753545888694 4.550565859941689 0
1753545902499 4.434614959733959 1
1753545932641 4.357314850650938 2
1753545949915 4.25919769760155 3
1753545979011 4.21350838487481 4
1753545993695 4.120613898011674 5
1753546012392 4.053457112909984 6
1753546039938 4.0096004751093295 7
1753546056696 3.9544093355670538 8
1753546074894 3.8968665290013544 9
1753546098393 3.9042772916875443 10
1753546112409 3.8528779838393987 11
1753546126822 3.8465145554321034 12
1753546141341 3.804166134642517 13
1753546159973 3.794493516510714 14
1753546177281 3.811483954929313 15
1753546190979 3.818513823593229 16
1753546208144 3.8129808711167485 17
1753546234713 3.808591491471626 18
1753546260130 3.7967903474729714 19
1753546289896 3.8426207694505443 20
1753546314546 3.83019699110449 21
1753546344160 3.8326756960429216 22
1753546372024 3.843931215656031 23
1753546395061 3.8432380195241715 24
1753546423424 3.827626829966513 25
1753546449834 3.8553213610088357 26
1753546464289 3.890267481044836 27
1753546481216 3.8673325206513036 28
1753546501220 3.8673643813107796 29
1753546516195 3.8768525926992967 30
1753546531500 3.856762769731624 31
1753546547953 3.8925170605340793 32
1753546562685 3.9448480347093864 33
1753546579763 3.936351579648477 34
1753546600418 3.9163248925047904 35
1753546615549 3.9364783748232886 36
1753546629870 3.9138232314092742 37
1753546645704 3.924884638755884 38
1753546659905 3.9398911888815413 39
1753546684779 3.949423413386178 40
1753546711810 3.9580389143508157 41
1753546738973 3.9826942017685045 42
1753546767640 3.9707244374770005 43
1753546781380 3.999478090586436 44
1753546797063 3.977868061935984 45
1753546824997 4.027681920656376 46
1753546852717 4.015210221027151 47
1753546868655 3.9679278942874645 48
1753546897296 3.9839213876812547 49
1753546920528 4.018204367742002 50
1753546934865 4.009252538498812 51
1753546949457 3.9994120287531016 52
1753546963520 4.007967410289136 53
1753546994036 4.001294045237273 54
1753547016862 4.002444842603072 55
1753547033763 4.0037016582603755 56
1753547063437 4.0399838278772044 57
1753547079672 4.033807001931569 58
1753547103506 4.0329734349654895 59
1753547134913 3.9971307108163536 60
1753547151599 3.984915211643976 61
1753547174189 3.9962397287719593 62
1753547192705 4.045943626367315 63
1753547224318 4.038424189905413 64
1753547254830 4.030238298363679 65
1753547272552 4.056597435485621 66
1753547292821 4.04052911296278 67
1753547323083 4.027565803081826 68
1753547347650 4.047891533915457 69
1753547376076 4.056123419829082 70
1753547410035 4.033209221077828 71
1753547437122 4.016177465300052 72
1753547463176 4.059987015144475 73
1753547486688 4.029817883852112 74
1753547515544 4.069675594025711 75
1753547543936 4.0272208435792605 76
1753547560153 4.043082330685376 77
1753547585466 4.0451416728274046 78
1753547600712 4.033370681619964 79
1753547631438 4.046754244572324 80
1753547647589 4.048090323971065 81
1753547666544 4.067093966536179 82
1753547684546 4.105149727373174 83
1753547704337 4.107312132652945 84
1753547719664 4.056195351048652 85
1753547748203 4.078410160119974 86
1753547775420 4.054871607678633 87
1753547806749 4.053912951532057 88
1753547841758 4.096263192081132 89
1753547870326 4.056915924055952 90
1753547899060 4.095073808278467 91
1753547926002 4.05168131235492 92
1753547955442 4.08076467018767 93
1753547972632 4.059383123280564 94
1753547994447 4.046340336405375 95
1753548022963 4.080679045449518 96
1753548040727 4.064021359208514 97
1753548054604 4.0896845693230555 98
1753548084614 4.113752931821019 99
1753548104749 4.080951608142161 100
