1753226981991 4.524251231429656 0
1753227007875 4.403379784706712 1
1753227029710 4.2783507151280995 2
1753227043657 4.1438522634510235 3
1753227071180 4.055837237519244 4
1753227093996 3.9508139485318705 5
1753227120529 3.8727934062355653 6
1753227133813 3.803553182445388 7
1753227146824 3.746951821823489 8
1753227176213 3.680697990771651 9
1753227189241 3.6456198983455015 10
1753227203714 3.624656852076363 11
1753227217642 3.576263596676838 12
1753227232612 3.538688298757961 13
1753227246631 3.5078595743153262 14
1753227270954 3.4984072840679787 15
1753227297130 3.502725280824455 16
1753227324327 3.496265416688506 17
1753227339738 3.493268117202135 18
1753227353931 3.4733291298915177 19
1753227366705 3.4901264140765274 20
1753227379429 3.4648271390198158 21
1753227404745 3.478889855430526 22
1753227419558 3.4570842431768143 23
1753227435246 3.47990142383361 24
1753227457959 3.442462632658853 25
1753227477703 3.4577376688538903 26
1753227492164 3.4612847988898134 27
1753227508795 3.4327434956426126 28
1753227521680 3.403261643076905 29
1753227531515 3.380873468692386 30
1753227547448 3.3675135092080866 31
1753227564231 3.3782109805469305 32
1753227579234 3.406755488752667 33
1753227596638 3.3870069197292536 34
1753227614805 3.353772577654669 35
1753227632809 3.391887086236512 36
1753227650864 3.344756330547838 37
1753227667446 3.3495653860956844 38
1753227685844 3.375551204249958 39
1753227695822 3.357519864246794 40
1753227711988 3.3748992914760647 41
1753227729687 3.3705816291094126 42
1753227749225 3.3721373697923682 43
1753227768135 3.384411074111521 44
1753227784122 3.352886651358017 45
1753227799972 3.370758900162852 46
1753227813538 3.342952413236258 47
1753227832641 3.330102132706143 48
1753227843322 3.3202147856511304 49
1753227858020 3.349343265653809 50
1753227871274 3.3110208791211253 51
1753227883360 3.3016578424072107 52
1753227895280 3.3086660369485306 53
1753227908897 3.275044552753231 54
1753227923204 3.28364586776272 55
1753227934017 3.2662420091557873 56
1753227945830 3.279844492742774 57
1753227957390 3.2622141629745602 58
1753227969324 3.2567817201605362 59
1753227981079 3.229792411147471 60
1753227992770 3.25529841818119 61
1753228005564 3.2394153657782323 62
1753228017526 3.235942035938522 63
1753228029853 3.268363730678943 64
1753228042910 3.2444016784241643 65
1753228055865 3.2492875537548107 66
1753228068160 3.2457689328597543 67
1753228081056 3.258250673160978 68
1753228091282 3.251426015169794 69
1753228102941 3.239651986202456 70
1753228113870 3.2240713331041944 71
1753228123943 3.2089648462108524 72
1753228137133 3.2321875600215515 73
1753228150597 3.2099201321827358 74
1753228162536 3.2327778256330335 75
1753228170006 3.1740171510214163 76
1753228177274 3.155425291807524 77
1753228184294 3.140626055702486 78
1753228190947 3.1301593697461927 79
1753228198274 3.1460440962466936 80
1753228204720 3.1215987894002906 81
1753228211055 3.1410791936693396 82
1753228218575 3.1403937354063776 83
1753228225664 3.1276057010791343 84
1753228232867 3.111616741901889 85
1753228239638 3.128947704685942 86
1753228247094 3.0972506085355125 87
1753228253724 3.0878389146384095 88
1753228260968 3.1049762954352134 89
1753228267063 3.0801747195131393 90
1753228274190 3.103456854707506 91
1753228280394 3.0910881416744522 92
1753228287168 3.0944822364967877 93
1753228294244 3.08061262957686 94
1753228300612 3.0749541596361145 95
1753228307150 3.092153828677233 96
1753228313982 3.0652807598707303 97
1753228321446 3.0815374266204336 98
1753228328793 3.074206312234385 99
1753228335962 3.0661515842633067 100
