1754675669105 0.21450246086666913 0
1754675711075 0.28596010805610034 1
1754675754629 0.35536394922843506 2
1754675793730 0.3608222625171151 3
1754675832448 0.3736631758131962 4
1754675872990 0.41880990267549867 5
1754675911871 0.40752322095992305 6
1754675953552 0.443307552825371 7
1754675995732 0.4513377493246494 8
1754676034246 0.4380342671057988 9
1754676076477 0.4686378270362284 10
1754676114428 0.4583317914369241 11
1754676155492 0.4770565814306332 12
1754676200778 0.48536431928357326 13
1754676242446 0.47555785812086 14
1754676285562 0.4950782666617326 15
1754676325379 0.48109018243718316 16
1754676367122 0.4990933649113718 17
1754676406255 0.4897864781852496 18
1754676449550 0.507475113791955 19
1754676489301 0.496725012026792 20
1754676526308 0.49000851126817896 21
1754676567754 0.5122118195611146 22
1754676607987 0.5010361543870037 23
1754676646565 0.4976316471154202 24
1754676685900 0.5007031047626096 25
1754676733913 0.5048847278244458 26
1754676772009 0.5065314731895052 27
1754676820533 0.5088073122895311 28
1754676863768 0.5097139473781593 29
1754676905881 0.5190578396181031 30
1754676947367 0.5183547348554934 31
1754676989392 0.5212966732043074 32
1754677031770 0.5222773193205787 33
1754677074823 0.5212966732043074 34
1754677116086 0.5222033082929356 35
1754677157992 0.5235910150612442 36
1754677199065 0.5256633238352515 37
1754677242045 0.5237205343596196 38
1754677286671 0.5225548606742405 39
1754677330886 0.5232394626799393 40
1754677372614 0.5250342301002849 41
1754677414342 0.521925766939274 42
1754677458572 0.5225363579173297 43
1754677502176 0.524775191503534 44
1754677545851 0.5242756170669429 45
1754677587513 0.525200754912482 46
1754677633529 0.5243311253376753 47
1754677674276 0.5286792732117085 48
1754677716317 0.5218702586685416 49
1754677758710 0.5227398882433483 50
1754677801248 0.5227213854864374 51
1754677845442 0.5221848055360249 52
1754677888104 0.5228694075417237 53
1754677931735 0.5227398882433483 54
1754677975665 0.522591866188062 55
1754678021470 0.5234429930059579 56
1754678064670 0.523517004033601 57
1754678109261 0.5232764681937608 58
1754678150519 0.5232579654368501 59
1754678192336 0.5212041594197535 60
1754678233607 0.5278651519076343 61
1754678273911 0.5318617474003626 62
1754678315698 0.5317877363727196 63
1754678353999 0.5336935203345299 64
1754678393582 0.5292158531621212 65
1754678432041 0.5288272952669948 66
1754678474049 0.5278096436369019 67
1754678512415 0.5365059393849684 68
1754678552840 0.5415016837508789 69
1754678593148 0.5366539614402546 70
1754678636578 0.5371350331199348 71
1754678677366 0.5373200606890427 72
1754678720814 0.5356178070532509 73
1754678761075 0.5353587684565 74
1754678802322 0.5367649779817193 75
1754678841897 0.5404100210931428 76
1754678885011 0.5391148281093883 77
1754678922876 0.5381526847500278 78
1754678960873 0.5380231654516523 79
1754679000126 0.5368574917662732 80
1754679037672 0.5362098952743959 81
1754679076734 0.5385227398882434 82
1754679118018 0.5409280982866447 83
1754679155151 0.5410206120711986 84
1754679192707 0.5405210376346076 85
1754679232977 0.5408170817451801 86
1754679280922 0.539059319838656 87
1754679323479 0.5416312030492544 88
1754679367316 0.5434259704696 89
1754679406612 0.5404655293638753 90
1754679452218 0.5295304000296044 91
1754679491072 0.5407430707175369 92
1754679528245 0.5395588942752471 93
1754679563722 0.5413351589386819 94
1754679601812 0.5407245679606262 95
1754679636567 0.5409651038004663 96
1754679678658 0.5408355845020908 97
1754679716249 0.5413351589386819 98
1754679753487 0.5403730155793213 99
1754679790396 0.5406135514191615 100
