1751054283305 0.026084067120784184 0
1751054326020 0.03264661903970759 1
1751054368069 0.048679182588469844 2
1751054410925 0.06612394085396245 3
1751054451690 0.09810599767403223 4
1751054493302 0.12169795647117461 5
1751054535273 0.14445921249376972 6
1751054575245 0.15916265160325635 7
1751054616931 0.1626516032563549 8
1751054661854 0.1664728360192723 9
1751054706227 0.18316996178767236 10
1751054750610 0.19779033061970427 11
1751054794462 0.19488287090878884 12
1751054819781 0.2087556072437282 13
1751054844979 0.21797640804120286 14
1751054870749 0.22470510051503573 15
1751054895976 0.22852633327795316 16
1751054921123 0.22237913274630336 17
1751054947448 0.21897325137065957 18
1751054973392 0.2349227446419671 19
1751054998665 0.2414022262834358 20
1751055025199 0.24713407542781193 21
1751055051617 0.2411530154510716 22
1751055078420 0.2512875893005483 23
1751055104943 0.24605416182090048 24
1751055131736 0.24148529656089052 25
1751055152340 0.2564379465027413 26
1751055173226 0.26183751453729853 27
1751055192915 0.2620867253696627 28
1751055212135 0.25934540621365676 29
1751055233257 0.26374813091875726 30
1751055252940 0.2556903140056488 31
1751055273486 0.2669048014620369 32
1751055294030 0.2672370825718558 33
1751055314751 0.2591792656587473 34
1751055333974 0.26798471506894833 35
1751055353203 0.2716398072769563 36
1751055373650 0.2709752450573185 37
1751055393175 0.26840006645622194 38
1751055406600 0.28368499750789167 39
1751055420331 0.2819405216813424 40
1751055433870 0.28692473832862603 41
1751055447402 0.2843495597275295 42
1751055461138 0.28152517029406876 43
1751055474659 0.28426648945007477 44
1751055487994 0.2802791161322479 45
1751055501670 0.28235587306861604 46
1751055515220 0.2908290413689982 47
1751055528924 0.2796145539126101 48
1751055542628 0.27554411031732845 49
1751055555974 0.2837680677853464 50
