1751054283306 4.556914079037139 0
1751054326021 4.280640714012397 1
1751054368070 4.158212960901358 2
1751054410926 4.044609109011872 3
1751054451691 4.00929947843809 4
1751054493302 3.9729108185567577 5
1751054535274 3.9623663526969266 6
1751054575246 3.910340437569312 7
1751054616932 3.9100638552299727 8
1751054661855 3.896195662485603 9
1751054706227 3.9162380880804633 10
1751054750611 3.918954839502376 11
1751054794463 4.003134371957961 12
1751054819782 3.94397549940767 13
1751054844980 3.881295036411505 14
1751054870749 3.9233246824311823 15
1751054895977 3.943773891292723 16
1751054921124 3.9910039092911216 17
1751054947449 4.022017710040268 18
1751054973392 3.976050077122758 19
1751054998666 4.018464849499834 20
1751055025200 4.018884219580002 21
1751055051618 3.948465345793375 22
1751055078421 4.000930208214708 23
1751055104943 4.005311035734511 24
1751055131736 3.96409068662119 25
1751055152341 4.032629883365417 26
1751055173226 4.056197346129859 27
1751055192915 4.012262464068529 28
1751055212135 3.9523975792714907 29
1751055233258 3.9815368450730633 30
1751055252941 3.9697287248926547 31
1751055273486 3.981682123705592 32
1751055294031 4.041876882495529 33
1751055314751 4.029518869693221 34
1751055333975 3.9894197698379315 35
1751055353204 4.015479075251376 36
1751055373650 3.9687577611695626 37
1751055393176 4.011626487809461 38
1751055406601 4.016965799549679 39
1751055420332 3.9410037479781783 40
1751055433871 3.935877828100132 41
1751055447403 3.951380514748103 42
1751055461139 3.901480707564247 43
1751055474659 3.931870657452531 44
1751055487995 3.858507463911583 45
1751055501670 3.870251845124876 46
1751055515221 3.8795554637784213 47
1751055528925 3.8050177355058574 48
1751055542629 3.805097536858367 49
1751055555974 3.8542704852486933 50
