1750307809848 4.591331150412509 0
1750307865674 4.407379898618078 1
1750307920923 4.073705020999147 2
1750307976520 3.768229840507323 3
1750308033974 3.518562846145694 4
1750308091969 3.342794425149784 5
1750308149165 3.225712932073153 6
1750308204096 3.107920054980515 7
1750308262391 3.0466101828769956 8
1750308321225 2.9819119699916303 9
1750308378285 2.9359700080726068 10
1750308433264 2.91373107736729 11
1750308491378 2.8708347177846236 12
1750308525917 2.7784977447039543 13
1750308559995 2.739273182894313 14
1750308593207 2.690322016857912 15
1750308626112 2.684973461129877 16
1750308658705 2.67000930124644 17
1750308691913 2.6570294175192104 18
1750308725599 2.627045578337006 19
1750308757739 2.6300831290542104 20
1750308791947 2.59944542188913 21
1750308825574 2.598463889328859 22
1750308859107 2.572890659962546 23
1750308894132 2.5580357482587153 24
1750308928173 2.527582969483632 25
1750308953326 2.5142010873533587 26
1750308978269 2.5157360761743877 27
1750309002449 2.4962613550290786 28
1750309027130 2.4713383646460327 29
1750309052597 2.467589416903275 30
1750309077619 2.456178356189094 31
1750309101616 2.448307393640969 32
1750309125603 2.4447784992377266 33
1750309149530 2.4395578096222605 34
1750309173365 2.4161961160947816 35
1750309197900 2.414330482933891 36
1750309221784 2.405082372205505 37
1750309245959 2.3997181961144554 38
1750309261078 2.4078351730068173 39
1750309276190 2.390030138842846 40
1750309291277 2.399002548662641 41
1750309306614 2.392507192015197 42
1750309321727 2.387359027578932 43
1750309336878 2.388354131157231 44
1750309352002 2.3752561143187227 45
1750309367147 2.3911103868419357 46
1750309382135 2.3727030361297503 47
1750309397390 2.38003025324518 48
1750309412394 2.3603083881048055 49
1750309427634 2.367004292133527 50
