1754487053190 0.24238611553121414 0
1754487089285 0.27052880879251007 1
1754487126571 0.3279428634866595 2
1754487165674 0.3311068349184028 3
1754487201479 0.3715353587684565 4
1754487239041 0.37138733671317026 5
1754487277260 0.40167634977611666 6
1754487314097 0.4015468304777412 7
1754487354155 0.42480479591459125 8
1754487391249 0.42288050919587017 9
1754487425944 0.44251193427820745 10
1754487468325 0.4360174666025238 11
1754487501506 0.45481626762387595 12
1754487541534 0.4515412796506679 13
1754487582388 0.47072863856714653 14
1754487624327 0.4599045257743404 15
1754487663466 0.47561336639159235 16
1754487702506 0.47809273581763684 17
1754487738180 0.4840691262998187 18
1754487784444 0.4843836731673019 19
1754487817419 0.49067461051696704 20
1754487859283 0.485216297228287 21
1754487896696 0.4972430892202938 22
1754487937431 0.4882507493616549 23
1754487973592 0.5019982977463642 24
1754488023892 0.49348702956740553 25
1754488055867 0.5084927654220479 26
1754488095756 0.4984827739333161 27
1754488128761 0.5118972726936314 28
1754488171833 0.4983532546349406 29
1754488205980 0.5151907634237501 30
1754488245879 0.5019427894756319 31
1754488282511 0.5176886356067054 32
1754488325418 0.5039965954927285 33
1754488358679 0.5219442696961847 34
1754488403850 0.5088443178033527 35
1754488435392 0.5190948451319246 36
1754488477823 0.508400251637494 37
1754488518289 0.5225733634311512 38
1754488561006 0.5118047589090775 39
1754488592376 0.5262184065425748 40
1754488644999 0.5140435924952818 41
1754488688069 0.5270880361173815 42
1754488730697 0.5140991007660142 43
1754488766677 0.5270140250897384 44
1754488807405 0.515708840617252 45
1754488838204 0.5280131739629205 46
1754488882704 0.5157273433741627 47
1754488919282 0.5296229138141583 48
1754488963295 0.5155608185619658 49
1754488999604 0.5312141509084853 50
1754489041895 0.5185212596676905 51
1754489078606 0.5317877363727196 52
1754489120734 0.5199459719498205 53
1754489159697 0.5352292491581245 54
1754489203411 0.5175961218221515 55
1754489236739 0.5380601709654739 56
1754489279651 0.5226288717018835 57
1754489319680 0.5381711875069385 58
1754489366376 0.522258816563668 59
1754489405006 0.539225844650853 60
1754489450263 0.5220552862376494 61
1754489482331 0.5402249935240351 62
1754489523746 0.523183954409207 63
1754489565742 0.540650556932983 64
1754489608115 0.5248121970173556 65
1754489639749 0.5422973022980424 66
1754489682635 0.525700329349073 67
1754489721377 0.5433149539281353 68
1754489762638 0.5275506050401509 69
1754489793119 0.5436480035525293 70
1754489835065 0.5259223624320024 71
1754489866143 0.5435184842541538 72
1754489911434 0.5256263183214299 73
1754489945746 0.54485068275173 74
1754489987206 0.5272545609295785 75
1754490031207 0.5440180586907449 76
1754490074883 0.5259223624320024 77
1754490116820 0.5465529363875218 78
1754490165056 0.5293453724604966 79
1754490195352 0.5471820301224882 80
1754490236898 0.5295489027865152 81
1754490273279 0.5477371128298116 82
1754490315462 0.5296414165710691 83
1754490353103 0.5480331569403841 84
1754490394726 0.5312511564223069 85
1754490424999 0.5471265218517559 86
1754490467117 0.5289383118084595 87
1754490500642 0.5481811789956703 88
1754490542723 0.5312326536653962 89
1754490576035 0.5484957258631536 90
1754490621075 0.5316582170743441 91
1754490651548 0.547034008067202 92
1754490695045 0.5322873108093106 93
1754490728164 0.5481811789956703 94
1754490769845 0.5317137253450764 95
1754490800630 0.548292195537135 96
1754490842963 0.531584206046701 97
1754490875861 0.5476260962883469 98
1754490928627 0.5307515819857159 99
1754490959343 0.5488472782444584 100
