1754487053190 2.145344584658939 0
1754487089285 1.9884931616819428 1
1754487126571 1.7833877201340524 2
1754487165675 1.7440555517103526 3
1754487201480 1.6600064830815209 4
1754487239041 1.6415099516973535 5
1754487277260 1.5757220712627846 6
1754487314098 1.5688606404031846 7
1754487354156 1.5204655833158254 8
1754487391250 1.5141015745269677 9
1754487425944 1.4799602479669125 10
1754487468326 1.48308799617761 11
1754487501506 1.446406718568732 12
1754487541535 1.4478088507538445 13
1754487582388 1.4107562658201929 14
1754487624328 1.4340407306914495 15
1754487663466 1.4001934824970437 16
1754487702507 1.3909425202493164 17
1754487738181 1.3792905699105436 18
1754487784444 1.3768811467154265 19
1754487817420 1.372182959250331 20
1754487859283 1.379951711317972 21
1754487896697 1.3575320561129025 22
1754487937431 1.3783365072789067 23
1754487973592 1.349046275165539 24
1754488023893 1.3686556753636645 25
1754488055868 1.3339263515457118 26
1754488095756 1.3548750581037339 27
1754488128761 1.332252312951683 28
1754488171834 1.3612592703361648 29
1754488205981 1.327301329248541 30
1754488245880 1.3552876175410846 31
1754488282512 1.3256478518687358 32
1754488325419 1.3539578857430234 33
1754488358680 1.3153110159198294 34
1754488403851 1.3472452481112596 35
1754488435393 1.3351813732487332 36
1754488477824 1.3542896553524495 37
1754488518289 1.32810131915705 38
1754488561007 1.348968301044726 39
1754488592376 1.3229373557590152 40
1754488644999 1.3496574548083355 41
1754488688070 1.32683819636594 42
1754488730698 1.3528780916738656 43
1754488766678 1.331331604279166 44
1754488807405 1.3521801862316598 45
1754488838204 1.3318764372486718 46
1754488882704 1.35467802277716 47
1754488919282 1.335263449639223 48
1754488963296 1.3597255030009157 49
1754488999604 1.3359380934511385 50
1754489041895 1.3580461071823957 51
1754489078606 1.3400771715344009 52
1754489120735 1.3553900301458093 53
1754489159697 1.326505922607849 54
1754489203411 1.3654579954211215 55
1754489236739 1.319811188692997 56
1754489279651 1.3540086175683401 57
1754489319680 1.3252231216910417 58
1754489366376 1.3604402080739015 59
1754489405006 1.3227506778277929 60
1754489450264 1.368704127859369 61
1754489482332 1.3243092966361611 62
1754489523746 1.3713500114211123 63
1754489565743 1.3266704209734186 64
1754489608116 1.3651051416635842 65
1754489639750 1.3286227442719662 66
1754489682635 1.3664641246823803 67
1754489721378 1.3282641455478226 68
1754489762639 1.3597709138027956 69
1754489793120 1.3300007296757481 70
1754489835065 1.368726043180748 71
1754489866144 1.3315688382218298 72
1754489911435 1.3691200885952746 73
1754489945746 1.328152411989375 74
1754489987207 1.3685725423274075 75
1754490031208 1.3379877722022613 76
1754490074883 1.374110081113163 77
1754490116821 1.332904758464235 78
1754490165057 1.3669707450877768 79
1754490195353 1.3255883579810364 80
1754490236899 1.369507173657425 81
1754490273279 1.327614273235076 82
1754490315462 1.371956473732918 83
1754490353103 1.3251739741476707 84
1754490394727 1.3702857908353514 85
1754490424999 1.3391751288590845 86
1754490467118 1.385237588628025 87
1754490500642 1.3277609052666268 88
1754490542724 1.3750073145041743 89
1754490576035 1.3299072269130068 90
1754490621075 1.3729013742188547 91
1754490651548 1.3415330574706834 92
1754490695046 1.3752824844318678 93
1754490728164 1.3385593282253907 94
1754490769846 1.379310418676956 95
1754490800630 1.342425595167586 96
1754490842963 1.3792094039092835 97
1754490875861 1.345221649698203 98
1754490928628 1.3842820954478785 99
1754490959344 1.3410265283027905 100
