1751941280006 0.23975872404988344 0
1751941390656 0.16944824778892054 1
1751941499437 0.17731191947600192 2
1751941605344 0.16719091144580542 3
1751941708484 0.16513710542870888 4
1751941813070 0.17697886985160788 5
1751941920480 0.18003182474188653 6
1751942024424 0.1583650963993635 7
1751942124438 0.15538615253672797 8
1751942231785 0.1809014543166932 9
1751942339501 0.19342782074529105 10
1751942442581 0.20787847389261 11
1751942547463 0.20576915960478112 12
1751942642608 0.19696184731524996 13
1751942757434 0.20090293453724606 14
1751942865721 0.19670280871849904 15
1751942965871 0.19470451097213484 16
1751943065496 0.2029382377974318 17
1751943166242 0.19024534655663694 18
1751943269588 0.1975724382933057 19
1751943378787 0.20699034156089258 20
1751943485329 0.2223661325537505 21
1751943590715 0.22403138067572068 22
1751943692887 0.23518854309292084 23
1751943799090 0.2514339636605854 24
1751943895203 0.24712282130037375 25
1751943997355 0.25798393960700144 26
1751944106768 0.26198053509972985 27
1751944212142 0.26035229249158126 28
1751944313086 0.2504718203012249 29
1751944419000 0.25983421529807943 30
1751944524431 0.25733634311512416 31
1751944631921 0.27075084187543946 32
1751944734101 0.26101839174036934 33
1751944835034 0.24673426340524737 34
1751944943039 0.23442993005957888 35
1751945048403 0.26557006994042115 36
1751945158051 0.27391481330718276 37
1751945259630 0.2773563260925878 38
1751945359103 0.2802242534137587 39
1751945467737 0.29228805091958704 40
1751945566825 0.28708877622765794 41
1751945677941 0.29073381933908155 42
1751945784998 0.28670021833253156 43
1751945884844 0.29288013914073197 44
1751945989372 0.2869592569292825 45
1751946091456 0.28490545091218594 46
1751946195125 0.29441586796432667 47
1751946306326 0.30202050105465716 48
1751946408529 0.29391629352773563 49
1751946509664 0.28214854013247975 50
