1753308445891 0.0208506396411364 0
1753308459405 0.03322811098189068 1
1753308472384 0.04427645788336933 2
1753308486204 0.0613058647615883 3
1753308498934 0.07260342249543114 4
1753308512772 0.08298720717727197 5
1753308526689 0.09337099185911281 6
1753308540939 0.10707758763914271 7
1753308555195 0.1117295231766074 8
1753308569273 0.12327629174281442 9
1753308583018 0.12992191393919256 10
1753308597774 0.13266323309519854 11
1753308611383 0.14329622860940355 12
1753308624923 0.1621531815916265 13
1753308637285 0.16506064130254194 14
1753308651639 0.1766904801462037 15
1753308664493 0.17561056653929225 16
1753308677403 0.1845821565044027 17
1753308692078 0.19114470842332612 18
1753308705553 0.1982056820069779 19
1753308718225 0.2010300714404386 20
1753308731569 0.2060142880877222 21
1753308745294 0.21008473168300382 22
1753308758075 0.2140721050008307 23
1753308772331 0.2134075427811929 24
1753308785649 0.2187240405382954 25
1753308799199 0.22146535969430137 26
1753308811886 0.2258680843994019 27
1753308825859 0.236168798803788 28
1753308838721 0.2392423990696129 29
1753308852818 0.24032231267652435 30
1753308862179 0.23857783684997508 31
1753308876543 0.24131915600598106 32
1753308889951 0.24663565376308358 33
1753308903903 0.24754942681508557 34
1753308918371 0.2560225951154677 35
1753308930742 0.25818242232929056 36
1753308944513 0.2569363681674697 37
1753308958991 0.2614221631500249 38
1753308973715 0.26432962286094036 39
1753308987718 0.27089217477986377 40
1753309000264 0.27172287755441105 41
1753309015200 0.2736334939358697 42
1753309029201 0.2724705100515036 43
1753309043071 0.2763748130918757 44
1753309057236 0.2793653430802459 45
1753309069558 0.2787838511380628 46
1753309083100 0.2852633327795315 47
1753309097622 0.2809436783518857 48
1753309108313 0.28551254361189565 49
1753309122097 0.28609403555407875 50
1753309136518 0.2939857119122778 51
1753309148958 0.29689317162319323 52
1753309162431 0.2955640471839176 53
1753309175509 0.29847150689483304 54
1753309189693 0.29672703106828374 55
1753309202872 0.30162817743811265 56
1753309216272 0.3058647615883037 57
1753309230477 0.30744309685994353 58
1753309244729 0.3076923076923077 59
1753309258600 0.31059976740322315 60
1753309271913 0.30686160491776043 61
1753309285369 0.30985213490613056 62
1753309298532 0.31201196211995347 63
1753309311977 0.31658082737996346 64
1753309325895 0.3147532812759595 65
1753309338364 0.32040206014288086 66
1753309353007 0.3192390762585147 67
1753309366534 0.3238910117959794 68
1753309381112 0.3220634656919754 69
1753309394750 0.3226449576341585 70
1753309407955 0.32621697956471174 71
1753309420289 0.3263831201196212 72
1753309434030 0.3282106662236252 73
1753309447093 0.3282106662236252 74
1753309459629 0.33219803954145205 75
1753309472798 0.33219803954145205 76
1753309485824 0.3292905798305366 77
1753309498180 0.3314504070443595 78
1753309511324 0.33435786675527496 79
1753309524923 0.3329456720385446 80
1753309537789 0.3361023425818242 81
1753309552342 0.33676690480146204 82
1753309566100 0.3372653264661904 83
1753309580827 0.33834524007310185 84
1753309594752 0.3416680511712909 85
1753309609137 0.3414188403389267 86
1753309624047 0.3366007642465526 87
1753309637961 0.3430802458880213 88
1753309650778 0.3452400731018442 89
1753309663383 0.3464030569862103 90
1753309676956 0.3446585811596611 91
1753309689232 0.3462369164313009 92
1753309702765 0.34914437614221633 93
1753309716673 0.3493935869745805 94
1753309729042 0.3512211330785845 95
1753309742640 0.34831367336766905 96
1753309758553 0.3518026250207676 97
1753309772038 0.355623857783685 98
1753309784920 0.35628842000332284 99
1753309798346 0.35554078750623025 100
