1751099406414 4.255875730070516 0
1751099532015 3.802737234314258 1
1751099655431 3.447581181967201 2
1751099778477 3.1524605279463707 3
1751099905254 2.9355083177854984 4
1751100030934 2.778530172777615 5
1751100158139 2.6382862742063415 6
1751100283160 2.5201911850999803 7
1751100411423 2.4198032563813787 8
1751100538664 2.2879562081496667 9
1751100665643 2.219829607291136 10
1751100793404 2.1195830208726645 11
1751100923895 2.0210854435009447 12
1751101053246 1.9650850246349971 13
1751101176908 1.907303429864071 14
1751101306346 1.8092797524957358 15
1751101430416 1.7677259429818444 16
1751101554814 1.7564082081591603 17
1751101684083 1.6833688719430013 18
1751101809482 1.6030014926081648 19
1751101932718 1.6029369379170622 20
1751102059081 1.5535004925755282 21
1751102187638 1.4955370585915682 22
1751102313264 1.42843264655342 23
1751102443486 1.3959986322792686 24
1751102566929 1.3721705840748146 25
1751102690485 1.3324791041206157 26
1751102815315 1.2916568395387218 27
1751102941733 1.2308708101052648 28
1751103066080 1.1943198185142025 29
1751103195537 1.1816203075917688 30
1751103323960 1.1304406060759842 31
1751103451294 1.1091551252035297 32
1751103576551 1.0602958373535214 33
1751103704370 1.038904072870786 34
1751103829877 1.0027675228191453 35
1751103955884 0.9970291961248723 36
1751104081993 0.9666923454932075 37
1751104207033 0.9326107239693272 38
1751104335160 0.901044053453496 39
1751104460653 0.9029682162181744 40
1751104587091 0.876612998284228 41
1751104715129 0.8529541543342889 42
1751104840969 0.8349236033796067 43
1751104964630 0.8118047809353413 44
1751105090471 0.7865898674488423 45
1751105213268 0.7572318481794514 46
1751105339298 0.7345404245125391 47
1751105467046 0.7216959109003293 48
1751105590932 0.7004998426254566 49
1751105717289 0.707621827959542 50
1751105789926 0.6689364455382493 51
1751105861091 0.6398477718098817 52
1751105931725 0.6348203401584829 53
1751106001890 0.6045981949564755 54
1751106075116 0.6078149738859329 55
1751106147056 0.5683760143247232 56
1751106219072 0.5754086915487402 57
1751106290934 0.5513403738343546 58
1751106363589 0.5465760452074173 59
1751106436067 0.5371665807706301 60
1751106505432 0.5226549867713163 61
1751106577356 0.5079173174509196 62
1751106649907 0.4961659915930003 63
1751106719900 0.4783247558307078 64
1751106790942 0.4793864483901224 65
1751106861525 0.4802434881096758 66
1751106932955 0.46737652548303704 67
1751107002964 0.46218679299986143 68
1751107073220 0.4440712352378497 69
1751107143334 0.4328929960568281 70
1751107215534 0.422299770365225 71
1751107285810 0.4306103878571327 72
1751107356563 0.4089131651474091 73
1751107427939 0.39919997849804706 74
1751107499338 0.40030408735993295 75
1751107570131 0.4009785825477944 76
1751107639470 0.38262222926197664 77
1751107710731 0.36957270966725453 78
1751107781572 0.3599183530239597 79
1751107853326 0.348953828643454 80
1751107922946 0.34213849427809906 81
1751107995083 0.3442129977208705 82
1751108068132 0.34653188470722496 83
1751108138350 0.33382695883824887 84
1751108208230 0.33624221575310986 85
1751108279336 0.33052919150297144 86
1751108352240 0.3191741516706063 87
1751108425333 0.31651466818296237 88
1751108494243 0.31411548342497686 89
1751108566388 0.3014082494160158 90
1751108635663 0.29369313239355166 91
1751108705126 0.28746260396941237 92
1751108777662 0.27949854278521696 93
1751108848156 0.27657049570464926 94
1751108918900 0.27848810016873893 95
1751108990790 0.27266628081418925 96
1751109062116 0.26400567109056977 97
1751109133647 0.2569683562877066 98
1751109205889 0.25409216065458456 99
1751109279568 0.25340196614980554 100
1751109329218 0.2322846432245697 101
1751109377377 0.22398393302635575 102
1751109426831 0.22735299856568017 103
1751109477252 0.2312709892591624 104
1751109526864 0.2241857470470239 105
1751109575726 0.21348384527235129 106
1751109623916 0.2146616254991983 107
1751109673664 0.2069649176066907 108
1751109721659 0.20479527590868943 109
1751109771722 0.20303707622785958 110
1751109820577 0.19480040706589866 111
1751109870506 0.19458829986305098 112
1751109919252 0.20102727762593975 113
1751109967622 0.1893247081779277 114
1751110016576 0.1814606974494454 115
1751110066095 0.18530321383110102 116
1751110115974 0.18105778216260993 117
1751110166266 0.1756098205819276 118
1751110216328 0.17658843577862185 119
1751110266167 0.17614001332672394 120
1751110316439 0.1668780739459843 121
1751110364676 0.17276771060795898 122
1751110411704 0.17499903214083593 123
1751110460918 0.17945596050965523 124
1751110509114 0.1623858888599811 125
1751110559033 0.16992334435795087 126
1751110606108 0.16141254682854905 127
1751110653514 0.15446767209454954 128
1751110702587 0.16091054785831954 129
1751110752525 0.1617057946151355 130
1751110800426 0.15182290584053867 131
1751110849389 0.14505217678636262 132
1751110897151 0.14682506035281745 133
1751110947661 0.14288129621861298 134
1751110996647 0.14383257007927958 135
1751111045393 0.14046306887602672 136
1751111093899 0.13846911179661525 137
1751111142888 0.14080379669466397 138
1751111192423 0.1349704815621191 139
1751111242133 0.1316287096993055 140
1751111292252 0.12903449372256148 141
1751111339406 0.12433890518355524 142
1751111387015 0.12701614688098553 143
1751111435571 0.12700467870507773 144
1751111486169 0.12856849912695142 145
1751111534615 0.12343754529399963 146
1751111584535 0.12536001045003609 147
1751111634133 0.1276321146026088 148
1751111683243 0.1270169861761764 149
1751111732574 0.12561793235682553 150
1751111759925 0.11313654247144928 151
1751111787797 0.10054042230316947 152
1751111814918 0.0997754298018753 153
1751111842820 0.09520227011925625 154
1751111869980 0.093535504838606 155
1751111897595 0.09507716218693418 156
1751111924875 0.09574932770813412 157
1751111952447 0.08911046785410179 158
1751111980072 0.08536721515048633 159
1751112007351 0.07990225570267952 160
1751112034602 0.08104318901988557 161
1751112061911 0.08248237709065456 162
1751112088744 0.07890501888346332 163
1751112115714 0.08125163971041936 164
1751112142992 0.08015736858188002 165
1751112170345 0.07680616433242751 166
1751112197594 0.07420312589780018 167
1751112225056 0.07513580104365873 168
1751112252449 0.07786548497365972 169
1751112279975 0.07310274117106656 170
1751112307377 0.07512210913586857 171
1751112334352 0.07179742674131373 172
1751112361849 0.07303302385196168 173
1751112389473 0.0726845896935104 174
1751112416861 0.07274785039357394 175
1751112444461 0.06965015275553256 176
1751112471707 0.06814836705797575 177
1751112498875 0.06798958335651126 178
1751112526684 0.06852184707376412 179
1751112553623 0.07104683864268956 180
1751112581212 0.06947571229337547 181
1751112608844 0.06996637773041188 182
1751112636502 0.06874736687013916 183
1751112663950 0.0713427164712247 184
1751112691348 0.0677041937271954 185
1751112718730 0.06581734028387694 186
1751112746166 0.06858755007153962 187
1751112773307 0.06457702091436203 188
1751112800036 0.06539453532700883 189
1751112827558 0.06400101990769803 190
1751112854230 0.06120334013493731 191
1751112880769 0.059891773634359276 192
1751112908580 0.06463775141385543 193
1751112935979 0.06156481607033046 194
1751112963265 0.060279172822177006 195
1751112990826 0.06298416573741848 196
1751113018841 0.05780839397516307 197
1751113046517 0.060442026233645064 198
1751113074063 0.057403043897561706 199
1751113101401 0.05946227030928933 200
