1752652637544 0.029323807941518523 0
1752652666885 0.07451403887688984 1
1752652696661 0.10309021432131583 2
1752652724175 0.12526997840172785 3
1752652751885 0.14263166638976574 4
1752652779692 0.16165475992689815 5
1752652807203 0.1850805781691311 6
1752652834954 0.19978401727861772 7
1752652864136 0.21290912111646454 8
1752652893059 0.22603422495431136 9
1752652921370 0.23351054992523676 10
1752652948973 0.24281442100016615 11
1752652977030 0.2476324970925403 12
1752653005359 0.2585147034391095 13
1752653033014 0.2652433959129423 14
1752653061252 0.27811928891842497 15
1752653089175 0.27737165642133244 16
1752653116610 0.27795314836351553 17
1752653144772 0.2853464030569862 18
1752653172395 0.28983219803954147 19
1752653199354 0.2908290413689982 20
1752653226969 0.29307193886027577 21
1752653256779 0.29381957135736836 22
1752653286312 0.30129589632829373 23
1752653314614 0.2981392257850141 24
1752653342118 0.303040372154843 25
1752653371313 0.3063631832530321 26
1752653398951 0.30378800465193556 27
1752653426254 0.30603090214321316 28
1752653455528 0.31599933543778036 29
1752653485029 0.3151686326632331 30
1752653514207 0.3117627512875893 31
1752653542360 0.31201196211995347 32
1752653570137 0.31043362684831366 33
1752653599567 0.31325801628177435 34
1752653627678 0.3189067951486958 35
1752653656417 0.32098355208506396 36
1752653685174 0.3203189898654262 37
1752653712500 0.32256188735670377 38
1752653740172 0.3186575843163316 39
1752653767894 0.3280445256687157 40
1752653795484 0.32654926067453066 41
1752653823999 0.3233095198537963 42
1752653851517 0.3233095198537963 43
1752653879036 0.3268815417843496 44
1752653906982 0.32737996344907794 45
1752653934588 0.3244725037381625 46
1752653961847 0.32995514205017445 47
1752653990196 0.33078584482472173 48
1752654017576 0.3310350556570859 49
1752654047602 0.33153347732181426 50
1752654077907 0.3295397906629008 51
1752654105099 0.3314504070443595 52
1752654132431 0.3331948828709088 53
1752654162199 0.3326964612061804 54
1752654190399 0.33560392091709584 55
1752654217869 0.3330287423159993 56
1752654245553 0.3347732181425486 57
1752654273460 0.33377637481309186 58
1752654301389 0.3329456720385446 59
1752654331313 0.33734839674364514 60
1752654359569 0.3347732181425486 61
1752654387732 0.33585313174946 62
1752654415438 0.337680677853464 63
1752654442627 0.33801295896328293 64
1752654471886 0.3362684831367337 65
1752654499115 0.33900980229273964 66
1752654527062 0.339508223957468 67
1752654555407 0.3361023425818242 68
1752654582859 0.33709918591128096 69
1752654610689 0.34033892673201527 70
1752654638611 0.34017278617710583 71
1752654666153 0.34092041867419837 72
1752654695198 0.3394251536800133 73
1752654725717 0.3420003322811098 74
1752654753615 0.3412526997840173 75
1752654781550 0.33959129423492274 76
1752654808645 0.3419172620036551 77
1752654836166 0.3424987539458382 78
1752654864372 0.34233261339092874 79
1752654891887 0.3416680511712909 80
1752654920207 0.34050506728692476 81
1752654948119 0.339508223957468 82
1752654976620 0.3434955972752949 83
1752655004437 0.3430802458880213 84
1752655031922 0.3458215650440272 85
1752655060323 0.3432463864429307 86
1752655088345 0.34332945672038545 87
1752655117248 0.34457551088220634 88
1752655145861 0.34490779199202526 89
1752655174055 0.34631998670875563 90
1752655201845 0.3442432297723874 91
1752655229142 0.3456554244891178 92
1752655257088 0.3438278783851138 93
1752655284564 0.34715068948330285 94
1752655311788 0.3498089383618541 95
1752655341018 0.34499086226948 96
1752655368813 0.3490613058647616 97
1752655396628 0.3469845489283934 98
1752655426509 0.34739990031566703 99
1752655456087 0.344077089217478 100
