1752652637545 4.507247853588424 0
1752652666886 4.295554433813852 1
1752652696662 4.07343842951317 2
1752652724175 3.8846683485235074 3
1752652751886 3.723458848355779 4
1752652779693 3.5638351917616067 5
1752652807204 3.4403430027900868 6
1752652834955 3.322785789197298 7
1752652864137 3.236959280217385 8
1752652893060 3.157581523388194 9
1752652921371 3.084247078200119 10
1752652948974 3.0195628659923246 11
1752652977031 2.976155767744619 12
1752653005360 2.907924336284792 13
1752653033015 2.8767237708418407 14
1752653061253 2.8254100556190505 15
1752653089176 2.8016014134604506 16
1752653116611 2.784319122357956 17
1752653144773 2.751165099755369 18
1752653172396 2.707789197130716 19
1752653199355 2.7197466016277208 20
1752653226970 2.6791025185515176 21
1752653256780 2.678064986187236 22
1752653286313 2.6548367213519404 23
1752653314615 2.642400886055116 24
1752653342119 2.60477675817132 25
1752653371314 2.5989437826160207 26
1752653398952 2.606146684605149 27
1752653426255 2.5731503094282826 28
1752653455529 2.5482111839001886 29
1752653485030 2.550354623581281 30
1752653514208 2.54529478849789 31
1752653542361 2.530345142155817 32
1752653570138 2.5313691099048237 33
1752653599568 2.5230974186836215 34
1752653627679 2.49192352126173 35
1752653656418 2.496793814712824 36
1752653685175 2.4712874996260537 37
1752653712501 2.4638889765647147 38
1752653740173 2.461571574663238 39
1752653767895 2.436506567358796 40
1752653795485 2.4286731224312996 41
1752653824000 2.4579979783884025 42
1752653851518 2.4361628648762825 43
1752653879037 2.4189645597583755 44
1752653906983 2.423632119091816 45
1752653934589 2.424877977316338 46
1752653961848 2.4048304408352155 47
1752653990197 2.3888479494467316 48
1752654017577 2.368207009143225 49
1752654047603 2.381924356176255 50
1752654077908 2.3668743008336506 51
1752654105100 2.3725530040029654 52
1752654132432 2.357665007917994 53
1752654162200 2.3558489539167278 54
1752654190400 2.3439082405224934 55
1752654217870 2.3298069442676734 56
1752654245553 2.331859766804017 57
1752654273461 2.3331814251994456 58
1752654301390 2.3382812685411727 59
1752654331314 2.312600296108412 60
1752654359570 2.3148977270022075 61
1752654387733 2.306666901920924 62
1752654415439 2.3092521187537733 63
1752654442628 2.2917069287436305 64
1752654471887 2.279929539631116 65
1752654499116 2.280877658994808 66
1752654527063 2.2666613903020587 67
1752654555408 2.2744030523129304 68
1752654582860 2.2727897818909453 69
1752654610690 2.2546404015540227 70
1752654638612 2.2531865120969274 71
1752654666154 2.2361797352394914 72
1752654695199 2.243859508613658 73
1752654725718 2.238444933131864 74
1752654753616 2.2300291034617317 75
1752654781551 2.233646037557879 76
1752654808646 2.222451204920843 77
1752654836167 2.213854304955055 78
1752654864373 2.20336259603438 79
1752654891888 2.216266354523735 80
1752654920208 2.2017042999001672 81
1752654948119 2.2038404403118363 82
1752654976621 2.204204255076202 83
1752655004438 2.199924377180039 84
1752655031923 2.1842534962240983 85
1752655060324 2.187037011810765 86
1752655088346 2.173178721918524 87
1752655117249 2.1612472601139814 88
1752655145862 2.176715385404983 89
1752655174056 2.154454619128925 90
1752655201846 2.1627893248944385 91
1752655229143 2.1472613000176297 92
1752655257089 2.154962034910437 93
1752655284565 2.1359935773918135 94
1752655311789 2.124660097837423 95
1752655341019 2.1385256374298867 96
1752655368814 2.12350746976778 97
1752655396629 2.1275298225721273 98
1752655426510 2.1233241589442535 99
1752655456088 2.122982186722279 100
