1750310397836 0.03954145206844991 0
1750310634188 0.06371490280777538 1
1750310874030 0.08888519687655756 2
1750311113255 0.11040039873733178 3
1750311353122 0.1418840338926732 4
1750311591718 0.18657584316331616 5
1750311831456 0.2128260508390098 6
1750312070654 0.21548429971756106 7
1750312311507 0.2242897491277621 8
1750312559543 0.2517029406878219 9
1750312804267 0.2759594617046021 10
1750313040692 0.2831865758431633 11
1750313285293 0.28634324638644293 12
1750313529760 0.3011297557733843 13
1750313768620 0.31101511879049676 14
1750314013139 0.3263000498421665 15
1750314251861 0.3235587306861605 16
1750314487971 0.330702774547267 17
1750314732739 0.3354377803621864 18
1750314971965 0.3478152517029407 19
1750315207426 0.35354710084731683 20
1750315446407 0.3581990363847815 21
1750315691610 0.36351553414188403 22
1750315927987 0.3801295896328294 23
1750316174428 0.3861106496095697 24
1750316415088 0.3917594284764911 25
1750316660518 0.39317162319322146 26
1750316902967 0.3958298720717727 27
1750317141902 0.3945007476324971 28
1750317378188 0.4088719056321648 29
1750317626595 0.4084565542448912 30
1750317872216 0.41734507393254694 31
1750318112669 0.4232430636318325 32
1750318353071 0.43827878385113805 33
1750318594767 0.43487290247549426 34
1750318831376 0.43944176773550425 35
1750319069965 0.4489948496427978 36
1750319307310 0.4481641468682505 37
1750319546962 0.44965941186243563 38
1750319789963 0.4538959960126267 39
1750320032913 0.4623691643130088 40
1750320275201 0.45381292573517196 41
1750320526024 0.4698454892839342 42
1750320761637 0.46992855956138896 43
1750321001189 0.47217145705266655 44
1750321242827 0.4788170792490447 45
1750321485793 0.48147532812759597 46
1750321722817 0.480229273965775 47
1750321964610 0.4774879548097691 48
1750322200330 0.4830536633992358 49
1750322445395 0.48554577172287755 50
1750322695361 0.48429971756105666 51
1750322933889 0.49892008639308855 52
1750323173060 0.49808938361854127 53
1750323413902 0.5030736002658249 54
1750323660685 0.5104668549592956 55
1750323902295 0.5130420335603921 56
1750324144714 0.5156172121614886 57
1750324389565 0.5197707260342249 58
1750324634204 0.5207675693636816 59
1750324878454 0.5220136235255026 60
1750325111759 0.5282438943346071 61
1750325354534 0.5296560890513374 62
1750325596963 0.5300714404386111 63
1750325835769 0.5235088885196877 64
1750326075287 0.5280777537796977 65
1750326311915 0.5290745971091544 66
1750326545697 0.5294899484964279 67
1750326789057 0.5361355706928062 68
1750327028333 0.5407875062302708 69
1750327270219 0.5478484798139226 70
1750327513901 0.5479315500913773 71
1750327751477 0.540704435952816 72
1750327990433 0.5505897989699285 73
1750328236048 0.5393753115135405 74
1750328477521 0.541618209004818 75
1750328717830 0.544359528160824 76
1750328954490 0.5531649775710251 77
1750329195077 0.5531649775710251 78
1750329435813 0.5547433128426649 79
1750329676164 0.5511712909121117 80
1750329919453 0.5526665559062968 81
1750330164238 0.5520850639641136 82
1750330409383 0.5573184914437614 83
1750330647105 0.558979896992856 84
1750330890137 0.5707758763914271 85
1750331135093 0.5710250872237913 86
1750331378918 0.5653763083568699 87
1750331628351 0.5667885030736003 88
1750331870158 0.5667054327961455 89
1750332107015 0.5688652600099684 90
1750332348054 0.5693636816746968 91
1750332586067 0.5790829041368998 92
1750332831669 0.572354211663067 93
1750333070167 0.5747632497092541 94
1750333304151 0.5762585147034391 95
1750333547552 0.5769230769230769 96
1750333790445 0.5794982555241734 97
1750334034665 0.5804950988536302 98
1750334274542 0.5812427313507227 99
1750334517029 0.5868915102176441 100
1750334758203 0.586310018275461 101
1750334996234 0.5926233593620203 102
1750335239269 0.5924572188071108 103
1750335483296 0.5907958132580163 104
1750335732595 0.5961953812925735 105
1750335971288 0.5942847649111148 106
1750336212231 0.5956138893503904 107
1750336448064 0.5909619538129257 108
1750336679645 0.595447748795481 109
1750336922302 0.5989367004485795 110
1750337161214 0.6009303871074929 111
1750337403491 0.5914603754776541 112
1750337651062 0.5873899318823725 113
1750337887091 0.5975245057318491 114
1750338122204 0.599684332945672 115
1750338363157 0.5955308190729357 116
1750338609309 0.600598105997674 117
1750338858878 0.593952483801296 118
1750339104449 0.5994351221133079 119
1750339346914 0.5968599435122113 120
1750339592731 0.5966938029573019 121
1750339831593 0.6030071440438611 122
1750340070446 0.6061638145871407 123
1750340315410 0.5984382787838511 124
1750340555094 0.602425652101678 125
1750340691102 0.6058315334773218 126
1750340824935 0.6098189067951487 127
1750340959556 0.6142216315002492 128
1750341096423 0.6122279448413358 129
1750341232208 0.6159661073267985 130
1750341366629 0.6211995348064463 131
1750341503139 0.622777870078086 132
1750341638314 0.615799966771889 133
1750341775117 0.6143047017777039 134
1750341910507 0.6148031234424323 135
1750342047051 0.6184582156504402 136
1750342183027 0.6265991028410035 137
1750342316711 0.6286758597773716 138
1750342450977 0.6280943678351886 139
1750342585692 0.6261006811762752 140
1750342721239 0.6261006811762752 141
1750342854909 0.6305034058813757 142
1750342987583 0.6283435786675527 143
1750343123781 0.6283435786675527 144
1750343261802 0.6279282272802791 145
1750343393836 0.6280112975577339 146
1750343530096 0.6240239242399069 147
1750343665173 0.6248546270144543 148
1750343799106 0.6214487456388105 149
1750343933806 0.6278451570028244 150
1750344069830 0.6284266489450074 151
1750344206613 0.631915600598106 152
1750344341913 0.6318325303206512 153
1750344481623 0.6306695464362851 154
1750344615950 0.6276790164479149 155
1750344749736 0.6333277953148364 156
1750344886489 0.6359860441933876 157
1750345022854 0.6391427147366672 158
1750345157876 0.6373151686326632 159
1750345296292 0.6409702608406712 160
1750345431924 0.6344077089217478 161
1750345566125 0.6310848978235587 162
1750345700432 0.6341584980893836 163
1750345837302 0.6341584980893836 164
1750345972149 0.6356537630835687 165
1750346110552 0.6384781525170294 166
1750346244584 0.640721050008307 167
1750346381922 0.6403056986210334 168
1750346515721 0.6379797308523011 169
1750346653704 0.6403887688984882 170
1750346790286 0.6362352550257517 171
1750346921982 0.6343246386442931 172
1750347056758 0.6359029739159329 173
1750347195199 0.636152184748297 174
1750347331830 0.6368167469679349 175
1750347466287 0.6433792988868583 176
1750347599100 0.6378966605748463 177
1750347735126 0.6378966605748463 178
1750347871738 0.6418009636152184 179
1750348004157 0.6356537630835687 180
1750348141083 0.6394749958464861 181
1750348277954 0.6383950822395746 182
1750348412627 0.6339092872570194 183
1750348548760 0.6453729855457717 184
1750348684288 0.6431300880544941 185
1750348820360 0.6424655258348563 186
1750348954912 0.6430470177770393 187
1750349089529 0.6427147366672205 188
1750349223950 0.6438777205515867 189
1750349361111 0.644376142216315 190
1750349496503 0.6470343910948663 191
1750349629984 0.6415517527828543 192
1750349766634 0.6379797308523011 193
1750349904945 0.6349061305864762 194
1750350040761 0.6382289416846653 195
1750350178549 0.6360691144708424 196
1750350319211 0.6409702608406712 197
1750350454748 0.6410533311181259 198
1750350589491 0.6412194716730354 199
1750350723717 0.6439607908290413 200
1750350859425 0.6500249210832364 201
1750350995478 0.6462036883203189 202
1750351132436 0.6437115799966772 203
1750351270769 0.6462036883203189 204
1750351407046 0.6487788669214155 205
1750351543226 0.6438777205515867 206
1750351680125 0.6474497424821399 207
1750351814059 0.6463698288752284 208
1750351946801 0.6465359694301379 209
1750352082176 0.6452068449908622 210
1750352217691 0.643794650274132 211
1750352352108 0.6464528991526832 212
1750352484841 0.6453729855457717 213
1750352619942 0.6415517527828543 214
1750352758868 0.6442930719388603 215
1750352894620 0.6461206180428642 216
1750353029332 0.6488619371988702 217
1750353163202 0.6462036883203189 218
1750353297882 0.6440438611064961 219
1750353430475 0.6481143047017777 220
1750353566710 0.644957634158498 221
1750353703875 0.6432131583319488 222
1750353837927 0.6497757102508722 223
1750353975809 0.6485296560890513 224
1750354108886 0.6454560558232264 225
1750354245069 0.6490280777537797 226
1750354380496 0.6515201860774215 227
1750354515372 0.652267818574514 228
1750354651980 0.647117461372321 229
1750354786760 0.6403887688984882 230
1750354921170 0.6432131583319488 231
1750355052992 0.6502741319156006 232
1750355188541 0.6472836019272304 233
1750355327576 0.6381458714072105 234
1750355462534 0.6324140222628344 235
1750355598400 0.6418009636152184 236
1750355734759 0.6432131583319488 237
1750355870134 0.6442100016614055 238
1750356007207 0.6477820235919588 239
1750356143896 0.6530154510716066 240
1750356276682 0.651686326632331 241
1750356415550 0.654095364678518 242
1750356549719 0.657168964944343 243
1750356686494 0.6438777205515867 244
1750356818637 0.653181591626516 245
1750356955134 0.6515201860774215 246
1750357091087 0.652600099684333 247
1750357226111 0.6477820235919588 248
1750357363332 0.6492772885861439 249
1750357498614 0.6493603588635986 250
1750357590695 0.6518524671872404 251
1750357686275 0.6549260674530653 252
1750357778192 0.6555075593952484 253
1750357872994 0.6504402724705101 254
1750357965736 0.6510217644126931 255
1750358058866 0.6530154510716066 256
1750358150452 0.6527662402392423 257
1750358241659 0.6505233427479648 258
1750358332231 0.6521847482970593 259
1750358426420 0.6505233427479648 260
1750358520012 0.6560890513374315 261
1750358610165 0.6535969430137897 262
1750358699654 0.6597441435454394 263
1750358788945 0.6560059810599768 264
1750358880920 0.6536800132912444 265
1750358971115 0.6537630835686992 266
1750359064477 0.6537630835686992 267
1750359156737 0.6524339591294235 268
1750359251187 0.6465359694301379 269
1750359344354 0.6467851802625021 270
1750359436386 0.6519355374646951 271
1750359526428 0.649858780528327 272
1750359616826 0.6485296560890513 273
1750359712548 0.6464528991526832 274
1750359806110 0.6462036883203189 275
1750359898280 0.6521016780196046 276
1750359993947 0.6588303704934374 277
1750360088196 0.6560059810599768 278
1750360178273 0.6556736999501578 279
1750360270777 0.6509386941352384 280
1750360363719 0.6467021099850474 281
1750360457390 0.6589965110483469 282
1750360552406 0.657168964944343 283
1750360645077 0.6624854627014454 284
1750360736645 0.6565874730021598 285
1750360830501 0.6551752782854294 286
1750360922849 0.6591626516032564 287
1750361018151 0.6588303704934374 288
1750361110958 0.6634823060309022 289
1750361201631 0.657168964944343 290
1750361291378 0.6536800132912444 291
1750361382266 0.6565874730021598 292
1750361474318 0.6585811596610732 293
1750361565588 0.6538461538461539 294
1750361659534 0.6530154510716066 295
1750361752818 0.6587473002159827 296
1750361843859 0.6532646619039708 297
1750361934974 0.6581658082737997 298
1750362028810 0.6547599268981559 299
1750362119074 0.6565044027247051 300
1750362212157 0.6566705432796146 301
1750362303034 0.655922910782522 302
1750362393007 0.6572520352217976 303
1750362485800 0.6565874730021598 304
1750362579373 0.6543445755108822 305
1750362673139 0.654095364678518 306
1750362766035 0.6599933543778036 307
1750362857305 0.6578335271639807 308
1750362951186 0.6601594949327131 309
1750363044933 0.6642299385279947 310
1750363138051 0.6570028243894335 311
1750363229954 0.6555075593952484 312
1750363320055 0.6635653763083569 313
1750363412601 0.6599102841003489 314
1750363507189 0.6551752782854294 315
1750363600985 0.6546768566207011 316
1750363693192 0.6566705432796146 317
1750363786709 0.6564213324472504 318
1750363880493 0.6564213324472504 319
1750363972957 0.6511879049676026 320
1750364065224 0.6509386941352384 321
1750364157661 0.6510217644126931 322
1750364251001 0.6543445755108822 323
1750364343900 0.6457883369330454 324
1750364437782 0.6546768566207011 325
1750364530971 0.653513872736335 326
1750364621348 0.6556736999501578 327
1750364712207 0.6537630835686992 328
1750364803620 0.6575012460541618 329
1750364897723 0.656836683834524 330
1750364990437 0.6553414188403389 331
1750365083993 0.6589134407708922 332
1750365177196 0.6549260674530653 333
1750365269962 0.6574181757767071 334
1750365361647 0.6566705432796146 335
1750365455772 0.6592457218807111 336
1750365548246 0.6548429971756106 337
1750365640775 0.6543445755108822 338
1750365734034 0.6542615052334275 339
1750365827652 0.6566705432796146 340
1750365918793 0.6567536135570693 341
1750366009984 0.6570858946668882 342
1750366101438 0.6575012460541618 343
1750366196681 0.6534308024588802 344
1750366289548 0.6580827379963449 345
1750366382815 0.6589134407708922 346
1750366474083 0.657168964944343 347
1750366565294 0.6562551918923409 348
1750366659662 0.6556736999501578 349
1750366752162 0.6550922080079747 350
1750366845508 0.6589134407708922 351
1750366939049 0.6575012460541618 352
1750367033313 0.6601594949327131 353
1750367125878 0.6551752782854294 354
1750367219367 0.653181591626516 355
1750367312360 0.6555906296727031 356
1750367407484 0.6543445755108822 357
1750367498041 0.651686326632331 358
1750367591618 0.661987041036717 359
1750367683958 0.6620701113141718 360
1750367777067 0.6616547599268982 361
1750367871351 0.6641468682505399 362
1750367965426 0.6611563382621698 363
1750368059321 0.6555906296727031 364
1750368148945 0.6555075593952484 365
1750368240624 0.6625685329789002 366
1750368332635 0.6555906296727031 367
1750368425426 0.6511048346901479 368
1750368519642 0.6541784349559727 369
1750368613558 0.6564213324472504 370
1750368704739 0.6615716896494435 371
1750368796444 0.6599933543778036 372
1750368885317 0.6609901977072603 373
1750368978646 0.6613224788170793 374
1750369070458 0.6622362518690812 375
1750369120679 0.6635653763083569 376
1750369170358 0.6594949327130752 377
1750369220529 0.662900814088719 378
1750369271236 0.661405549094534 379
1750369321733 0.6611563382621698 380
1750369372168 0.6612394085396245 381
1750369422016 0.6644791493603589 382
1750369472838 0.6646452899152683 383
1750369522669 0.6626516032563549 384
1750369573520 0.65500913773052 385
1750369623240 0.6549260674530653 386
1750369674456 0.6578335271639807 387
1750369723660 0.658331948828709 388
1750369774073 0.6594949327130752 389
1750369824221 0.6584150191061638 390
1750369874794 0.6620701113141718 391
1750369925244 0.6630669546436285 392
1750369976464 0.6622362518690812 393
1750370026863 0.6652267818574514 394
1750370076323 0.666555906296727 395
1750370126515 0.6646452899152683 396
1750370176313 0.6603256354876226 397
1750370226822 0.6581658082737997 398
1750370275580 0.6633161654759927 399
1750370326060 0.6633992357534474 400
1750370374873 0.6638145871407211 401
1750370425549 0.662900814088719 402
1750370475335 0.6573351054992523 403
1750370525611 0.6594118624356206 404
1750370575113 0.6565874730021598 405
1750370624958 0.6594949327130752 406
1750370675001 0.661987041036717 407
1750370725908 0.6587473002159827 408
1750370775354 0.6647283601927231 409
1750370825189 0.6589965110483469 410
1750370875730 0.6610732679847151 411
1750370926923 0.665974414354544 412
1750370976538 0.6619039707592623 413
1750371026242 0.6616547599268982 414
1750371075476 0.6635653763083569 415
1750371125296 0.662900814088719 416
1750371175249 0.6628177438112643 417
1750371224795 0.6562551918923409 418
1750371274679 0.6588303704934374 419
1750371324344 0.6612394085396245 420
1750371375088 0.6614886193719887 421
1750371425197 0.6629838843661738 422
1750371474485 0.6634823060309022 423
1750371525000 0.661405549094534 424
1750371575078 0.6615716896494435 425
1750371625165 0.6638145871407211 426
1750371674332 0.6612394085396245 427
1750371723793 0.6602425652101678 428
1750371774372 0.6575012460541618 429
1750371824150 0.6570028243894335 430
1750371874183 0.6598272138228942 431
1750371925102 0.6584980893836185 432
1750371974033 0.6636484465858116 433
1750372024349 0.662900814088719 434
1750372074049 0.6635653763083569 435
1750372124052 0.666555906296727 436
1750372173513 0.6648945007476325 437
1750372223620 0.6594118624356206 438
1750372273475 0.6564213324472504 439
1750372322820 0.6560059810599768 440
1750372372564 0.6574181757767071 441
1750372422550 0.6561721216148861 442
1750372472696 0.6609901977072603 443
1750372522833 0.6603256354876226 444
1750372572296 0.6593287921581658 445
1750372622786 0.6588303704934374 446
1750372673014 0.6630669546436285 447
1750372722024 0.6607409868748961 448
1750372772241 0.6620701113141718 449
1750372822878 0.6579996677188902 450
1750372873494 0.6607409868748961 451
1750372923694 0.6599102841003489 452
1750372973794 0.6570028243894335 453
1750373023619 0.6555906296727031 454
1750373073149 0.6580827379963449 455
1750373123826 0.6602425652101678 456
1750373174003 0.6512709752450573 457
1750373224568 0.656836683834524 458
1750373274274 0.6527662402392423 459
1750373324352 0.6542615052334275 460
1750373374460 0.657750456886526 461
1750373424765 0.6560059810599768 462
1750373475541 0.6589134407708922 463
1750373526678 0.6608240571523509 464
1750373577320 0.6608240571523509 465
1750373627060 0.6590795813258016 466
1750373677191 0.6596610732679847 467
1750373727168 0.6598272138228942 468
1750373777028 0.6575012460541618 469
1750373826867 0.6598272138228942 470
1750373876886 0.6579996677188902 471
1750373927045 0.655922910782522 472
1750373978001 0.6596610732679847 473
1750374027001 0.6589965110483469 474
1750374076861 0.6620701113141718 475
1750374125631 0.6634823060309022 476
1750374176813 0.6598272138228942 477
1750374227536 0.6576673866090713 478
1750374277767 0.661405549094534 479
1750374326865 0.6589965110483469 480
1750374376437 0.6627346735338095 481
1750374425970 0.6591626516032564 482
1750374476514 0.6596610732679847 483
1750374525866 0.6615716896494435 484
1750374575748 0.6584980893836185 485
1750374626221 0.6604087057650773 486
1750374676443 0.6579996677188902 487
1750374726794 0.6555906296727031 488
1750374777067 0.6575012460541618 489
1750374826833 0.6591626516032564 490
1750374877096 0.6590795813258016 491
1750374926994 0.6570858946668882 492
1750374977748 0.6556736999501578 493
1750375027661 0.6579165974414355 494
1750375077813 0.6615716896494435 495
1750375128278 0.6600764246552584 496
1750375178440 0.6555075593952484 497
1750375228788 0.6598272138228942 498
1750375277887 0.6594949327130752 499
1750375327879 0.6637315168632664 500
