1750310397837 4.524960809084231 0
1750310634189 4.407456202171766 1
1750310874031 4.181329064774299 2
1750311113256 3.983652132753299 3
1750311353122 3.7296571875621294 4
1750311591719 3.4658519763731013 5
1750311831457 3.314751983262625 6
1750312070655 3.186145919016351 7
1750312311508 3.05341368706612 8
1750312559544 2.9034576565557306 9
1750312804268 2.7624490638299575 10
1750313040693 2.672047087751589 11
1750313285294 2.6233513037338745 12
1750313529761 2.5766976851409487 13
1750313768620 2.4760155518026528 14
1750314013140 2.3701831721117066 15
1750314251862 2.319816025493534 16
1750314487971 2.257715307604845 17
1750314732739 2.239472813943261 18
1750314971966 2.1258290252174934 19
1750315207427 2.0422368678376377 20
1750315446408 2.038722570167847 21
1750315691611 1.9460339498154462 22
1750315927988 1.8485973868585326 23
1750316174429 1.820747260532012 24
1750316415089 1.7789622188724468 25
1750316660518 1.7482754307284367 26
1750316902968 1.6829267406228523 27
1750317141902 1.687256818201894 28
1750317378189 1.6018766551636132 29
1750317626596 1.5522437310319837 30
1750317872216 1.5211268233209005 31
1750318112670 1.4792157979169558 32
1750318353072 1.3788085691654226 33
1750318594768 1.3965528344220635 34
1750318831377 1.381059801646807 35
1750319069965 1.3086786609931105 36
1750319307310 1.3127587596946466 37
1750319546963 1.3136019838448099 38
1750319789964 1.255025242913852 39
1750320032914 1.214368366693435 40
1750320275202 1.247186206964038 41
1750320526025 1.1993003528121626 42
1750320761638 1.1438265816710202 43
1750321001189 1.1115019741723617 44
1750321242828 1.1169051679015334 45
1750321485794 1.0864402557395634 46
1750321722817 1.075729016889667 47
1750321964611 1.1003857265279355 48
1750322200330 1.0624817525011103 49
1750322445396 1.0637155139803587 50
1750322695362 1.057490394920965 51
1750322933890 0.9644614639375332 52
1750323173061 0.978388347209504 53
1750323413903 0.9819195801452609 54
1750323660686 0.9071074253030793 55
1750323902296 0.9092318687457798 56
1750324144714 0.9397253916107958 57
1750324389566 0.9055277223820204 58
1750324634205 0.8602960013873527 59
1750324878454 0.8722873527145855 60
1750325111759 0.8330322465149802 61
1750325354535 0.8384346574760052 62
1750325596964 0.8437644024750794 63
1750325835770 0.8153610824494089 64
1750326075288 0.8063236371791184 65
1750326311916 0.8383229780167756 66
1750326545698 0.8258537447516933 67
1750326789058 0.801126738551082 68
1750327028334 0.7611385976280265 69
1750327270220 0.7536149012346969 70
1750327513902 0.7489790927591848 71
1750327751478 0.7618606199003127 72
1750327990434 0.7783619286432055 73
1750328236049 0.7512730606292772 74
1750328477522 0.7399780716087189 75
1750328717830 0.7257546058669453 76
1750328954491 0.6891349626424036 77
1750329195078 0.6804119274439183 78
1750329435814 0.7505851281570245 79
1750329676165 0.7100429778694903 80
1750329919454 0.6935766332354658 81
1750330164239 0.73314111909885 82
1750330409384 0.7214073647631339 83
1750330647106 0.7420430789113304 84
1750330890138 0.6812574282940613 85
1750331135094 0.6465791083139967 86
1750331378918 0.6894741729601476 87
1750331628351 0.6795634337283669 88
1750331870158 0.6288878986414941 89
1750332107015 0.6715739590144493 90
1750332348055 0.6554169224237633 91
1750332586067 0.616828655261647 92
1750332831670 0.6433853861154978 93
1750333070168 0.6340618097260563 94
1750333304152 0.6366643771187381 95
1750333547553 0.6062967156165859 96
1750333790446 0.5795248447346214 97
1750334034666 0.5790625534694253 98
1750334274543 0.590410879489637 99
1750334517030 0.5624482242454238 100
1750334758204 0.5562638922822105 101
1750334996235 0.5249151817644158 102
1750335239269 0.5456018547241411 103
1750335483297 0.5271200699783155 104
1750335732596 0.5190864708888469 105
1750335971289 0.5434194298773469 106
1750336212231 0.5323128836492724 107
1750336448065 0.5189449988380792 108
1750336679646 0.5070589162355909 109
1750336922303 0.5210270940953272 110
1750337161215 0.5445534774052284 111
1750337403492 0.5215653057696271 112
1750337651062 0.584096799831238 113
1750337887092 0.5400951396854959 114
1750338122205 0.49403626708339937 115
1750338363158 0.501972682614072 116
1750338609310 0.501947092584179 117
1750338858879 0.511460696509099 118
1750339104450 0.5213072479803479 119
1750339346915 0.5091132997678599 120
1750339592732 0.531364068120202 121
1750339831594 0.4684851721216981 122
1750340070447 0.46567734677288436 123
1750340315411 0.49518501759082123 124
1750340555095 0.5018133289079554 125
1750340691102 0.4983289103800979 126
1750340824936 0.4745276893218572 127
1750340959556 0.4727465870353072 128
1750341096423 0.4691172895997784 129
1750341232209 0.4646360565550457 130
1750341366630 0.4470849034759768 131
1750341503140 0.48535350741801786 132
1750341638314 0.5249352098985253 133
1750341775118 0.4702804780250571 134
1750341910508 0.4663829019738583 135
1750342047052 0.44838606234683537 136
1750342183028 0.38191923874345196 137
1750342316712 0.39484447431590797 138
1750342450977 0.42275767321837704 139
1750342585693 0.4528864579403188 140
1750342721240 0.4783102994410352 141
1750342854910 0.3989491883405551 142
1750342987584 0.3879638966263065 143
1750343123782 0.4307625660081621 144
1750343261803 0.3844691176759342 145
1750343393836 0.4022290474364396 146
1750343530097 0.4312367589163455 147
1750343665173 0.40080840373477544 148
1750343799107 0.4515756921804498 149
1750343933807 0.4208589243247745 150
1750344069831 0.4457944127459463 151
1750344206614 0.45362138079805175 152
1750344341913 0.44928089594355447 153
1750344481624 0.4398137864502403 154
1750344615950 0.4604201438674225 155
1750344749737 0.40231213398000254 156
1750344886490 0.41250246479964264 157
1750345022855 0.3712709128535987 158
1750345157876 0.38124249884865546 159
1750345296293 0.37353553164220366 160
1750345431924 0.40194815716341403 161
1750345566126 0.407687772067155 162
1750345700432 0.4782534874038318 163
1750345837302 0.4314194472349668 164
1750345972150 0.38179008388429175 165
1750346110553 0.4081669270452564 166
1750346244585 0.4027686940285304 167
1750346381923 0.4214319712883598 168
1750346515722 0.38935480385568194 169
1750346653705 0.39354159645847786 170
1750346790287 0.41046634224466794 171
1750346921983 0.35817816143350817 172
1750347056758 0.35792384355620904 173
1750347195200 0.38808146057295084 174
1750347331831 0.3746936985611482 175
1750347466288 0.39368566025887836 176
1750347599101 0.4044680254473767 177
1750347735127 0.42435994332323607 178
1750347871739 0.3946431054173224 179
1750348004157 0.4589956312675261 180
1750348141083 0.4314948857252216 181
1750348277955 0.4412055831193241 182
1750348412628 0.4004252222377106 183
1750348548760 0.37041432793292317 184
1750348684289 0.35351495751105994 185
1750348820361 0.3526840571793838 186
1750348954913 0.3273191595870786 187
1750349089530 0.362388211390398 188
1750349223951 0.3278656403659957 189
1750349361112 0.35023374550677794 190
1750349496504 0.3230303011318779 191
1750349629985 0.3400654369149095 192
1750349766634 0.4468715348753107 193
1750349904946 0.441912033565572 194
1750350040762 0.363279512022969 195
1750350178550 0.40338929793316086 196
1750350319211 0.3769468907954775 197
1750350454749 0.4003555857389883 198
1750350589492 0.36065338176014894 199
1750350723718 0.3707629939060651 200
1750350859426 0.3890262849059004 201
1750350995478 0.39922087231899805 202
1750351132437 0.36563694040293643 203
1750351270770 0.3432181741974875 204
1750351407046 0.332076485074941 205
1750351543227 0.36898731012168207 206
1750351680126 0.3080348467737521 207
1750351814059 0.36634642672017614 208
1750351946802 0.3823936708367554 209
1750352082177 0.35565687190116424 210
1750352217692 0.35311822561934186 211
1750352352109 0.3209208149677694 212
1750352484842 0.30462906308367704 213
1750352619943 0.3276996180661991 214
1750352758869 0.31366956258418427 215
1750352894621 0.2977790506524719 216
1750353029332 0.34155032275083136 217
1750353163203 0.3721257752284486 218
1750353297883 0.3460051992880691 219
1750353430476 0.32066538728913957 220
1750353566711 0.3464748871931553 221
1750353703876 0.33216591687602076 222
1750353837928 0.3155803961726865 223
1750353975810 0.2991172704272189 224
1750354108887 0.31384634615896645 225
1750354245069 0.30810401068263626 226
1750354380497 0.3123363583572996 227
1750354515373 0.29581362900871677 228
1750354651980 0.35308095759537356 229
1750354786761 0.3692153263638689 230
1750354921171 0.3281145125997445 231
1750355052993 0.30980205742140376 232
1750355188542 0.33149509834434326 233
1750355327577 0.40051913945133744 234
1750355462534 0.43070068370955145 235
1750355598401 0.3888299508200739 236
1750355734760 0.39232109016672084 237
1750355870135 0.34081932362477424 238
1750356007208 0.33765850364841077 239
1750356143896 0.33374568461522597 240
1750356276683 0.34253515919753674 241
1750356415550 0.32421066659185227 242
1750356549720 0.29402525289079473 243
1750356686495 0.34912399178903875 244
1750356818638 0.3281567863350043 245
1750356955135 0.3406710825981763 246
1750357091087 0.31987658365954863 247
1750357226111 0.3375793882694216 248
1750357363333 0.3047310004041149 249
1750357498615 0.27720306901560643 250
1750357590696 0.2956379643889833 251
1750357686276 0.29915771964638016 252
1750357778193 0.280349802867842 253
1750357872994 0.29689654529569565 254
1750357965737 0.32865246992924513 255
1750358058867 0.316758978135607 256
1750358150452 0.322175306201047 257
1750358241660 0.3338272996004143 258
1750358332232 0.3679173138219483 259
1750358426421 0.40496859396077056 260
1750358520013 0.37597973173984606 261
1750358610166 0.3941452308638388 262
1750358699655 0.3030407722857372 263
1750358788946 0.3291196551729791 264
1750358880921 0.2953810130642098 265
1750358971116 0.3261902718418918 266
1750359064478 0.34096163635882537 267
1750359156737 0.3737147872909248 268
1750359251188 0.40937837000819244 269
1750359344355 0.37721451824746494 270
1750359436387 0.30848218889642065 271
1750359526429 0.3094554143018067 272
1750359616827 0.30635025909078284 273
1750359712549 0.3406751719875762 274
1750359806111 0.3340272037034322 275
1750359898281 0.31429198396083624 276
1750359993948 0.289325118966143 277
1750360088197 0.3307636583988202 278
1750360178273 0.35362428326770073 279
1750360270778 0.3859914028807353 280
1750360363719 0.40556277876597446 281
1750360457390 0.31938441048391997 282
1750360552406 0.3565633059557613 283
1750360645078 0.3094962015739742 284
1750360736646 0.3428446188765701 285
1750360830501 0.39290765438346115 286
1750360922849 0.3315802298359416 287
1750361018152 0.30227957650320264 288
1750361110959 0.2709983075166218 289
1750361201631 0.2784673348031921 290
1750361291379 0.3019288042435376 291
1750361382267 0.3220169802532757 292
1750361474319 0.2887839377120082 293
1750361565588 0.31705239380123584 294
1750361659535 0.3278145298193964 295
1750361752819 0.3019271953821335 296
1750361843860 0.3217069505253103 297
1750361934975 0.2915695711608489 298
1750362028811 0.3009656716649095 299
1750362119075 0.322687479268109 300
1750362212158 0.3129260513748595 301
1750362303034 0.32461753625677614 302
1750362393008 0.30312170533386723 303
1750362485801 0.30504419557653467 304
1750362579373 0.3359288880205679 305
1750362673140 0.3400703477117952 306
1750362766036 0.2930002988962603 307
1750362857306 0.32053800528997606 308
1750362951187 0.3234086986951121 309
1750363044934 0.30670086642327316 310
1750363138052 0.3220067963419422 311
1750363229955 0.36076091745687383 312
1750363320056 0.30195680260638774 313
1750363412602 0.29665938301454925 314
1750363507190 0.3125437149025243 315
1750363600986 0.30077408058469446 316
1750363693193 0.2987017074652504 317
1750363786710 0.31799302923505607 318
1750363880494 0.31784264999995987 319
1750363972958 0.34802121533316543 320
1750364065225 0.33629828531496125 321
1750364157662 0.3041856668342621 322
1750364251001 0.29971089746351076 323
1750364343901 0.3383534522771101 324
1750364437782 0.27607128695453975 325
1750364530972 0.3511294416705346 326
1750364621348 0.32612530050776983 327
1750364712207 0.34423150366505095 328
1750364803621 0.32661662846972234 329
1750364897724 0.34316551319533606 330
1750364990438 0.3375752522142859 331
1750365083994 0.2942002041750469 332
1750365177197 0.2933747434981578 333
1750365269963 0.3090848458486065 334
1750365361648 0.3107518991831429 335
1750365455773 0.2820455111270231 336
1750365548246 0.3182857207955684 337
1750365640776 0.3354828118817847 338
1750365734034 0.29982269026987657 339
1750365827653 0.3052354447054867 340
1750365918793 0.3041375666003638 341
1750366009985 0.31428532236804335 342
1750366101439 0.34676308629437613 343
1750366196682 0.3439326908085426 344
1750366289549 0.2948119811005484 345
1750366382816 0.28312578815725925 346
1750366474084 0.2701742217479464 347
1750366565295 0.3154748490430872 348
1750366659662 0.3569706307181285 349
1750366752163 0.32802426079252317 350
1750366845509 0.28204262108351724 351
1750366939050 0.30591363069216665 352
1750367033313 0.3123928008567794 353
1750367125878 0.3092430112804645 354
1750367219368 0.3062972118454674 355
1750367312361 0.3195644726691719 356
1750367407485 0.3218806379038392 357
1750367498042 0.32744592744398376 358
1750367591618 0.2897090168000803 359
1750367683959 0.2795126631487255 360
1750367777067 0.26666604178755404 361
1750367871352 0.28140949009675104 362
1750367965427 0.2858703413488259 363
1750368059322 0.36070064246196987 364
1750368148945 0.2942870031355271 365
1750368240625 0.2875344331905129 366
1750368332635 0.3287738032496303 367
1750368425427 0.34335867263246195 368
1750368519643 0.357450578469907 369
1750368613559 0.33710745389304686 370
1750368704740 0.3120377927428552 371
1750368796445 0.34343473403751135 372
1750368885317 0.32887912074648734 373
1750368978646 0.28180378420571184 374
1750369070459 0.3111931415823492 375
1750369120679 0.3074347379737706 376
1750369170358 0.35542880751214345 377
1750369220529 0.36371955477928697 378
1750369271237 0.381448360276104 379
1750369321734 0.3698472773263838 380
1750369372169 0.38342105804057414 381
1750369422017 0.3613055562227058 382
1750369472839 0.36159203189951733 383
1750369522669 0.34124772283095867 384
1750369573520 0.38602066657551826 385
1750369623240 0.39571117303947506 386
1750369674457 0.39542272950588225 387
1750369723661 0.382090527993689 388
1750369774074 0.35437808037417945 389
1750369824221 0.3877990920103627 390
1750369874795 0.34392310693231887 391
1750369925245 0.375664510118051 392
1750369976465 0.39200814437978687 393
1750370026864 0.3526266907910469 394
1750370076323 0.3335522676489557 395
1750370126516 0.34086971301347196 396
1750370176314 0.34574048382903994 397
1750370226823 0.3261967331476897 398
1750370275581 0.32928755228522 399
1750370326061 0.36156177476564555 400
1750370374874 0.34568121518415657 401
1750370425550 0.32271153717669376 402
1750370475336 0.34723889606095815 403
1750370525612 0.3922181232856683 404
1750370575114 0.39839542191609606 405
1750370624958 0.3964268198775917 406
1750370675001 0.4108066120193959 407
1750370725909 0.43446330961844487 408
1750370775354 0.3673902616370031 409
1750370825190 0.43242856296215193 410
1750370875731 0.36827019706508907 411
1750370926924 0.3549286122904533 412
1750370976539 0.36452377202447206 413
1750371026243 0.35656334271502577 414
1750371075476 0.36426131762885244 415
1750371125297 0.3408852030892196 416
1750371175250 0.35148535744670933 417
1750371224796 0.34397179246091586 418
1750371274680 0.3483109696785081 419
1750371324345 0.35210590516914475 420
1750371375089 0.3667070583466087 421
1750371425198 0.3476055938937881 422
1750371474485 0.3394771006616483 423
1750371525001 0.33621224102827824 424
1750371575079 0.3854702894947283 425
1750371625166 0.33462993142709624 426
1750371674332 0.36985079026801 427
1750371723794 0.346994108972468 428
1750371774373 0.3593719017053173 429
1750371824151 0.36226462729811726 430
1750371874184 0.3632287683087099 431
1750371925103 0.3675040929537393 432
1750371974033 0.354840762814363 433
1750372024350 0.35207746089371317 434
1750372074050 0.3524485407274804 435
1750372124053 0.33981225437133755 436
1750372173513 0.3599604916244406 437
1750372223621 0.3538978283180662 438
1750372273476 0.409158564761278 439
1750372322821 0.3797307885638163 440
1750372372565 0.3829696149027221 441
1750372422551 0.3835149266212923 442
1750372472696 0.35551735341000484 443
1750372522834 0.35320754642305285 444
1750372572297 0.34598187298444916 445
1750372622787 0.3601783658592314 446
1750372673015 0.32922628210615446 447
1750372722025 0.2948163597093213 448
1750372772242 0.3074284158963128 449
1750372822879 0.3328595577168211 450
1750372873495 0.31588680182603995 451
1750372923695 0.3179531278513206 452
1750372973795 0.34540847061973357 453
1750373023620 0.36818447027595963 454
1750373073150 0.3424712764745992 455
1750373123827 0.36530762100585923 456
1750373174004 0.4242272801499526 457
1750373224569 0.3564358906188634 458
1750373274275 0.37061904275041135 459
1750373324353 0.3926195296022909 460
1750373374461 0.38284974642782993 461
1750373424766 0.40248720954342054 462
1750373475541 0.3559037393157068 463
1750373526679 0.36824373211017514 464
1750373577321 0.3718930841616744 465
1750373627061 0.3844622421698535 466
1750373677192 0.3563341380819093 467
1750373727168 0.35126581856662586 468
1750373777028 0.36507621917647415 469
1750373826868 0.3512571722322382 470
1750373876887 0.3740636189065782 471
1750373927046 0.35486299933157384 472
1750373978001 0.35668373626355404 473
1750374027002 0.329675320848568 474
1750374076862 0.33747067523324475 475
1750374125632 0.37554649280896324 476
1750374176813 0.37384045755451784 477
1750374227537 0.37822193320534686 478
1750374277768 0.3493558476144525 479
1750374326866 0.3681422774030162 480
1750374376438 0.3599206084023845 481
1750374425970 0.35266979614380484 482
1750374476515 0.36796199950309005 483
1750374525867 0.3756609752778234 484
1750374575749 0.38341636649509014 485
1750374626222 0.3744533139653777 486
1750374676444 0.374204019378924 487
1750374726794 0.36705481670133555 488
1750374777068 0.3496602240501869 489
1750374826834 0.32865883595332246 490
1750374877097 0.3328914185304702 491
1750374926995 0.35616350567543725 492
1750374977749 0.35847850546000276 493
1750375027661 0.35746930890378886 494
1750375077813 0.3703262035375986 495
1750375128279 0.35332707067950636 496
1750375178440 0.3944215395333136 497
1750375228788 0.3840981599035893 498
1750375277888 0.34340839162549053 499
1750375327880 0.30619438397753646 500
