1753062714959 0.02309353713241402 0
1753062726664 0.04037215484299717 1
1753062736916 0.051254361189566375 2
1753062751319 0.07243728194052168 3
1753062763486 0.07974746635653764 4
1753062776081 0.091792656587473 5
1753062788297 0.10117959793985712 6
1753062797636 0.11879049676025918 7
1753062811376 0.12485462701445423 8
1753062823821 0.1381458714072105 9
1753062834861 0.14794816414686826 10
1753062846134 0.1536800132912444 11
1753062859175 0.15700282438943347 12
1753062869981 0.1714570526665559 13
1753062882271 0.17353380960292408 14
1753062893270 0.18341917262003654 15
1753062906396 0.18532978900149527 16
1753062914011 0.1907293570360525 17
1753062926878 0.19479980063133412 18
1753062938678 0.20543279614553914 19
1753062951817 0.210333942515368 20
1753062965182 0.2140721050008307 21
1753062979202 0.2109985047350058 22
1753062992157 0.22038544608738994 23
1753063005737 0.22204685163648447 24
1753063016029 0.2268649277288586 25
1753063029262 0.22944010632995515 26
1753063040943 0.23060309021432132 27
1753063051461 0.24198371822561887 28
1753063064599 0.2457218807110816 29
1753063077658 0.24838012958963282 30
1753063089957 0.246801794317993 31
1753063102794 0.24937697291908956 32
1753063113473 0.24962618375145373 33
1753063124515 0.2492108323641801 34
1753063136030 0.25834856288420005 35
1753063147094 0.2626682173118458 36
1753063158082 0.2688154178434956 37
1753063171562 0.2693969097856787 38
1753063183669 0.26590795813258017 39
1753063196351 0.27654095364678516 40
1753063209576 0.27853464030569863 41
1753063222593 0.2719720883867752 42
1753063234208 0.2752948994849643 43
1753063246231 0.2796145539126101 44
1753063258427 0.28077753779697623 45
1753063270723 0.27654095364678516 46
1753063283324 0.2852633327795315 47
1753063294530 0.28650938694135236 48
1753063306923 0.29481641468682507 49
1753063320440 0.290579830536634 50
1753063333050 0.29481641468682507 51
1753063345802 0.2961455391261007 52
1753063359284 0.2996344907791992 53
1753063372141 0.303040372154843 54
1753063384742 0.3041202857617544 55
1753063396154 0.30245888021265993 56
1753063408639 0.3063631832530321 57
1753063421031 0.30686160491776043 58
1753063432752 0.3069446751952152 59
1753063446330 0.3076923076923077 60
1753063458959 0.30702774547266987 61
1753063471444 0.30744309685994353 62
1753063479791 0.3095198537963117 63
1753063493755 0.3130918757268649 64
1753063506356 0.31741153015451073 65
1753063518695 0.3147532812759595 66
1753063531780 0.3166638976574182 67
1753063543393 0.31533477321814257 68
1753063554934 0.3135072271141386 69
1753063568520 0.31915600598106 70
1753063579498 0.320069779033062 71
1753063591333 0.3235587306861605 72
1753063601850 0.3209004818076092 73
1753063614732 0.324306363183253 74
1753063627364 0.3217311845821565 75
1753063640923 0.32397408207343414 76
1753063653170 0.3267154012294401 77
1753063666732 0.32721382289416845 78
1753063679119 0.3282106662236252 79
1753063688855 0.32679847150689484 80
1753063700073 0.32596776873234756 81
1753063710447 0.32372487124106997 82
1753063722645 0.3291244392756272 83
1753063732489 0.3292075095530819 84
1753063744145 0.33095198537963116 85
1753063755854 0.3291244392756272 86
1753063768701 0.3285429473334441 87
1753063780248 0.3329456720385446 88
1753063789914 0.3318657584316332 89
1753063802231 0.3338594450905466 90
1753063814501 0.333444093703273 91
1753063826862 0.3364346236916431 92
1753063838041 0.3326964612061804 93
1753063849841 0.3354377803621864 94
1753063861349 0.3372653264661904 95
1753063873200 0.3338594450905466 96
1753063884142 0.3375976075760093 97
1753063898276 0.3379298886858282 98
1753063909954 0.3390928725701944 99
1753063923432 0.3378468184083735 100
1753063934193 0.3384283103505566 101
1753063945440 0.34033892673201527 102
1753063956081 0.3392590131251038 103
1753063970084 0.3372653264661904 104
1753063982417 0.3375145372985546 105
1753063994581 0.3420003322811098 106
1753064006246 0.33892673201528495 107
1753064018658 0.33809602924073767 108
1753064029361 0.34274796477820235 109
1753064040952 0.3419172620036551 110
1753064051860 0.3408373483967436 111
1753064064273 0.34548928393420836 112
1753064073098 0.3444924406047516 113
1753064084885 0.3425818242232929 114
1753064097623 0.3436617378302044 115
1753064110003 0.34399401894002324 116
1753064120035 0.34548928393420836 117
1753064132172 0.3430802458880213 118
1753064144291 0.34299717561056653 119
1753064156264 0.34515700282438944 120
1753064167813 0.3425818242232929 121
1753064180817 0.34631998670875563 122
1753064193264 0.3499750789167636 123
1753064206110 0.3454062136567536 124
1753064218803 0.3460707758763914 125
1753064231340 0.3450739325469347 126
1753064243059 0.346818408373484 127
1753064257042 0.3446585811596611 128
1753064269845 0.34557235421166305 129
1753064282438 0.3494766572520352 130
1753064294344 0.346818408373484 131
1753064308193 0.34914437614221633 132
1753064320883 0.34831367336766905 133
1753064333972 0.3476491111480312 134
1753064347184 0.34715068948330285 135
1753064359324 0.34872902475494266 136
1753064372859 0.3488120950323974 137
1753064383638 0.35030736002658247 138
1753064395603 0.3506396411364014 139
1753064407916 0.3518026250207676 140
1753064420515 0.3522179764080412 141
1753064432308 0.35014121947167304 142
1753064443518 0.3527994683502243 143
1753064455554 0.3503904303040372 144
1753064468204 0.3527994683502243 145
1753064479697 0.35171955474331285 146
1753064492098 0.3509719222462203 147
1753064505885 0.3549592955640472 148
1753064519503 0.3481475328127596 149
1753064531117 0.3530486791825885 150
1753064544061 0.35147034391094867 151
1753064554911 0.35230104668549594 152
1753064567187 0.3525502575178601 153
1753064576693 0.35130420335603924 154
1753064588844 0.3516364844658581 155
1753064602522 0.35130420335603924 156
1753064614625 0.3499750789167636 157
1753064625948 0.35147034391094867 158
1753064637399 0.35446087389931885 159
1753064649073 0.35238411696295063 160
1753064660376 0.353796311679681 161
1753064672713 0.3559561388935039 162
1753064683622 0.35703605250041537 163
1753064696785 0.35454394417677354 164
1753064710899 0.3512211330785845 165
1753064723697 0.3524671872404054 166
1753064735372 0.35570692806113974 167
1753064747872 0.3540455225120452 168
1753064760211 0.3532148197374979 169
1753064771376 0.3524671872404054 170
1753064784453 0.3577836849975079 171
1753064795568 0.35387938195713575 172
1753064806919 0.3542116630669546 173
1753064816924 0.35545771722877556 174
1753064829804 0.3527994683502243 175
1753064842301 0.35288253862767904 176
1753064853472 0.3568699119455059 177
1753064865930 0.3547931550091377 178
1753064878882 0.3593620202691477 179
1753064888903 0.35670377139059645 180
1753064900598 0.35529157667386607 181
1753064911397 0.3525502575178601 182
1753064922376 0.3591958797142382 183
1753064932926 0.355623857783685 184
1753064945336 0.3559561388935039 185
1753064957748 0.3566207011131417 186
1753064968732 0.35794982555241733 187
1753064980616 0.35728526333277955 188
1753064993168 0.3562053497258681 189
1753065002806 0.3572021930553248 190
1753065015176 0.3576175444425984 191
1753065027251 0.3566207011131417 192
1753065040031 0.3587805283269646 193
1753065053710 0.35828210666223625 194
1753065067193 0.35396245223459044 195
1753065079330 0.35728526333277955 196
1753065091338 0.35853131749460043 197
1753065102478 0.35927894999169296 198
1753065113728 0.35554078750623025 199
1753065126429 0.35794982555241733 200
