1753062714960 4.582832934025608 0
1753062726665 4.492661604865252 1
1753062736917 4.389519801406411 2
1753062751320 4.28614848659238 3
1753062763487 4.188969046541401 4
1753062776082 4.0923092333696225 5
1753062788298 4.005205219961505 6
1753062797637 3.924040253546219 7
1753062811377 3.8533295431072947 8
1753062823822 3.7813421162099785 9
1753062834862 3.7172536738232536 10
1753062846135 3.6575664880647536 11
1753062859176 3.6075311777420334 12
1753062869982 3.549218948997836 13
1753062882272 3.5066308218323416 14
1753062893271 3.450589780248279 15
1753062906396 3.417296334318175 16
1753062914012 3.3820274400330232 17
1753062926879 3.343731584920759 18
1753062938679 3.2935037567315857 19
1753062951818 3.2808233649603404 20
1753062965183 3.2370223055220593 21
1753062979203 3.2224990594231717 22
1753062992158 3.1825756111932733 23
1753063005738 3.1589791514433547 24
1753063016030 3.1170383348290587 25
1753063029263 3.096958975322911 26
1753063040944 3.08290485135143 27
1753063051462 3.0464413463693547 28
1753063064600 3.018253693238884 29
1753063077659 3.004724124466085 30
1753063089958 2.9832280399219084 31
1753063102795 2.9650088231971456 32
1753063113474 2.946525803455138 33
1753063124516 2.935176723065523 34
1753063136031 2.900298183031471 35
1753063147095 2.8887494797714623 36
1753063158083 2.8619703178948943 37
1753063171563 2.851768662494589 38
1753063183670 2.834357525005517 39
1753063196352 2.802249761928576 40
1753063209577 2.787347827277398 41
1753063222594 2.793813190424127 42
1753063234209 2.772974449779467 43
1753063246232 2.7530446702965974 44
1753063258428 2.7402492213795395 45
1753063270724 2.744014669737429 46
1753063283325 2.7178933196280273 47
1753063294531 2.7021334021344012 48
1753063306924 2.6759710234721803 49
1753063320441 2.6728567524635776 50
1753063333051 2.6576746740778137 51
1753063345803 2.6579824085494157 52
1753063359285 2.6391471025822493 53
1753063372142 2.628291264633613 54
1753063384743 2.613276626944492 55
1753063396155 2.600409513113127 56
1753063408640 2.59353874232299 57
1753063421032 2.584831682134446 58
1753063432753 2.5841926012459098 59
1753063446331 2.5587762714735147 60
1753063458960 2.5572035984113066 61
1753063471445 2.5470954347754184 62
1753063479792 2.5436861856788484 63
1753063493756 2.5227872995505467 64
1753063506357 2.5044710203698326 65
1753063518696 2.5009761512179294 66
1753063531781 2.4919491083294267 67
1753063543394 2.4927516612825196 68
1753063554935 2.489827331680117 69
1753063568521 2.468654654077644 70
1753063579499 2.45926360042469 71
1753063591334 2.4454334124440456 72
1753063601851 2.448340184325779 73
1753063614733 2.4397492682598076 74
1753063627365 2.4322866298361654 75
1753063640924 2.4335337363280583 76
1753063653171 2.4153370711045787 77
1753063666733 2.4035270731957232 78
1753063679120 2.3929785944900375 79
1753063688856 2.398272876756539 80
1753063700074 2.384286064355501 81
1753063710448 2.3832492006331143 82
1753063722646 2.3774244447574238 83
1753063732490 2.370618556416701 84
1753063744146 2.360395120454466 85
1753063755855 2.3535134575731766 86
1753063768701 2.3471525483093325 87
1753063780249 2.33300592425542 88
1753063789915 2.339028091441187 89
1753063802232 2.3206901435793923 90
1753063814502 2.3241773932708716 91
1753063826863 2.3097575403602746 92
1753063838042 2.311469137292792 93
1753063849842 2.2975080968978876 94
1753063861350 2.284483295709158 95
1753063873201 2.2942369022806335 96
1753063884143 2.2782395141134244 97
1753063898277 2.28145240916831 98
1753063909955 2.268029146425711 99
1753063923433 2.2679752437581833 100
1753063934194 2.2596944389773195 101
1753063945441 2.249240374367194 102
1753063956082 2.2499909180898836 103
1753063970085 2.259435155402717 104
1753063982418 2.250860977531131 105
1753063994582 2.240120891076068 106
1753064006247 2.2415373980084503 107
1753064018659 2.2384177110635117 108
1753064029362 2.224472657115382 109
1753064040953 2.2150813444615816 110
1753064051861 2.205561489756241 111
1753064064274 2.198801857463549 112
1753064073099 2.1926686452774504 113
1753064084886 2.184882744814779 114
1753064097624 2.1823583435315754 115
1753064110004 2.182538690312463 116
1753064120036 2.1653656766112985 117
1753064132173 2.169384758441876 118
1753064144292 2.16571355056442 119
1753064156265 2.156271138753446 120
1753064167814 2.160238095294933 121
1753064180818 2.1537968830721073 122
1753064193265 2.1429409791988303 123
1753064206111 2.151864011192983 124
1753064218804 2.136040988509371 125
1753064231341 2.1379023461143425 126
1753064243060 2.1262244038493656 127
1753064257043 2.1427036024608146 128
1753064269846 2.132592910362823 129
1753064282439 2.115941740312512 130
1753064294345 2.111721540296614 131
1753064308194 2.11126753790582 132
1753064320884 2.1016673367844754 133
1753064333973 2.0966115884417094 134
1753064347185 2.089631343311299 135
1753064359325 2.0876070035010037 136
1753064372860 2.0855698683598605 137
1753064383639 2.0753924656422913 138
1753064395604 2.073890988756098 139
1753064407917 2.075026356391593 140
1753064420516 2.065619743893807 141
1753064432309 2.049384939496434 142
1753064443519 2.0565987587250696 143
1753064455555 2.066814544021507 144
1753064468205 2.0524944964265464 145
1753064479698 2.0409429232429788 146
1753064492099 2.044099216027238 147
1753064505886 2.0429673029776128 148
1753064519504 2.0423002736114464 149
1753064531118 2.026174246701136 150
1753064544062 2.0366444081230894 151
1753064554912 2.0358572975584015 152
1753064567188 2.0200921168856985 153
1753064576694 2.021540555271495 154
1753064588845 2.0194190531756107 155
1753064602523 2.0102012586748965 156
1753064614626 2.0222181928989618 157
1753064625949 2.0125536851556727 158
1753064637400 1.997293823403739 159
1753064649074 1.9985785915251286 160
1753064660377 1.983568277515349 161
1753064672714 1.9815171049479527 162
1753064683623 1.982120726052429 163
1753064696786 1.9799746854208056 164
1753064710900 1.9843165624061518 165
1753064723698 1.971914492130981 166
1753064735373 1.9740258960563026 167
1753064747873 1.965569090058995 168
1753064760212 1.9586747814848324 169
1753064771377 1.9547552779636348 170
1753064784454 1.9498043812939778 171
1753064795569 1.9582844162598634 172
1753064806920 1.9551746910762866 173
1753064816925 1.9433948689897103 174
1753064829805 1.9558441659428583 175
1753064842302 1.949024375463895 176
1753064853473 1.9307339171455808 177
1753064865931 1.937678920534941 178
1753064878883 1.9218267231377897 179
1753064888904 1.9171055461952995 180
1753064900599 1.9272490082141882 181
1753064911398 1.920268140717583 182
1753064922377 1.9065401082832605 183
1753064932927 1.903185897173627 184
1753064945337 1.912529767392663 185
1753064957749 1.9057445546104006 186
1753064968733 1.907610534938908 187
1753064980617 1.9000892082637175 188
1753064993169 1.8965022144960526 189
1753065002807 1.8939334717354086 190
1753065015177 1.885203645516464 191
1753065027252 1.8836681417378622 192
1753065040032 1.8738883086028044 193
1753065053711 1.8740396631107255 194
1753065067194 1.8834586385958532 195
1753065079331 1.8787343934046816 196
1753065091339 1.8648761424473626 197
1753065102479 1.8613223894215423 198
1753065113729 1.8546602621129602 199
1753065126430 1.8557667738502392 200
