1755756180414 0.03256354876225286 0
1755756213433 0.06163814587140721 1
1755756244110 0.07451403887688984 2
1755756273517 0.08755607243728195 3
1755756306605 0.09935205183585313 4
1755756340153 0.10525004153513873 5
1755756375568 0.11829207509553082 6
1755756409536 0.13050340588137566 7
1755756441885 0.1387273633493936 8
1755756475257 0.1626516032563549 9
1755756507251 0.16838345240073102 10
1755756538817 0.17893337763748132 11
1755756570925 0.18350224289749129 12
1755756605020 0.19720883867752118 13
1755756637748 0.19961787672370826 14
1755756670319 0.20925402890845654 15
1755756699527 0.21448745638810435 16
1755756731425 0.22080079747466355 17
1755756764791 0.22761256022595117 18
1755756797055 0.23301212826050838 19
1755756830986 0.23915932879215818 20
1755756864142 0.25278285429473335 21
1755756897902 0.252284432630005 22
1755756932079 0.2604253198205682 23
1755756964763 0.2620867253696627 24
1755756997692 0.2658248878551254 25
1755757031501 0.270809104502409 26
1755757064127 0.2732181425485961 27
1755757094611 0.272636650606413 28
1755757125869 0.2816082405715235 29
1755757159169 0.2845987705598937 30
1755757192779 0.28634324638644293 31
1755757218657 0.2847649111148031 32
1755757253692 0.29265658747300216 33
1755757282195 0.29514869579664393 34
1755757315685 0.29847150689483304 35
1755757348543 0.30561555075593955 36
1755757379958 0.30229273965775044 37
1755757413090 0.30569862103339424 38
1755757447274 0.31325801628177435 39
1755757480220 0.3080245888021266 40
1755757511635 0.3095198537963117 41
1755757546663 0.31001827546104005 42
1755757578529 0.31541784349559726 43
1755757611323 0.3145040704435953 44
1755757644750 0.3161654759926898 45
1755757678695 0.3291244392756272 46
1755757710580 0.32380794151852466 47
1755757744720 0.32497092540289085 48
1755757776076 0.32463864429307193 49
1755757810050 0.3258846984548928 50
1755757843042 0.32222960624688485 51
1755757874828 0.3348562884200033 52
1755757903216 0.3319488287090879 53
1755757937412 0.3338594450905466 54
1755757968267 0.33377637481309186 55
1755758000902 0.33809602924073767 56
1755758032410 0.3361023425818242 57
1755758065037 0.343163316165476 58
1755758099179 0.33676690480146204 59
1755758131953 0.3384283103505566 60
1755758163945 0.3406712078418342 61
1755758196964 0.3447416514371158 62
1755758230397 0.3412526997840173 63
1755758263882 0.3452400731018442 64
1755758295827 0.34648612726366507 65
1755758328763 0.3426648945007476 66
1755758362775 0.346818408373484 67
1755758396400 0.3525502575178601 68
1755758428410 0.346818408373484 69
1755758461905 0.3469845489283934 70
1755758494911 0.3469014786509387 71
1755758527333 0.3474829705931218 72
1755758557675 0.35296560890513373 73
1755758589539 0.35171955474331285 74
1755758623263 0.3488120950323974 75
1755758657405 0.348645954477488 76
1755758690526 0.35055657085894665 77
1755758723692 0.35030736002658247 78
1755758755169 0.35213490613058646 79
1755758789599 0.3516364844658581 80
1755758822791 0.3524671872404054 81
1755758856152 0.3531317494600432 82
1755758887182 0.3536301711247716 83
1755758919167 0.3549592955640472 84
1755758952832 0.35387938195713575 85
1755758985723 0.3527994683502243 86
1755759015439 0.35055657085894665 87
1755759043772 0.3559561388935039 88
1755759077918 0.35894666888187404 89
1755759111111 0.3550423658415019 90
1755759145191 0.3586143877720552 91
1755759177694 0.35869745804950987 92
1755759210733 0.3590297391593288 93
1755759243028 0.3577836849975079 94
1755759276599 0.3584482472171457 95
1755759309182 0.3577836849975079 96
1755759342492 0.36044193387605916 97
1755759375158 0.36326632330951986 98
1755759409455 0.3534640305698621 99
1755759441995 0.3591958797142382 100
