1755756180416 4.582361071788247 0
1755756213435 4.496412068668059 1
1755756244111 4.39373655191937 2
1755756273518 4.359446268715042 3
1755756306607 4.309775836881643 4
1755756340154 4.297333714339652 5
1755756375570 4.2533064030358245 6
1755756409537 4.200194718357694 7
1755756441887 4.179034967615906 8
1755756475258 4.15041200838554 9
1755756507252 4.143903933462349 10
1755756538818 4.103143976335017 11
1755756570926 4.102133162310265 12
1755756605021 4.094005301600998 13
1755756637750 4.097872959510175 14
1755756670321 4.061869306642501 15
1755756699529 4.065834351551037 16
1755756731426 4.107952983352305 17
1755756764793 4.0727578909921265 18
1755756797057 4.080043788014364 19
1755756830987 4.069151362033891 20
1755756864143 4.060051340799263 21
1755756897903 4.049789858119936 22
1755756932080 4.036307564649626 23
1755756964764 4.081364450032794 24
1755756997694 4.0815879260356205 25
1755757031503 4.068146576972607 26
1755757064129 4.0704330931245005 27
1755757094612 4.094987668062569 28
1755757125871 4.0735189124234035 29
1755757159170 4.059205585765758 30
1755757192780 4.101907440986189 31
1755757218659 4.113290583501096 32
1755757253693 4.1062185583294015 33
1755757282196 4.0826074717900696 34
1755757315686 4.0856212483904555 35
1755757348544 4.12347768443179 36
1755757379960 4.12793016446243 37
1755757413091 4.130272322051312 38
1755757447275 4.126562399729403 39
1755757480221 4.158805466289528 40
1755757511636 4.158999615704728 41
1755757546664 4.175610157485367 42
1755757578530 4.167961029569959 43
1755757611325 4.166413458519094 44
1755757644752 4.184777627401163 45
1755757678696 4.144578941758313 46
1755757710581 4.189199892349131 47
1755757744721 4.209371325848433 48
1755757776077 4.182217810066521 49
1755757810051 4.217488097550739 50
1755757843043 4.232019004926004 51
1755757874829 4.220243632405082 52
1755757903217 4.238530877515667 53
1755757937413 4.24555076427598 54
1755757968269 4.268494686919032 55
1755758000903 4.249990245552061 56
1755758032411 4.264931828284674 57
1755758065039 4.243204807423403 58
1755758099180 4.277014724230656 59
1755758131955 4.275024945919331 60
1755758163946 4.303169581132458 61
1755758196965 4.270912915631071 62
1755758230398 4.280805659862866 63
1755758263884 4.303509861932376 64
1755758295828 4.312465672240682 65
1755758328764 4.31847126476902 66
1755758362776 4.334260673520945 67
1755758396402 4.3184106796228265 68
1755758428411 4.309059910986693 69
1755758461907 4.328902403400845 70
1755758494913 4.327699485403643 71
1755758527334 4.337564194613317 72
1755758557677 4.3413660301818675 73
1755758589540 4.325651500457072 74
1755758623265 4.375635687683048 75
1755758657406 4.364524927677703 76
1755758690528 4.373753997246324 77
1755758723694 4.403814332012421 78
1755758755170 4.376906071110351 79
1755758789601 4.397097047028446 80
1755758822793 4.367128127867207 81
1755758856153 4.382462515330906 82
1755758887183 4.3753710544161954 83
1755758919168 4.399962510561282 84
1755758952833 4.427001433507291 85
1755758985725 4.422715015499569 86
1755759015440 4.432830927225661 87
1755759043773 4.407384657017971 88
1755759077919 4.390012024705678 89
1755759111113 4.471372638419177 90
1755759145193 4.456933576173645 91
1755759177695 4.427762348970579 92
1755759210734 4.439813629707252 93
1755759243029 4.4362431526835495 94
1755759276601 4.468049255876593 95
1755759309183 4.458961928953088 96
1755759342494 4.455347801373505 97
1755759375159 4.443520032599124 98
1755759409456 4.50423232503251 99
1755759441996 4.483928994077151 100
