1753482430571 0.017444758265492608 0
1753482440316 0.02060142880877222 1
1753482450501 0.027330121282605084 2
1753482461519 0.03447416514371158 3
1753482472526 0.03995680345572354 4
1753482483418 0.049925236750290744 5
1753482492976 0.06836683834524007 6
1753482504615 0.07252035221797641 7
1753482514694 0.07667386609071274 8
1753482525706 0.07866755274962618 9
1753482535765 0.07875062302708091 10
1753482546302 0.09403555407875062 11
1753482556429 0.09312178102674863 12
1753482566460 0.10109652766240239 13
1753482576932 0.10475161987041037 14
1753482587474 0.11555075593952484 15
1753482595976 0.11447084233261338 16
1753482607082 0.118541285927895 17
1753482617046 0.11679681010134574 18
1753482626951 0.12610068117627513 19
1753482636375 0.13208174115301546 20
1753482648276 0.13590297391593287 21
1753482660239 0.13399235753447417 22
1753482671193 0.13964113640139558 23
1753482682446 0.14404386110649608 24
1753482692431 0.1487788669214155 25
1753482701099 0.1486957966439608 26
1753482711600 0.15600598105997673 27
1753482722286 0.15484299717561056 28
1753482732334 0.1592457218807111 29
1753482742641 0.16132247881707926 30
1753482752986 0.15542448911779366 31
1753482764272 0.16190397075926233 32
1753482775277 0.16913108489782355 33
1753482786801 0.16904801462036884 34
1753482798595 0.17253696627346735 35
1753482809874 0.17320152849310516 36
1753482820793 0.17793653430802459 37
1753482832101 0.18408373483967436 38
1753482843212 0.1866589134407709 39
1753482854661 0.19214155175278286 40
1753482865382 0.19646120618042864 41
1753482876807 0.1934706761920585 42
1753482888019 0.19081242731350723 43
1753482900023 0.1941352384116963 44
1753482911214 0.20086393088552915 45
1753482922546 0.20219305532480478 46
1753482933742 0.20127928227280278 47
1753482945358 0.2109154344575511 48
1753482955492 0.21232762917428144 49
1753482965288 0.20543279614553914 50
1753482977882 0.21058315334773217 51
1753482988432 0.21182920750955309 52
1753482999571 0.2078418341917262 53
1753483011030 0.20917095863100182 54
1753483021311 0.21955474331284267 55
1753483032741 0.21789333776374814 56
1753483044075 0.22071772719720884 57
1753483055166 0.22561887356703772 58
1753483066838 0.22379132746303373 59
1753483077734 0.223708257185579 60
1753483088637 0.21855789998338596 61
1753483099856 0.22287755441103174 62
1753483109896 0.22636650606413025 63
1753483118823 0.23542116630669546 64
1753483129000 0.2358365176939691 65
1753483139653 0.23442432297723875 66
1753483150565 0.23658415019106163 67
1753483161427 0.2392423990696129 68
1753483171701 0.23691643130088055 69
1753483181592 0.2383286260176109 70
1753483193373 0.23799634490779198 71
1753483203851 0.23807941518524672 72
1753483215159 0.2386609071274298 73
1753483226610 0.24032231267652435 74
1753483237906 0.24721714570526665 75
1753483249548 0.2461372320983552 76
1753483259444 0.24289749127762086 77
1753483270435 0.23974082073434125 78
1753483281547 0.24588802126599102 79
1753483293134 0.24962618375145373 80
1753483304388 0.25037381624854627 81
1753483314099 0.2473832862601761 82
1753483325561 0.2507891676358199 83
1753483337150 0.2482139890347234 84
1753483349334 0.2512875893005483 85
1753483361190 0.2530320651270975 86
1753483371939 0.2505399568034557 87
1753483383555 0.2576840006645622 88
1753483394455 0.2598438278783851 89
1753483403081 0.25992689815583986 90
1753483413721 0.26275128758930055 91
1753483425473 0.2620867253696627 92
1753483436706 0.2620867253696627 93
1753483447837 0.2625020767569364 94
1753483459076 0.2628343578667553 95
1753483469187 0.26092374148529657 96
1753483481007 0.26241900647948163 97
1753483492803 0.2652433959129423 98
1753483503097 0.27072603422495434 99
1753483515089 0.26773550423658415 100
