1753482430572 4.595985238236297 0
1753482440317 4.5476769242333575 1
1753482450502 4.501046221259748 2
1753482461520 4.461424396960499 3
1753482472527 4.4388987007288785 4
1753482483419 4.388271770010336 5
1753482492977 4.3596786926370905 6
1753482504616 4.336595878064271 7
1753482514695 4.316262956866911 8
1753482525707 4.267906034010228 9
1753482535766 4.257383537257558 10
1753482546303 4.236058797115909 11
1753482556430 4.204741173445068 12
1753482566461 4.180448651538281 13
1753482576933 4.157584815475326 14
1753482587475 4.162260178916997 15
1753482595977 4.147182766376965 16
1753482607083 4.1307795163252585 17
1753482617047 4.108910057204966 18
1753482626952 4.100669330422114 19
1753482636376 4.114225592266992 20
1753482648277 4.098146942974409 21
1753482660240 4.084133404048075 22
1753482671194 4.061010473715907 23
1753482682447 4.048286430180684 24
1753482692432 4.021755678779936 25
1753482701100 4.030418510104253 26
1753482711601 4.049633014174679 27
1753482722287 4.0319048065998535 28
1753482732335 4.009543452035386 29
1753482742642 3.9932520289280395 30
1753482752987 3.998232247652831 31
1753482764273 3.9983692756006475 32
1753482775278 3.9969307585574763 33
1753482786802 3.9953937925137994 34
1753482798596 3.9709432329136747 35
1753482809875 3.97173236643178 36
1753482820794 3.949088516657411 37
1753482832103 3.9415123504084706 38
1753482843213 3.9421149975312106 39
1753482854662 3.9170307557835793 40
1753482865383 3.9355621186353393 41
1753482876809 3.9458181403326327 42
1753482888020 3.916798188512259 43
1753482900024 3.9032678017932567 44
1753482911215 3.9054664549131126 45
1753482922547 3.9183851454791276 46
1753482933743 3.907614539409936 47
1753482945359 3.8861669551181253 48
1753482955493 3.8768238280452576 49
1753482965289 3.879852650292275 50
1753482977883 3.8608127956885276 51
1753482988433 3.8851994099814564 52
1753482999572 3.8909584476898393 53
1753483011031 3.895788658585701 54
1753483021312 3.8726189306501215 55
1753483032742 3.859962553503025 56
1753483044076 3.8516915174402633 57
1753483055167 3.8542448398482727 58
1753483066839 3.8548093712536904 59
1753483077735 3.8367460193207985 60
1753483088638 3.846227020754877 61
1753483099857 3.8363153171678994 62
1753483109897 3.848011087351051 63
1753483118824 3.8422662721166154 64
1753483129001 3.8354990644468927 65
1753483139654 3.8240987570322216 66
1753483150566 3.8062200617730357 67
1753483161428 3.814475614422409 68
1753483171702 3.84066786397374 69
1753483181593 3.836470113074488 70
1753483193374 3.8264164110685797 71
1753483203852 3.7927519767123252 72
1753483215160 3.8280659548456537 73
1753483226611 3.808603025201126 74
1753483237908 3.8174287751270253 75
1753483249549 3.8041552243608887 76
1753483259445 3.809240628995015 77
1753483270436 3.812564087851972 78
1753483281548 3.807011822285725 79
1753483293135 3.8098987112935303 80
1753483304389 3.7996860386113487 81
1753483314100 3.811890244122254 82
1753483325562 3.79967840225733 83
1753483337151 3.808073403465371 84
1753483349336 3.794812608049564 85
1753483361191 3.788162601520437 86
1753483371940 3.788970920799616 87
1753483383556 3.7611150963707036 88
1753483394456 3.8001062630185225 89
1753483403082 3.765351168853415 90
1753483413722 3.7773977582438216 91
1753483425474 3.774398789230713 92
1753483436707 3.7758038939604526 93
1753483447838 3.7679801116954534 94
1753483459077 3.75828100705052 95
1753483469188 3.765104632331228 96
1753483481008 3.759388074250769 97
1753483492804 3.7677328246212025 98
1753483503098 3.768474486413474 99
1753483515090 3.7859828877234514 100
