1754706081896 0.23763327250024013 0
1754706096832 0.40870233406973394 1
1754706111071 0.45499951973873787 2
1754706125066 0.6038805109979829 3
1754706136545 0.6569013543367592 4
1754706151027 0.7035827490154644 5
1754706163400 0.7547785995581596 6
1754706177311 0.7895495149361252 7
1754706190878 0.796081068101047 8
1754706205102 0.8260493708577467 9
1754706217628 0.8424743060224762 10
1754706230986 0.8459321871097877 11
1754706245398 0.8655268466045529 12
1754706257650 0.8549610988377677 13
1754706270457 0.8783978484295457 14
1754706282757 0.8933819998078955 15
1754706297316 0.9054845836134857 16
1754706312135 0.914897704351167 17
1754706325996 0.9148016520987418 18
1754706338602 0.9201805782345596 19
1754706350996 0.9303621169916435 20
1754706363818 0.9306502737489194 21
1754706377378 0.9355489386226107 22
1754706391982 0.938334453942945 23
1754706405468 0.9427528575545097 24
1754706418225 0.9423686485448084 25
1754706432198 0.9459225818845451 26
1754706442812 0.9485159927000288 27
1754706456175 0.9490923062145807 28
1754706468443 0.9508212467582364 29
1754706483371 0.9509172990106618 30
1754706495968 0.9569685909134569 31
1754706510220 0.9577370089328595 32
1754706523736 0.9586975314571127 33
1754706538209 0.9571606954183075 34
1754706551443 0.9603304197483431 35
1754706564723 0.9627317260589761 36
1754706576232 0.9627317260589761 37
1754706591065 0.965709345884161 38
1754706604529 0.9668619729132648 39
1754706616917 0.9677264431850927 40
1754706628058 0.9670540774181154 41
1754706643830 0.9683027566996446 42
1754706657629 0.9701277494957257 43
1754706671691 0.9713764287772548 44
1754706686754 0.9697435404860244 45
1754706699849 0.969935644990875 46
1754706714039 0.9712803765248295 47
1754706724566 0.9682067044472192 48
1754706737051 0.9700316972433004 49
1754706746040 0.9706080107578523 50
1754706757141 0.9708961675151282 51
1754706771276 0.9712803765248295 52
1754706779572 0.9733935260781865 53
1754706789943 0.9739698395927384 54
1754706804819 0.9751224666218423 55
1754706814950 0.9739698395927384 56
1754706824249 0.9736816828354625 57
1754706838011 0.974161944097589 58
1754706854971 0.9763711459033715 59
1754706867248 0.975026414369417 60
1754706879020 0.9761790413985207 61
1754706893114 0.9762750936509461 62
1754706906666 0.9759869368936701 63
1754706921789 0.975314571126693 64
1754706937748 0.9763711459033715 65
1754706949335 0.9780040341946019 66
1754706961613 0.975314571126693 67
1754706976669 0.9764671981557967 68
1754706988371 0.9782921909518778 69
1754707001547 0.9773316684276246 70
1754707015495 0.9803092882528095 71
1754707030375 0.9790606089712803 72
1754707046273 0.9794448179809817 73
1754707060285 0.9801171837479589 74
1754707074150 0.9794448179809817 75
1754707087523 0.9804053405052349 76
1754707103667 0.9810777062722121 77
1754707117254 0.9810777062722121 78
1754707131718 0.9809816540197868 79
1754707143933 0.9812698107770628 80
1754707155798 0.9817500720391893 81
1754707168769 0.9820382287964653 82
1754707184991 0.9799250792431082 83
1754707197519 0.981654019786764 84
1754707211275 0.9820382287964653 85
1754707223059 0.9824224378061666 86
1754707236755 0.9819421765440399 87
1754707248945 0.9821342810488906 88
1754707262254 0.9824224378061666 89
1754707275858 0.981365863029488 90
1754707290069 0.9819421765440399 91
1754707304181 0.9828066468158678 92
1754707318137 0.9830948035731438 93
1754707332424 0.9832869080779945 94
1754707342105 0.9834790125828451 95
1754707356747 0.9831908558255691 96
1754707370961 0.9829987513207185 97
1754707381951 0.9830948035731438 98
1754707398571 0.9832869080779945 99
1754707410788 0.9835750648352704 100
