1750877378487 0.02865924572188071 0
1750877400064 0.07451403887688984 1
1750877421358 0.1039209170958631 2
1750877443832 0.12427313507227114 3
1750877465959 0.14346236916431301 4
1750877487785 0.1651437115799967 5
1750877509043 0.1866589134407709 6
1750877531723 0.20078086060807443 7
1750877556050 0.21207841834191726 8
1750877580650 0.2274464196710417 9
1750877604048 0.23517195547433128 10
1750877626472 0.24406047516198703 11
1750877648436 0.24713407542781193 12
1750877671844 0.2571025087223791 13
1750877694168 0.26432962286094036 14
1750877718335 0.2759594617046021 15
1750877741762 0.27230436949659415 16
1750877765045 0.277205515866423 17
1750877788472 0.28310350556570857 18
1750877812074 0.2880046519355375 19
1750877834336 0.287838511380628 20
1750877857855 0.29265658747300216 21
1750877879744 0.2902475494268151 22
1750877900712 0.29980063133410867 23
1750877922816 0.29672703106828374 24
1750877944200 0.3035387938195714 25
1750877958490 0.3045356371490281 26
1750877973174 0.3015451071606579 27
1750877987202 0.3046187074264828 28
1750878001946 0.31201196211995347 29
1750878016908 0.3101013457384948 30
1750878031294 0.31159661073267986 31
1750878045800 0.31068283768067784 32
1750878060168 0.30985213490613056 33
1750878075175 0.30943678351885695 34
1750878090162 0.31375643794650276 35
1750878105087 0.3135902973915933 36
1750878119098 0.3166638976574182 37
1750878134059 0.3177438112643296 38
1750878148905 0.3159162651603256 39
1750878163172 0.3232264495763416 40
1750878177887 0.3214819737497923 41
1750878192521 0.3186575843163316 42
1750878206889 0.31915600598106 43
1750878221240 0.3227280279116132 44
1750878236625 0.32222960624688485 45
1750878251550 0.3174946004319654 46
1750878266001 0.3245555740156172 47
1750878280778 0.32239574680179434 48
1750878295419 0.3247217145705267 49
1750878309907 0.3248878551254361 50
1750878321424 0.327961455391261 51
1750878332919 0.32879215816580826 52
1750878344385 0.3300382123276292 53
1750878355639 0.3282106662236252 54
1750878367107 0.3294567203854461 55
1750878378338 0.32995514205017445 56
1750878389627 0.33219803954145205 57
1750878401711 0.32937365010799136 58
1750878413222 0.32879215816580826 59
1750878424634 0.3301212826050839 60
1750878436370 0.3300382123276292 61
1750878448356 0.3297059312178103 62
1750878460296 0.33178268815417844 63
1750878471662 0.3322811098189068 64
1750878483313 0.3332779531483635 65
1750878494377 0.3342747964778202 66
1750878505486 0.3342747964778202 67
1750878517038 0.33277953148363515 68
1750878528744 0.3329456720385446 69
1750878539915 0.33369330453563717 70
1750878551118 0.3361023425818242 71
1750878562203 0.3350224289749128 72
1750878573420 0.3338594450905466 73
1750878584688 0.3347732181425486 74
1750878595914 0.3382621697956471 75
1750878604233 0.33577006147200533 76
1750878612437 0.33809602924073767 77
1750878620661 0.33776374813091875 78
1750878628876 0.338594450905466 79
1750878637105 0.3362684831367337 80
1750878645412 0.3378468184083735 81
1750878653731 0.339508223957468 82
1750878662058 0.33867752118292077 83
1750878670267 0.33992357534474166 84
1750878678583 0.3392590131251038 85
1750878687018 0.3388436617378302 86
1750878695298 0.33834524007310185 87
1750878703669 0.3414188403389267 88
1750878711883 0.3394251536800133 89
1750878720129 0.3419172620036551 90
1750878728374 0.3400066456221964 91
