1750877378487 4.506940678870693 0
1750877400065 4.294591900178894 1
1750877421358 4.066423261601567 2
1750877443833 3.8717784845012235 3
1750877465960 3.70054252601662 4
1750877487785 3.5323300881263537 5
1750877509043 3.400450286092554 6
1750877531724 3.280504374731584 7
1750877556051 3.1830047540376043 8
1750877580650 3.0918977253323794 9
1750877604048 3.016949150431001 10
1750877626473 2.944940623527016 11
1750877648437 2.9003169093126004 12
1750877671844 2.8283607397023345 13
1750877694169 2.795805198986423 14
1750877718335 2.74278676542428 15
1750877741762 2.7210533846922913 16
1750877765046 2.7016115081114846 17
1750877788473 2.667986224057445 18
1750877812074 2.6220908590779177 19
1750877834337 2.6348897468873362 20
1750877857856 2.5884199826443783 21
1750877879745 2.5915906830538518 22
1750877900713 2.5636670748041976 23
1750877922817 2.550594212215655 24
1750877944201 2.5121013014544054 25
1750877958490 2.4937567705364474 26
1750877973175 2.497842203611183 27
1750877987203 2.466948701497034 28
1750878001947 2.446356352504786 29
1750878016909 2.4458804686137636 30
1750878031294 2.4391323232685833 31
1750878045801 2.4243352227774224 32
1750878060168 2.4225645526498245 33
1750878075176 2.412849214815853 34
1750878090163 2.383865249111854 35
1750878105088 2.3907099620992267 36
1750878119098 2.3649126846106827 37
1750878134060 2.3568199387163915 38
1750878148906 2.3493739203301334 39
1750878163172 2.3241920895990376 40
1750878177887 2.3230428116293504 41
1750878192522 2.337787173271881 42
1750878206890 2.3205370752187076 43
1750878221240 2.301621206521286 44
1750878236626 2.3030573393853584 45
1750878251551 2.306877979013588 46
1750878266002 2.286472577722246 47
1750878280779 2.272939148997499 48
1750878295419 2.254260064261257 49
1750878309908 2.260797998562186 50
1750878321425 2.2379437380663334 51
1750878332920 2.242079128220383 52
1750878344386 2.2296873875879952 53
1750878355640 2.223783580400754 54
1750878367108 2.2124689674743236 55
1750878378339 2.1997936816338783 56
1750878389627 2.1972997147102924 57
1750878401712 2.2014510134354817 58
1750878413223 2.201402966880458 59
1750878424635 2.1798069604671317 60
1750878436371 2.178911402151333 61
1750878448356 2.175228895861444 62
1750878460297 2.1798111319936537 63
1750878471662 2.163026315680368 64
1750878483313 2.1498015865577074 65
1750878494377 2.150019565679387 66
1750878505487 2.136170865696185 67
1750878517039 2.144077769400393 68
1750878528745 2.1406216811061456 69
1750878539916 2.125120130743786 70
1750878551119 2.1211813643368016 71
1750878562204 2.1105982591971575 72
1750878573420 2.1139660642496825 73
1750878584689 2.1101922195791545 74
1750878595914 2.1022562542574 75
1750878604234 2.09032458591832 76
1750878612438 2.0841407810829926 77
1750878620661 2.075288600652796 78
1750878628877 2.072674921664835 79
1750878637106 2.0779547035042705 80
1750878645413 2.0681547086847183 81
1750878653732 2.0668356020994776 82
1750878662059 2.0679501685188217 83
1750878670267 2.0658491902263187 84
1750878678584 2.0563531073766277 85
1750878687019 2.056736715842616 86
1750878695299 2.051017903076495 87
1750878703670 2.0423108721328114 88
1750878711884 2.0459195204069758 89
1750878720130 2.0374384426855148 90
1750878728375 2.0424275685378914 91
