1752810078521 0.09104502409038046 0
1752810308319 0.16821731184582156 1
1752810542854 0.2087556072437282 2
1752810778830 0.26557567702276125 3
1752811011721 0.28908456554244893 4
1752811244586 0.3043694965941186 5
1752811477623 0.3280445256687157 6
1752811707637 0.3375145372985546 7
1752811936684 0.3480644625353049 8
1752812178373 0.36010965276624024 9
1752812416977 0.36733676690480144 10
1752812646035 0.38461538461538464 11
1752812886449 0.39217477986376476 12
1752813123802 0.40197707260342247 13
1752813357303 0.4174281442100017 14
1752813596200 0.43146702109985047 15
1752813826747 0.4359528160824057 16
1752814054420 0.44226615716896495 17
1752814293421 0.45788336933045354 18
1752814525135 0.4582987207177272 19
1752814752722 0.4573018773882705 20
1752814986569 0.4619538129257352 21
1752815225404 0.47117461372320985 22
1752815452374 0.47590961953812927 23
1752815696163 0.48238910117959793 24
1752815928055 0.4896992855956139 25
1752816167942 0.4946004319654428 26
1752816408499 0.4965941186243562 27
1752816642946 0.5004984216647284 28
1752816872178 0.5140388768898488 29
1752817116107 0.5178601096527662 30
1752817356180 0.5206014288087722 31
1752817596268 0.5168632663233095 32
1752817829717 0.5296560890513374 33
1752818063707 0.5240903804618707 34
1752818297743 0.5351387273633494 35
1752818530712 0.5324804784847982 36
1752818764884 0.5386276790164479 37
1752818998472 0.5465193553746469 38
1752819236138 0.5482638312011963 39
1752819473493 0.5448579498255525 40
1752819711317 0.5500083070277455 41
1752819954249 0.5523342747964778 42
1752820188127 0.5497590961953813 43
1752820418172 0.5534141884033893 44
1752820653073 0.5587306861604918 45
1752820890929 0.561721216148862 46
1752821120129 0.5646286758597774 47
1752821360667 0.5657916597441436 48
1752821589447 0.5823226449576342 49
1752821826609 0.5825718557899984 50
