1752810078522 4.246999947639109 0
1752810308320 3.8380223983973982 1
1752810542855 3.479872288153146 2
1752810778831 3.1439351123181014 3
1752811011722 2.9473870329326552 4
1752811244587 2.762906021030659 5
1752811477624 2.6134699775562 6
1752811707638 2.501722772167826 7
1752811936685 2.382731584680457 8
1752812178374 2.300627991092532 9
1752812416978 2.1966413775917677 10
1752812646036 2.0923859310258655 11
1752812886450 2.039678154994589 12
1752813123803 1.9749493970858998 13
1752813357304 1.8623941208864012 14
1752813596201 1.779710832743945 15
1752813826748 1.7246711375770596 16
1752814054421 1.6695748159896133 17
1752814293422 1.5781317165136637 18
1752814525136 1.5272421482767264 19
1752814752723 1.5028363049285984 20
1752814986570 1.451042119557824 21
1752815225405 1.4083659289960933 22
1752815452375 1.3570728781947807 23
1752815696164 1.3138651226536702 24
1752815928056 1.2591667598755347 25
1752816167943 1.2142418138082618 26
1752816408500 1.175465503998676 27
1752816642947 1.1562483721284293 28
1752816872179 1.1053797275071164 29
1752817116108 1.0767119384149948 30
1752817356181 1.0334734659284184 31
1752817596268 0.9915553362773886 32
1752817829718 0.9483491708088972 33
1752818063708 0.9427509981827846 34
1752818297744 0.8966816373533455 35
1752818530713 0.8751967390432103 36
1752818764885 0.8294948716719054 37
1752818998473 0.7917646717347967 38
1752819236139 0.7944673406863267 39
1752819473494 0.7820560481546626 40
1752819711318 0.7509232307565021 41
1752819954249 0.730058483479513 42
1752820188128 0.7028434830340653 43
1752820418173 0.6898834930996322 44
1752820653074 0.6501481860019009 45
1752820890930 0.6275048341924025 46
1752821120130 0.6115664850322553 47
1752821360668 0.5960969491467133 48
1752821589448 0.5535526395371785 49
1752821826610 0.5556497639274101 50
