1754546527353 0.19835167596361628 0
1754546555649 0.2417709432634806 1
1754546588173 0.3238856223930851 2
1754546618794 0.6197798884366048 3
1754546651479 0.5179154731393537 4
1754546676843 0.7019950751294035 5
1754546707479 0.7056133474043922 6
1754546739354 0.7452635810844767 7
1754546762762 0.7479772852907182 8
1754546791338 0.7736067139052214 9
1754546816411 0.773254937434042 10
1754546843526 0.7868234584652495 11
1754546869987 0.783355947535052 12
1754546896433 0.7968239610030655 13
1754546924600 0.7922508668777325 14
1754546957577 0.8045127895874165 15
1754546983129 0.7943112719232123 16
1754547009264 0.8140107543092617 17
1754547037760 0.8077290316096286 18
1754547068968 0.8158701442283531 19
1754547092461 0.804914819840193 20
1754547120464 0.8199909543193126 21
1754547145299 0.8030051761395045 22
1754547173580 0.8252676013870044 23
1754547198847 0.8109955274134378 24
1754547227750 0.826473692145334 25
1754547252017 0.8127544097693351 26
1754547280377 0.8317000854314287 27
1754547305604 0.8216995828936128 28
1754547330302 0.8338609980401025 29
1754547353203 0.8172772501130711 30
1754547377528 0.8355696266144027 31
1754547401379 0.8255691240765868 32
1754547435236 0.8279813055932459 33
1754547460652 0.8358711493039851 34
1754547482342 0.8274285139956782 35
1754547505997 0.8302427257651138 36
1754547534769 0.8375797778782853 37
1754547557149 0.8414995728428565 38
1754547579036 0.8455198753706217 39
1754547605671 0.8441630232675009 40
1754547630604 0.8433087089803508 41
1754547653552 0.8361726719935675 42
1754547683917 0.8479320568872808 43
1754547711857 0.8252676013870044 44
1754547734497 0.8497914468063722 45
1754547761249 0.8387858686366149 46
1754547788475 0.8475300266345043 47
1754547817052 0.8468264736921454 48
1754547841719 0.8482335795768632 49
1754547870287 0.8428564249459772 50
1754547891650 0.8494899241167898 51
1754547915795 0.8431579476355596 52
1754547945601 0.8461731745313835 53
1754547976287 0.8491381476456104 54
1754547999884 0.847329011508116 55
1754548026380 0.8537614955525403 56
1754548054092 0.8430574400723655 57
1754548078685 0.852706166139002 58
1754548107537 0.8371274938439117 59
1754548130489 0.8519021056334489 60
1754548153845 0.8523543896678225 61
1754548182704 0.8502939846223428 62
1754548204378 0.8518015980702548 63
1754548227935 0.8349665812352379 64
1754548252958 0.8474295190713101 65
1754548284042 0.8531081963917785 66
1754548314533 0.8391376451077943 67
1754548336757 0.8439117543595156 68
1754548362196 0.8484848484848485 69
1754548387583 0.8364239409015528 70
1754548415602 0.8523543896678225 71
1754548447918 0.847329011508116 72
1754548469604 0.8409467812452887 73
1754548493704 0.8461229207497865 74
1754548519718 0.8441630232675009 75
1754548548721 0.8522036283230313 76
1754548578474 0.8378310467862706 77
1754548606084 0.8455198753706217 78
1754548632159 0.8294386652595608 79
1754548656907 0.8188351173425801 80
1754548682528 0.8398411980501532 81
1754548709938 0.812704155987738 82
1754548732388 0.80958842152872 83
1754548757097 0.7944620332680035 84
1754548785277 0.7954168551183477 85
1754548813146 0.795617870244736 86
1754548838335 0.8040102517714458 87
1754548863839 0.8152670988491884 88
1754548894709 0.796421930750289 89
1754548921938 0.8107945122870496 90
1754548953405 0.7777275239961807 91
1754548976399 0.8025528921051309 92
1754549005290 0.835770641740791 93
1754549031922 0.8107442585054525 94
1754549060223 0.8189858786873713 95
1754549089035 0.8115985727926026 96
1754549118930 0.7710437710437711 97
1754549146435 0.7272727272727273 98
1754549170016 0.7792351374440927 99
1754549192314 0.763304688677823 100
