1752655520269 4.451145975453556 0
1752655570142 4.144970878419279 1
1752655621469 3.8507748964716386 2
1752655671122 3.6245237670949524 3
1752655721346 3.44867554735404 4
1752655771146 3.289472643788775 5
1752655821396 3.178836535599272 6
1752655872404 3.075254971174347 7
1752655922787 3.00601358018577 8
1752655978552 2.9489917475375504 9
1752656030597 2.9033986676260626 10
1752656082235 2.8520665267230227 11
1752656134865 2.8302052232368045 12
1752656186939 2.782095651442996 13
1752656236369 2.7618964319948525 14
1752656287011 2.72856115221628 15
1752656337008 2.7259552156383906 16
1752656386069 2.717824044942756 17
1752656436838 2.697170026196573 18
1752656486063 2.6554442145854864 19
1752656534440 2.680201017001005 20
1752656584526 2.6429124971480267 21
1752656636023 2.6576040048221583 22
1752656685236 2.6350342697255607 23
1752656736608 2.632855975932221 24
1752656786183 2.597532120196733 25
1752656836848 2.596313816380067 26
1752656886975 2.6129055896340914 27
1752656936803 2.5846557350937207 28
1752656985847 2.5625419577131163 29
1752657037081 2.5665027556508675 30
1752657088647 2.5616654588521888 31
1752657143099 2.550703768772943 32
1752657194945 2.556245697442022 33
1752657246580 2.5530412200075183 34
1752657296132 2.5170548853140344 35
1752657346881 2.5291446653444365 36
1752657397283 2.498484222765222 37
1752657446837 2.493856238256216 38
1752657497276 2.5007186631455185 39
1752657547762 2.47158619115407 40
1752657598068 2.4652715046134146 41
1752657649990 2.4985299585712557 42
1752657699187 2.4790471388324455 43
1752657748380 2.459621534075765 44
1752657798058 2.468390438011137 45
1752657848171 2.469704943715117 46
1752657899606 2.4495516593086095 47
1752657950938 2.4361725791549804 48
1752657999726 2.4136017717484974 49
1752658050407 2.4265737023393985 50
1752658102503 2.415786250337544 51
1752658151728 2.4211170213146174 52
1752658201517 2.4089918790514138 53
1752658253139 2.408029586117271 54
1752658304309 2.3958612486835453 55
1752658354424 2.383201589589215 56
1752658404280 2.3862659750055335 57
1752658456604 2.385651161164189 58
1752658506956 2.391579146562236 59
1752658557685 2.361374592710599 60
1752658607235 2.3648996754411273 61
1752658658142 2.3594702320614975 62
1752658707998 2.3622089396880797 63
1752658757626 2.344913687786938 64
1752658808310 2.3384952667393577 65
1752658857986 2.336761844339955 66
1752658908079 2.3194622029898233 67
1752658959967 2.328261792193611 68
1752659009272 2.324950237788274 69
1752659059271 2.309725915847475 70
1752659109097 2.308098649757724 71
1752659158045 2.2933625315077686 72
1752659209526 2.2970850816466966 73
1752659259675 2.2931227299035357 74
1752659313304 2.285139798591871 75
1752659363851 2.2894967157026542 76
1752659413510 2.2776194174582427 77
1752659463102 2.2702310862299115 78
1752659512758 2.260156322271411 79
1752659562768 2.2738794336155084 80
1752659612835 2.2606211547763384 81
1752659663202 2.2640441556802777 82
1752659713940 2.264415592260754 83
1752659762973 2.2584817484925424 84
1752659812996 2.2408996029618793 85
1752659865014 2.2443770540028116 86
1752659915267 2.227848063907281 87
1752659967952 2.2188010647312995 88
1752660021567 2.2337874652910217 89
1752660072338 2.2098524720942185 90
1752660123556 2.2176540667562588 91
1752660172111 2.200366978223515 92
1752660222278 2.2119088518548446 93
1752660272127 2.192033463933523 94
1752660321090 2.1788394559415645 95
1752660373652 2.191403746818506 96
1752660424322 2.17681159959924 97
1752660474785 2.1809658527586295 98
1752660524402 2.175753456737038 99
1752660575528 2.1778810455752833 100
