1750075470929 0.13980683121785145 0
1750076065150 0.14593124375531955 1
1750076641060 0.15897568737741924 2
1750077189743 0.19764644932094882 3
1750077715033 0.18739592199237687 4
1750078246518 0.20628723679828295 5
1750078808388 0.23035932353920735 6
1750079334704 0.21892461976834549 7
1750079839349 0.24542056766458203 8
1750080392431 0.2550420012581875 9
1750080957037 0.2725086037819635 10
1750081479869 0.2804832920105096 11
1750082017735 0.2878103837471783 12
1750082271891 0.29243607297487323 13
1750082614458 0.3081079080783037 14
1750082927832 0.3087370018132702 15
1750083205400 0.3176368278873552 16
1750083482250 0.31780335269955223 17
1750083756294 0.33173592865336937 18
1750084046040 0.3468341782925656 19
1750084362706 0.3384524294119824 20
1750084666709 0.3417089146282796 21
1750084969839 0.3408762905672945 22
1750085254249 0.3466676534803686 23
1750085560224 0.34877696776819744 24
1750085817464 0.34751878029826444 25
1750086010136 0.37231247455870925 26
1750086221316 0.3817488805832069 27
1750086426206 0.388372867557266 28
1750086616734 0.38150834474336676 29
1750086818612 0.38707767457351144 30
1750087021569 0.3767901417311179 31
1750087231762 0.3921474299670651 32
1750087424811 0.3877437738222995 33
1750087615521 0.3768271472449395 34
1750087821184 0.3875587462531917 35
1750088023135 0.3871701883580653 36
1750088234696 0.39064870665729196 37
1750088426470 0.3915183362320986 38
1750088526075 0.39782777633867444 39
1750088634475 0.40447026606964437 40
1750088733609 0.41151981645265145 41
1750088844683 0.40389668060541023 42
1750088951944 0.41213040743070717 43
1750089050433 0.4174777041779225 44
1750089153680 0.42169633275358026 45
1750089256241 0.42291751470969174 46
1750089359211 0.43000407060652035 47
1750089468049 0.42173333826740184 48
1750089571023 0.4187913999185879 49
1750089672605 0.4217703437812234 50
