1750075470930 2.346749762316977 0
1750076065150 2.4309621991292434 1
1750076641061 2.533763068736576 2
1750077189744 2.6313989204152555 3
1750077715034 2.711320082500558 4
1750078246519 2.7397362387659907 5
1750078808389 2.722068638199969 6
1750079334705 2.8134063693712186 7
1750079839350 2.7574768569938413 8
1750080392432 2.761946932502614 9
1750080957038 2.640383966994155 10
1750081479870 2.6199126264763115 11
1750082017736 2.5914562998609108 12
1750082271892 2.5772026149034613 13
1750082614459 2.418520549264611 14
1750082927833 2.447281802078739 15
1750083205401 2.3269144540050997 16
1750083482251 2.366262678220999 17
1750083756295 2.2314715752503687 18
1750084046041 2.2040579474074895 19
1750084362708 2.1831569477637807 20
1750084666710 2.1902053908038592 21
1750084969840 2.1700269355898065 22
1750085254250 2.1249816362723113 23
1750085560225 2.0853986605403936 24
1750085817465 2.1256562502754224 25
1750086010137 1.9804438775857574 26
1750086221317 1.8626543358753112 27
1750086426207 1.8671044718977947 28
1750086616735 1.9017552887272133 29
1750086818613 1.8560456139260284 30
1750087021571 1.9091560879009106 31
1750087231763 1.7777050570565172 32
1750087424813 1.7984186739336128 33
1750087615522 1.8678513704607673 34
1750087821185 1.8160864024858538 35
1750088023136 1.8384540616839964 36
1750088234697 1.8160845123360494 37
1750088426471 1.7790044149651445 38
1750088526076 1.7465995878751188 39
1750088634476 1.6536373971545453 40
1750088733611 1.621081139502758 41
1750088844684 1.6427565802583253 42
1750088951945 1.6065684576405568 43
1750089050435 1.5935543211120424 44
1750089153681 1.5618026844352833 45
1750089256242 1.546471412231902 46
1750089359213 1.5177662919411719 47
1750089468050 1.5426005940872425 48
1750089571024 1.5686784454168785 49
1750089672607 1.5664255498026403 50
