1750258638863 0.03538793819571357 0
1750258682385 0.09337099185911281 1
1750258727323 0.12925735171955474 2
1750258772095 0.156836683834524 3
1750258813387 0.17909951819239076 4
1750258858499 0.196959627845157 5
1750258902441 0.22046851636484466 6
1750258944454 0.23052001993686658 7
1750258984323 0.24347898321980396 8
1750259025219 0.2562718059478319 9
1750259065390 0.261089882040206 10
1750259104629 0.2686492772885861 11
1750259144884 0.26997840172786175 12
1750259169862 0.2809436783518857 13
1750259195206 0.2846818408373484 14
1750259220459 0.2952317660740987 15
1750259244888 0.29265658747300216 16
1750259269506 0.2943179930220967 17
1750259294881 0.2999667718890181 18
1750259319574 0.30387107492939025 19
1750259344109 0.3027080910450241 20
1750259369079 0.3037049343744808 21
1750259394072 0.3037049343744808 22
1750259419983 0.30877222129921916 23
1750259445580 0.3086060807443097 24
1750259470157 0.31383950822395745 25
1750259489345 0.31226117295231764 26
1750259508620 0.3110981890679515 27
1750259528799 0.3167469679348729 28
1750259548195 0.3197374979232431 29
1750259567612 0.31907293570360523 30
1750259586559 0.31940521681342415 31
1750259605668 0.3216481143047018 32
1750259624650 0.31741153015451073 33
1750259643630 0.3192390762585147 34
1750259662468 0.3226449576341585 35
1750259681265 0.3236418009636152 36
1750259701588 0.32563548762252864 37
1750259721197 0.3260508390098023 38
1750259734380 0.32654926067453066 39
1750259747324 0.33061970426981224 40
1750259760349 0.3314504070443595 41
1750259773617 0.32721382289416845 42
1750259786481 0.32995514205017445 43
1750259799620 0.33078584482472173 44
1750259812542 0.3304535637149028 45
1750259825467 0.3260508390098023 46
1750259838586 0.33369330453563717 47
1750259852030 0.33460707758763913 48
1750259864844 0.3350224289749128 49
1750259877867 0.33369330453563717 50
