1750258638864 4.4550184021936 0
1750258682386 4.147451726530705 1
1750258727323 3.8502693080981922 2
1750258772095 3.6273786843783387 3
1750258813388 3.4516105753628623 4
1750258858500 3.2924152331562766 5
1750258902441 3.1838520456492887 6
1750258944455 3.084528936616894 7
1750258984323 3.0145367134014016 8
1750259025220 2.963392887848345 9
1750259065391 2.9123196247470107 10
1750259104630 2.866000106423738 11
1750259144884 2.848301592345117 12
1750259169863 2.7842817760756087 13
1750259195207 2.7645762112692425 14
1750259220459 2.728087479286449 15
1750259244889 2.715991063375158 16
1750259269507 2.705737892043319 17
1750259294882 2.6824996475583216 18
1750259319575 2.652544486532652 19
1750259344110 2.6642380993930983 20
1750259369080 2.632287921965883 21
1750259394073 2.635417925361111 22
1750259419984 2.613929192281263 23
1750259445581 2.6064504951793643 24
1750259470158 2.5727237930018974 25
1750259489346 2.5561765020338654 26
1750259508621 2.556004639218407 27
1750259528800 2.5283669753724696 28
1750259548196 2.50916556261603 29
1750259567613 2.5145021684625255 30
1750259586560 2.504263837683223 31
1750259605669 2.4912213218351815 32
1750259624651 2.491922377476784 33
1750259643631 2.4859482440508964 34
1750259662469 2.4556240577981123 35
1750259681265 2.46990555671998 36
1750259701589 2.4389503815541285 37
1750259721198 2.434118345276934 38
1750259734381 2.4103034412444297 39
1750259747325 2.3889437159700706 40
1750259760350 2.3762422060524977 41
1750259773618 2.393386265284398 42
1750259786482 2.3821018759140187 43
1750259799620 2.3745726927051636 44
1750259812543 2.373984787161816 45
1750259825468 2.3730172071840556 46
1750259838587 2.360777790541054 47
1750259852031 2.348423753130957 48
1750259864845 2.3361114956926516 49
1750259877868 2.341701245156385 50
