1752620361965 0.02199801521667218 0
1752620392984 0.0513562686073437 1
1752620424305 0.07748924909030765 2
1752620455650 0.08939794905722792 3
1752620486350 0.10436652332120411 4
1752620517089 0.11528283162421436 5
1752620548117 0.1282666225603705 6
1752620579524 0.14340059543499833 7
1752620609925 0.15439960304333444 8
1752620640301 0.1667217995368839 9
1752620671106 0.171187562024479 10
1752620701856 0.1835924578233543 11
1752620732133 0.1953357591796229 12
1752620762983 0.19872643069798213 13
1752620794159 0.2065828647039365 14
1752620826017 0.21261991399272245 15
1752620857492 0.21650678134303672 16
1752620888252 0.2216341382732385 17
1752620919552 0.2263479986768111 18
1752620950530 0.2291597750578895 19
1752620981785 0.23536222295732717 20
1752621012844 0.2382566986437314 21
1752621043991 0.24338405557393317 22
1752621074939 0.25107509096923586 23
1752621105278 0.25413496526629176 24
1752621135349 0.25694674164737014 25
1752621166051 0.2579391333112802 26
1752621196799 0.2622394971882236 27
1752621228529 0.2657128680119087 28
1752621259108 0.2697651339728746 29
1752621290064 0.2691862388355938 30
1752621321423 0.27290770757525634 31
1752621353539 0.27547138604035726 32
1752621384204 0.278613959642739 33
1752621416223 0.2800198478332782 34
1752621448656 0.2826662256037049 35
1752621479582 0.2834932186569633 36
1752621510306 0.28432021171022165 37
1752621541366 0.28564340059543497 38
1752621572874 0.2877108832285809 39
1752621605058 0.28969566655640094 40
1752621638202 0.29581541515051274 41
1752621668952 0.2944095269599735 42
1752621700021 0.29465762487595104 43
1752621730530 0.2949884220972544 44
1752621763349 0.2974694012570294 45
1752621793910 0.2973040026463778 46
1752621825757 0.2993714852795237 47
1752621856519 0.30077737347006284 48
1752621887020 0.3027621567978829 49
1752621917913 0.3025140588819054 50
1752621948941 0.3045815415150513 51
1752621980494 0.3074760172014555 52
1752622011340 0.30482963943102875 53
1752622042204 0.30598742970559045 54
1752622073557 0.31103208733046644 55
1752622104249 0.31409196162752234 56
1752622135097 0.31119748594111807 57
1752622165401 0.314257360238174 58
1752622195699 0.314257360238174 59
1752622227766 0.31467085676480316 60
1752622258470 0.31524975190208404 61
1752622289263 0.3164902414819715 62
1752622319659 0.3187231227257691 63
1752622350434 0.3184750248097916 64
1752622381500 0.3183923255044658 65
1752622412526 0.3215348991068475 66
1752622444274 0.3184750248097916 67
1752622476182 0.3210387032748925 68
1752622506895 0.3245120740985776 69
1752622537045 0.32351968243466755 70
1752622567255 0.32442937479325173 71
1752622597552 0.32426397618260006 72
1752622628099 0.3226926893814092 73
1752622659211 0.3220310949388025 74
1752622689927 0.3252563678465101 75
1752622720361 0.3280681442275885 76
1752622751746 0.3272411511743301 77
1752622783859 0.3274065497849818 78
1752622816168 0.32757194839563347 79
1752622848515 0.3274065497849818 80
1752622879694 0.327820046311611 81
1752622909698 0.33005292755540855 82
1752622940543 0.32889513728084685 83
1752622971094 0.3318723122725769 84
1752623001943 0.33121071782997025 85
1752623032935 0.3297221303341052 86
1752623063932 0.33195501157790275 87
1752623094637 0.3330301025471386 88
1752623124978 0.3359245782335428 89
1752623155789 0.3344359907376778 90
1752623186294 0.3355937810122395 91
1752623216973 0.33617267614952034 92
1752623247537 0.33716506781343036 93
1752623278489 0.33600727753886867 94
1752623309389 0.33658617267614954 95
1752623340731 0.3360899768441945 96
1752623371971 0.3376612636453854 97
1752623402737 0.3376612636453854 98
1752623433720 0.33716506781343036 99
1752623464526 0.3386536553092954 100
