1752873807128 4.334888160654656 0
1752873923082 3.951456319539173 1
1752874039066 3.613037516310116 2
1752874156779 3.323761557495459 3
1752874272555 3.0869692203726973 4
1752874390358 2.9077997131475937 5
1752874507303 2.7913054146151324 6
1752874623894 2.6333516490539615 7
1752874742019 2.538087921565498 8
1752874862658 2.416200852684736 9
1752874983501 2.282466442319915 10
1752875098678 2.218484487564637 11
1752875214665 2.1292294214983456 12
1752875333507 2.0712559854047243 13
1752875451752 1.9992186554956957 14
1752875571899 1.9259870158568708 15
1752875687803 1.835338750760963 16
1752875802786 1.7641855363850334 17
1752875922430 1.7086936168281808 18
1752876038921 1.6532779558960657 19
1752876151123 1.6225020688539196 20
1752876267398 1.5708548707739551 21
1752876386779 1.5223686639665805 22
1752876502118 1.47683502084796 23
1752876624411 1.4354321997567303 24
1752876739636 1.3696426637110564 25
1752876859431 1.312700135341308 26
1752876978866 1.3066654740392334 27
1752877097093 1.2374288067440868 28
1752877212252 1.2132629587629378 29
1752877333540 1.1587701407513695 30
1752877453306 1.1359785301732186 31
1752877574335 1.1115416097679827 32
1752877692428 1.0695504793155814 33
1752877808957 1.034812346102373 34
1752877924719 1.0180664032606854 35
1752878042501 0.9964281795244976 36
1752878159409 0.9493421179615509 37
1752878277015 0.9252529573345345 38
1752878395388 0.894974223488003 39
1752878513709 0.8473776808786024 40
1752878631431 0.8351718932022225 41
1752878755781 0.8115311088733385 42
1752878872845 0.7739560578477237 43
1752878986581 0.7430069395131539 44
1752879106444 0.7160997140170797 45
1752879225767 0.6856482577838627 46
1752879341879 0.6855312689266607 47
1752879461685 0.6734281537651909 48
1752879576267 0.6641609964210317 49
1752879695596 0.63987577684731 50
