1750930704565 0.0796643960790829 0
1750930768660 0.1422163150024921 1
1750930834621 0.17810267486293405 2
1750930900681 0.22254527330121282 3
1750930965809 0.24962618375145373 4
1750931030717 0.26499418508057815 5
1750931095892 0.2845987705598937 6
1750931162501 0.29506562551918925 7
1750931226999 0.3009636152184748 8
1750931294867 0.31201196211995347 9
1750931362042 0.3313673367669048 10
1750931428269 0.33834524007310185 11
1750931494240 0.34631998670875563 12
1750931557464 0.3596112311015119 13
1750931623190 0.3702442266157169 14
1750931689152 0.38503073600265825 15
1750931755060 0.3906795148695797 16
1750931819178 0.39541452068449906 17
1750931884914 0.4057152350888852 18
1750931950229 0.4124439275627181 19
1750932013602 0.41177936534308024 20
1750932079553 0.4156005981059977 21
1750932146687 0.4225785014121947 22
1750932211448 0.4269812261172952 23
1750932279171 0.43512211330785844 24
1750932344992 0.44384449244060475 25
1750932411151 0.4430137896660575 26
1750932476898 0.4555574015617212 27
1750932541763 0.46104003987373315 28
1750932606867 0.46419671041701277 29
1750932675335 0.47341751121448744 30
1750932742663 0.48172453895996015 31
1750932809374 0.47873400897158996 32
1750932875315 0.47798637647449743 33
1750932938232 0.47831865758431635 34
1750933004461 0.4842166472836019 35
1750933069861 0.488453231433793 36
1750933134825 0.5026582488785513 37
1750933200335 0.4996677188901811 38
1750933267157 0.4997507891676358 39
1750933333207 0.5099684332945672 40
1750933399257 0.5162817743811264 41
1750933467844 0.5155341418840339 42
1750933531234 0.5162817743811264 43
1750933593953 0.5145372985545772 44
1750933659739 0.522179764080412 45
1750933725626 0.5294068782189733 46
1750933790903 0.5264994185080578 47
1750933857952 0.5347233759760758 48
1750933923684 0.5377139059644459 49
1750933987681 0.5423658415019106 50
1750934056322 0.5363847815251703 51
1750934122223 0.539209170958631 52
1750934186030 0.5441103173284598 53
1750934251875 0.5503405881375644 54
1750934318955 0.5529157667386609 55
1750934384996 0.554411031732846 56
1750934451005 0.5526665559062968 57
1750934516476 0.5598105997674032 58
1750934583212 0.5616381458714073 59
1750934650214 0.5634656919754112 60
1750934714663 0.5698621033394251 61
1750934779802 0.5673699950157833 62
1750934846013 0.5738494766572521 63
1750934911077 0.5779199202525337 64
1750934976997 0.5767569363681675 65
1750935041712 0.5719388602757933 66
1750935107215 0.5795813258016281 67
1750935173132 0.5781691310848979 68
1750935238090 0.5810765907958133 69
1750935304143 0.5803289582987207 70
1750935370231 0.5867253696627347 71
1750935435360 0.5930387107492939 72
1750935501262 0.5914603754776541 73
1750935568066 0.5901312510383785 74
1750935633145 0.5921249376972919 75
1750935699789 0.5927894999169298 76
1750935764822 0.5952816082405715 77
1750935830039 0.5925402890845656 78
1750935896029 0.5989367004485795 79
1750935961940 0.6047516198704104 80
1750936028207 0.6006811762751287 81
1750936093907 0.5999335437780362 82
1750936161052 0.6000166140554909 83
1750936226989 0.5989367004485795 84
1750936290093 0.5972752948994849 85
1750936355062 0.6039209170958632 86
1750936422097 0.606994517361688 87
1750936488324 0.5990197707260342 88
1750936550693 0.6077421498587805 89
1750936617370 0.6074929390264163 90
1750936683143 0.6099850473500581 91
1750936748055 0.6118125934540621 92
1750936814768 0.6089882040206014 93
1750936879820 0.6091543445755109 94
1750936941592 0.6134739990031567 95
1750937007750 0.6180428642631667 96
1750937073628 0.6164645289915268 97
1750937138689 0.6143047017777039 98
1750937201305 0.6143877720551587 99
1750937266570 0.615799966771889 100
1750937332725 0.6217810267486293 101
1750937397586 0.6254361189566373 102
1750937463629 0.6226117295231766 103
1750937529787 0.6216979564711747 104
1750937597747 0.6250207675693636 105
1750937663013 0.6238577836849976 106
1750937727427 0.6266821731184582 107
1750937793570 0.6321648114304702 108
1750937857230 0.6322478817079249 109
1750937923960 0.6301711247715568 110
1750937989562 0.6305034058813757 111
1750938056073 0.6332447250373816 112
1750938122455 0.6293404219970095 113
1750938186005 0.6246054161820901 114
1750938249039 0.6205349725868085 115
1750938314012 0.6223625186908124 116
1750938380104 0.6265991028410035 117
1750938448453 0.6274298056155507 118
1750938515219 0.627346735338096 119
1750938581942 0.6349892008639308 120
1750938649095 0.6316663897657419 121
1750938714506 0.6319986708755607 122
1750938779927 0.6345738494766573 123
1750938847124 0.6301711247715568 124
1750938913277 0.6324970925402891 125
1750938950994 0.6325801628177438 126
1750938989062 0.6368167469679349 127
1750939027215 0.6393088552915767 128
1750939066200 0.6429639474995846 129
1750939104135 0.6457052666555906 130
1750939142868 0.6447914936035887 131
1750939181828 0.6453729855457717 132
1750939218416 0.6385612227944841 133
1750939256011 0.6417178933377637 134
1750939294629 0.642548596112311 135
1750939333192 0.6431300880544941 136
1750939372315 0.6429639474995846 137
1750939409153 0.6457052666555906 138
1750939446134 0.6457052666555906 139
1750939484301 0.6457052666555906 140
1750939520915 0.6472005316497758 141
1750939557006 0.6479481641468683 142
1750939595524 0.6459544774879548 143
1750939634517 0.648945007476325 144
1750939673034 0.6491942183086892 145
1750939710781 0.6452068449908622 146
1750939749682 0.6422993852799468 147
1750939788026 0.6474497424821399 148
1750939824586 0.6453729855457717 149
1750939862926 0.6491942183086892 150
1750939901617 0.6496095696959627 151
1750939940668 0.6539292241236085 152
1750939978150 0.6519355374646951 153
1750940017073 0.6496095696959627 154
1750940055500 0.6469513208174116 155
1750940094382 0.6457052666555906 156
1750940133192 0.6496926399734175 157
1750940171406 0.6469513208174116 158
1750940208398 0.6524339591294235 159
1750940246154 0.6558398405050673 160
1750940284659 0.6598272138228942 161
1750940322114 0.657168964944343 162
1750940359084 0.6585811596610732 163
1750940397791 0.6554244891177936 164
1750940435170 0.6540122944010633 165
1750940473735 0.6581658082737997 166
1750940511752 0.6554244891177936 167
1750940550996 0.6562551918923409 168
1750940588253 0.6569197541119788 169
1750940627278 0.6542615052334275 170
1750940665879 0.6536800132912444 171
1750940703505 0.6519355374646951 172
1750940742143 0.653513872736335 173
1750940781707 0.6539292241236085 174
1750940819876 0.6536800132912444 175
1750940856723 0.6539292241236085 176
1750940895486 0.657750456886526 177
1750940934303 0.6582488785512544 178
1750940973276 0.6582488785512544 179
1750941010762 0.6605748463199868 180
1750941049611 0.663233095198538 181
1750941088573 0.6578335271639807 182
1750941126975 0.6575012460541618 183
1750941164005 0.6563382621697956 184
1750941201542 0.6553414188403389 185
1750941238104 0.6530154510716066 186
1750941275932 0.653181591626516 187
1750941314335 0.6572520352217976 188
1750941351959 0.6597441435454394 189
1750941389084 0.661405549094534 190
1750941425708 0.6584980893836185 191
1750941462386 0.6628177438112643 192
1750941499307 0.6644791493603589 193
1750941538510 0.6631500249210832 194
1750941575566 0.661987041036717 195
1750941614457 0.6624854627014454 196
1750941653705 0.6655590629672703 197
1750941690387 0.6671373982389102 198
1750941726918 0.6596610732679847 199
1750941763707 0.6585811596610732 200
1750941802409 0.6580827379963449 201
1750941841712 0.6580827379963449 202
1750941880906 0.6599933543778036 203
1750941920246 0.6616547599268982 204
1750941958674 0.6644791493603589 205
1750941996950 0.6627346735338095 206
1750942035733 0.6561721216148861 207
1750942074633 0.6589965110483469 208
1750942111895 0.6570858946668882 209
1750942150134 0.662319322146536 210
1750942189196 0.6633992357534474 211
1750942227809 0.6633992357534474 212
1750942265625 0.6602425652101678 213
1750942302943 0.6588303704934374 214
1750942340365 0.6598272138228942 215
1750942378529 0.6608240571523509 216
1750942415729 0.6633161654759927 217
1750942453854 0.6647283601927231 218
1750942490961 0.6611563382621698 219
1750942527055 0.6645622196378136 220
1750942564713 0.6648945007476325 221
1750942603715 0.6645622196378136 222
1750942641471 0.6653098521349061 223
1750942681184 0.6624023924239907 224
1750942719150 0.6650606413025419 225
1750942758082 0.6684665226781857 226
1750942796444 0.6678850307360027 227
1750942834998 0.6663066954643628 228
1750942874044 0.6637315168632664 229
1750942913400 0.6668051171290912 230
1750942952330 0.6675527496261837 231
1750942989972 0.6673866090712743 232
1750943028483 0.6675527496261837 233
1750943066918 0.665974414354544 234
1750943105243 0.666888187406546 235
1750943144162 0.6639807276956305 236
1750943183107 0.6670543279614554 237
1750943221765 0.6673866090712743 238
1750943259217 0.6619039707592623 239
1750943296876 0.6634823060309022 240
1750943333001 0.6637315168632664 241
1750943372373 0.6667220468516365 242
1750943410092 0.6669712576840007 243
1750943448656 0.6675527496261837 244
1750943484505 0.6650606413025419 245
1750943522330 0.6702940687821898 246
1750943561503 0.6693802957301878 247
1750943598676 0.6667220468516365 248
1750943635908 0.6686326632330952 249
1750943672905 0.6663897657418176 250
1750943699010 0.6697956471174614 251
1750943726225 0.6730353879381957 252
1750943752285 0.6702940687821898 253
1750943780229 0.6713739823891012 254
1750943807961 0.6758597773716564 255
1750943835647 0.6751952151520186 256
1750943863331 0.6727031068283769 257
1750943890716 0.6708755607243728 258
1750943917940 0.6708755607243728 259
1750943945845 0.6734507393254694 260
1750943973504 0.6681342415683669 261
1750943999768 0.6701279282272803 262
1750944026827 0.6719554743312842 263
1750944053880 0.6727031068283769 264
1750944081397 0.6712909121116465 265
1750944108598 0.6717893337763748 266
1750944136474 0.6700448579498256 267
1750944163483 0.6707094201694633 268
1750944191455 0.6746967934872903 269
1750944219053 0.6744475826549261 270
1750944246363 0.6715401229440107 271
1750944272812 0.6727031068283769 272
1750944299553 0.6761920584814753 273
1750944327843 0.6746967934872903 274
1750944355712 0.6726200365509221 275
1750944383076 0.67170626349892 276
1750944411110 0.6719554743312842 277
1750944438584 0.6730353879381957 278
1750944465349 0.6712909121116465 279
1750944492831 0.6736168798803788 280
1750944520319 0.672038544608739 281
1750944548299 0.67627512875893 282
1750944576221 0.6722877554411032 283
1750944604437 0.6732845987705599 284
1750944631501 0.6735338096029241 285
1750944658728 0.6727031068283769 286
1750944684938 0.6765243395912942 287
1750944712251 0.677188901810932 288
1750944739730 0.6774381126432962 289
1750944766670 0.6726200365509221 290
1750944793588 0.6732015284931052 291
1750944819991 0.673866090712743 292
1750944846715 0.6710417012792823 293
1750944873006 0.6723708257185579 294
1750944899766 0.6701279282272803 295
1750944926251 0.6741153015451071 296
1750944952583 0.6724538959960126 297
1750944979606 0.6774381126432962 298
1750945007282 0.6737830204352883 299
1750945034711 0.6714570526665559 300
1750945062403 0.6732845987705599 301
1750945089356 0.6732845987705599 302
1750945115245 0.6749460043196545 303
1750945142771 0.6715401229440107 304
1750945170448 0.6743645123774713 305
1750945198211 0.6776873234756604 306
1750945225041 0.6764412693138395 307
1750945250980 0.6768566207011132 308
1750945278146 0.6760259179265659 309
1750945304744 0.6743645123774713 310
1750945331123 0.6727861771058316 311
1750945358608 0.67170626349892 312
1750945385977 0.672038544608739 313
1750945413348 0.6741983718225619 314
1750945440036 0.6763581990363848 315
1750945467355 0.6741983718225619 316
1750945494461 0.6777703937531151 317
1750945522171 0.6766904801462037 318
1750945549662 0.6756105665392922 319
1750945576922 0.6752782854294733 320
1750945604140 0.6745306529323808 321
1750945631252 0.6756105665392922 322
1750945658824 0.6779365343080246 323
1750945685277 0.6752782854294733 324
1750945712439 0.6766904801462037 325
1750945739729 0.6733676690480146 326
1750945767111 0.6707094201694633 327
1750945793556 0.6749460043196545 328
1750945821166 0.675361355706928 329
1750945848820 0.6759428476491112 330
1750945876336 0.6725369662734674 331
1750945903791 0.6735338096029241 332
1750945931414 0.6773550423658415 333
1750945958372 0.6746137232098355 334
1750945985062 0.675693636816747 335
1750946012333 0.6724538959960126 336
1750946038413 0.6736999501578336 337
1750946065608 0.675693636816747 338
1750946093150 0.6768566207011132 339
1750946120865 0.6742814421000166 340
1750946148086 0.6748629340421997 341
1750946175132 0.6770227612560226 342
1750946201823 0.6774381126432962 343
1750946229932 0.6772719720883867 344
1750946257636 0.6745306529323808 345
1750946284552 0.6761089882040207 346
1750946312131 0.6761920584814753 347
1750946339493 0.6746967934872903 348
1750946366941 0.6766904801462037 349
1750946393787 0.6786010965276624 350
1750946420240 0.6758597773716564 351
1750946446783 0.674779863764745 352
1750946473441 0.6748629340421997 353
1750946500174 0.6709586310018275 354
1750946528081 0.6732015284931052 355
1750946554954 0.6734507393254694 356
1750946582709 0.6757767070942017 357
1750946609321 0.674779863764745 358
1750946637123 0.6757767070942017 359
1750946664562 0.6760259179265659 360
1750946691471 0.6770227612560226 361
1750946718130 0.6771058315334774 362
1750946745476 0.6790995181923908 363
1750946773270 0.6770227612560226 364
1750946800103 0.677188901810932 365
1750946826883 0.6736168798803788 366
1750946853123 0.6766904801462037 367
1750946880597 0.67627512875893 368
1750946907368 0.6755274962618375 369
1750946935027 0.677188901810932 370
1750946960858 0.6766904801462037 371
1750946987710 0.6741983718225619 372
1750947014393 0.679016447914936 373
1750947041999 0.6784349559727529 374
1750947068373 0.6758597773716564 375
1750947084744 0.6778534640305699 376
1750947100919 0.6767735504236584 377
1750947117187 0.6791825884698455 378
1750947133215 0.6788503073600266 379
1750947149155 0.6801794317993022 380
1750947165582 0.6788503073600266 381
1750947181722 0.6814254859611231 382
1750947197707 0.6828376806778534 383
1750947213460 0.6814254859611231 384
1750947229927 0.6798471506894833 385
1750947246020 0.6812593454062137 386
1750947262648 0.6787672370825718 387
1750947278309 0.6769396909785679 388
1750947294259 0.6805947831865758 389
1750947310251 0.6783518856952983 390
1750947326569 0.679016447914936 391
1750947342823 0.6781857451403888 392
1750947359500 0.6795979398571191 393
1750947375482 0.6831699617876724 394
1750947391386 0.6827546104003988 395
1750947407510 0.6827546104003988 396
1750947423748 0.6806778534640305 397
1750947440245 0.6785180262502076 398
1750947456282 0.6796810101345738 399
1750947472730 0.6768566207011132 400
1750947488867 0.6776042531982057 401
1750947505197 0.6783518856952983 402
1750947521113 0.6774381126432962 403
1750947537355 0.6796810101345738 404
1750947553329 0.679930220966938 405
1750947569458 0.6807609237414853 406
1750947585271 0.679930220966938 407
1750947601419 0.6813424156836684 408
1750947617347 0.6828376806778534 409
1750947633332 0.681757767070942 410
1750947649320 0.6805947831865758 411
1750947665336 0.6795148695796644 412
1750947681423 0.680262502076757 413
1750947697807 0.6796810101345738 414
1750947713802 0.6818408373483967 415
1750947729587 0.6804286426316664 416
1750947745575 0.6840837348396743 417
1750947761995 0.6819239076258514 418
1750947778012 0.68084399401894 419
1750947794052 0.6795979398571191 420
1750947810325 0.6810932048513042 421
1750947826797 0.6812593454062137 422
1750947842940 0.679016447914936 423
1750947859642 0.676607409868749 424
1750947875831 0.6787672370825718 425
1750947891825 0.6765243395912942 426
1750947907901 0.6800132912443928 427
1750947923797 0.679016447914936 428
1750947940117 0.6791825884698455 429
1750947956308 0.6794317993022096 430
1750947972562 0.677188901810932 431
1750947988861 0.6786841668051171 432
1750948004933 0.6805117129091212 433
1750948021149 0.6815085562385779 434
1750948037241 0.6837514537298555 435
1750948053436 0.6794317993022096 436
1750948069754 0.6797640804120286 437
1750948086039 0.6792656587473002 438
1750948102295 0.6798471506894833 439
1750948118287 0.6773550423658415 440
1750948134365 0.6787672370825718 441
1750948150326 0.6786841668051171 442
1750948166490 0.6778534640305699 443
1750948182680 0.6790995181923908 444
1750948199085 0.6795148695796644 445
1750948215515 0.6785180262502076 446
1750948231737 0.6787672370825718 447
1750948247687 0.6798471506894833 448
1750948263943 0.6801794317993022 449
1750948280258 0.6796810101345738 450
1750948296479 0.6820900481807609 451
1750948312382 0.6795148695796644 452
1750948328267 0.6810101345738495 453
1750948344051 0.6811762751287589 454
1750948360124 0.6786841668051171 455
1750948376786 0.6794317993022096 456
1750948393074 0.6786010965276624 457
1750948409424 0.6784349559727529 458
1750948425506 0.6800132912443928 459
1750948441702 0.6820069779033062 460
1750948457888 0.6800132912443928 461
1750948474243 0.6796810101345738 462
1750948490663 0.6790995181923908 463
1750948507080 0.6830868915102176 464
1750948523567 0.6812593454062137 465
1750948539989 0.6804286426316664 466
1750948556310 0.6825884698454893 467
1750948572629 0.6819239076258514 468
1750948589085 0.6820900481807609 469
1750948605179 0.6814254859611231 470
1750948621544 0.6818408373483967 471
1750948637753 0.6800132912443928 472
1750948654252 0.6814254859611231 473
1750948670424 0.68084399401894 474
1750948686699 0.6819239076258514 475
1750948702666 0.68084399401894 476
1750948719263 0.6786841668051171 477
1750948735744 0.679348729024755 478
1750948751939 0.6797640804120286 479
1750948768113 0.6803455723542117 480
1750948784346 0.6810932048513042 481
1750948800073 0.6805117129091212 482
1750948816147 0.6810101345738495 483
1750948831891 0.6824223292905798 484
1750948847722 0.6837514537298555 485
1750948863719 0.6815085562385779 486
1750948879693 0.6785180262502076 487
1750948895826 0.6787672370825718 488
1750948911765 0.6795979398571191 489
1750948927562 0.6820069779033062 490
1750948943425 0.6801794317993022 491
1750948959213 0.6795148695796644 492
1750948975203 0.679016447914936 493
1750948991031 0.6787672370825718 494
1750949006900 0.6791825884698455 495
1750949022939 0.6820900481807609 496
1750949038883 0.6823392590131251 497
1750949055117 0.681757767070942 498
1750949071275 0.6852467187240405 499
1750949087576 0.6830038212327629 500
