1750930704566 4.325772434084693 0
1750930768660 3.952391710237276 1
1750930834622 3.6373917427870746 2
1750930900682 3.337428929050112 3
1750930965810 3.1035915639857476 4
1750931030718 2.940496782186203 5
1750931095893 2.796627245351716 6
1750931162501 2.661720681949642 7
1750931227000 2.5657191274859112 8
1750931294867 2.4542454185607103 9
1750931362043 2.353494800968599 10
1750931428270 2.2585724552372213 11
1750931494241 2.1814684390320203 12
1750931557465 2.0914355347127964 13
1750931623191 2.00033760855946 14
1750931689153 1.8914764176501402 15
1750931755061 1.8337426900976392 16
1750931819178 1.789849574937195 17
1750931884914 1.7243299124846192 18
1750931950229 1.6534847751785948 19
1750932013603 1.6218854845785302 20
1750932079554 1.592982417889356 21
1750932146688 1.5353027491784486 22
1750932211449 1.4878254766196652 23
1750932279172 1.4362852849370042 24
1750932344992 1.3889208898800118 25
1750932411152 1.3356439006922374 26
1750932476899 1.2746167840007825 27
1750932541763 1.2531581661339415 28
1750932606868 1.2204397970222536 29
1750932675335 1.1467185959363997 30
1750932742664 1.097846317034138 31
1750932809374 1.0857788349950812 32
1750932875315 1.0544203339280038 33
1750932938233 1.0254268042583483 34
1750933004462 0.9904928636267788 35
1750933069862 0.9622988176476108 36
1750933134826 0.9146461317432357 37
1750933200336 0.9162829198168702 38
1750933267158 0.8722743260705105 39
1750933333207 0.8402946812937294 40
1750933399258 0.8145318114476301 41
1750933467845 0.8068605934462724 42
1750933531234 0.7820733243751427 43
1750933593954 0.7594308554664247 44
1750933659740 0.729703481300112 45
1750933725627 0.6985741158377359 46
1750933790904 0.666039031667587 47
1750933857952 0.6494500284819554 48
1750933923685 0.6217154810966915 49
1750933987682 0.5924819454937522 50
1750934056323 0.5907577520640377 51
1750934122224 0.5879354354827193 52
1750934186031 0.5620147676538706 53
1750934251875 0.5349123215235491 54
1750934318955 0.519252483973365 55
1750934384997 0.5115889706478594 56
1750934451006 0.509308502853767 57
1750934516477 0.49450980761362856 58
1750934583213 0.4489318067814721 59
1750934650214 0.43794993904586405 60
1750934714664 0.41555626500169296 61
1750934779802 0.4152550360243869 62
1750934846014 0.40426704904515515 63
1750934911078 0.3848140145121154 64
1750934976998 0.3758309720199165 65
1750935041713 0.37991608150948125 66
1750935107215 0.3581646088885199 67
1750935173132 0.360500126889194 68
1750935238091 0.3552101600058643 69
1750935304143 0.3346617737728805 70
1750935370232 0.33084402456640816 71
1750935435361 0.30108597400622106 72
1750935501263 0.29675531033013514 73
1750935568066 0.2908250779779542 74
1750935633146 0.27064998196077794 75
1750935699789 0.2578405273207019 76
1750935764823 0.25552842994884106 77
1750935830040 0.24452501065457907 78
1750935896030 0.23483358724152387 79
1750935961941 0.2227121622396767 80
1750936028208 0.2183599430043407 81
1750936093907 0.2230433012808455 82
1750936161053 0.21051909232562224 83
1750936226989 0.20635760022777894 84
1750936290094 0.20513623098732403 85
1750936355062 0.18863796564202698 86
1750936422097 0.18447529031032775 87
1750936488325 0.1856930205295226 88
1750936550694 0.17986789047083857 89
1750936617370 0.1849386927292194 90
1750936683144 0.17817580434930216 91
1750936748056 0.16140396478837424 92
1750936814769 0.16582125121729152 93
1750936879821 0.16205041683260382 94
1750936941593 0.15786755940093555 95
1750937007751 0.143582645752064 96
1750937073629 0.14450986932949628 97
1750937138690 0.14588558103976526 98
1750937201306 0.13429584903856379 99
1750937266570 0.12437479457664904 100
1750937332726 0.12017801099200626 101
1750937397587 0.12182942815392661 102
1750937463630 0.12342696120198045 103
1750937529788 0.1132804494452541 104
1750937597748 0.11297048818421428 105
1750937663014 0.10871071960495572 106
1750937727428 0.10634334809718866 107
1750937793571 0.10040298960467303 108
1750937857231 0.08890624619229019 109
1750937923961 0.09362234114078623 110
1750937989563 0.08622310364145162 111
1750938056073 0.08939674024801633 112
1750938122456 0.08648804936850833 113
1750938186006 0.0875407837130859 114
1750938249040 0.09438359533182528 115
1750938314013 0.09402210656651866 116
1750938380104 0.08648389122820667 117
1750938448454 0.07888184401090502 118
1750938515220 0.08770798736079102 119
1750938581943 0.07333237370406884 120
1750938649096 0.0730704970464485 121
1750938714507 0.0733271979589296 122
1750938779928 0.0669706788638465 123
1750938847125 0.06785235784227996 124
1750938913278 0.06514436759176091 125
1750938950995 0.053981933865868734 126
1750938989063 0.04944552590083229 127
1750939027216 0.04167757746399699 128
1750939066201 0.039212125336926335 129
1750939104136 0.03528518005515826 130
1750939142869 0.03230425240625858 131
1750939181829 0.03271045352182016 132
1750939218417 0.03482344717707259 133
1750939256012 0.03094045670281898 134
1750939294630 0.03500168358660302 135
1750939333193 0.029143600155589727 136
1750939372316 0.028498036631883064 137
1750939409154 0.028560782234482846 138
1750939446135 0.02813569443068441 139
1750939484301 0.02618544523795744 140
1750939520915 0.024696661981129797 141
1750939557007 0.024749495555883707 142
1750939595524 0.02393197134214617 143
1750939634518 0.023400302629803058 144
1750939673034 0.025345944380511222 145
1750939710782 0.026458711117558535 146
1750939749682 0.02414701269452178 147
1750939788027 0.02216940363584394 148
1750939824587 0.021486386293006105 149
1750939862926 0.019465259852204625 150
1750939901618 0.02048696403957294 151
1750939940669 0.021632428283963622 152
1750939978151 0.01983740202867592 153
1750940017074 0.017825917378580317 154
1750940055501 0.01833266001840774 155
1750940094382 0.018949811103416196 156
1750940133193 0.016600694391954413 157
1750940171407 0.01995731127495871 158
1750940208399 0.01853397463629783 159
1750940246155 0.01673359514669606 160
1750940284660 0.014995286562783917 161
1750940322115 0.016054212151286558 162
1750940359084 0.016087798561197224 163
1750940397791 0.015298327184507587 164
1750940435171 0.014787169021534277 165
1750940473736 0.013519689868663034 166
1750940511753 0.012771280245566577 167
1750940550997 0.013517456133621883 168
1750940588254 0.01424349414577524 169
1750940627278 0.014707819505344444 170
1750940665880 0.014309936680939111 171
1750940703506 0.012639221053575966 172
1750940742144 0.01296057709051023 173
1750940781707 0.011703777608242379 174
1750940819877 0.013510270305823972 175
1750940856724 0.011292561646539027 176
1750940895487 0.010026531889708404 177
1750940934304 0.012286280453386448 178
1750940973277 0.012805034703283523 179
1750941010763 0.013120698267793144 180
1750941049612 0.012791313474569261 181
1750941088574 0.010357514842309233 182
1750941126976 0.010894812250320433 183
1750941164006 0.011606499133629752 184
1750941201543 0.010575463471493005 185
1750941238105 0.011148211994907939 186
1750941275933 0.010378669888665844 187
1750941314336 0.009647704246367817 188
1750941351960 0.008909946788935218 189
1750941389084 0.009230998591182916 190
1750941425709 0.010151518193029431 191
1750941462387 0.008843115315079166 192
1750941499308 0.007877182582103572 193
1750941538511 0.007875203884035759 194
1750941575567 0.008111962018567486 195
1750941614458 0.007931196604737279 196
1750941653706 0.0072130891261860865 197
1750941690388 0.006987341374256532 198
1750941726919 0.008294008299765865 199
1750941763708 0.00885519736041739 200
1750941802410 0.008824360843479644 201
1750941841713 0.00855695965289523 202
1750941880907 0.007769968793711921 203
1750941920247 0.008119668927514707 204
1750941958675 0.006796516449863135 205
1750941996951 0.006568591999202924 206
1750942035733 0.007013497729075761 207
1750942074634 0.006732372704407749 208
1750942111896 0.007174009336770499 209
1750942150135 0.006608150891285581 210
1750942189197 0.006720546523081296 211
1750942227809 0.007288059936899854 212
1750942265626 0.007635625792288969 213
1750942302944 0.006969587727412925 214
1750942340366 0.006520224206088612 215
1750942378530 0.006386977622225008 216
1750942415729 0.005776056473068602 217
1750942453855 0.005292113525483109 218
1750942490962 0.00544270327553006 219
1750942527056 0.005903596759452547 220
1750942564714 0.006473368369947184 221
1750942603715 0.006371285124061853 222
1750942641472 0.005812185179396927 223
1750942681185 0.005589164189018017 224
1750942719150 0.005025774019623808 225
1750942758083 0.005036597190422053 226
1750942796445 0.005275194562932187 227
1750942834999 0.005623137131870897 228
1750942874045 0.00500769907751982 229
1750942913400 0.005118841987463247 230
1750942952331 0.004171232563215379 231
1750942989973 0.004478093949120022 232
1750943028484 0.004166651436217698 233
1750943066919 0.004982269163984073 234
1750943105244 0.004772354703415282 235
1750943144163 0.0049951650590670995 236
1750943183108 0.0047979339475811384 237
1750943221766 0.005016468797243701 238
1750943259218 0.004563172222064238 239
1750943296877 0.00466871191138863 240
1750943333001 0.004210244148686643 241
1750943372374 0.003665906857693981 242
1750943410093 0.0036207391475772985 243
1750943448656 0.0035668376048027064 244
1750943484505 0.003924679888331143 245
1750943522331 0.0035708090222912807 246
1750943561504 0.0036492508887644654 247
1750943598677 0.003928268605598281 248
1750943635909 0.0037728133610799956 249
1750943672906 0.005469004085294902 250
1750943699011 0.005241958579146408 251
1750943726225 0.005281996260011508 252
1750943752286 0.004991899918836892 253
1750943780229 0.0030799312719031976 254
1750943807962 0.002794076264110164 255
1750943835648 0.002734174216632485 256
1750943863332 0.002599286676823225 257
1750943890717 0.0025822732936397106 258
1750943917941 0.0025829566899167695 259
1750943945846 0.0025384514417868625 260
1750943973505 0.002607586108398374 261
1750943999769 0.0025597183294998427 262
1750944026828 0.0026962062789758837 263
1750944053880 0.002776096830912834 264
1750944081398 0.0024244116430390842 265
1750944108599 0.0023854478434279626 266
1750944136474 0.0023415112466291924 267
1750944163483 0.0024214748087556717 268
1750944191456 0.0022572036151011984 269
1750944219054 0.0023849371400283784 270
1750944246364 0.0023352921877163608 271
1750944272812 0.002332442923072098 272
1750944299554 0.0019369455317771985 273
1750944327843 0.001963819061311354 274
1750944355713 0.0020878637976929496 275
1750944383077 0.0020147610972541677 276
1750944411111 0.0019549922887673018 277
1750944438585 0.0019443700669518483 278
1750944465350 0.0020255887341542453 279
1750944492832 0.0018294324946066646 280
1750944520319 0.0018827210918448882 281
1750944548299 0.0020480630028059227 282
1750944576222 0.0018967959099949231 283
1750944604438 0.001948494536233504 284
1750944631502 0.00185416178223945 285
1750944658729 0.0017476450183834173 286
1750944684939 0.0018657485118505192 287
1750944712252 0.0018698197821036958 288
1750944739731 0.0020787440073056 289
1750944766671 0.0020281284511627336 290
1750944793589 0.0018239552061855553 291
1750944819992 0.0018774420348608692 292
1750944846716 0.001770348719837509 293
1750944873006 0.001766965504700405 294
1750944899766 0.0017570256772291577 295
1750944926252 0.0016129502092588383 296
1750944952584 0.0016618881941891333 297
1750944979607 0.0017541326640176105 298
1750945007283 0.0015541244804209164 299
1750945034712 0.0018772559212593691 300
1750945062404 0.001744519506963822 301
1750945089357 0.0017493103799206444 302
1750945115246 0.00201872678623512 303
1750945142772 0.0018944892347609304 304
1750945170449 0.0017094160606297764 305
1750945198211 0.0015118085798431252 306
1750945225041 0.0015453465170821704 307
1750945250981 0.0014376079529879323 308
1750945278147 0.001399675151894431 309
1750945304745 0.0014952700458495318 310
1750945331124 0.00144896732170733 311
1750945358609 0.0013756036262076536 312
1750945385978 0.001439036978412808 313
1750945413349 0.0013543787808800993 314
1750945440037 0.002036825317332029 315
1750945467356 0.002078203377779188 316
1750945494462 0.0013817692077262237 317
1750945522172 0.0014930495655052778 318
1750945549663 0.0017413131957493418 319
1750945576923 0.0015803650445391333 320
1750945604141 0.0016482623177710518 321
1750945631253 0.0015379844852451425 322
1750945658825 0.0013463498776958083 323
1750945685278 0.0015420683986810254 324
1750945712440 0.0012975384948777774 325
1750945739730 0.001475051918010858 326
1750945767112 0.001366329246944093 327
1750945793557 0.0013560136957176559 328
1750945821167 0.0013341915527442932 329
1750945848820 0.001349351009010519 330
1750945876336 0.0014368064405055005 331
1750945903792 0.0014422439862067566 332
1750945931415 0.0013725560387570638 333
1750945958373 0.0012878440767061718 334
1750945985062 0.0012006456401557313 335
1750946012334 0.0011967242338821085 336
1750946038414 0.0012534391555684588 337
1750946065609 0.001309739088866609 338
1750946093151 0.001263628102586474 339
1750946120866 0.0015692979430542648 340
1750946148087 0.0014626176567069003 341
1750946175133 0.0014833007643451374 342
1750946201824 0.001354310907654657 343
1750946229932 0.001197821439263621 344
1750946257637 0.00116265979953691 345
1750946284553 0.0011884143538284419 346
1750946312132 0.0011871305033038858 347
1750946339494 0.0012305809498634075 348
1750946366941 0.001170601948128461 349
1750946393788 0.0010784561980077528 350
1750946420241 0.001137275526576244 351
1750946446783 0.001142914063584817 352
1750946473442 0.0010679487762534474 353
1750946500175 0.0012740003240223482 354
1750946528082 0.0012598511083294736 355
1750946554955 0.0014441773791011765 356
1750946582710 0.0011273234401493947 357
1750946609322 0.0010577115530664672 358
1750946637123 0.0010770143339276243 359
1750946664563 0.001174721725231375 360
1750946691472 0.0011764192866867585 361
1750946718130 0.0011514177085337608 362
1750946745476 0.0011386725644046735 363
1750946773271 0.0010896686714420981 364
1750946800104 0.0009915576479609584 365
1750946826884 0.0010376283557625321 366
1750946853124 0.0010364058990234106 367
1750946880597 0.0011060269159872808 368
1750946907369 0.001137847103123716 369
1750946935027 0.0011873048105421025 370
1750946960859 0.0010253144641412192 371
1750946987710 0.0010152346787181874 372
1750947014394 0.000948438767010503 373
1750947042000 0.0009124916985876133 374
1750947068374 0.001048499955588888 375
1750947084745 0.0009037792895051993 376
1750947100919 0.0009426972338129424 377
1750947117187 0.0008636818230576805 378
1750947133216 0.0009118646150329484 379
1750947149156 0.0009063420526904283 380
1750947165582 0.0008685003802754085 381
1750947181722 0.0008713274859100914 382
1750947197708 0.0008617181492377322 383
1750947213461 0.0008444732472549786 384
1750947229928 0.0008380659404582175 385
1750947246021 0.0007843551853884725 386
1750947262649 0.000843952826583282 387
1750947278310 0.0008068997479220595 388
1750947294260 0.0008106605218031602 389
1750947310252 0.0008199252888749844 390
1750947326570 0.0007723018032448567 391
1750947342823 0.0008111801285242174 392
1750947359501 0.0008647940674815424 393
1750947375483 0.0008853865687451051 394
1750947391386 0.0009022393876158287 395
1750947407510 0.0009030083682335575 396
1750947423749 0.0008059783798462824 397
1750947440246 0.0008146271791322778 398
1750947456283 0.0008347332717836365 399
1750947472731 0.0008326585676493143 400
1750947488868 0.0008312207077750157 401
1750947505197 0.0008165799736356689 402
1750947521114 0.0008535060775186954 403
1750947537356 0.0007259617774411584 404
1750947553330 0.0007599541564097128 405
1750947569459 0.0007550084403124109 406
1750947585272 0.0007808883248157746 407
1750947601419 0.0007628905821906558 408
1750947617348 0.0007204967991482043 409
1750947633333 0.0007387359133410344 410
1750947649321 0.0007355896489195604 411
1750947665337 0.0007366815917338185 412
1750947681424 0.0007775007827669932 413
1750947697808 0.0007159332468610417 414
1750947713803 0.0007090060517629564 415
1750947729587 0.0007286126734037069 416
1750947745576 0.0007384078357171691 417
1750947761996 0.0007051297739919465 418
1750947778013 0.0007358835110262597 419
1750947794053 0.0007526514126207873 420
1750947810326 0.0006603404493850208 421
1750947826797 0.0006773081168868343 422
1750947842941 0.0007029623145199608 423
1750947859643 0.0007029403924010642 424
1750947875832 0.0006888078453932002 425
1750947891826 0.0007091566994014136 426
1750947907901 0.0007181418419359879 427
1750947923797 0.0007343467810411414 428
1750947940117 0.0007230993917045433 429
1750947956309 0.0007315626246460311 430
1750947972562 0.0007147819130856665 431
1750947988862 0.0006716869019977972 432
1750948004933 0.0006548094274805622 433
1750948021149 0.0006488377406769811 434
1750948037242 0.0006712812818106472 435
1750948053437 0.0007266082367241462 436
1750948069755 0.0006950908963912877 437
1750948086040 0.0006713122251379118 438
1750948102296 0.0007125988048111412 439
1750948118288 0.0007423949338792097 440
1750948134366 0.0007315963193291475 441
1750948150326 0.0007028255839452494 442
1750948166491 0.000701095830436029 443
1750948182681 0.0006796854288679985 444
1750948199086 0.0006995014351674876 445
1750948215516 0.0006535216955084495 446
1750948231738 0.0006706488829556211 447
1750948247688 0.0006263283632746202 448
1750948263944 0.0006237617352956421 449
1750948280259 0.0006423777231790963 450
1750948296480 0.0006330416063449272 451
1750948312382 0.0006168596528628617 452
1750948328268 0.0006419317847523333 453
1750948344051 0.0006405904212621609 454
1750948360125 0.0006159981963154051 455
1750948376787 0.0006620509970633707 456
1750948393075 0.0006684220789361853 457
1750948409425 0.0006641929417640551 458
1750948425507 0.000642912614734784 459
1750948441703 0.0006213297060613127 460
1750948457889 0.0006381403638552582 461
1750948474244 0.0006294837987615872 462
1750948490664 0.0006524639686282567 463
1750948507080 0.0006098621189917146 464
1750948523568 0.0006296141389400845 465
1750948539990 0.000591530443525752 466
1750948556311 0.000602709453295899 467
1750948572630 0.0006319242955425989 468
1750948589086 0.0006134104911488127 469
1750948605180 0.000644878910453437 470
1750948621545 0.0006151946476075681 471
1750948637754 0.0006198118434160941 472
1750948654253 0.0005740573255657409 473
1750948670425 0.0005840010836091104 474
1750948686700 0.0005741413992075161 475
1750948702666 0.0005922862800884898 476
1750948719264 0.0005830909301974847 477
1750948735744 0.0006077309142549543 478
1750948751939 0.0005913133834707189 479
1750948768114 0.0005896246820401393 480
1750948784347 0.00057783680944865 481
1750948800074 0.0005922572144819467 482
1750948816148 0.000595018712072422 483
1750948831892 0.0005817863750708676 484
1750948847723 0.0005627597277972044 485
1750948863720 0.0005643988951703012 486
1750948879693 0.0005511755189185597 487
1750948895827 0.0005850675039494614 488
1750948911766 0.000601340969388432 489
1750948927563 0.0005825901318126194 490
1750948943426 0.0006150993745597628 491
1750948959214 0.0005828710779979224 492
1750948975203 0.0005938089190050605 493
1750948991032 0.0005932202154423 494
1750949006901 0.0006010286010559588 495
1750949022940 0.0005927154537997495 496
1750949038884 0.0005630696480045778 497
1750949055118 0.0005692295118207936 498
1750949071276 0.0005961547711926068 499
1750949087577 0.0005777931353223981 500
