1754096295604 4.567270280402384 0
1754096344089 4.445381374383078 1
1754096376527 4.347286239955484 2
1754096406654 4.286411828365154 3
1754096448781 4.198582320837926 4
1754096482593 4.20178005450389 5
1754096513871 4.1760990262705056 6
1754096560605 4.149655019371398 7
1754096590570 4.113490039757491 8
1754096631922 4.136812141136685 9
1754096673715 4.074319428144376 10
1754096703654 4.15158882389809 11
1754096733435 4.149581766348051 12
1754096771378 4.150160649102661 13
1754096811238 4.126345784900128 14
1754096852549 4.179167793295478 15
1754096882221 4.143588155626527 16
1754096929203 4.2271386156598005 17
1754096961336 4.169306712897409 18
1754097008777 4.256744205602469 19
1754097039103 4.214226989229495 20
1754097074324 4.287487045070771 21
1754097117064 4.228642384105209 22
1754097159354 4.32950075597762 23
1754097189306 4.319752201883832 24
1754097228733 4.347292671052201 25
1754097266483 4.31493143091568 26
1754097314690 4.393795928880993 27
1754097359363 4.320656775829557 28
1754097398989 4.433707479590974 29
1754097439569 4.356006833581052 30
1754097484055 4.475182532185315 31
1754097524110 4.381849233096153 32
1754097573898 4.5083357554757715 33
1754097603439 4.510308348944208 34
1754097643468 4.5296077715456295 35
1754097677161 4.55871124639655 36
1754097725793 4.576817504439576 37
1754097771572 4.574079903037909 38
1754097802256 4.628239920565114 39
1754097833660 4.623581976559053 40
1754097882065 4.6457349360051525 41
1754097928475 4.589519609845465 42
1754097974233 4.65662621465543 43
1754098026262 4.6316204578881734 44
1754098073725 4.678730894884921 45
1754098113737 4.652546092047804 46
1754098160604 4.700855068361991 47
1754098207416 4.7466716412115755 48
1754098249810 4.710781176944212 49
1754098291515 4.741505352870257 50
1754098331074 4.741630419081638 51
1754098362329 4.759589531358552 52
1754098392531 4.749724980583249 53
1754098439476 4.771618861886691 54
1754098484076 4.792104375997855 55
1754098524577 4.798147436978927 56
1754098570724 4.7836055834252456 57
1754098619801 4.827545443010719 58
1754098654714 4.825334497084551 59
1754098687524 4.8481839864348535 60
1754098720809 4.862590123879208 61
1754098750742 4.867265380633678 62
1754098781091 4.8737105542763075 63
1754098827202 4.850808680032581 64
1754098869494 4.869365946365765 65
1754098910306 4.8487331576179225 66
1754098947388 4.900103829459656 67
1754098977003 4.85694933969229 68
1754099012630 4.90380689414457 69
1754099046851 4.8584150486154325 70
1754099078805 4.931055992894727 71
1754099124780 4.882324029933361 72
1754099173780 4.926117377317109 73
1754099204615 4.878158821071708 74
1754099243584 4.953721233100466 75
1754099287431 4.883781751595573 76
1754099317319 4.960663351033691 77
1754099356507 4.997694072650551 78
1754099391066 4.992256659921629 79
1754099435941 5.017435758261407 80
1754099483205 5.023038059956336 81
1754099534567 5.029605602673667 82
1754099572612 5.036781693463995 83
1754099618499 5.052212031291952 84
1754099648866 5.070239031375964 85
1754099678929 5.0763610226885 86
1754099726019 5.086341365183415 87
1754099766952 5.085743359169044 88
1754099803645 5.092261662522378 89
1754099839521 5.101438128801975 90
1754099869687 5.1134379398351335 91
1754099901311 5.122630133036915 92
1754099940088 5.1219291425313775 93
1754099970638 5.131642353948775 94
1754100003703 5.143412327404413 95
1754100048579 5.154103941468669 96
1754100084804 5.160804146383566 97
1754100121448 5.165699139864132 98
1754100153695 5.1728885042091175 99
1754100184809 5.171292403922168 100
