1750971003666 4.5053805756238186 0
1750971025832 4.275779596894366 1
1750971047706 4.041402737199383 2
1750971072270 3.8575736163994403 3
1750971096546 3.7331328995591604 4
1750971119513 3.5434659872800673 5
1750971142095 3.4062044386254384 6
1750971164334 3.2777506122823623 7
1750971187313 3.1835485022826675 8
1750971210911 3.1063822178141116 9
1750971235735 3.0185705787146375 10
1750971260232 2.949988258591516 11
1750971283430 2.930955778304746 12
1750971298289 2.8548545379155623 13
1750971313032 2.8291705557657623 14
1750971327691 2.7974497027735894 15
1750971343423 2.7608025493542656 16
1750971358236 2.7444306554264157 17
1750971374167 2.7208596534240943 18
1750971389121 2.686130867429319 19
1750971404757 2.6886119802692647 20
1750971420456 2.644672055112158 21
1750971435881 2.641516996662674 22
1750971450850 2.614313310199347 23
1750971465830 2.601181219660369 24
