1754338248936 0.13405247381859897 0
1754338288742 0.2272138548643748 1
1754338320428 0.15966028938311808 2
1754338350670 0.12343189135181142 3
1754338382336 0.0996558487214595 4
1754338415032 0.09860119157754506 5
1754338446710 0.17792251045405766 6
1754338477880 0.15825407985789883 7
1754338506612 0.10143211338489434 8
1754338543071 0.0990082522295822 9
1754338572036 0.10041446175480147 10
1754338600631 0.19226214705991193 11
1754338634103 0.09860119157754506 12
1754338662010 0.0990082522295822 13
1754338701371 0.20390038115679235 14
1754338731844 0.10030344521333678 15
1754338762199 0.0996558487214595 16
1754338795047 0.09935980461088702 17
1754338829692 0.1184361469859009 18
1754338857032 0.2501202679199201 19
1754338887058 0.14446952595936793 20
1754338921629 0.10463309033045924 21
1754338952119 0.0990082522295822 22
1754338982936 0.1644710061799208 23
1754339014374 0.10163564371091292 24
1754339043185 0.1854716352736558 25
1754339073787 0.0990082522295822 26
1754339110688 0.21278170447396663 27
1754339140465 0.18325130444436222 28
1754339167965 0.25467194611997185 29
1754339199219 0.2107834067276024 30
1754339231647 0.24695629648817674 31
1754339263355 0.20406690596898938 32
1754339290813 0.11873219109647337 33
1754339317986 0.09860119157754506 34
1754339350085 0.24949117418495356 35
1754339380068 0.0996558487214595 36
1754339410144 0.19150353402656997 37
1754339441262 0.2801687451430263 38
1754339467487 0.17918069792399066 39
1754339501120 0.0990082522295822 40
1754339531272 0.18737741923546608 41
1754339564196 0.24090589497835177 42
1754339596596 0.28040928098286644 43
1754339624068 0.11279280612811309 44
1754339661859 0.16043740517337082 45
1754339692008 0.17731191947600192 46
1754339721124 0.11181216001184177 47
1754339762161 0.10163564371091292 48
1754339790941 0.21812900122118195 49
1754339817782 0.14385893498131222 50
1754339848050 0.16861562372793545 51
1754339881181 0.20439995559338342 52
1754339911239 0.10041446175480147 53
1754339941263 0.10041446175480147 54
1754339972851 0.10104355548976797 55
1754340000949 0.09860119157754506 56
1754340041838 0.256004144617548 57
1754340070614 0.23729785738074974 58
1754340100813 0.10163564371091292 59
1754340128493 0.09860119157754506 60
1754340164549 0.10104355548976797 61
1754340196980 0.29473041483180995 62
1754340231043 0.09860119157754506 63
1754340260984 0.09860119157754506 64
1754340294855 0.20488102727306368 65
1754340326231 0.19542611849165525 66
1754340354095 0.11738148984198646 67
1754340380637 0.09935980461088702 68
1754340411483 0.22782444584243053 69
1754340441858 0.28618214113902973 70
1754340474247 0.0996558487214595 71
1754340502699 0.0990082522295822 72
1754340529222 0.1252821670428894 73
1754340558285 0.28398031306664695 74
1754340589101 0.2130777485845391 75
1754340617043 0.2888095326203604 76
1754340645451 0.10104355548976797 77
1754340677197 0.18858009843466678 78
1754340703150 0.24159049698405063 79
1754340737015 0.27731932057876624 80
1754340762519 0.3149169226214706 81
1754340791613 0.10069200310846316 82
1754340824067 0.22808348443918144 83
1754340853776 0.3200791917995781 84
1754340884810 0.2829996669503756 85
1754340916766 0.1009325389483033 86
1754340943911 0.19168856159567776 87
1754340995405 0.15951226732783186 88
1754341024202 0.09861969433445583 89
1754341052589 0.18985678866151057 90
1754341083142 0.23763090700514378 91
1754341110126 0.09941531288161937 92
1754341138072 0.0993783073677978 93
1754341166539 0.0993783073677978 94
1754341193865 0.0996558487214595 95
1754341218015 0.33610257928431336 96
1754341246081 0.22534507641638604 97
1754341289842 0.1022092291751471 98
1754341319403 0.0993783073677978 99
1754341348889 0.10106205824667876 100
