1749040722057 4.487541204543112 0
1749040785685 4.234864715669976 1
1749040847817 4.012681786580064 2
1749040909812 3.8256444876912563 3
1749040971093 3.6506071924261305 4
1749041032674 3.524938802751186 5
1749041096493 3.4175230684326494 6
1749041160532 3.326503547137903 7
1749041225723 3.2358017262414305 8
1749041291851 3.15365026577424 9
1749041356992 3.0870434854300197 10
1749041421589 3.0265957324281367 11
1749041487238 2.957388627549188 12
1749041552406 2.90768634402336 13
1749041617121 2.84643639821423 14
1749041682727 2.7907740013245625 15
1749041746415 2.7608828924693394 16
1749041809916 2.7165648969796186 17
1749041874252 2.677124152468152 18
1749041935496 2.6366415543935036 19
1749041996633 2.604393834687422 20
1749042059013 2.564413084082866 21
1749042122042 2.528894423461351 22
1749042183231 2.5060910443615243 23
1749042246930 2.4626361355530006 24
1749042308500 2.4315563958449844 25
1749042371177 2.4113575036834396 26
1749042433151 2.390081916788938 27
1749042496916 2.3712901461645552 28
1749042559226 2.3527389249540067 29
1749042625259 2.3395683718246287 30
1749042689554 2.3170261401596965 31
1749042754499 2.3036443248622906 32
1749042818805 2.2823195785547115 33
1749042881022 2.2739529675824044 34
1749042942590 2.255447118691458 35
1749043004033 2.247797651456754 36
1749043068117 2.2363503236087143 37
1749043132153 2.224344578972881 38
1749043197303 2.1999124144934066 39
1749043260280 2.190326896496509 40
1749043324430 2.1810815287092344 41
1749043388455 2.1663933264239588 42
1749043449700 2.156667791754822 43
1749043511727 2.149704009613955 44
1749043573707 2.1394105974104085 45
1749043635495 2.1298971607084782 46
1749043696444 2.1279567129950707 47
1749043759137 2.1169816795180654 48
1749043819974 2.106537134513829 49
1749043882038 2.0990364469302807 50
