1754341425702 0.1145135625208156 0
1754341456598 0.2346889686563298 1
1754341487383 0.1712245124523554 2
1754341517872 0.13253524775191503 3
1754341548530 0.0990082522295822 4
1754341581711 0.10030344521333678 5
1754341615799 0.18674832550049958 6
1754341645071 0.15510861118306626 7
1754341675876 0.10124708581578655 8
1754341706516 0.0990082522295822 9
1754341739171 0.09935980461088702 10
1754341767011 0.19768345483477037 11
1754341795943 0.0996558487214595 12
1754341823232 0.10104355548976797 13
1754341859323 0.1847315249972246 14
1754341889937 0.17718240017762646 15
1754341916694 0.10041446175480147 16
1754341952519 0.10030344521333678 17
1754341979221 0.11270029234355919 18
1754342006977 0.24266365688487584 19
1754342040240 0.17005883876697628 20
1754342069822 0.11982385375420938 21
1754342098804 0.21207859971135698 22
1754342126635 0.16972578914258224 23
1754342155504 0.10072900862228472 24
1754342181167 0.19653628390630204 25
1754342220581 0.10104355548976797 26
1754342249964 0.21868408392850536 27
1754342284297 0.19405691448025755 28
1754342319024 0.27361876919661027 29
1754342347622 0.24194204936535543 30
1754342377713 0.2799282093031862 31
1754342408144 0.24112792806128114 32
1754342436351 0.13268326980720127 33
1754342463207 0.10030344521333678 34
1754342495132 0.315638530140991 35
1754342524250 0.09860119157754506 36
1754342560359 0.19949672501202678 37
1754342592357 0.2633682418680383 38
1754342621894 0.18685934204196425 39
1754342655440 0.20817451800318248 40
1754342684237 0.21694482477889204 41
1754342715068 0.26127743033712025 42
1754342746139 0.27994671206009697 43
1754342776138 0.15697738963105504 44
1754342809775 0.22786145135625208 45
1754342840593 0.19947822225511602 46
1754342869901 0.16380490693113273 47
1754342900847 0.1007475113791955 48
1754342929061 0.20175406135514193 49
1754342962203 0.14774451393257595 50
1754342990663 0.17636827887355216 51
1754343026427 0.215187062872368 52
1754343057216 0.10048847278244459 53
1754343087237 0.0993783073677978 54
1754343117594 0.10165414646782371 55
1754343146715 0.2459941531288162 56
1754343178745 0.32981164193464824 57
1754343213960 0.2609443807127262 58
1754343247017 0.10041446175480147 59
1754343274820 0.10030344521333678 60
1754343310050 0.10104355548976797 61
1754343339715 0.28979017873663176 62
1754343371799 0.10030344521333678 63
1754343400933 0.09861969433445583 64
1754343429314 0.2018465751396958 65
1754343460523 0.20253117714539468 66
1754343491967 0.12135958257780409 67
1754343519042 0.09860119157754506 68
1754343546774 0.24493949598490175 69
1754343579428 0.2976168449098916 70
1754343608842 0.10121008030196499 71
1754343644152 0.10072900862228472 72
1754343671908 0.11606779410132109 73
1754343707052 0.28497946193982904 74
1754343741056 0.2414424749287644 75
1754343767903 0.2822595566739444 76
1754343796724 0.09945231839544091 77
1754343826882 0.19755393553639491 78
1754343853632 0.260204270436295 79
1754343883938 0.30218702586685414 80
1754343910610 0.32694371461347743 81
1754343939361 0.10152462716944825 82
1754343972610 0.25313621729637714 83
1754344005715 0.33399326499648446 84
1754344034932 0.28986418976427486 85
1754344064642 0.32518595270695333 86
1754344104539 0.20069940421122748 87
1754344134493 0.15560818561965734 88
1754344165795 0.26199903785664064 89
1754344196444 0.19405691448025755 90
1754344227495 0.23411538319209563 91
1754344254935 0.10032194797024757 92
1754344294503 0.10104355548976797 93
1754344320762 0.10030344521333678 94
1754344357812 0.0990082522295822 95
1754344382437 0.36409725049032304 96
1754344411957 0.23998075713281278 97
1754344441429 0.10104355548976797 98
1754344469673 0.10108056100358953 99
1754344498813 0.1020242016060393 100
