1754341425703 4.269708776701067 0
1754341456599 4.168398398437544 1
1754341487384 6.317045855032394 2
1754341517873 4.74124405363051 3
1754341548531 7.869202722988411 4
1754341581712 10.669448369364678 5
1754341615800 4.877412811898065 6
1754341645072 5.5789970182287565 7
1754341675877 5.64267503445429 8
1754341706517 8.439783809267785 9
1754341739172 7.959287998729587 10
1754341767012 6.088519543975916 11
1754341795944 9.706053395328935 12
1754341823233 10.740312087209508 13
1754341859324 4.837738180541133 14
1754341889938 6.690192578588753 15
1754341916695 11.910356354979179 16
1754341952520 10.63930069533195 17
1754341979222 5.422983053119664 18
1754342006978 4.979818154536947 19
1754342040241 4.5148758119793095 20
1754342069823 6.68383319822893 21
1754342098805 4.916199666434411 22
1754342126636 7.504058205430372 23
1754342155505 10.43912513756256 24
1754342181168 5.3525666020071565 25
1754342220582 10.573255728157672 26
1754342249965 3.76403636607688 27
1754342284298 5.128574660770959 28
1754342319025 3.9131565295382114 29
1754342347623 4.5891163462481614 30
1754342377714 4.6604570282771745 31
1754342408145 5.4821124788921285 32
1754342436352 5.441468396301393 33
1754342463208 9.900504677171298 34
1754342495133 3.9525031041459213 35
1754342524251 10.232120729703613 36
1754342560360 6.064144404429287 37
1754342592358 4.22609818417429 38
1754342621895 6.496359937839423 39
1754342655441 5.584403516240241 40
1754342684239 4.441768052147788 41
1754342715070 4.756686051877844 42
1754342746141 5.106831397365655 43
1754342776140 7.125577601090172 44
1754342809776 4.51820080035288 45
1754342840594 5.447224904562696 46
1754342869902 5.349699602471985 47
1754342900848 9.631860815329823 48
1754342929062 4.342710922759428 49
1754342962204 5.797734061877221 50
1754342990664 5.404593194397511 51
1754343026428 6.668117324755683 52
1754343057217 9.837086681143555 53
1754343087238 8.493826213203011 54
1754343117595 9.915529622861118 55
1754343146716 4.145913300851926 56
1754343178746 3.3862753140573805 57
1754343213961 4.72278086582362 58
1754343247018 12.021116283720943 59
1754343274821 12.10484759397937 60
1754343310051 12.760316386776188 61
1754343339716 4.202301324564227 62
1754343371801 11.078180497033172 63
1754343400934 11.584574176701041 64
1754343429315 5.527062830699474 65
1754343460524 4.770653108569996 66
1754343491968 6.930917954748868 67
1754343519043 11.341754171135708 68
1754343546775 5.317796181188551 69
1754343579429 4.041192143885734 70
1754343608843 12.400401091435263 71
1754343644153 10.527715067787994 72
1754343671909 7.584514437473845 73
1754343707053 4.932273510124118 74
1754343741058 5.77457539770896 75
1754343767904 4.976204293164542 76
1754343796725 12.766841226891707 77
1754343826883 7.1437002720738105 78
1754343853633 5.155138081543454 79
1754343883939 5.365614977736712 80
1754343910611 3.809582367820648 81
1754343939362 9.58358036419363 82
1754343972611 5.0112218352628 83
1754344005716 4.12798325123442 84
1754344034934 5.882703916091808 85
1754344064643 4.475545319555737 86
1754344104540 5.914858686320564 87
1754344134494 5.821263740059014 88
1754344165797 4.578159750282849 89
1754344196445 6.384309907896616 90
1754344227496 5.9468747058880425 91
1754344254936 12.804321973328884 92
1754344294504 12.811216175205217 93
1754344320763 12.478594289873817 94
1754344357813 8.20807323629482 95
1754344382438 3.5380115368372205 96
1754344411958 6.522734316728671 97
1754344441430 11.337158956178037 98
1754344469675 12.393782545279318 99
1754344498814 11.958428051505864 100
