1754718882684 0.26798578426664105 0
1754718909212 0.3583709537988666 1
1754718930969 0.4640284314667179 2
1754718955004 0.5790990298722505 3
1754718979636 0.6334646047449812 4
1754719002357 0.7125156084910191 5
1754719025358 0.7481509941408127 6
1754719049532 0.7810969167226971 7
1754719071169 0.7920468734991836 8
1754719093768 0.8204783402170781 9
1754719114820 0.8515032177504562 10
1754719138060 0.8461242916146383 11
1754719161065 0.8644702718278744 12
1754719182727 0.8796465277110749 13
1754719202983 0.8857938718662952 14
1754719225554 0.8940543655748727 15
1754719247317 0.8942464700797234 16
1754719267980 0.9077898376716934 17
1754719287632 0.9129766593026607 18
1754719309560 0.91278455479781 19
1754719331243 0.9199884737297089 20
1754719354099 0.9193161079627318 21
1754719377671 0.9280568629334358 22
1754719398610 0.93535683411776 23
1754719420455 0.9366055133992892 24
1754719437913 0.9368936701565652 25
1754719461707 0.9238305638267217 26
1754719486726 0.9320910575352992 27
1754719509504 0.9376620881759677 28
1754719533616 0.9427528575545097 29
1754719556720 0.9463067908942465 30
1754719581040 0.9468831044087984 31
1754719604783 0.9460186341369705 32
1754719625276 0.9454423206224186 33
1754719645885 0.9501488809912593 34
1754719670655 0.9533186053212948 35
1754719695250 0.9550475458649506 36
1754719720336 0.9502449332436845 37
1754719744656 0.9504370377485352 38
1754719768671 0.9568725386610316 39
1754719790141 0.9575449044280089 40
1754719814695 0.9596580539813658 41
1754719835941 0.963596196330804 42
1754719857263 0.9629238305638267 43
1754719880890 0.9645567188550571 44
1754719903331 0.9640764575929306 45
1754719926985 0.9644606666026319 46
1754719947787 0.9578330611852848 47
1754719968507 0.9637883008356546 48
1754719989963 0.9656132936317356 49
1754720011440 0.9652290846220344 50
1754720035744 0.9665738161559888 51
1754720057714 0.968110652194794 52
1754720078728 0.9688790702141965 53
1754720100849 0.9690711747190471 54
1754720122583 0.9708001152627029 55
1754720142233 0.9697435404860244 56
1754720167818 0.9688790702141965 57
1754720188948 0.9707040630102776 58
1754720209852 0.9714724810296801 59
1754720231777 0.9707040630102776 60
1754720256713 0.9731053693209106 61
1754720278424 0.9732974738257613 62
1754720299046 0.9736816828354625 63
1754720323637 0.9721448467966574 64
1754720346935 0.9754106233791182 65
1754720370165 0.9732974738257613 66
1754720392200 0.9734895783306119 67
1754720416149 0.976851407165498 68
1754720438633 0.9759869368936701 69
1754720462094 0.9766593026606474 70
1754720485070 0.9761790413985207 71
1754720507368 0.9769474594179234 72
1754720531769 0.9762750936509461 73
1754720554762 0.9766593026606474 74
1754720577950 0.9760829891460955 75
1754720601520 0.9766593026606474 76
1754720625119 0.9773316684276246 77
1754720647473 0.9770435116703486 78
1754720667705 0.9789645567188551 79
1754720690899 0.979829026990683 80
1754720714484 0.9794448179809817 81
1754720737054 0.9797329747382576 82
1754720757559 0.9791566612237057 83
1754720780193 0.9800211314955336 84
1754720800838 0.9796369224858323 85
1754720823128 0.9791566612237057 86
1754720845216 0.9780040341946019 87
1754720867508 0.9801171837479589 88
1754720890223 0.9788685044664297 89
1754720912791 0.9785803477091538 90
1754720933514 0.9802132360003842 91
1754720954412 0.979829026990683 92
1754720976276 0.9801171837479589 93
1754720996661 0.9806934972625108 94
1754721019608 0.9815579675343387 95
1754721040528 0.9806934972625108 96
1754721064008 0.981365863029488 97
1754721087047 0.981365863029488 98
1754721111160 0.9821342810488906 99
1754721133980 0.9827105945634426 100
