1753821747382 0.026997840172786176 0
1753821776848 0.04809769064628676 1
1753821797848 0.06977903306197043 2
1753821833119 0.09436783518856953 3
1753821869083 0.10558232264495764 4
1753821906159 0.12551918923409205 5
1753821933013 0.15343080245888022 6
1753821951208 0.16290081408871906 7
1753821969402 0.1800963615218475 8
1753822007925 0.19172620036550922 9
1753822046999 0.19712576840006646 10
1753822081316 0.20883867752118293 11
1753822116971 0.21855789998338596 12
1753822151145 0.2302708091045024 13
1753822188535 0.24289749127762086 14
1753822205694 0.25377969762419006 15
1753822242026 0.2564379465027413 16
1753822277982 0.26358199036384783 17
1753822315862 0.26682173118458213 18
1753822348699 0.27679016447914934 19
1753822380228 0.27296893171623193 20
1753822415862 0.2780362186409703 21
1753822451405 0.2803621864097026 22
1753822483879 0.28609403555407875 23
1753822518720 0.28833693304535635 24
1753822536026 0.290579830536634 25
1753822573234 0.29539790662900817 26
1753822610422 0.2955640471839176 27
1753822644241 0.29830536633992355 28
1753822675663 0.3035387938195714 29
1753822715114 0.3041202857617544 30
1753822745790 0.3051171290912112 31
1753822772176 0.30378800465193556 32
1753822810909 0.3115135404552251 33
1753822847481 0.30387107492939025 34
1753822881152 0.3149194218308689 35
1753822916013 0.31658082737996346 36
1753822949598 0.3189067951486958 37
1753822985873 0.3257185578999834 38
1753823022406 0.32081741153015453 39
1753823059710 0.3331948828709088 40
1753823092592 0.330702774547267 41
1753823127268 0.327961455391261 42
1753823163448 0.3263831201196212 43
1753823195437 0.32895829872071775 44
1753823229519 0.33560392091709584 45
1753823265380 0.3332779531483635 46
1753823297429 0.32937365010799136 47
1753823335373 0.3364346236916431 48
1753823366650 0.34299717561056653 49
1753823403940 0.33867752118292077 50
1753823439748 0.3384283103505566 51
1753823478097 0.3444924406047516 52
1753823498079 0.3434955972752949 53
1753823532903 0.339508223957468 54
1753823567113 0.346818408373484 55
1753823604016 0.34648612726366507 56
1753823641518 0.34798139225785013 57
1753823667824 0.35047350058149196 58
1753823703092 0.34731683003821234 59
1753823738953 0.34075427811928893 60
1753823769995 0.34548928393420836 61
1753823792822 0.349227446419671 62
1753823827548 0.3496427978069447 63
1753823861781 0.3567868416680512 64
1753823901349 0.35471008473168303 65
1753823936719 0.35529157667386607 66
1753823968725 0.35628842000332284 67
1753824003963 0.34989200863930886 68
1753824037132 0.35512543611895664 69
1753824070711 0.36010965276624024 70
1753824107196 0.35171955474331285 71
1753824142468 0.3509719222462203 72
1753824178304 0.3526333277953148 73
1753824212613 0.3524671872404054 74
1753824248778 0.35894666888187404 75
1753824284212 0.3586143877720552 76
1753824318601 0.3602757933211497 77
1753824354851 0.358365176939691 78
1753824389880 0.35728526333277955 79
1753824408481 0.35828210666223625 80
1753824446328 0.36633992357534473 81
1753824478487 0.3631001827546104 82
1753824514352 0.365343080245888 83
1753824552752 0.36143877720551587 84
1753824586562 0.36467851802625023 85
1753824623694 0.3655922910782522 86
1753824654790 0.367170626349892 87
1753824690356 0.36550922080079745 88
1753824725589 0.3661737830204353 89
1753824748848 0.3641800963615218 90
1753824783477 0.36384781525170296 91
1753824819637 0.3643462369164313 92
1753824855401 0.36600764246552586 93
1753824883444 0.36849975078916763 94
1753824917314 0.3693304535637149 95
1753824955233 0.36924738328626017 96
1753824989853 0.3664229938527995 97
1753825006818 0.36766904801462036 98
1753825043697 0.37281940521681345 99
1753825082673 0.36202026914769897 100
