1753821747383 4.528943713925129 0
1753821776849 4.39770975130875 1
1753821797849 4.280259481132916 2
1753821833121 4.183739091342751 3
1753821869084 4.116912018506939 4
1753821906160 4.044420330986914 5
1753821933014 3.9856359349007535 6
1753821951209 3.934347263438154 7
1753821969403 3.894363592997533 8
1753822007926 3.8458768290863747 9
1753822047000 3.8462727390639726 10
1753822081317 3.8110412344645197 11
1753822116972 3.7889697685179837 12
1753822151146 3.740509667738783 13
1753822188536 3.732382903153439 14
1753822205695 3.7295092986602367 15
1753822242028 3.724620770013689 16
1753822277983 3.7151557782699585 17
1753822315863 3.707995963585529 18
1753822348701 3.708605151678833 19
1753822380229 3.7367960297305554 20
1753822415863 3.72276098255733 21
1753822451406 3.7325469713925465 22
1753822483880 3.7185279553057287 23
1753822518721 3.714566010826675 24
1753822536027 3.6895863013951993 25
1753822573235 3.736206221278678 26
1753822610424 3.7496131596691966 27
1753822644242 3.73845125568614 28
1753822675664 3.7334381323724792 29
1753822715115 3.7396083285205406 30
1753822745791 3.7324439823178475 31
1753822772177 3.765005623079489 32
1753822810910 3.788038924663829 33
1753822847482 3.7904108219264967 34
1753822881153 3.7763760684611136 35
1753822916014 3.778517764566034 36
1753822949599 3.7469746282370577 37
1753822985874 3.766753904800531 38
1753823022407 3.7755494239465492 39
1753823059711 3.75985977253977 40
1753823092593 3.791912301872834 41
1753823127269 3.8197846800980644 42
1753823163449 3.803552421628743 43
1753823195438 3.8082362625963846 44
1753823229520 3.805432606938245 45
1753823265381 3.8369566927952206 46
1753823297431 3.806983573656497 47
1753823335374 3.779272753010237 48
1753823366651 3.776856951042932 49
1753823403941 3.8150175653396476 50
1753823439750 3.8056622479133564 51
1753823478099 3.809043232969695 52
1753823498080 3.8272265351873784 53
1753823532905 3.8276181485574847 54
1753823567114 3.835272035721107 55
1753823604017 3.8152340192454557 56
1753823641519 3.838029787914103 57
1753823667825 3.8672782220265987 58
1753823703093 3.8402433772950424 59
1753823738954 3.794444174958862 60
1753823769996 3.8155117285852778 61
1753823792823 3.835992758248261 62
1753823827549 3.8743123449424144 63
1753823861782 3.8668730870578347 64
1753823901351 3.830186105814033 65
1753823936720 3.8342869526551318 66
1753823968726 3.8049049463936115 67
1753824003964 3.814120649125292 68
1753824037133 3.8757244475118835 69
1753824070712 3.8490614762619764 70
1753824107197 3.8766443358227956 71
1753824142469 3.826275137599404 72
1753824178305 3.8635463550590177 73
1753824212615 3.863942745459531 74
1753824248779 3.8995052837030264 75
1753824284213 3.848102336636795 76
1753824318602 3.849052060399377 77
1753824354852 3.8547989134666034 78
1753824389881 3.8514715937683586 79
1753824408482 3.888316422457674 80
1753824446330 3.8613758358241475 81
1753824478488 3.925503763678708 82
1753824514353 3.9020791772264247 83
1753824552753 3.8883839094737356 84
1753824586563 3.862703699444747 85
1753824623695 3.9059484027393143 86
1753824654791 3.8797949261497218 87
1753824690357 3.849519598631211 88
1753824725591 3.908336094113468 89
1753824748849 3.8383873477843196 90
1753824783478 3.8866655224130153 91
1753824819638 3.8462181635626593 92
1753824855402 3.867569329767802 93
1753824883445 3.880356049295698 94
1753824917315 3.8861686362226058 95
1753824955234 3.908348857876296 96
1753824989855 3.879578502467173 97
1753825006819 3.880206620513607 98
1753825043698 3.9179561091943573 99
1753825082674 3.8839874660920137 100
