1751429032711 0.0329789001495265 0
1751429271931 0.057069280611397245 1
1751429513824 0.08979896992855955 2
1751429757025 0.12485462701445423 3
1751430000360 0.15268316996178768 4
1751430243639 0.18308689151021765 5
1751430483137 0.20883867752118293 6
1751430722222 0.22453895996012627 7
1751430967539 0.23508888519687657 8
1751431219414 0.2526997840172786 9
1751431467017 0.2622528659245722 10
1751431711371 0.2819405216813424 11
1751431957110 0.29165974414354545 12
1751432204730 0.2971423824555574 13
1751432449586 0.2952317660740987 14
1751432697106 0.3116796810101346 15
1751432935606 0.327961455391261 16
1751433173944 0.3185745140388769 17
1751433422448 0.337680677853464 18
1751433663336 0.3634324638644293 19
1751433901531 0.3665060641302542 20
1751434146189 0.3719887024422662 21
1751434394894 0.36949659411862434 22
1751434637589 0.3693304535637149 23
1751434886409 0.37763748130918756 24
1751435130162 0.3846984548928393 25
1751435379949 0.3891842498753946 26
1751435625833 0.38702442266157167 27
1751435866484 0.3982389101179598 28
1751436106180 0.4114470842332613 29
1751436357483 0.4212493769729191 30
1751436603660 0.4241568366838345 31
1751436849857 0.42548596112311016 32
1751437091927 0.42831035055657085 33
1751437335313 0.43429141053331116 34
1751437576716 0.44500747632497095 35
1751437819405 0.4458381790995182 36
1751438061805 0.43628509719222464 37
1751438304615 0.44542282771224456 38
1751438552136 0.44666888187406545 39
1751438798940 0.45040704435952816 40
1751439044828 0.45813258016281777 41
1751439298235 0.46403056986210334 42
1751439541386 0.47117461372320985 43
1751439778771 0.4641136401395581 44
1751440024433 0.47100847316830036 45
1751440270154 0.4710915434457551 46
1751440512361 0.4813922578501412 47
1751440760684 0.4791493603588636 48
1751441001623 0.4782355873068616 49
1751441245425 0.4806446253530487 50
1751441386504 0.4956803455723542 51
1751441522239 0.4900315667054328 52
1751441657828 0.4971756105665393 53
1751441792311 0.49950157833527165 54
1751441931351 0.5049011463698289 55
1751442068701 0.5103837846818409 56
1751442203525 0.5130420335603921 57
1751442342460 0.5200199368665891 58
1751442480407 0.5251702940687822 59
1751442616452 0.5281608240571524 60
1751442747557 0.5246718724040539 61
1751442886218 0.5264163482306031 62
1751443024533 0.5271639807276957 63
1751443160194 0.5354710084731683 64
1751443296575 0.5334773218142549 65
1751443431182 0.5367170626349892 66
1751443567467 0.5417012792822729 67
1751443707448 0.5342249543113474 68
1751443842080 0.5320651270975245 69
1751443980179 0.541036717062635 70
1751444116631 0.5429473334440937 71
1751444252374 0.5464362850971922 72
1751444389987 0.553497258680844 73
1751444528808 0.5479315500913773 74
1751444665306 0.5484299717561056 75
1751444803676 0.5602259511546769 76
1751444939178 0.5618873567037714 77
1751445075645 0.5646286758597774 78
1751445212057 0.5633826216979565 79
1751445346647 0.5629672703106828 80
1751445483953 0.5647117461372321 81
1751445621816 0.5759262335936202 82
1751445758665 0.576009303871075 83
1751445892547 0.5769230769230769 84
1751446028584 0.5707758763914271 85
1751446167362 0.5737664063797973 86
1751446305599 0.572021930553248 87
1751446446763 0.5763415849808938 88
1751446583809 0.5782522013623526 89
1751446721100 0.5778368499750789 90
1751446858137 0.5785844824721714 91
1751446993404 0.5701943844492441 92
1751447132397 0.5766738660907127 93
1751447266592 0.585728526333278 94
1751447398423 0.5893005482638312 95
1751447533007 0.5874730021598272 96
1751447671151 0.589965110483469 97
1751447809676 0.5866422993852799 98
1751447946841 0.5897158996511048 99
1751448086509 0.5847316830038213 100
1751448179938 0.5904635321481974 101
1751448272808 0.5993520518358532 102
1751448367848 0.5993520518358532 103
1751448462196 0.5963615218474829 104
1751448558460 0.595115467685662 105
1751448651691 0.5905466024256522 106
1751448745393 0.5966107326798471 107
1751448839011 0.5956969596278452 108
1751448930125 0.5955308190729357 109
1751449024689 0.593952483801296 110
1751449118095 0.5990197707260342 111
1751449212101 0.5966938029573019 112
1751449308087 0.6004319654427646 113
1751449400262 0.6022595115467686 114
1751449493636 0.6064960956969596 115
1751449586167 0.6003488951653099 116
1751449680858 0.5989367004485795 117
1751449776911 0.6062468848645954 118
1751449871472 0.6101511879049676 119
1751449966330 0.6065791659744143 120
1751450061278 0.6163814587140721 121
1751450153043 0.6165475992689815 122
1751450244714 0.6162153181591626 123
1751450338661 0.6138062801129756 124
1751450432528 0.6147200531649776 125
1751450527323 0.6126432962286094 126
1751450619565 0.6101511879049676 127
1751450713000 0.6165475992689815 128
1751450807265 0.6131417178933377 129
1751450901300 0.6153015451071606 130
1751450993985 0.6143877720551587 131
1751451089245 0.6138893503904304 132
1751451182919 0.6128925070609735 133
1751451278309 0.6206180428642631 134
1751451372156 0.6198704103671706 135
1751451467031 0.6270975245057319 136
1751451560577 0.6269313839508224 137
1751451654142 0.6223625186908124 138
1751451747356 0.6229440106329955 139
1751451840571 0.6226947998006314 140
1751451934859 0.6265991028410035 141
1751452027941 0.6276790164479149 142
1751452121889 0.6339092872570194 143
1751452216160 0.6336600764246553 144
1751452310500 0.6284266489450074 145
1751452401002 0.6270975245057319 146
1751452495132 0.6286758597773716 147
1751452588828 0.6241069945173617 148
1751452681620 0.6259345406213657 149
1751452774856 0.6283435786675527 150
1751452825275 0.6332447250373816 151
1751452876613 0.6323309519853796 152
1751452927044 0.6358199036384782 153
1751452978312 0.6393919255690313 154
1751453028797 0.6364844658581159 155
1751453079470 0.6333277953148364 156
1751453130630 0.631915600598106 157
1751453181783 0.6338262169795648 158
1751453232421 0.631583319488287 159
1751453283546 0.6348230603090215 160
1751453334518 0.6374813091875727 161
1751453384449 0.6339092872570194 162
1751453434440 0.6380628011297558 163
1751453484993 0.640721050008307 164
1751453535542 0.6416348230603091 165
1751453587068 0.6380628011297558 166
1751453637511 0.6408041202857617 167
1751453688668 0.6433792988868583 168
1751453738652 0.6408871905632165 169
1751453789607 0.63831201196212 170
1751453840284 0.6344077089217478 171
1751453889992 0.6327463033726533 172
1751453940822 0.6272636650606414 173
1751453992359 0.63831201196212 174
1751454043168 0.6406379797308523 175
1751454094125 0.644957634158498 176
1751454145091 0.6461206180428642 177
1751454196546 0.6398903472337598 178
1751454247603 0.6406379797308523 179
1751454297759 0.6370659578002991 180
1751454348850 0.6409702608406712 181
1751454399808 0.6453729855457717 182
1751454450384 0.6474497424821399 183
1751454501140 0.6442100016614055 184
1751454552348 0.6456221963781359 185
1751454603196 0.6452068449908622 186
1751454653967 0.6469513208174116 187
1751454704695 0.6473666722046851 188
1751454755233 0.6461206180428642 189
1751454806473 0.6488619371988702 190
1751454857254 0.6430470177770393 191
1751454907560 0.6468682505399568 192
1751454958685 0.6511879049676026 193
1751455009704 0.6493603588635986 194
1751455059894 0.6470343910948663 195
1751455110723 0.648612726366506 196
1751455162416 0.6428808772221299 197
1751455212471 0.6431300880544941 198
1751455262814 0.6490280777537797 199
1751455313312 0.6501910616381459 200
