1751429032712 4.535126872031752 0
1751429271932 4.410522842362327 1
1751429513825 4.1925936037088745 2
1751429757026 3.9471077736912226 3
1751430000361 3.684798717598557 4
1751430243639 3.4544276462660894 5
1751430483138 3.3065073864184105 6
1751430722223 3.1560090530814175 7
1751430967540 3.031208206891864 8
1751431219415 2.8888453385225774 9
1751431467018 2.8130071462946824 10
1751431711372 2.6755963110242784 11
1751431957111 2.5669177835532424 12
1751432204731 2.5335647809403192 13
1751432449587 2.4661524117236158 14
1751432697107 2.3999786596276764 15
1751432935606 2.2724100923246358 16
1751433173944 2.287463633198198 17
1751433422448 2.203879271127435 18
1751433663337 2.0365834765434014 19
1751433901532 1.979344102965411 20
1751434146189 1.896845519595701 21
1751434394895 1.8773341110265762 22
1751434637590 1.8566690490887638 23
1751434886410 1.8248926281623448 24
1751435130163 1.72770260058953 25
1751435379949 1.6844241753965772 26
1751435625834 1.6823382738039918 27
1751435866485 1.629674472963992 28
1751436106181 1.6167777947587283 29
1751436357484 1.5184885083079387 30
1751436603661 1.4519138519102046 31
1751436849858 1.4419918687669995 32
1751437091928 1.4370891034671716 33
1751437335314 1.3869398281782659 34
1751437576717 1.3341363798542412 35
1751437819406 1.3103071048054442 36
1751438061806 1.3484424410969 37
1751438304616 1.2725106364287175 38
1751438552136 1.230559827403235 39
1751438798941 1.2367175795943899 40
1751439044828 1.1885413079315785 41
1751439298236 1.161034581979702 42
1751439541387 1.1257376693240593 43
1751439778772 1.1888416510322437 44
1751440024434 1.1116589823136347 45
1751440270155 1.0921906227112241 46
1751440512362 1.0518903274156917 47
1751440760685 1.0948418343393318 48
1751441001624 1.0637591469734378 49
1751441245426 1.022755962149319 50
1751441386504 0.9784984635386003 51
1751441522240 0.9731686810184708 52
1751441657829 0.9568733117518021 53
1751441792312 0.9197181536870431 54
1751441931352 0.8793813542730453 55
1751442068701 0.8815746364020222 56
1751442203525 0.8755094444113787 57
1751442342461 0.8703806804203481 58
1751442480408 0.8235130701853275 59
1751442616453 0.8182541498975553 60
1751442747557 0.833371590426553 61
1751442886219 0.8267472959512334 62
1751443024534 0.8253847786521009 63
1751443160194 0.7657822681893756 64
1751443296575 0.7607439375956249 65
1751443431183 0.711400181491596 66
1751443567467 0.7100221978523481 67
1751443707449 0.7628943273818288 68
1751443842081 0.7620254468030917 69
1751443980179 0.7448028957603379 70
1751444116632 0.7095611524764471 71
1751444252375 0.7173464977162766 72
1751444389988 0.6843504811738246 73
1751444528809 0.7205781736486182 74
1751444665307 0.729737681589068 75
1751444803677 0.6411798914423247 76
1751444939179 0.6197492844709859 77
1751445075646 0.625711446142533 78
1751445212058 0.611750948111885 79
1751445346648 0.6112178327302524 80
1751445483954 0.6334962327302993 81
1751445621816 0.5996179041016374 82
1751445758665 0.6114416453647492 83
1751445892548 0.5715897346239324 84
1751446028585 0.6116637457448613 85
1751446167363 0.5909440241152661 86
1751446305599 0.5838295360949171 87
1751446446764 0.5872640294648612 88
1751446583810 0.5661085983034793 89
1751446721101 0.5631332662368521 90
1751446858138 0.543502200092418 91
1751446993405 0.612736144302665 92
1751447132397 0.5633325996697822 93
1751447266592 0.555151635113278 94
1751447398424 0.5282663715763404 95
1751447533008 0.5363488903118726 96
1751447671151 0.5081784632120286 97
1751447809676 0.5154142600179598 98
1751447946842 0.537765511901097 99
1751448086509 0.5344435817989411 100
1751448179939 0.49304926500182744 101
1751448272809 0.48048667652253 102
1751448367849 0.495592838306807 103
1751448462197 0.5131947323240473 104
1751448558461 0.4983839373564966 105
1751448651692 0.5215869001920648 106
1751448745394 0.5147122766556178 107
1751448839011 0.48295261905380305 108
1751448930126 0.4783820590616437 109
1751449024690 0.5097120247859618 110
1751449118096 0.510169709221072 111
1751449212101 0.49668872372506856 112
1751449308088 0.4760450662692904 113
1751449400263 0.45568634584631057 114
1751449493637 0.4411981559133843 115
1751449586168 0.4574101118882056 116
1751449680859 0.5003409007785179 117
1751449776912 0.4805188318087966 118
1751449871472 0.47540896630119656 119
1751449966331 0.47950383038765754 120
1751450061279 0.4028443032412822 121
1751450153043 0.4241703480025502 122
1751450244715 0.3949060583465522 123
1751450338662 0.3988352092846758 124
1751450432528 0.4089538105484819 125
1751450527324 0.42542394285475543 126
1751450619566 0.43342530667178875 127
1751450713001 0.4294710548366684 128
1751450807266 0.4213832078082984 129
1751450901301 0.4434112019706919 130
1751450993986 0.44435847657409167 131
1751451089245 0.4372928610658513 132
1751451182920 0.4697303138393168 133
1751451278310 0.4305634563277704 134
1751451372157 0.40216668260594207 135
1751451467032 0.38677046234376666 136
1751451560577 0.36704748234141377 137
1751451654143 0.3810039003729254 138
1751451747356 0.4006822017500098 139
1751451840571 0.386431486471524 140
1751451934859 0.369067201997713 141
1751452027942 0.36403433735676105 142
1751452121890 0.3427945620486161 143
1751452216161 0.363828184117695 144
1751452310500 0.33590591043626744 145
1751452401003 0.3514492408699662 146
1751452495132 0.34090145463722193 147
1751452588828 0.37332245157020166 148
1751452681620 0.3756378751404901 149
1751452774857 0.3710980440045041 150
1751452825276 0.3797278392130985 151
1751452876613 0.4070721437237092 152
1751452927044 0.39629245052476797 153
1751452978313 0.40659790861544665 154
1751453028798 0.40364778523685513 155
1751453079470 0.4019072789605395 156
1751453130631 0.4042195553718796 157
1751453181784 0.38430277948269903 158
1751453232422 0.4213050186378189 159
1751453283547 0.38819085822729493 160
1751453334519 0.38613430917959524 161
1751453384449 0.3938383553839704 162
1751453434441 0.37716017440918287 163
1751453484993 0.3604543061878631 164
1751453535543 0.36945515599041956 165
1751453587069 0.38444449865072344 166
1751453637512 0.35743502830983426 167
1751453688669 0.33824304400502403 168
1751453738653 0.3552180837106759 169
1751453789608 0.3679450919800895 170
1751453840284 0.3892906607418269 171
1751453889993 0.41893892704408253 172
1751453940823 0.4587001664570639 173
1751453992360 0.37333565047688955 174
1751454043168 0.35982203350993774 175
1751454094126 0.3413665874733633 176
1751454145092 0.35203847289981827 177
1751454196547 0.4004218793087987 178
1751454247604 0.37045665945610073 179
1751454297760 0.3829312888175782 180
1751454348851 0.3646506498173424 181
1751454399809 0.36405264774569707 182
1751454450385 0.3398895059483931 183
1751454501140 0.3625068406435188 184
1751454552348 0.34863119886188937 185
1751454603196 0.3322109512388767 186
1751454653968 0.3290609635990409 187
1751454704696 0.31762796075824434 188
1751454755233 0.3361688259127954 189
1751454806474 0.33489162378267157 190
1751454857255 0.34169428649909567 191
1751454907561 0.33631507970836444 192
1751454958686 0.3197432970691234 193
1751455009705 0.3031629609870655 194
1751455059895 0.33446306888222405 195
1751455110724 0.3240552562589832 196
1751455162417 0.4005676633123461 197
1751455212472 0.3761127116950784 198
1751455262814 0.3296716284104468 199
1751455313313 0.3334147095769686 200
