1754662687606 2.2557734110577634 0
1754662728316 2.3068209083598816 1
1754662772499 2.272150869792888 2
1754662808849 2.298934623620487 3
1754662852339 2.2766730007005287 4
1754662889581 2.394414692203062 5
1754662926162 2.479174213329826 6
1754662969809 2.412160938929518 7
1754663008589 2.5298035475658565 8
1754663050908 2.450720023873245 9
1754663088861 2.5862481932959023 10
1754663126560 2.6580321791719537 11
1754663168906 2.5473698866856322 12
1754663205654 2.6858001625940013 13
1754663248640 2.6071284460977724 14
1754663287602 2.744030961657333 15
1754663325683 2.808970239146708 16
1754663361486 2.8402485496340635 17
1754663397709 2.8798114241848336 18
1754663434519 2.9224292632695565 19
1754663478382 2.7689840978928593 20
1754663521159 2.937449270239574 21
1754663559875 3.0263491003708376 22
1754663605232 3.034619919206558 23
1754663651524 2.8561203320051787 24
1754663687370 3.0121723467530876 25
1754663723703 3.0685441257689403 26
1754663764332 3.1008641803298773 27
1754663807083 3.163803342105958 28
1754663848179 3.1966193936947387 29
1754663885922 3.248504803232179 30
1754663928321 3.176815874543739 31
1754663966102 3.209422153751124 32
1754664011143 3.336129637403013 33
1754664053070 3.399537578297391 34
1754664093210 3.3465947020346203 35
1754664132850 3.209810345362391 36
1754664171826 3.2648761664558235 37
1754664214021 3.2006493271334775 38
1754664255609 3.1843312640168495 39
1754664298914 3.187753147687233 40
1754664342471 3.3577445155091477 41
1754664387422 3.3719676437130284 42
1754664438360 3.4774667442568874 43
1754664483105 3.530680949512554 44
1754664523547 3.565531076673695 45
1754664567125 3.615551236018654 46
1754664607983 3.6383563707683386 47
1754664649581 3.5935255198381952 48
1754664689657 3.545964315868985 49
1754664730349 3.533618621837221 50
1754664770913 3.5376217402173804 51
1754664810375 3.462257619258351 52
1754664853554 3.4377472433646834 53
1754664896358 3.5275530891158393 54
1754664937343 3.510100223962395 55
1754664982487 3.4927145919248423 56
1754665024348 3.5353093403982503 57
1754665067720 3.5444284922505864 58
1754665113730 3.619727458178231 59
1754665155791 3.748692760595348 60
1754665197049 3.812791708808939 61
1754665240692 3.844038202569375 62
1754665289225 3.878135956109744 63
1754665330288 3.8969131120682885 64
1754665371339 3.9246277272784926 65
1754665420633 3.945784632750777 66
1754665461372 3.9575781585760756 67
1754665504373 4.000860285390229 68
1754665546129 4.012956187586752 69
1754665590818 3.9542353635763705 70
1754665629903 3.952806416455582 71
1754665670711 3.897296460269416 72
1754665711765 3.9304326838808494 73
1754665751352 3.9327703694892944 74
1754665807732 3.943206041539306 75
1754665848858 3.962303517132041 76
1754665890404 3.975399305929809 77
1754665929497 3.975160231260207 78
1754665968520 4.0012524840814585 79
1754666007267 4.009457082128485 80
1754666058612 4.012168651924224 81
1754666109261 4.039674034588926 82
1754666153325 4.033322203570599 83
1754666192943 4.030300370486981 84
1754666236369 4.050952505015214 85
1754666279164 4.060887814637077 86
1754666318601 4.081760939760087 87
1754666358128 4.098790622444174 88
1754666397463 4.110475641147079 89
1754666437071 4.117179969446058 90
1754666481580 4.140900682174988 91
1754666521604 4.130894707340989 92
1754666561429 4.145299643675353 93
1754666602127 4.157768861416622 94
1754666647426 4.157310654061653 95
1754666688451 4.193177197145648 96
1754666727947 4.220320915508329 97
1754666767670 4.226245864877135 98
1754666809488 4.231998572207016 99
1754666855382 4.230886101813641 100
