1754157804318 0.03198205682006978 0
1754157834883 0.05789998338594451 1
1754157863406 0.0755939524838013 2
1754157893341 0.1001827546104004 3
1754157918260 0.10624688486459545 4
1754157947784 0.12518690812427313 5
1754157976098 0.14421000166140555 6
1754158004422 0.15600598105997673 7
1754158033826 0.1655590629672703 8
1754158064331 0.17718890181093205 9
1754158095309 0.18657584316331616 10
1754158123886 0.20119621199534807 11
1754158153008 0.208506396411364 12
1754158180931 0.2162319322146536 13
1754158210400 0.21980395414520684 14
1754158240130 0.23151686326632331 15
1754158269840 0.23467353380960293 16
1754158298312 0.23882704768233926 17
1754158327157 0.24256521016780197 18
1754158355360 0.25020767569363683 19
1754158385025 0.25801628177438113 20
1754158413262 0.26316663897657416 21
1754158441928 0.26590795813258017 22
1754158471594 0.26831699617876725 23
1754158499419 0.2734673533809603 24
1754158520876 0.2725535803289583 25
1754158550077 0.27770393753115136 26
1754158578237 0.28385113806280116 27
1754158605973 0.28293736501079914 28
1754158631218 0.2852633327795315 29
1754158657712 0.2895829872071773 30
1754158685642 0.2941518524671872 31
1754158712844 0.29506562551918925 32
1754158741809 0.3025419504901146 33
1754158771563 0.30046519355374646 34
1754158801792 0.3029573018773883 35
1754158828903 0.31068283768067784 36
1754158854970 0.3071108157501246 37
1754158883706 0.30985213490613056 38
1754158910087 0.31143047017777037 39
1754158939332 0.31533477321814257 40
1754158969534 0.3159162651603256 41
1754158999106 0.31500249210832365 42
1754159023793 0.31442100016614055 43
1754159049799 0.31741153015451073 44
1754159078487 0.3180760923741485 45
1754159105924 0.3180760923741485 46
1754159134693 0.3186575843163316 47
1754159164907 0.31898986542615054 48
1754159193099 0.3226449576341585 49
1754159218155 0.321897325137066 50
1754159246733 0.3268815417843496 51
1754159275760 0.327047682339259 52
1754159303548 0.3234756604087058 53
1754159331915 0.3245555740156172 54
1754159359999 0.3241402226283436 55
1754159388505 0.327961455391261 56
1754159416581 0.32713075261671376 57
1754159446280 0.3251370659578003 58
1754159475023 0.3247217145705267 59
1754159504289 0.32713075261671376 60
1754159534297 0.3278783851138063 61
1754159561697 0.33095198537963116 62
1754159592871 0.3319488287090879 63
1754159622334 0.3312842664894501 64
1754159650549 0.3335271639807277 65
1754159677353 0.3342747964778202 66
1754159704829 0.3332779531483635 67
1754159735355 0.3366007642465526 68
1754159763668 0.3341086559229108 69
1754159792758 0.3368499750789168 70
1754159822005 0.3362684831367337 71
1754159851465 0.3341917262003655 72
1754159872178 0.3366007642465526 73
1754159901264 0.3341086559229108 74
1754159931008 0.3379298886858282 75
1754159960635 0.3370161156338262 76
1754159989687 0.3384283103505566 77
1754160019720 0.34075427811928893 78
1754160046521 0.3388436617378302 79
1754160069363 0.3382621697956471 80
1754160098826 0.33867752118292077 81
1754160126951 0.33992357534474166 82
1754160154769 0.33635155341418843 83
1754160175629 0.33743146702109983 84
1754160203078 0.3426648945007476 85
1754160230391 0.3397574347898322 86
1754160261369 0.3410865592291078 87
1754160291714 0.3408373483967436 88
1754160320575 0.34116962950656254 89
1754160350671 0.3410034889516531 90
1754160380125 0.3426648945007476 91
1754160407551 0.3442432297723874 92
1754160436903 0.34150191061638147 93
1754160468199 0.34374480810765906 94
1754160497787 0.3419172620036551 95
1754160526837 0.3466522678185745 96
1754160556145 0.34490779199202526 97
1754160585449 0.3459877055989367 98
1754160610978 0.3458215650440272 99
1754160636460 0.3438278783851138 100
