1752777753646 4.603339249219555 0
1752777770859 4.548329742943368 1
1752777787210 4.484444878118692 2
1752777803482 4.410576864088709 3
1752777819826 4.337768995001829 4
1752777836337 4.262121372973761 5
1752777852601 4.201137173976662 6
1752777870301 4.132773019842067 7
1752777886577 4.070876565303974 8
1752777903070 4.010362074474111 9
1752777919406 3.958191666941792 10
1752777935952 3.9063014084322614 11
1752777952387 3.8581126667160635 12
1752777968642 3.803070276886365 13
1752777985278 3.7588580282110917 14
1752778003032 3.721797883689123 15
1752778020214 3.6868171894402395 16
1752778037222 3.6501236027716364 17
1752778053916 3.61490427942729 18
1752778070715 3.584530480304844 19
1752778088486 3.5463653850055525 20
1752778104883 3.5125810968401496 21
1752778121271 3.479503092701536 22
1752778137859 3.4528773734852143 23
1752778154275 3.427972426769516 24
1752778170982 3.4003137310550007 25
1752778187928 3.375882068071092 26
1752778205186 3.3544358090299493 27
1752778221794 3.327660188467828 28
1752778238698 3.307565331650331 29
1752778255894 3.2874618921465584 30
1752778272347 3.261454142333607 31
1752778289373 3.242834207717812 32
1752778305711 3.219397630021263 33
1752778321922 3.2073222997099813 34
1752778338345 3.1850914108125785 35
1752778354596 3.1654642670390234 36
1752778371026 3.1497246176195697 37
1752778387427 3.1266416257704024 38
1752778404072 3.1087604764439276 39
1752778421290 3.092998664706601 40
1752778437625 3.078301338722015 41
1752778454062 3.0544414606214745 42
1752778470563 3.0454431769936625 43
1752778487190 3.027510364544305 44
1752778504887 3.0118586933658733 45
1752778522028 2.9969930560812257 46
1752778538380 2.987636676546749 47
1752778555730 2.9723839524672693 48
1752778573566 2.9595440936792494 49
1752778590002 2.944040379860384 50
1752778606323 2.9350091201095028 51
1752778622844 2.919314957782148 52
1752778639260 2.903314571861125 53
1752778656331 2.8894594125274313 54
1752778673564 2.879568343367595 55
1752778690284 2.8743058950104263 56
1752778707034 2.856829060108477 57
1752778724845 2.848382973318994 58
1752778742607 2.8354147777987895 59
1752778760275 2.827737833592032 60
1752778778009 2.813621231134396 61
1752778795703 2.8069510491908387 62
1752778812258 2.799881949478814 63
1752778829466 2.790548586620956 64
1752778845867 2.7771762961447624 65
1752778862269 2.7677039240586945 66
1752778879039 2.767275762930353 67
1752778896136 2.7553029558216857 68
1752778912518 2.7392981637350555 69
1752778928979 2.7304397856112876 70
1752778945922 2.7228189678237027 71
1752778963833 2.7145380100660157 72
1752778980966 2.7028313240639714 73
1752778998100 2.6958096811773435 74
1752779014746 2.68853018080571 75
1752779031383 2.6871792637847864 76
1752779048098 2.6784817154814555 77
1752779064427 2.665514326524061 78
1752779081117 2.6587164530297045 79
1752779097873 2.657915694812041 80
1752779115173 2.652282512756714 81
1752779132230 2.6460133417069938 82
1752779148966 2.6394531495763953 83
1752779165424 2.6352414698569144 84
1752779182213 2.6208690670396613 85
1752779198628 2.6170234158730783 86
1752779215241 2.608980261404697 87
1752779231749 2.601896983935989 88
1752779248222 2.596223839937646 89
1752779264732 2.5950308741414245 90
1752779281262 2.587935267782232 91
1752779297720 2.576602629351218 92
1752779314250 2.5697687983028286 93
1752779331030 2.566798866802574 94
1752779347746 2.5596240854156185 95
1752779365386 2.559365013623064 96
1752779382988 2.549437329778826 97
1752779400076 2.549017236420983 98
1752779417882 2.533611776803771 99
1752779434486 2.5338293914617407 100
