1752764380309 0.012854536407364406 0
1752764387809 0.016420633604246143 1
1752764395377 0.018908608392768287 2
1752764403117 0.03275833471554155 3
1752764410754 0.035578039475866644 4
1752764418274 0.03872947420799469 5
1752764425746 0.04246143639077791 6
1752764433336 0.04494941117930005 7
1752764440806 0.04859844086913253 8
1752764448210 0.056559960192403384 9
1752764455633 0.059628462431580695 10
1752764463174 0.0672582517830486 11
1752764470707 0.0655166694310831 12
1752764478273 0.07671255597943274 13
1752764485830 0.0748880411345165 14
1752764493498 0.0783712058384475 15
1752764501224 0.08334715541549179 16
1752764508873 0.0888206999502405 17
1752764516555 0.09081107978105822 18
1752764524419 0.09902139658318129 19
1752764532073 0.09255266213302372 20
1752764539837 0.10192403383645712 21
1752764547600 0.10325095372366894 22
1752764555260 0.10349975120252115 23
1752764562953 0.10283629125891525 24
1752764570701 0.11320285287775751 25
1752764578323 0.11328578537070824 26
1752764586102 0.11909105987725992 27
1752764593767 0.12116437220102837 28
1752764601356 0.12041797976447172 29
1752764609032 0.12390114446840272 30
1752764616663 0.12497926687676232 31
1752764624328 0.12555979432741748 32
1752764632054 0.12879416155249626 33
1752764639638 0.12896002653839775 34
1752764647194 0.1347653010449494 35
1752764654768 0.13858019572068336 36
1752764662288 0.1353458284956046 37
1752764669975 0.14007298059379664 38
1752764677684 0.14139990048100845 39
1752764685346 0.1452147951567424 40
1752764693051 0.14687344501575716 41
1752764700688 0.14380494277657987 42
1752764708316 0.15052247470558966 43
1752764715961 0.1493614198042793 44
1752764723614 0.15176646209985073 45
1752764731252 0.15077127218444186 46
1752764738910 0.1525957870293581 47
1752764746586 0.16022557638082602 48
1752764753980 0.16039144136672748 49
1752764761451 0.16188422623984078 50
1752764769067 0.16022557638082602 51
1752764776796 0.1593133189583679 52
1752764784322 0.16354287609885554 53
1752764791839 0.1617183612539393 54
1752764799533 0.16677724332393432 55
1752764807266 0.17200199037983083 56
1752764815007 0.17332891026704264 57
1752764822784 0.16843589318294908 58
1752764830530 0.169099353126555 59
1752764838310 0.17117266545032345 60
1752764845960 0.17332891026704264 61
1752764853692 0.17606568253441698 62
1752764861361 0.18004644219605243 63
1752764869092 0.18054403715375683 64
1752764876856 0.1808757671255598 65
1752764884511 0.17888538729474207 66
1752764892194 0.1813733620832642 67
1752764899872 0.18659810913916072 68
1752764907520 0.18643224415325924 69
1752764914943 0.18850555647702769 70
1752764922620 0.18925194891358435 71
1752764930237 0.1898324763642395 72
1752764937785 0.18576878420965334 73
1752764945252 0.19207165367390944 74
1752764952961 0.19207165367390944 75
1752764960484 0.19406203350472714 76
1752764967918 0.19688173826505226 77
1752764975583 0.1956377508707912 78
1752764983072 0.19596948084259413 79
1752764990583 0.1982915906452148 80
1752764998060 0.1982915906452148 81
1752765005694 0.2006966329407862 82
1752765013089 0.20127716039144136 83
1752765020586 0.20094543041963842 84
1752765028086 0.2024382152927517 85
1752765035529 0.20716536739094377 86
1752765043248 0.20675070492619008 87
1752765050912 0.207414164869796 88
1752765058607 0.20849228727815558 89
1752765066320 0.2115607895173329 90
1752765073762 0.21454635926355947 91
1752765081308 0.21073146458782552 92
1752765089018 0.21172665450323436 93
1752765096634 0.21230718195388953 94
1752765104417 0.21305357439044617 95
1752765112154 0.21753192900978605 96
1752765119941 0.21861005141814563 97
1752765127686 0.21487808923536242 98
1752765135324 0.21587327915077129 99
1752765142891 0.22018576878420965 100
