1753192080163 4.522414073182789 0
1753192101466 4.330706871885414 1
1753192126859 4.139349289458275 2
1753192149369 3.9818411692587197 3
1753192175346 3.8424924496552713 4
1753192201081 3.7146173708856445 5
1753192226191 3.60633639329945 6
1753192248785 3.5080640970550587 7
1753192273407 3.4218600446595686 8
1753192297974 3.345273286584382 9
1753192321307 3.2750050675098206 10
1753192343804 3.2054816568015037 11
1753192365924 3.1582354699175936 12
1753192391145 3.0849462501622065 13
1753192413304 3.040266588582831 14
1753192437238 2.9805969911455783 15
1753192462068 2.947074028332629 16
1753192484673 2.917330808396568 17
1753192508074 2.8790025152305003 18
1753192526856 2.8268177948079867 19
1753192550495 2.8244818588272502 20
1753192573179 2.780946206612476 21
1753192596858 2.7661613325527408 22
1753192621974 2.7283349583265695 23
1753192645328 2.7058444301574194 24
1753192669991 2.6606042233065197 25
1753192694959 2.649116860427076 26
1753192716214 2.6421111917540627 27
1753192737699 2.6069371145211595 28
1753192761747 2.572308448810761 29
1753192787416 2.567303828893533 30
1753192812524 2.54727957991532 31
1753192838095 2.528708624157553 32
1753192860606 2.516587766999354 33
1753192884894 2.502359929687684 34
1753192908744 2.466148855372387 35
1753192932816 2.4709062401932584 36
1753192956720 2.434506985876295 37
1753192980204 2.422410252466439 38
1753193004473 2.4118193661750023 39
1753193029541 2.38369687463442 40
1753193051340 2.3665835163874664 41
1753193074741 2.3847425518287326 42
1753193098338 2.3624068717623286 43
1753193120685 2.3392492987528883 44
1753193144251 2.3306268090033386 45
1753193169239 2.3325372067866503 46
1753193193698 2.3116470747012476 47
1753193219971 2.2943308937933735 48
1753193244648 2.271477369349555 49
1753193269849 2.2711954253080076 50
1753193297405 2.2583046620312186 51
1753193319044 2.255292529196988 52
1753193341725 2.2374046781330486 53
1753193365550 2.2307374969570675 54
1753193390606 2.2193271686564833 55
1753193415562 2.207291435006773 56
1753193441818 2.201149728407194 57
1753193467813 2.1944241003558385 58
1753193492343 2.1988812713075268 59
1753193517487 2.1689424931404355 60
1753193541714 2.1695442841619994 61
1753193567608 2.1593965801746933 62
1753193591207 2.1567168193996937 63
1753193615476 2.139203605828462 64
1753193639456 2.1191935414554783 65
1753193663681 2.121774075211005 66
1753193687509 2.10797796077398 67
1753193704741 2.10369758593859 68
1753193728445 2.1080932476251637 69
1753193753025 2.086269076878517 70
1753193777786 2.0761375823425534 71
1753193801058 2.0634802899666975 72
1753193822692 2.068479070664824 73
1753193847553 2.0555522379004123 74
1753193871971 2.0534688889868065 75
1753193897084 2.0525709649594317 76
1753193921482 2.0408500049011455 77
1753193945476 2.02983366986914 78
1753193970282 2.0193157367755936 79
1753193995391 2.026221214231399 80
1753194016969 2.0146703551468628 81
1753194039725 2.008299037118815 82
1753194064131 2.006264262439242 83
1753194081813 2.0028661921617252 84
1753194107774 1.9860919866228384 85
1753194133632 1.982544840146094 86
1753194159594 1.976509345350442 87
1753194183594 1.9609931856923883 88
1753194208570 1.96887385556297 89
1753194233484 1.9465495763425673 90
1753194260890 1.958217317447749 91
1753194283070 1.9390899333296074 92
1753194309645 1.9402504370417848 93
1753194335964 1.9229150744294192 94
1753194358877 1.9130311308591954 95
1753194383885 1.9241799224424523 96
1753194409114 1.9062373423631234 97
1753194433245 1.909091220484615 98
1753194457161 1.9020352770398417 99
1753194481532 1.9022344836544656 100
1753194506953 1.8898505719199692 101
1753194529860 1.8860416599717142 102
1753194554125 1.885520467902981 103
1753194579550 1.8954537760549746 104
1753194606832 1.8913723100183348 105
1753194630414 1.879105895433398 106
1753194654826 1.8842297145875835 107
1753194679612 1.879050757046099 108
1753194704784 1.859448068709173 109
1753194728298 1.8525907532609165 110
1753194751626 1.840352737919497 111
1753194775980 1.8399459574481487 112
1753194802386 1.8348707048669473 113
1753194827232 1.8291562520081366 114
1753194853126 1.824077765131301 115
1753194878479 1.8159402013495394 116
1753194901166 1.80849290098804 117
1753194925913 1.8083089926853217 118
1753194949014 1.802763954634371 119
1753194974148 1.7953559431939425 120
1753195001131 1.7966195987118516 121
1753195025845 1.7937585124116509 122
1753195047497 1.784655470326995 123
1753195069523 1.7936355277512408 124
1753195092315 1.777204618788671 125
1753195118890 1.7794752201807127 126
1753195142160 1.7645203244127372 127
1753195168100 1.7789774508946086 128
1753195190645 1.7742350073439677 129
1753195214236 1.7582092125995386 130
1753195239150 1.7535778935464712 131
1753195265624 1.7527688435616167 132
1753195289519 1.7453206255907268 133
1753195314147 1.739105282131942 134
1753195340216 1.7338729789720266 135
1753195365238 1.7339702174363711 136
1753195390384 1.7329195862677673 137
1753195415255 1.7171297547931477 138
1753195441479 1.7213698917632323 139
1753195465376 1.7183282558349642 140
1753195488478 1.7109578019785605 141
1753195514234 1.6980009044665352 142
1753195538564 1.7036140842913183 143
1753195562541 1.711030238761104 144
1753195585578 1.7005998488639558 145
1753195606652 1.6911777247957143 146
1753195630458 1.695242185704527 147
1753195653577 1.6902012711406054 148
1753195677581 1.6897904593501412 149
1753195700875 1.6718933160792313 150
1753195717031 1.6843682046723205 151
1753195743131 1.6867307501623485 152
1753195767403 1.6717770011617339 153
1753195794754 1.6710577537427451 154
1753195817199 1.6700944943432654 155
1753195841886 1.6643003548528017 156
1753195866691 1.6733202869191433 157
1753195892866 1.6654232843687629 158
1753195917624 1.6490291011451328 159
1753195942820 1.6511009433034898 160
1753195967657 1.632917560000915 161
1753195987333 1.6349869305807743 162
1753196011127 1.632195563475927 163
1753196035051 1.634237997120059 164
1753196056326 1.6407313958865861 165
1753196082224 1.6231623722268 166
1753196105971 1.6251178412653582 167
1753196131328 1.6191861258500488 168
1753196156215 1.6123040233631343 169
1753196180679 1.6075875155860022 170
1753196204518 1.6012149130367015 171
1753196227561 1.6101057047196252 172
1753196251742 1.6116107922584462 173
1753196274757 1.5910712224101018 174
1753196300358 1.6050710775640986 175
1753196325694 1.6046274201525483 176
1753196350147 1.5846724426590153 177
1753196373508 1.5913316278443048 178
1753196397193 1.580724823124727 179
1753196421479 1.5764869712191811 180
1753196444294 1.5852721510671326 181
1753196470343 1.5778131717467163 182
1753196492439 1.5646334098284465 183
1753196516497 1.563214062509439 184
1753196541003 1.567277116627343 185
1753196566955 1.5627563786799126 186
1753196592922 1.5646032535613867 187
1753196618225 1.5560938331557133 188
1753196642700 1.5569866147101998 189
1753196664340 1.5529547669250712 190
1753196687462 1.5431863613259869 191
1753196712279 1.5423526093394941 192
1753196738867 1.5355925541180127 193
1753196761918 1.5304161560247946 194
1753196786444 1.5406867822772117 195
1753196811359 1.540165811012413 196
1753196837361 1.5235969906688036 197
1753196861643 1.528681032482763 198
1753196882988 1.514636963848309 199
1753196908155 1.5175521636787481 200
