1751536736977 0.026333277953148364 0
1751536973754 0.029323807941518523 1
1751537214423 0.04676856620701113 2
1751537455766 0.06861604917760425 3
1751537696830 0.08954975909619538 4
1751537938457 0.11206180428642631 5
1751538177875 0.1403056986210334 6
1751538418588 0.1587473002159827 7
1751538663566 0.1695464362850972 8
1751538911956 0.17777039375311512 9
1751539156790 0.18732347566040872 10
1751539395375 0.20426981226117294 11
1751539640674 0.22728027911613224 12
1751539885974 0.2286924738328626 13
1751540128464 0.2386609071274298 14
1751540375634 0.2492939026416348 15
1751540615573 0.24904469180927064 16
1751540853150 0.2530320651270975 17
1751541098961 0.2598438278783851 18
1751541339601 0.26059146037547765 19
1751541574421 0.2777870078086061 20
1751541816436 0.2746303372653265 21
1751542063323 0.2845987705598937 22
1751542302942 0.2858448247217146 23
1751542551427 0.28725701943844495 24
1751542792853 0.29165974414354545 25
1751543039250 0.30071440438611063 26
1751543282764 0.30378800465193556 27
1751543522544 0.3015451071606579 28
1751543758541 0.3027080910450241 29
1751544005501 0.3107659079581326 30
1751544249319 0.30976906462867587 31
1751544492599 0.3158331948828709 32
1751544733413 0.30976906462867587 33
1751544976351 0.3107659079581326 34
1751545216218 0.3160824057152351 35
1751545457411 0.3228941684665227 36
1751545699206 0.3193221465359694 37
1751545939660 0.3197374979232431 38
1751546182713 0.32314337929888687 39
1751546425154 0.3264661903970759 40
1751546668052 0.3302874231599934 41
1751546916498 0.3251370659578003 42
1751547157732 0.32065127097524504 43
1751547397453 0.3267154012294401 44
1751547638008 0.3280445256687157 45
1751547881504 0.33394251536800135 46
1751548121943 0.3351054992523675 47
1751548367900 0.328875228443263 48
1751548607256 0.3292075095530819 49
1751548852312 0.3318657584316332 50
1751548992721 0.33518856952982223 51
1751549126833 0.3341086559229108 52
1751549260208 0.33037049343744807 53
1751549395472 0.33402558564545604 54
1751549533886 0.338594450905466 55
1751549669538 0.34233261339092874 56
1751549805666 0.3428310350556571 57
1751549942404 0.3509719222462203 58
1751550078920 0.339508223957468 59
1751550212574 0.33959129423492274 60
1751550343759 0.33593620202691477 61
1751550480502 0.3392590131251038 62
1751550615653 0.34773218142548595 63
1751550749869 0.3568699119455059 64
1751550883671 0.3509719222462203 65
1751551016344 0.35047350058149196 66
1751551151247 0.3438278783851138 67
1751551290406 0.34133577006147203 68
1751551424557 0.34856288420003323 69
1751551560309 0.349227446419671 70
1751551695857 0.3446585811596611 71
1751551829381 0.3400066456221964 72
1751551966162 0.34914437614221633 73
1751552103487 0.3447416514371158 74
1751552239033 0.34914437614221633 75
1751552374433 0.35213490613058646 76
1751552507124 0.34931051669712576 77
1751552641094 0.3518026250207676 78
1751552776737 0.3515534141884034 79
1751552911612 0.3478152517029407 80
1751553048246 0.35487622528659246 81
1751553184034 0.35072271141385614 82
1751553320099 0.3499750789167636 83
1751553453778 0.34573849476657253 84
1751553589422 0.35296560890513373 85
1751553726801 0.35645456055823227 86
1751553860020 0.3534640305698621 87
1751553999423 0.3458215650440272 88
1751554135032 0.3481475328127596 89
1751554271324 0.34648612726366507 90
1751554407014 0.35072271141385614 91
1751554540130 0.35072271141385614 92
1751554677965 0.34856288420003323 93
1751554811623 0.35271639807276955 94
1751554945523 0.35728526333277955 95
1751555081623 0.35786675527496264 96
1751555217091 0.3566207011131417 97
1751555354038 0.35396245223459044 98
1751555489593 0.35471008473168303 99
1751555628368 0.35487622528659246 100
1751555722132 0.35387938195713575 101
1751555814636 0.35055657085894665 102
1751555906337 0.3536301711247716 103
1751555999860 0.35213490613058646 104
1751556095094 0.35512543611895664 105
1751556187315 0.34573849476657253 106
1751556280000 0.35014121947167304 107
1751556372613 0.35288253862767904 108
1751556462873 0.3469014786509387 109
1751556555585 0.3516364844658581 110
1751556648298 0.3576175444425984 111
1751556741380 0.36069114470842334 112
1751556835889 0.36451237747134074 113
1751556928146 0.35927894999169296 114
1751557021095 0.35986044193387606 115
1751557114468 0.36069114470842334 116
1751557208674 0.35853131749460043 117
1751557304142 0.36052500415351385 118
1751557398313 0.36044193387605916 119
1751557491077 0.36077421498587803 120
1751557585064 0.36351553414188403 121
1751557676597 0.3652600099684333 122
1751557767957 0.3625186908124273 123
1751557861621 0.36102342581824226 124
1751557954372 0.3590297391593288 125
1751558048931 0.3568699119455059 126
1751558141123 0.3587805283269646 127
1751558232606 0.3616049177604253 128
1751558325429 0.3613557069280611 129
1751558418672 0.36509386941352384 130
1751558512651 0.36102342581824226 131
1751558606573 0.3567868416680512 132
1751558699025 0.357451403887689 133
1751558792301 0.3603588635986044 134
1751558885548 0.36575843163316163 135
1751558979251 0.36077421498587803 136
1751559073882 0.3633493935869746 137
1751559166983 0.36542615052334276 138
1751559259690 0.36168798803788005 139
1751559351100 0.3624356205349726 140
1751559443931 0.36550922080079745 141
1751559536182 0.367170626349892 142
1751559629607 0.37041036717062636 143
1751559723400 0.3680013291244393 144
1751559817902 0.3643462369164313 145
1751559908380 0.36393088552915764 146
1751560001607 0.3550423658415019 147
1751560093790 0.3637647449742482 148
1751560185923 0.3661737830204353 149
1751560278331 0.3664229938527995 150
1751560328626 0.3705765077255358 151
1751560379585 0.3691643130088054 152
1751560429973 0.3675029074597109 153
1751560481387 0.36966273467353383 154
1751560531684 0.36708755607243726 155
1751560582109 0.3701611563382622 156
1751560632835 0.37223791327463035 157
1751560683878 0.3733178268815418 158
1751560734267 0.37099185911280946 159
1751560784446 0.37564379465027414 160
1751560834914 0.3739823891011796 161
1751560884825 0.3780528326964612 162
1751560934651 0.3795480976906463 163
1751560984509 0.3758099352051836 164
1751561035150 0.37747134075427813 165
1751561086041 0.37630835686991193 166
1751561136115 0.3791327463033727 167
1751561186820 0.3783851138062801 168
1751561236414 0.3748961621531816 169
1751561287061 0.37564379465027414 170
1751561336718 0.3779697624190065 171
1751561385611 0.3752284432630005 172
1751561435113 0.3773882704768234 173
1751561485629 0.380544941020103 174
1751561535996 0.37963116796810104 175
1751561586338 0.378717394916099 176
1751561636668 0.3799634490779199 177
1751561687616 0.38062801129755774 178
1751561737641 0.3783851138062801 179
1751561786920 0.37788669214155174 180
1751561837295 0.3767237082571856 181
1751561888049 0.37888353547100845 182
1751561938180 0.3835354710084732 183
1751561988980 0.38071108157501243 184
1751562039803 0.3817909951819239 185
1751562090369 0.380544941020103 186
1751562140418 0.37888353547100845 187
1751562190655 0.37888353547100845 188
1751562241218 0.38062801129755774 189
1751562292415 0.38685828210666223 190
1751562342806 0.3807941518524672 191
1751562392990 0.38262169795647116 192
1751562443491 0.38187406545937863 193
1751562494466 0.3842831035055657 194
1751562545264 0.38345240073101844 195
1751562595409 0.37763748130918756 196
1751562646780 0.37888353547100845 197
1751562696895 0.37963116796810104 198
1751562747107 0.3773882704768234 199
1751562797850 0.37780362186409705 200
