1753463788578 4.502725523793814 0
1753463810245 4.26841888055564 1
1753463832389 4.021737420152336 2
1753463854879 3.8374837640190402 3
1753463877665 3.70073158606547 4
1753463909582 3.570075802172944 5
1753463937544 3.496171127417816 6
1753463959664 3.421809618730978 7
1753463999087 3.366956731880976 8
1753464023077 3.330898967777543 9
1753464045315 3.2784535848500713 10
1753464074914 3.261909437013685 11
1753464097342 3.2283680033087605 12
1753464120109 3.2014707849848394 13
1753464142225 3.201662005690207 14
1753464165097 3.187982407411189 15
1753464190914 3.191038885115829 16
1753464214082 3.200947122628481 17
1753464239931 3.1881730388362777 18
1753464282538 3.1491914509504655 19
1753464306361 3.1982490311583907 20
1753464329054 3.1627838880815227 21
1753464351541 3.1745498621655845 22
1753464374829 3.1684388486342243 23
1753464397810 3.1714740998202675 24
1753464427670 3.125071711337798 25
1753464442733 3.130170385635256 26
1753464463155 3.140427389886245 27
1753464491773 3.1020060165965124 28
1753464514674 3.0731341888288943 29
1753464534588 3.07757859349837 30
1753464569265 3.0761827241241946 31
1753464585182 3.077984966473316 32
1753464609672 3.0642989719542633 33
1753464639496 3.0757613825009793 34
1753464653139 3.027743537559697 35
1753464669316 3.0586641048270056 36
1753464684185 3.0322150807328043 37
1753464700639 3.0346114821552757 38
1753464728437 3.0443436644595647 39
1753464743466 3.0257777028513844 40
1753464767760 3.0156928240086747 41
1753464783177 3.0426830716538715 42
1753464797378 3.020923372591158 43
1753464823551 3.015435842209018 44
1753464852919 3.0223398785036486 45
1753464872690 3.009441532099514 46
1753464900753 3.0224594905439295 47
1753464921593 3.002873249518794 48
1753464952276 2.977873381684829 49
1753464966330 2.9795460164933605 50
1753464984327 2.9534527886534963 51
1753465004326 2.960148512241381 52
1753465024383 2.940153526858222 53
1753465045812 2.918392361298618 54
1753465066548 2.9036454925242268 55
1753465082912 2.9042710505751765 56
1753465102662 2.9057508640663223 57
1753465124683 2.890442761860524 58
1753465146142 2.915434731399322 59
1753465166219 2.8817798909868597 60
1753465186554 2.882021239703608 61
1753465206821 2.8706739775105286 62
1753465227887 2.874839594758787 63
1753465249263 2.867606767452669 64
1753465270756 2.850275775245803 65
1753465293331 2.8738620880789325 66
1753465316567 2.860449786392883 67
1753465337652 2.8555797288690457 68
1753465359461 2.843716570465578 69
1753465381310 2.8373275596658587 70
1753465402675 2.835689067575542 71
1753465419253 2.818118387682402 72
1753465438456 2.8387126075277322 73
1753465455117 2.818757562756813 74
1753465471790 2.8417995117104287 75
1753465482430 2.750460786091331 76
1753465492776 2.726849454663792 77
1753465503696 2.709719858291908 78
1753465515232 2.6966394933790663 79
1753465525160 2.7088196941420084 80
1753465535906 2.6945604303562134 81
1753465546449 2.7163176459419502 82
1753465557575 2.7015848879529534 83
1753465568741 2.6859169483346954 84
1753465579638 2.682564415525607 85
1753465590998 2.6925471984995886 86
1753465601576 2.6561193853230076 87
1753465612034 2.6532945483455252 88
1753465622567 2.6801854406790793 89
1753465632820 2.649961869894747 90
1753465643769 2.6541980432058434 91
1753465653514 2.6506810139059445 92
1753465662939 2.656750146241137 93
1753465672970 2.635230940049676 94
1753465683646 2.635779960219345 95
1753465694467 2.6431766479153542 96
1753465704957 2.6315779443327467 97
1753465715103 2.627470092029845 98
1753465726352 2.6261871492520963 99
1753465736658 2.6194091242560535 100
