1753583624255 0.028077753779697623 0
1753583647836 0.053746469513208175 1
1753583670074 0.07875062302708091 2
1753583691996 0.10350556570858947 3
1753583714766 0.12419006479481641 4
1753583737815 0.14271473666722048 5
1753583761335 0.1639807276956305 6
1753583784082 0.18001329124439275 7
1753583806541 0.19122777870078086 8
1753583829318 0.20210998504735006 9
1753583851428 0.208506396411364 10
1753583883259 0.22445588968267155 11
1753583906503 0.2333444093703273 12
1753583931570 0.23450739325469347 13
1753583958262 0.24123608572852634 14
1753583980878 0.25153680013291246 15
1753584002933 0.2476324970925403 16
1753584024682 0.25062302708091044 17
1753584047824 0.25593952483801297 18
1753584071325 0.2600930387107493 19
1753584093284 0.26532646619039707 20
1753584116177 0.26815085562385776 21
1753584145888 0.26657252035221796 22
1753584168134 0.27180594783186574 23
1753584194553 0.27554411031732845 24
1753584216581 0.2713075261671374 25
1753584239648 0.2786177105831533 26
1753584262014 0.280860608074431 27
1753584284153 0.27795314836351553 28
1753584316589 0.28169131084897825 29
1753584339083 0.2850141219471673 30
1753584363479 0.2776208672536966 31
1753584394568 0.27836849975078914 32
1753584416782 0.2885861438777205 33
1753584438837 0.28410034889516533 34
1753584461557 0.28808772221299217 35
1753584485253 0.2862601761089882 36
1753584512000 0.290579830536634 37
1753584533834 0.29165974414354545 38
1753584556045 0.29822229606246886 39
1753584578111 0.2999667718890181 40
1753584604648 0.29880378800465196 41
1753584631602 0.29664396079082905 42
1753584656731 0.2968101013457385 43
1753584682034 0.30038212327629177 44
1753584706258 0.3025419504901146 45
1753584728454 0.302126599102841 46
1753584754656 0.30071440438611063 47
1753584777192 0.30262502076756936 48
1753584814186 0.3017943179930221 49
1753584840725 0.303040372154843 50
1753584866677 0.3015451071606579 51
1753584892220 0.300299052998837 52
1753584920559 0.301212826050839 53
1753584945344 0.29880378800465196 54
1753584968393 0.30503405881375645 55
1753584990490 0.30561555075593955 56
1753585021410 0.30785844824721714 57
1753585043860 0.3058647615883037 58
1753585103828 0.3061139724206679 59
1753585134664 0.303954145206845 60
1753585156581 0.3025419504901146 61
1753585180932 0.3049509885363017 62
1753585213484 0.303040372154843 63
1753585237109 0.30561555075593955 64
1753585261151 0.30544941020103006 65
1753585282784 0.3081076590795813 66
1753585312334 0.3077753779697624 67
1753585335193 0.3086060807443097 68
1753585356994 0.30420335603920917 69
1753585379993 0.3061970426981226 70
1753585411183 0.3055324804784848 71
1753585432934 0.3045356371490281 72
1753585458237 0.3083568699119455 73
1753585481730 0.3105166971257684 74
1753585510764 0.31259345406213657 75
1753585533210 0.310932048513042 76
1753585557408 0.3052001993686659 77
1753585580155 0.3051171290912112 78
1753585602417 0.31035055657085897 79
1753585626649 0.30785844824721714 80
1753585649537 0.3091875726864928 81
1753585677222 0.3110981890679515 82
1753585706567 0.31159661073267986 83
1753585729175 0.3108489782355873 84
1753585752381 0.3116796810101346 85
1753585778679 0.3130088054494102 86
1753585806926 0.3089383618541286 87
1753585829458 0.3135902973915933 88
1753585853981 0.313673367669048 89
1753585887999 0.30976906462867587 90
1753585914125 0.31383950822395745 91
1753585935893 0.3149194218308689 92
1753585958226 0.3135072271141386 93
1753585987183 0.3149194218308689 94
1753586009049 0.31533477321814257 95
1753586033683 0.31533477321814257 96
1753586058675 0.3149194218308689 97
1753586083643 0.31782688154178435 98
1753586108145 0.3174946004319654 99
1753586130902 0.3133410865592291 100
