1753583624256 4.5402417094619185 0
1753583647837 4.400684071824401 1
1753583670075 4.266149512043706 2
1753583691997 4.155964260745882 3
1753583714768 4.089148526212664 4
1753583737816 3.9988855651093966 5
1753583761336 3.9662495656700956 6
1753583784083 3.9346672932606257 7
1753583806542 3.9069481264674333 8
1753583829319 3.8885887389179055 9
1753583851429 3.9223430430098394 10
1753583883260 3.8943507071568093 11
1753583906504 3.8957437299040727 12
1753583931571 3.8669808411553306 13
1753583958263 3.889936195672818 14
1753583980879 3.957610844574256 15
1753584002934 3.955830640312916 16
1753584024683 3.981555027682603 17
1753584047825 3.96886593127106 18
1753584071326 3.965257444362257 19
1753584093285 4.005868613894551 20
1753584116178 4.0210543378648165 21
1753584145889 4.015846520687252 22
1753584168135 4.003660939850551 23
1753584194554 4.0479451078055515 24
1753584216582 4.044999954995562 25
1753584239649 4.113425388480111 26
1753584262015 4.139792252519834 27
1753584284155 4.0889518947924595 28
1753584316590 4.054411656800662 29
1753584339084 4.038059973135531 30
1753584363480 4.070993903990844 31
1753584394569 4.135393113060012 32
1753584416783 4.158372770513942 33
1753584438838 4.159556387445622 34
1753584461558 4.137184811906851 35
1753584485254 4.167213779734029 36
1753584512001 4.12121781978704 37
1753584533835 4.137514389014613 38
1753584556046 4.185263952093409 39
1753584578112 4.168409015733119 40
1753584604649 4.1984104269012095 41
1753584631603 4.213027885669718 42
1753584656732 4.2202680304437585 43
1753584682035 4.21813848988235 44
1753584706259 4.221019595914441 45
1753584728455 4.26671936378728 46
1753584754657 4.190733756978384 47
1753584777193 4.1603072201215365 48
1753584814187 4.196867998379947 49
1753584840726 4.234992834801553 50
1753584866678 4.2152302538152515 51
1753584892222 4.226794668834413 52
1753584920560 4.213133647397151 53
1753584945345 4.246406525535598 54
1753584968394 4.2345904192432595 55
1753584990491 4.251201353996811 56
1753585021411 4.277699472446974 57
1753585043861 4.300493986833218 58
1753585103829 4.2576410123607955 59
1753585134665 4.197937713217651 60
1753585156582 4.2145620179016685 61
1753585180933 4.2088562049833795 62
1753585213485 4.26990633560327 63
1753585237110 4.294641011316024 64
1753585261153 4.237923388832606 65
1753585282785 4.266482972623564 66
1753585312335 4.209395828550644 67
1753585335194 4.2398042014376545 68
1753585356995 4.3104801307315235 69
1753585379994 4.311741461200579 70
1753585411184 4.280560577952804 71
1753585432935 4.1931373632728715 72
1753585458238 4.272889577025373 73
1753585481731 4.236051276348006 74
1753585510765 4.338636191884926 75
1753585533211 4.258682931671833 76
1753585557409 4.259285564732167 77
1753585580156 4.258256527280104 78
1753585602418 4.2508784248212015 79
1753585626650 4.2833723544600515 80
1753585649538 4.247157304824259 81
1753585677223 4.320232683842209 82
1753585706568 4.3118290852137156 83
1753585729176 4.30550683752329 84
1753585752382 4.29540988091059 85
1753585778680 4.296078140118346 86
1753585806927 4.306340050322537 87
1753585829460 4.2757735213092944 88
1753585853982 4.317134159518712 89
1753585888000 4.268059317138709 90
1753585914126 4.276692387457921 91
1753585935894 4.247177383881729 92
1753585958227 4.288945036980617 93
1753585987184 4.267147427068941 94
1753586009050 4.249912411110138 95
1753586033684 4.305236980761786 96
1753586058676 4.253688342724293 97
1753586083644 4.319721850691093 98
1753586108146 4.376879263532838 99
1753586130903 4.32303811291548 100
