1753629175430 0.020019936866589136 0
1753629185261 0.016946336600764247 1
1753629195644 0.022013623525502575 2
1753629206140 0.03871074929390264 3
1753629216573 0.05299883701611564 4
1753629228368 0.05640471839175943 5
1753629239126 0.0643794650274132 6
1753629249889 0.07567702276125603 7
1753629261294 0.07534474165143712 8
1753629271341 0.08498089383618541 9
1753629280959 0.09544774879548097 10
1753629290484 0.09793985711912277 11
1753629301777 0.10350556570858947 12
1753629309796 0.11098189067951487 13
1753629321767 0.11555075593952484 14
1753629333361 0.12377471340754279 15
1753629344286 0.12551918923409205 16
1753629354925 0.12992191393919256 17
1753629364955 0.13507227114138562 18
1753629374869 0.14013955806612394 19
1753629385924 0.14794816414686826 20
1753629397487 0.14512377471340754 21
1753629408100 0.14612061804286428 22
1753629419389 0.15384615384615385 23
1753629430331 0.15642133244725037 24
1753629440543 0.16165475992689815 25
1753629451285 0.16298388436617378 26
1753629463426 0.1611563382621698 27
1753629474620 0.169297225452733 28
1753629485619 0.17901644791493604 29
1753629495477 0.17901644791493604 30
1753629506563 0.18067785346403056 31
1753629517180 0.17743811264329623 32
1753629527692 0.18441601594949328 33
1753629538144 0.1829207509553082 34
1753629548704 0.19205848147532814 35
1753629560046 0.19305532480478485 36
1753629570983 0.19189234092041868 37
1753629582524 0.19729190895497592 38
1753629591703 0.20044857949825554 39
1753629602218 0.20883867752118293 40
1753629613731 0.21207841834191726 41
1753629623909 0.2065957800299053 42
1753629635723 0.20742648280445256 43
1753629645321 0.2134075427811929 44
1753629656251 0.21141385612227945 45
1753629666889 0.21390596444592125 46
1753629677442 0.22038544608738994 47
1753629688598 0.22237913274630336 48
1753629698899 0.2259511546768566 49
1753629709946 0.223708257185579 50
1753629721903 0.22520352217976408 51
1753629731409 0.2252865924572188 52
1753629742459 0.22603422495431136 53
1753629753891 0.22561887356703772 54
1753629764868 0.23068616049177604 55
1753629776087 0.2348396743645124 56
1753629787475 0.2386609071274298 57
1753629798441 0.2358365176939691 58
1753629809455 0.2386609071274298 59
1753629820070 0.23857783684997508 60
1753629831251 0.2367502907459711 61
1753629841577 0.2395746801794318 62
1753629853224 0.2436451237747134 63
1753629864016 0.24721714570526665 64
1753629873473 0.2473002159827214 65
1753629882778 0.24946004319654427 66
1753629893153 0.2502907459710915 67
1753629905102 0.25062302708091044 68
1753629916412 0.2482970593121781 69
1753629928169 0.2546934706761921 70
1753629938310 0.2560225951154677 71
1753629946996 0.2595115467685662 72
1753629956715 0.2554411031732846 73
1753629967827 0.26034224954311347 74
1753629978798 0.25776707094201695 75
1753629989376 0.25801628177438113 76
1753630000814 0.2566871573351055 77
1753630012126 0.2610068117627513 78
1753630022712 0.26300049842166473 79
1753630033469 0.25818242232929056 80
1753630043730 0.26291742814421 81
1753630054504 0.2648280445256687 82
1753630064910 0.26590795813258017 83
1753630074453 0.26374813091875726 84
1753630084901 0.26715401229440106 85
1753630096310 0.27031068283768067 86
1753630107774 0.2679016447914936 87
1753630118861 0.2712244558896827 88
1753630129605 0.27055989367004485 89
1753630139895 0.27213822894168466 90
1753630150318 0.27147366672204687 91
1753630159944 0.27413191560059813 92
1753630171429 0.27496261837514535 93
1753630180655 0.28044525668715736 94
1753630191631 0.28227280279116135 95
1753630200881 0.27712244558896826 96
1753630210938 0.2813590297391593 97
1753630222144 0.28335271639807275 98
1753630233714 0.2828542947333444 99
1753630243812 0.2768732347566041 100
