1753629175431 4.60719349499551 0
1753629185262 4.558932649163826 1
1753629195645 4.5166003815323075 2
1753629206141 4.461466585225354 3
1753629216574 4.422987548445378 4
1753629228369 4.369713852709371 5
1753629239127 4.333558424293908 6
1753629249890 4.287655016173127 7
1753629261295 4.241808135007111 8
1753629271343 4.201482267129319 9
1753629280960 4.181083296003339 10
1753629290485 4.14247243517636 11
1753629301778 4.106983454712865 12
1753629309797 4.072182175728486 13
1753629321768 4.041621776648859 14
1753629333362 4.02222582392923 15
1753629344288 4.00971147918781 16
1753629354926 3.9967699856108565 17
1753629364956 3.9710122565889887 18
1753629374870 3.953926066644872 19
1753629385925 3.94578783211286 20
1753629397488 3.928870290262127 21
1753629408101 3.921162860741249 22
1753629419390 3.902344495887461 23
1753629430332 3.8860328676910623 24
1753629440545 3.861652692608016 25
1753629451286 3.8532340508995007 26
1753629463427 3.8555982769920027 27
1753629474621 3.8378564385745184 28
1753629485620 3.809023157675712 29
1753629495478 3.7911231280819946 30
1753629506564 3.7770019996912065 31
1753629517181 3.7883912050766435 32
1753629527693 3.78131758347294 33
1753629538145 3.7742196396071184 34
1753629548705 3.733752584040826 35
1753629560047 3.736954535617816 36
1753629570984 3.7157671754268904 37
1753629582525 3.7139617898619357 38
1753629591704 3.7153824061548195 39
1753629602219 3.6773322935906583 40
1753629613732 3.6857913635993858 41
1753629623910 3.695837729332412 42
1753629635724 3.6841209389270912 43
1753629645322 3.6735321941373735 44
1753629656252 3.6553993200776866 45
1753629666890 3.6592346687625206 46
1753629677443 3.6545221830891075 47
1753629688599 3.6393404885250344 48
1753629698900 3.6190644800725353 49
1753629709947 3.6168310049189314 50
1753629721904 3.612767336407973 51
1753629731411 3.6100923308495023 52
1753629742460 3.6013035663851984 53
1753629753893 3.593973357998245 54
1753629764869 3.599274669675853 55
1753629776088 3.5811881829839693 56
1753629787476 3.585870293536728 57
1753629798442 3.5704458780706765 58
1753629809456 3.5651915502313742 59
1753629820071 3.554182122469098 60
1753629831252 3.552205247369165 61
1753629841578 3.5469747362937056 62
1753629853225 3.5527103366550477 63
1753629864017 3.5546137525162753 64
1753629873474 3.53437131176835 65
1753629882779 3.5378443522417387 66
1753629893154 3.529028855699155 67
1753629905103 3.5311728455975953 68
1753629916413 3.5244436647558244 69
1753629928170 3.5111746152067416 70
1753629938311 3.511385642289866 71
1753629946997 3.4949859909044445 72
1753629956716 3.5018348027083834 73
1753629967829 3.495236874113125 74
1753629978799 3.5066999046342047 75
1753629989377 3.4825168242138234 76
1753630000815 3.4854760192058705 77
1753630012127 3.478676904006143 78
1753630022713 3.478408067614046 79
1753630033471 3.4783805833248995 80
1753630043731 3.473709618678575 81
1753630054506 3.4800340091366477 82
1753630064911 3.4678670301375516 83
1753630074454 3.4687092802868302 84
1753630084902 3.4565189724488348 85
1753630096311 3.4686601490225097 86
1753630107775 3.457553610121463 87
1753630118862 3.4417966016667436 88
1753630129606 3.4535810045428694 89
1753630139896 3.4333978778374545 90
1753630150319 3.435546927956962 91
1753630159946 3.4322405980705444 92
1753630171431 3.4391956700705464 93
1753630180656 3.4331920441286066 94
1753630191632 3.4225864702748763 95
1753630200882 3.440910510124834 96
1753630210940 3.417442539778931 97
1753630222145 3.428641015171481 98
1753630233715 3.418311547325056 99
1753630243813 3.414350304575639 100
