1754446511869 0.030736002658248877 0
1754446541268 0.08199036384781525 1
1754446567869 0.10973583651769397 2
1754446605978 0.13000498421664727 3
1754446649476 0.1552583485628842 4
1754446680241 0.1717062634989201 5
1754446725193 0.1845821565044027 6
1754446765783 0.20219305532480478 7
1754446810624 0.21648114304701777 8
1754446844558 0.2249543113473999 9
1754446870540 0.23625186908124274 10
1754446901028 0.24597109154344576 11
1754446943614 0.25377969762419006 12
1754446982188 0.2572686492772886 13
1754447023063 0.2686492772885861 14
1754447062122 0.2704768233925901 15
1754447102242 0.2802791161322479 16
1754447142860 0.2816082405715235 17
1754447186269 0.2919920252533644 18
1754447219177 0.289666057484632 19
1754447262181 0.29747466356537633 20
1754447288416 0.2943179930220967 21
1754447326977 0.30445256687157335 22
1754447354387 0.30004984216647285 23
1754447382248 0.3086060807443097 24
1754447409594 0.3067785346403057 25
1754447442178 0.3116796810101346 26
1754447469446 0.3101844160159495 27
1754447496609 0.3160824057152351 28
1754447536322 0.3139225785014122 29
1754447568051 0.31824223292905796 30
1754447597651 0.31533477321814257 31
1754447623916 0.3210666223625187 32
1754447655765 0.31840837348396744 33
1754447694093 0.32281109818906795 34
1754447726937 0.3213158331948829 35
1754447754054 0.3251370659578003 36
1754447781831 0.32463864429307193 37
1754447822537 0.3268815417843496 38
1754447848822 0.32563548762252864 39
1754447874472 0.3282937365010799 40
1754447912042 0.3276291742814421 41
1754447940723 0.3302874231599934 42
1754447982516 0.32713075261671376 43
1754448022380 0.33236418009636154 44
1754448059212 0.32870908788835357 45
1754448100476 0.3332779531483635 46
1754448130040 0.3282106662236252 47
1754448174414 0.3335271639807277 48
1754448203107 0.3301212826050839 49
1754448229085 0.33560392091709584 50
1754448265906 0.3310350556570859 51
1754448294052 0.33651769396909786 52
1754448321890 0.3331948828709088 53
1754448348215 0.33718225618873565 54
1754448391660 0.3338594450905466 55
1754448418008 0.3381790995181924 56
1754448445163 0.3335271639807277 57
1754448484386 0.3391759428476491 58
1754448511023 0.33518856952982223 59
1754448552055 0.3394251536800133 60
1754448578743 0.3364346236916431 61
1754448622248 0.34332945672038545 62
1754448653572 0.33801295896328293 63
1754448693024 0.3419172620036551 64
1754448719273 0.3391759428476491 65
1754448758172 0.3444924406047516 66
1754448784473 0.33834524007310185 67
1754448810511 0.3452400731018442 68
1754448855486 0.3402558564545606 69
1754448881728 0.34731683003821234 70
1754448910332 0.339508223957468 71
1754448949651 0.3469845489283934 72
1754448978358 0.3402558564545606 73
1754449018729 0.34648612726366507 74
1754449045076 0.3410865592291078 75
1754449080851 0.3481475328127596 76
1754449107935 0.34241568366838343 77
1754449141929 0.348645954477488 78
1754449186991 0.34233261339092874 79
1754449220011 0.348645954477488 80
1754449265247 0.3434955972752949 81
1754449307198 0.34872902475494266 82
1754449343895 0.3441601594949327 83
1754449388060 0.35030736002658247 84
1754449420978 0.34548928393420836 85
1754449463860 0.34931051669712576 86
1754449491105 0.3456554244891178 87
1754449522335 0.3496427978069447 88
1754449556499 0.34499086226948 89
1754449597653 0.351054992523675 90
1754449625490 0.34490779199202526 91
1754449668576 0.3522179764080412 92
1754449708199 0.3466522678185745 93
1754449745395 0.35088885196876557 94
1754449781000 0.34706761920584817 95
1754449822471 0.3525502575178601 96
1754449855123 0.3464030569862103 97
1754449892906 0.35213490613058646 98
1754449920243 0.3480644625353049 99
1754449960137 0.3533809602924074 100
