1753327482011 4.601733833814479 0
1753327495997 4.550366557461216 1
1753327508941 4.5004075402820645 2
1753327521252 4.46014830438767 3
1753327534719 4.425159895204605 4
1753327549140 4.384834137019013 5
1753327561126 4.350297186493924 6
1753327573860 4.315581130350072 7
1753327585905 4.284500672016488 8
1753327599532 4.2554148081823175 9
1753327613035 4.250763641029108 10
1753327626735 4.222435433256271 11
1753327639896 4.221004683012319 12
1753327653808 4.201848015658943 13
1753327668426 4.168566112209639 14
1753327682107 4.159870477121585 15
1753327696940 4.161499977462579 16
1753327709309 4.169311300803253 17
1753327723300 4.157567056250603 18
1753327735998 4.134848725750648 19
1753327748896 4.142173071176177 20
1753327761646 4.120604633833993 21
1753327776144 4.106425761725533 22
1753327789372 4.105830170968943 23
1753327802498 4.115544441218334 24
1753327816436 4.096270971335298 25
1753327830672 4.103419721502374 26
1753327844086 4.136182278858207 27
1753327855773 4.118989013833827 28
1753327869304 4.0844338372656654 29
1753327883988 4.073978974669859 30
1753327897961 4.065415184980884 31
1753327912410 4.0698230072398704 32
1753327926768 4.083158104872694 33
1753327941394 4.092576851935986 34
1753327953329 4.076471203212329 35
1753327967333 4.0799771675095435 36
1753327982018 4.057393886377552 37
1753327995012 4.052146177950302 38
1753328007446 4.06719587642438 39
1753328021091 4.051600115546763 40
1753328034661 4.04887915243868 41
1753328050145 4.0609416031647045 42
1753328063900 4.046173557332205 43
1753328077045 4.056288703142369 44
1753328088706 4.0462821863338 45
1753328102053 4.0657345586686935 46
1753328113558 4.060460313371672 47
1753328127700 4.025536997621928 48
1753328140548 4.024432412262171 49
1753328154005 4.0540815960614305 50
1753328167727 4.029781888241826 51
1753328180880 4.037974108212532 52
1753328193612 4.0580318727228715 53
1753328205486 4.044527134733974 54
1753328218650 4.043642079532021 55
1753328231849 4.049512022480638 56
1753328245633 4.038796241216271 57
1753328259885 4.034382566151974 58
1753328273901 4.040937178297272 59
1753328287261 4.012292714292335 60
1753328301060 4.023215782371776 61
1753328314815 4.027725718887276 62
1753328329303 4.037324605054743 63
1753328342707 4.048298190701353 64
1753328356455 4.0280401345660275 65
1753328369492 4.043723964688657 66
1753328382510 4.033454022759798 67
1753328396767 4.024476640336701 68
1753328410028 4.040490399944327 69
1753328424384 4.0305236508586715 70
1753328438597 4.047002358514755 71
1753328453063 4.007585355693325 72
1753328467135 4.051388714958911 73
1753328481251 4.03678413571656 74
1753328494899 4.042155338240652 75
1753328509119 4.029762317974961 76
1753328522537 4.040244267712425 77
1753328535727 4.023159957974335 78
1753328549255 4.03442443126187 79
1753328563912 4.042651236508262 80
1753328577518 4.0410428291712055 81
1753328590675 4.046502118754056 82
1753328604717 4.054276362067764 83
1753328617150 4.06295505351457 84
1753328630879 4.054026514968235 85
1753328643687 4.060325004301336 86
1753328657443 4.047968826621157 87
1753328671351 4.026209101638357 88
1753328684804 4.055820529603216 89
1753328698637 4.014134288873929 90
1753328711734 4.0352291633672905 91
1753328725475 4.026402217831217 92
1753328738323 4.026377405074024 93
1753328751030 4.049482186071609 94
1753328763251 4.031295766044735 95
1753328777509 4.04036387420342 96
1753328791472 4.031971089413508 97
1753328804810 4.048328789756698 98
1753328818266 4.058993575263795 99
1753328833694 4.062375834091915 100
