1753281234916 0.011879049676025918 0
1753281242736 0.012211330785844824 1
1753281251058 0.020518358531317494 2
1753281259190 0.026748629340421996 3
1753281266995 0.030320651270975246 4
1753281275000 0.04278119288918425 5
1753281282876 0.04892839342083403 6
1753281290319 0.05225120451902309 7
1753281298088 0.05648778866921415 8
1753281306215 0.06429639474995846 9
1753281314224 0.06745306529323808 10
1753281322095 0.06703771390596444 11
1753281328851 0.07293570360525004 12
1753281336624 0.07908290413689982 13
1753281344524 0.0796643960790829 14
1753281352386 0.09229107825220136 15
1753281359778 0.08855291576673865 16
1753281367824 0.09079581325801628 17
1753281375927 0.10009968433294567 18
1753281383489 0.09793985711912277 19
1753281391423 0.09661073267984716 20
1753281399175 0.09744143545439442 21
1753281407051 0.09935205183585313 22
1753281414765 0.10541618209004817 23
1753281422421 0.10998504735005815 24
1753281430837 0.11073267984715068 25
1753281438846 0.11289250706097359 26
1753281446699 0.11671373982389101 27
1753281454510 0.11837514537298555 28
1753281461358 0.12560225951154677 29
1753281468648 0.12576840006645623 30
1753281476484 0.1256853297890015 31
1753281484405 0.1313341086559229 32
1753281491883 0.13274630337265325 33
1753281499441 0.13341086559229107 34
1753281507005 0.13706595780029907 35
1753281514813 0.14321315833194884 36
1753281521411 0.14337929888685827 37
1753281529344 0.14952649941850807 38
1753281537236 0.1527662402392424 39
1753281544981 0.1627346735338096 40
1753281551756 0.15891344077089217 41
1753281559584 0.15916265160325635 42
1753281567366 0.15783352716398072 43
1753281575050 0.15941186243562053 44
1753281582227 0.1658082737996345 45
1753281589665 0.1658082737996345 46
1753281597486 0.16472836019272305 47
1753281605637 0.17046020933709918 48
1753281614200 0.17336766904801462 49
1753281622684 0.17087556072437282 50
1753281629726 0.17162319322146535 51
1753281636495 0.16871573351054991 52
1753281644573 0.17220468516364845 53
1753281652618 0.17295231766074098 54
1753281661037 0.1810932048513042 55
1753281668569 0.1829207509553082 56
1753281676556 0.18815417843495597 57
1753281683396 0.18549592955640473 58
1753281691331 0.18840338926732014 59
1753281699324 0.1875726864927729 60
1753281707109 0.18582821066622363 61
1753281715256 0.1870742648280445 62
1753281723343 0.1869911945505898 63
1753281730612 0.19795647117461374 64
1753281738576 0.196959627845157 65
1753281746429 0.19720883867752118 66
1753281753870 0.1991194550589799 67
1753281761528 0.19837182256188735 68
1753281769534 0.19928559561388934 69
1753281777741 0.20227612560225952 70
1753281785216 0.20510051503572022 71
1753281793601 0.20202691476989534 72
1753281801474 0.19970094700116298 73
1753281809061 0.20568200697790331 74
1753281816766 0.2115799966771889 75
1753281824300 0.2075095530819073 76
1753281831670 0.20584814753281275 77
1753281839213 0.20867253696627347 78
1753281847025 0.21697956471174615 79
1753281855359 0.2149858780528327 80
1753281862993 0.21722877554411033 81
1753281871201 0.21805947831865757 82
1753281879294 0.22080079747466355 83
1753281886717 0.21805947831865757 84
1753281895091 0.2215484299717561 85
1753281903018 0.22636650606413025 86
1753281910762 0.22129921913939193 87
1753281919078 0.22229606246884864 88
1753281926133 0.2265326466190397 89
1753281933582 0.22968931716231933 90
1753281940638 0.22703106828376807 91
1753281947614 0.22387439774048845 92
1753281955655 0.22728027911613224 93
1753281963290 0.23193221465359695 94
1753281971082 0.23317826881541784 95
1753281979344 0.23068616049177604 96
1753281987106 0.23052001993686658 97
1753281994227 0.23915932879215818 98
1753282001874 0.23965775045688653 99
1753282008647 0.23052001993686658 100
