1753281234917 4.597707616676549 0
1753281242737 4.569381840392389 1
1753281251059 4.5436843679752 2
1753281259191 4.518633096896584 3
1753281266996 4.4909532698025565 4
1753281275001 4.4696457400047365 5
1753281282877 4.453681582761142 6
1753281290320 4.417633613151079 7
1753281298089 4.38651162042694 8
1753281306216 4.359293637129378 9
1753281314225 4.330144175114176 10
1753281322096 4.298834339917934 11
1753281328852 4.281317279838924 12
1753281336625 4.253214786462595 13
1753281344525 4.229850362458616 14
1753281352387 4.21262691235432 15
1753281359779 4.192529111361494 16
1753281367825 4.174217439689973 17
1753281375928 4.156251622679455 18
1753281383490 4.148958090424989 19
1753281391424 4.1453874736535745 20
1753281399176 4.1264202398830925 21
1753281407052 4.116805399501459 22
1753281414766 4.096318212513565 23
1753281422422 4.089177148188799 24
1753281430838 4.064725658832452 25
1753281438847 4.059985583747521 26
1753281446700 4.076842679752929 27
1753281454511 4.059565837165797 28
1753281461359 4.039324864212732 29
1753281468649 4.016251930172276 30
1753281476485 4.01603656408415 31
1753281484406 4.019197560023139 32
1753281491884 4.011363397781064 33
1753281499442 4.008078277787525 34
1753281507006 3.9851242382018293 35
1753281514814 3.988332953960167 36
1753281521412 3.977999789316948 37
1753281529345 3.9736212754560247 38
1753281537237 3.975873583151844 39
1753281544982 3.961650152875877 40
1753281551757 3.9498069856586753 41
1753281559585 3.9535105045526255 42
1753281567367 3.9491338714825703 43
1753281575051 3.942337649967952 44
1753281582228 3.939871774495475 45
1753281589666 3.9497766981559823 46
1753281597487 3.9306685283636034 47
1753281605638 3.912500749019175 48
1753281614201 3.899138085578559 49
1753281622685 3.9056723278928773 50
1753281629727 3.898896842706399 51
1753281636496 3.890047416109756 52
1753281644574 3.883520238361423 53
1753281652619 3.891942386644234 54
1753281661038 3.8834792362536237 55
1753281668570 3.8863694742979646 56
1753281676557 3.8658552757828812 57
1753281683397 3.8676872424540174 58
1753281691332 3.861820668220119 59
1753281699325 3.850884891172676 60
1753281707110 3.8430781292033425 61
1753281715257 3.83570243669388 62
1753281723344 3.849303111402665 63
1753281730613 3.8470065597978746 64
1753281738577 3.8325330908932873 65
1753281746430 3.825890941547716 66
1753281753871 3.8206167334816747 67
1753281761529 3.8234102719969587 68
1753281769535 3.8304044561959354 69
1753281777743 3.814301464676907 70
1753281785217 3.814616584286764 71
1753281793602 3.7927283535438607 72
1753281801475 3.801275680650428 73
1753281809062 3.800516840037602 74
1753281816767 3.804805050506568 75
1753281824301 3.7882376862905165 76
1753281831671 3.7835042184017547 77
1753281839214 3.784404947458069 78
1753281847026 3.7740087309470947 79
1753281855360 3.7817262453459652 80
1753281862994 3.7716977965085134 81
1753281871202 3.7931414592060637 82
1753281879295 3.779864358521149 83
1753281886719 3.777664256652096 84
1753281895092 3.7729224639562258 85
1753281903019 3.7675981097684383 86
1753281910763 3.755639112536874 87
1753281919079 3.7364393580656383 88
1753281926134 3.755316343614162 89
1753281933583 3.7498266304325987 90
1753281940639 3.7430009709881755 91
1753281947615 3.7322799630804493 92
1753281955656 3.7465426208543 93
1753281963291 3.7264377379076676 94
1753281971083 3.7331678220934106 95
1753281979345 3.726159270744757 96
1753281987107 3.7119390881327132 97
1753281994228 3.7210067233001047 98
1753282001875 3.728230671127988 99
1753282008648 3.7126609052665698 100
