1754689990687 0.19885421377958692 0
1754690016900 0.42670485954068044 1
1754690042693 0.4206241519674355 2
1754690075969 0.653801698577818 3
1754690101283 0.6943565003266495 4
1754690128725 0.7249610533192623 5
1754690166572 0.7662696617920498 6
1754690190291 0.768631589527112 7
1754690217594 0.7960701542791095 8
1754690251044 0.7932056887280768 9
1754690278589 0.8111965425398261 10
1754690303509 0.8120508568269762 11
1754690328748 0.8120006030453791 12
1754690354342 0.8079803005176139 13
1754690382243 0.82808181315644 14
1754690414048 0.8200412081009096 15
1754690439857 0.8315493240866375 16
1754690468902 0.8281823207196342 17
1754690494897 0.8221016131463893 18
1754690520768 0.8229559274335394 19
1754690546763 0.8399919593949444 20
1754690574568 0.8321021156842052 21
1754690600089 0.8276797829036635 22
1754690625595 0.8277300366852606 23
1754690659286 0.8443640383938892 24
1754690684045 0.8407457661189004 25
1754690717506 0.8372782551887029 26
1754690745152 0.8482335795768632 27
1754690768753 0.8489371325192221 28
1754690793505 0.849640685461581 29
1754690824431 0.8516005829438665 30
1754690846520 0.8501432232775517 31
1754690873229 0.8473792652897131 32
1754690906012 0.8508970300015076 33
1754690931516 0.8516508367254636 34
1754690958184 0.8515503291622695 35
1754690990651 0.8515503291622695 36
1754691019196 0.8522538821046284 37
1754691047782 0.8530076888285844 38
1754691078701 0.8438112467963215 39
1754691109726 0.845771144278607 40
1754691135364 0.8390873913261973 41
1754691167053 0.8559224081612141 42
1754691200605 0.8444645459570833 43
1754691231582 0.8429066787275743 44
1754691264263 0.8426051560379919 45
1754691289366 0.85582190059802 46
1754691324242 0.8454696215890246 47
1754691351248 0.8439117543595156 48
1754691376774 0.8443137846122921 49
1754691406369 0.8428564249459772 50
1754691442368 0.8564751997587818 51
1754691474062 0.8575807829539173 52
1754691500671 0.8585858585858586 53
1754691533565 0.8592894115282175 54
1754691557767 0.8595406804362028 55
1754691584496 0.8591386501834263 56
1754691612849 0.8606462636313382 57
1754691642128 0.8600432182521734 58
1754691670415 0.858937635057038 59
1754691698965 0.8580330669882908 60
1754691726237 0.8585858585858586 61
1754691761427 0.8577315442987085 62
1754691784082 0.8576310367355143 63
1754691812238 0.8583345896778732 64
1754691844960 0.8585356048042615 65
1754691873533 0.8579828132066938 66
1754691904567 0.8583345896778732 67
1754691930717 0.8584350972410674 68
1754691954790 0.8585356048042615 69
1754691980477 0.8584350972410674 70
1754692008448 0.8575305291723202 71
1754692033723 0.8583345896778732 72
1754692067492 0.8575807829539173 73
1754692103915 0.8594904266546057 74
1754692137624 0.8574300216091261 75
1754692170881 0.8582340821146791 76
1754692203906 0.8585858585858586 77
1754692234980 0.8583345896778732 78
1754692268331 0.858133574551485 79
1754692297535 0.862053369516056 80
1754692323988 0.8629076838032061 81
1754692353057 0.8609980401025177 82
1754692382605 0.8624051459872355 83
1754692405704 0.8628574300216091 84
1754692440755 0.8628574300216091 85
1754692463637 0.8625056535504296 86
1754692496388 0.8627066686768179 87
1754692522116 0.8625559073320267 88
1754692551350 0.8638625056535504 89
1754692581317 0.8642142821247298 90
1754692610216 0.8651691039750741 91
1754692641553 0.8655711342278506 92
1754692669900 0.8647670737222976 93
1754692692444 0.8652696115382682 94
1754692718467 0.864314789687924 95
1754692750354 0.8645158048143122 96
1754692776864 0.8637619980903563 97
1754692799294 0.8639127594351474 98
1754692826117 0.8640132669983416 99
1754692850797 0.8649680888486858 100
