1754689990688 2.252731894830802 0
1754690016901 2.0042784048929403 1
1754690042694 1.9684415179877537 2
1754690075971 1.614464769562614 3
1754690101284 1.5565829063976124 4
1754690128726 1.5076161874694092 5
1754690166573 1.5059264010118496 6
1754690190292 1.4991437118342892 7
1754690217595 1.5212883726290778 8
1754690251045 1.5227591712933635 9
1754690278590 1.5630330459942254 10
1754690303510 1.5959549626425615 11
1754690328749 1.5850060702453834 12
1754690354343 1.6091255090884575 13
1754690382244 1.639518980210656 14
1754690414049 1.6368943623735606 15
1754690439858 1.6777648396441842 16
1754690468903 1.6697458192051964 17
1754690494898 1.692005559693985 18
1754690520769 1.7019718927295588 19
1754690546764 1.7346118987091368 20
1754690574570 1.7227997170861955 21
1754690600090 1.7450176193132942 22
1754690625596 1.746802888278185 23
1754690659287 1.766713371397728 24
1754690684047 1.7920690234916816 25
1754690717507 1.8118117637642737 26
1754690745154 1.8082967674225925 27
1754690768755 1.8287626093224536 28
1754690793506 1.8264091121793722 29
1754690824432 1.8377206170189384 30
1754690846522 1.8557723943855786 31
1754690873230 1.829283839637112 32
1754690906014 1.8499001128943575 33
1754690931517 1.869209179101494 34
1754690958185 1.8851964313307707 35
1754690990652 1.9039927738188185 36
1754691019198 1.916295033121817 37
1754691047783 1.9297336258692785 38
1754691078702 1.932143005170167 39
1754691109727 1.9352976764918113 40
1754691135365 1.94710990753372 41
1754691167054 1.9335090350960369 42
1754691200607 1.9309616686904165 43
1754691231583 1.9490745376936316 44
1754691264265 1.9682924558108439 45
1754691289368 1.958600473129768 46
1754691324244 1.9792049011810648 47
1754691351249 1.9883609794036852 48
1754691376776 1.990166043530332 49
1754691406370 2.00775304152371 50
1754691442369 1.9890347157587358 51
1754691474064 1.989913480435457 52
1754691500672 2.000734180866761 53
1754691533567 1.999964678007558 54
1754691557768 1.9987474702012733 55
1754691584497 2.0038904375956816 56
1754691612851 2.010903610690897 57
1754691642129 2.0174615935873206 58
1754691670416 2.0190360549631317 59
1754691698966 2.025447844170454 60
1754691726239 2.028811164991808 61
1754691761428 2.032462864856273 62
1754691784084 2.03575041477616 63
1754691812240 2.0361814163227976 64
1754691844961 2.0437251747574154 65
1754691873535 2.0485124401736385 66
1754691904569 2.054560580348501 67
1754691930719 2.0663413258098093 68
1754691954791 2.064792212437998 69
1754691980478 2.079995574441507 70
1754692008449 2.080143563392399 71
1754692033724 2.0808705951894257 72
1754692067493 2.0774272357677765 73
1754692103917 2.0888290800058344 74
1754692137626 2.093346489147128 75
1754692170882 2.0991572388156414 76
1754692203907 2.106711551626673 77
1754692234981 2.1121648512382443 78
1754692268332 2.115926676192149 79
1754692297536 2.1017133094063025 80
1754692323990 2.0977656211357623 81
1754692353058 2.083422794075765 82
1754692382606 2.108235386228951 83
1754692405705 2.1051718377875126 84
1754692440756 2.1059374310747336 85
1754692463638 2.1116623352942776 86
1754692496389 2.117388845356878 87
1754692522118 2.1135265937873915 88
1754692551351 2.1188772070104567 89
1754692581318 2.1273201627449314 90
1754692610217 2.13186519423593 91
1754692641555 2.134242532852475 92
1754692669901 2.1373451864600748 93
1754692692445 2.1440020731592115 94
1754692718469 2.1459791653489892 95
1754692750355 2.1527364586562623 96
1754692776866 2.1504522715261998 97
1754692799295 2.157525837591521 98
1754692826118 2.159855692584133 99
1754692850799 2.1632170521839824 100
