1753691345973 0.03447416514371158 0
1753691361997 0.034391094866256855 1
1753691379153 0.04062136567536136 2
1753691395032 0.03904303040372155 3
1753691413586 0.040538295397906626 4
1753691428521 0.04186741983718226 5
1753691446768 0.051669712576840006 6
1753691465361 0.055823226449576345 7
1753691482876 0.05665392922412361 8
1753691502065 0.05391261006811763 9
1753691520721 0.06321648114304702 10
1753691539337 0.046685495929556405 11
1753691556739 0.010383784681840837 12
1753691576826 0.010466854959295564 13
1753691593422 0.05931217810267486 14
1753691611055 0.06371490280777538 15
1753691627937 0.009968433294567204 16
1753691647354 0.00930387107492939 17
1753691666027 0.06496095696959628 18
1753691682926 0.05665392922412361 19
1753691699535 0.062302708091045024 20
1753691712492 0.011629838843661738 21
1753691730667 0.07476324970925403 22
1753691748702 0.0463532148197375 23
1753691764639 0.01030071440438611 24
1753691780579 0.04111978734008972 25
1753691797382 0.010466854959295564 26
1753691817054 0.046685495929556405 27
1753691832655 0.078418341917262 28
1753691849158 0.06662236251869082 29
1753691868677 0.04735005814919422 30
1753691885453 0.07883369330453564 31
1753691902461 0.0818242232929058 32
1753691918907 0.06413025419504902 33
1753691938302 0.08755607243728195 34
1753691955148 0.07617544442598438 35
1753691974730 0.010383784681840837 36
1753691991497 0.08124273135072271 37
1753692008360 0.09129423492274465 38
1753692028854 0.1001827546104004 39
1753692046077 0.10059810599767403 40
1753692063223 0.08581159661073268 41
1753692077653 0.10749293902641635 42
1753692094255 0.08772221299219139 43
1753692108904 0.011629838843661738 44
1753692126944 0.09985047350058149 45
1753692146076 0.1092374148529656 46
1753692161983 0.012294401063299551 47
1753692179864 0.01030071440438611 48
1753692194886 0.07193886027579333 49
1753692214241 0.05457717228775544 50
1753692234623 0.09494932713075262 51
1753692253668 0.10358863598604419 52
1753692272659 0.09295564047183917 53
1753692290151 0.011214487456388105 54
1753692307658 0.11364013955806612 55
1753692325175 0.07775377969762419 56
1753692343945 0.091792656587473 57
1753692361570 0.1026748629340422 58
1753692379892 0.012294401063299551 59
1753692393581 0.09154344575510882 60
1753692407968 0.009386941352384118 61
1753692423513 0.08481475328127595 62
1753692441373 0.10832364180096361 63
1753692453713 0.06961289250706097 64
1753692471429 0.13665060641302543 65
1753692490402 0.11579996677188902 66
1753692508522 0.11247715567369995 67
1753692518154 0.09461704602093371 68
1753692535900 0.10907127429805616 69
1753692553141 0.1151354045522512 70
1753692571414 0.12061804286426317 71
1753692588586 0.009719222462203024 72
1753692606949 0.11222794484133577 73
1753692625999 0.10666223625186907 74
1753692640294 0.12992191393919256 75
1753692656196 0.11812593454062137 76
1753692672922 0.009636152184748297 77
1753692690017 0.13258016281774382 78
1753692707050 0.09843827878385114 79
1753692724229 0.11272636650606413 80
1753692740126 0.12983884366173784 81
1753692759224 0.011712909121116465 82
1753692778479 0.1005150357202193 83
1753692795718 0.13515534141884034 84
1753692812490 0.12294401063299551 85
1753692829294 0.10408705765077256 86
1753692849126 0.12344243229772388 87
1753692866375 0.11181259345406214 88
1753692884206 0.1001827546104004 89
1753692901653 0.12502076756936367 90
1753692920924 0.12551918923409205 91
1753692930996 0.009470011629838843 92
1753692946274 0.009137730520019937 93
1753692963646 0.00930387107492939 94
1753692981092 0.13889350390430305 95
1753692993403 0.09312178102674863 96
1753693004429 0.11953812925735172 97
1753693022650 0.011214487456388105 98
1753693039921 0.009137730520019937 99
1753693057910 0.1397242066788503 100
