1753691345974 6.798669983968358 0
1753691361998 6.4366482065324275 1
1753691379154 6.437569351037694 2
1753691395033 7.024826600477444 3
1753691413587 6.274453585064677 4
1753691428522 6.830979195805897 5
1753691446769 6.361029564933448 6
1753691465362 6.39275878132918 7
1753691482877 6.853639088818484 8
1753691502066 6.020551874926733 9
1753691520722 6.061968670892535 10
1753691539338 6.308742265144583 11
1753691556740 12.722572659956151 12
1753691576827 12.70596778561205 13
1753691593423 6.2849559691046 14
1753691611056 6.118231478394231 15
1753691627939 13.272330570847211 16
1753691647355 12.633275951394799 17
1753691666028 6.312375647028788 18
1753691682927 6.480608088797809 19
1753691699536 6.645038507844331 20
1753691712493 13.356419156574411 21
1753691730668 6.042888440608277 22
1753691748703 6.630400523820523 23
1753691764640 13.889513661880866 24
1753691780580 6.8451511862273975 25
1753691797383 13.083977180102131 26
1753691817055 6.230050232241062 27
1753691832656 6.149666547480878 28
1753691849160 6.160682679124618 29
1753691868678 7.468506603769115 30
1753691885454 5.843685307231907 31
1753691902463 5.989585594971324 32
1753691918908 6.970065139613015 33
1753691938303 6.259949759625997 34
1753691955150 6.480794784957845 35
1753691974731 13.459069817191482 36
1753691991498 6.501318697244893 37
1753692008361 6.5699778351167035 38
1753692028855 6.110751828462975 39
1753692046078 6.037862337483684 40
1753692063224 6.2939622626287965 41
1753692077654 6.357910060991243 42
1753692094256 6.464566599716248 43
1753692108905 14.470610470835261 44
1753692126946 5.83802667310279 45
1753692146077 6.294459716196494 46
1753692161984 14.713313230839647 47
1753692179865 14.71179437069169 48
1753692194887 6.146005563459862 49
1753692214242 6.795069633718046 50
1753692234624 5.813502944017807 51
1753692253669 5.434923564325415 52
1753692272660 6.112186307429691 53
1753692290153 13.936971967784382 54
1753692307659 5.717491298390943 55
1753692325176 6.209450243663367 56
1753692343946 6.211527043803994 57
1753692361571 6.635629002684465 58
1753692379893 15.170150587314469 59
1753692393582 6.3213049466289135 60
1753692407969 15.731137953268677 61
1753692423514 6.007303404339526 62
1753692441374 5.959021422939987 63
1753692453714 6.7784101860523345 64
1753692471430 5.561718886415151 65
1753692490403 5.67560982691009 66
1753692508524 5.715580412122872 67
1753692518155 6.234929124673984 68
1753692535902 5.96577844977811 69
1753692553143 5.772789708114362 70
1753692571415 5.534406250517325 71
1753692588587 15.727106259541882 72
1753692606950 5.804332528595302 73
1753692626000 6.3017741302141825 74
1753692640295 5.554912170316177 75
1753692656197 5.853919707348288 76
1753692672923 15.416475178229916 77
1753692690018 5.720176563512482 78
1753692707051 6.388274300265658 79
1753692724231 6.292038347782703 80
1753692740127 5.237772850879555 81
1753692759226 14.964380555797685 82
1753692778480 6.080572338691025 83
1753692795719 5.576960368705941 84
1753692812491 6.232365318956484 85
1753692829295 6.205500580567731 86
1753692849127 5.415121548645082 87
1753692866376 5.976313943480631 88
1753692884208 6.242713101490073 89
1753692901654 5.466819134636768 90
1753692920926 5.5258371836712135 91
1753692930997 14.92763740442934 92
1753692946275 15.167044947815372 93
1753692963647 14.07416422272847 94
1753692981093 5.441927609065592 95
1753692993404 6.17397668607652 96
1753693004431 5.623796081352085 97
1753693022651 14.143590321252661 98
1753693039922 13.697048698262172 99
1753693057911 5.538318558103988 100
