1754573549516 0.2102466162916217 0
1754573569964 0.26853773976583906 1
1754573593341 0.3320601179108196 2
1754573610396 0.31694760441750397 3
1754573632864 0.3785601594287138 4
1754573651863 0.3581333554762102 5
1754573672887 0.4034708959561571 6
1754573694758 0.38794320352071743 7
1754573713732 0.42771734617620194 8
1754573735717 0.4327825292701154 9
1754573758753 0.4542057626837167 10
1754573781311 0.44407539649588973 11
1754573802564 0.468570954081209 12
1754573827705 0.45752719422070914 13
1754573847461 0.4713111350992278 14
1754573871912 0.47263970771402475 15
1754573895525 0.48476293282404714 16
1754573917226 0.4889147222452877 17
1754573938022 0.49879598106784023 18
1754573964173 0.4924022253591298 19
1754573982856 0.5144897450801296 20
1754574005951 0.4990450884331147 21
1754574028028 0.5202192144814415 22
1754574051371 0.5075977746408702 23
1754574067839 0.5295192227850204 24
1754574086690 0.5167317113675994 25
1754574106745 0.5295192227850204 26
1754574128309 0.5193888565971934 27
1754574149456 0.5363281574358548 28
1754574174752 0.5338370837831106 29
1754574196611 0.5413933405297683 30
1754574222832 0.5319272606493398 31
1754574241728 0.543718342605663 32
1754574259919 0.5373245868969526 33
1754574281291 0.5502781698912231 34
1754574305463 0.5424728057792909 35
1754574326879 0.5559246035041103 36
1754574349430 0.5466245952005314 37
1754574369211 0.5594951424063771 38
1754574398983 0.549032633064851 39
1754574418296 0.5633978244623433 40
1754574441717 0.5548451382545877 41
1754574461291 0.5649755044424147 42
1754574484675 0.5584987129452794 43
1754574505021 0.5688781864983808 44
1754574529637 0.5587478203105538 45
1754574549518 0.569708544382629 46
1754574574446 0.556505854023084 47
1754574593191 0.5711201527858507 48
1754574618555 0.5596612139832268 49
1754574638591 0.5736112264385951 50
1754574659603 0.5628996097317944 51
1754574680802 0.5748567632649672 52
1754574706072 0.5644772897118658 53
1754574726944 0.5748567632649672 54
1754574751920 0.5664701486340613 55
1754574771430 0.5763514074566138 56
1754574795986 0.5689612222868056 57
1754574813097 0.5844058789338205 58
1754574836076 0.5707049738437266 59
1754574854464 0.585900523125467 60
1754574871535 0.5736942622270198 61
1754574890199 0.5834924852611476 62
1754574917266 0.5761023000913393 63
1754574934833 0.587229095740264 64
1754574962344 0.577181765340862 65
1754574978471 0.5898032051814331 66
1754575002058 0.5795067674167567 67
1754575020322 0.589886240969858 68
1754575045334 0.5782612305903845 69
1754575062914 0.5913808851615046 70
1754575092160 0.5819148052810762 71
1754575106200 0.592543386199452 72
1754575131933 0.5819978410695009 73
1754575149349 0.5934567798721249 74
1754575171841 0.5826621273768995 75
1754575189367 0.594287137756373 76
1754575210185 0.5854023083949182 77
1754575229783 0.5949514240637714 78
1754575256500 0.5821639126463506 79
1754575273643 0.5976916050817902 80
1754575297944 0.5845719505106701 81
1754575316878 0.5979407124470647 82
1754575339438 0.5833264136842979 83
1754575358128 0.5990201776965872 84
1754575382354 0.5856514157601926 85
1754575398782 0.6001826787345346 86
1754575417978 0.5831603421074483 87
1754575436839 0.6001826787345346 88
1754575459816 0.5879764178360873 89
1754575479951 0.6043344681557752 90
1754575507009 0.5852362368180686 91
1754575525480 0.6044175039441999 92
1754575544015 0.5885576683550611 93
1754575560875 0.6030058955409782 94
1754575584880 0.5891389188740347 95
1754575603312 0.6064933986548202 96
1754575630650 0.5914639209499294 97
1754575652333 0.6062442912895458 98
1754575673007 0.590301419911982 99
1754575690772 0.6074067923274932 100
