1754573549517 2.2057210312687054 0
1754573569964 2.0855503596221086 1
1754573593341 1.8891530332689839 2
1754573610396 1.8543926605981442 3
1754573632865 1.705504272726271 4
1754573651864 1.7046151699242515 5
1754573672888 1.6092918906753166 6
1754573694758 1.6042198724699503 7
1754573713733 1.5329159500035 8
1754573735718 1.514069307353834 9
1754573758753 1.4695326351665003 10
1754573781312 1.474644559259011 11
1754573802564 1.4244224872587605 12
1754573827705 1.431129095773036 13
1754573847462 1.4144975255669519 14
1754573871912 1.4006775028896914 15
1754573895526 1.378354569669521 16
1754573917227 1.3618689320397759 17
1754573938023 1.3383990682931437 18
1754573964174 1.3431504078039926 19
1754573982857 1.306286771296074 20
1754574005952 1.3245913522583201 21
1754574028028 1.286966608876477 22
1754574051371 1.3006264699721848 23
1754574067839 1.2631605651697242 24
1754574086690 1.2820090653552112 25
1754574106746 1.2584809420964576 26
1754574128310 1.2647713958564282 27
1754574149456 1.2464179412415526 28
1754574174753 1.2403225812373688 29
1754574196611 1.2313903841066858 30
1754574222833 1.239938737477765 31
1754574241729 1.2235322297717859 32
1754574259920 1.2244370913395082 33
1754574281292 1.2074449821512616 34
1754574305463 1.2062647711821435 35
1754574326879 1.1919883808000256 36
1754574349430 1.1966819250556031 37
1754574369212 1.1846120672578206 38
1754574398983 1.1924368948773767 39
1754574418296 1.1779769311950126 40
1754574441717 1.1750455778233375 41
1754574461292 1.1742679066799122 42
1754574484675 1.1697358459409988 43
1754574505021 1.1581001490285494 44
1754574529637 1.1666358243030666 45
1754574549519 1.165893460935407 46
1754574574447 1.174468176503742 47
1754574593192 1.1627877367061752 48
1754574618556 1.1646741533050944 49
1754574638591 1.147596551489835 50
1754574659603 1.1589015518717638 51
1754574680803 1.1438259409651124 52
1754574706072 1.1530360600078617 53
1754574726945 1.1498096844663164 54
1754574751920 1.1489498584288806 55
1754574771431 1.1426622455840791 56
1754574795987 1.144165092072565 57
1754574813098 1.1252103443692965 58
1754574836076 1.1402251571715003 59
1754574854464 1.1198904229109916 60
1754574871535 1.1281019063806121 61
1754574890200 1.1301653492848978 62
1754574917266 1.1213529495217955 63
1754574934833 1.1202453175644378 64
1754574962344 1.1206153452195535 65
1754574978472 1.1082130371873042 66
1754575002059 1.1159864790900826 67
1754575020323 1.1097252332823542 68
1754575045334 1.1166338766568042 69
1754575062914 1.1070594481257652 70
1754575092161 1.1095776180952486 71
1754575106200 1.1033771538698187 72
1754575131934 1.1069922806866146 73
1754575149350 1.098031592039076 74
1754575171841 1.102626741919494 75
1754575189368 1.097942265998117 76
1754575210186 1.0970880261723583 77
1754575229784 1.0989102418051928 78
1754575256500 1.0994903362648782 79
1754575273644 1.0866294998750907 80
1754575297944 1.1020253342839166 81
1754575316878 1.089015075932206 82
1754575339438 1.102709442620317 83
1754575358128 1.0877819538136855 84
1754575382354 1.0964026013381383 85
1754575398783 1.0848198376373146 86
1754575417978 1.1044247548653734 87
1754575436839 1.087043405625037 88
1754575459816 1.0875797402631513 89
1754575479951 1.0765059694166044 90
1754575507010 1.0958136939541723 91
1754575525481 1.0763149286244496 92
1754575544015 1.0890129147554106 93
1754575560875 1.0744125255989263 94
1754575584881 1.0852730804936617 95
1754575603313 1.0703160618271024 96
1754575630651 1.0831702734973743 97
1754575652334 1.0675804115582348 98
1754575673008 1.0850460004310964 99
1754575690772 1.0637907110807419 100
