1753313060723 0.0304867918258847 0
1753313097508 0.05640471839175943 1
1753313132452 0.07044359528160823 2
1753313166748 0.09029739159328792 3
1753313195472 0.11197873400897158 4
1753313229650 0.12045190230935371 5
1753313263821 0.1493603588635986 6
1753313290425 0.1680511712909121 7
1753313323471 0.17627512875893006 8
1753313358959 0.18840338926732014 9
1753313379463 0.19380295730187738 10
1753313411527 0.21332447250373815 11
1753313447928 0.2199700947001163 12
1753313467201 0.23101844160159496 13
1753313501179 0.24048845323143378 14
1753313534562 0.2555241734507393 15
1753313568290 0.24879548097690646 16
1753313599850 0.24970925402890845 17
1753313615717 0.26358199036384783 18
1753313650023 0.26840006645622194 19
1753313684048 0.2680677853464031 20
1753313699441 0.27388270476823395 21
1753313736515 0.2709752450573185 22
1753313763344 0.2847649111148031 23
1753313798279 0.2858448247217146 24
1753313833370 0.28385113806280116 25
1753313870301 0.29008140887190564 26
1753313902305 0.28567868416680514 27
1753313936336 0.2875893005482638 28
1753313952294 0.29888685828210665 29
1753313987293 0.3009636152184748 30
1753314012116 0.2958132580162818 31
1753314027793 0.3009636152184748 32
1753314060933 0.3071108157501246 33
1753314096083 0.3027080910450241 34
1753314132082 0.3067785346403057 35
1753314165840 0.3069446751952152 36
1753314198215 0.3111812593454062 37
1753314231903 0.3179099518192391 38
1753314266255 0.31284266489450074 39
1753314302295 0.31907293570360523 40
1753314339762 0.32812759594617047 41
1753314358089 0.3204851304203356 42
1753314376139 0.32314337929888687 43
1753314404062 0.3267154012294401 44
1753314429345 0.3267154012294401 45
1753314463430 0.3264661903970759 46
1753314495298 0.32339259013125105 47
1753314531978 0.32281109818906795 48
1753314564264 0.3302874231599934 49
1753314599563 0.32870908788835357 50
1753314632346 0.33253032065127097 51
1753314664014 0.3368499750789168 52
1753314696944 0.33734839674364514 53
1753314729477 0.33560392091709584 54
1753314765749 0.33992357534474166 55
1753314797478 0.33585313174946 56
1753314836188 0.3351054992523675 57
1753314869309 0.34133577006147203 58
1753314903321 0.34017278617710583 59
1753314937501 0.3316996178767237 60
1753314971711 0.3347732181425486 61
1753314994681 0.3366838345240073 62
1753315030185 0.33518856952982223 63
1753315045592 0.3442432297723874 64
1753315071698 0.3412526997840173 65
1753315096943 0.3459877055989367 66
1753315132302 0.337680677853464 67
1753315171606 0.3444093703272969 68
1753315204023 0.3493935869745805 69
1753315238342 0.34631998670875563 70
1753315271102 0.35238411696295063 71
1753315305171 0.3410034889516531 72
1753315336366 0.3478152517029407 73
1753315363690 0.35072271141385614 74
1753315401476 0.3493935869745805 75
1753315417515 0.3509719222462203 76
1753315447427 0.34631998670875563 77
1753315479866 0.3472337597607576 78
1753315507161 0.34557235421166305 79
1753315543274 0.3522179764080412 80
1753315579646 0.3526333277953148 81
1753315614495 0.3559561388935039 82
1753315652434 0.35271639807276955 83
1753315683998 0.3498089383618541 84
1753315716560 0.35853131749460043 85
1753315751652 0.3581159661073268 86
1753315770502 0.3522179764080412 87
1753315796241 0.35296560890513373 88
1753315822501 0.35670377139059645 89
1753315859161 0.34914437614221633 90
1753315895521 0.3543778036218641 91
1753315916450 0.35371324140222626 92
1753315932162 0.3540455225120452 93
1753315966367 0.3562053497258681 94
1753316001756 0.3611895663731517 95
1753316037777 0.3597773716564213 96
1753316076095 0.3562053497258681 97
1753316114923 0.35853131749460043 98
1753316145278 0.357451403887689 99
1753316180379 0.35512543611895664 100
