1753313060724 4.5468860172133025 0
1753313097509 4.41122684507823 1
1753313132453 4.277446190566263 2
1753313166749 4.184606766941267 3
1753313195473 4.121936958544692 4
1753313229651 4.044159246623491 5
1753313263822 3.9776661867552217 6
1753313290426 3.9383859648429933 7
1753313323472 3.903004495297825 8
1753313358960 3.8480549414601835 9
1753313379464 3.8302332132541115 10
1753313411529 3.80961574830143 11
1753313447929 3.791954190603772 12
1753313467202 3.7564862781384756 13
1753313501180 3.7522713133596284 14
1753313534563 3.747037312096535 15
1753313568291 3.7443476817897507 16
1753313599851 3.7426146457003866 17
1753313615718 3.7242274335348693 18
1753313650024 3.7209409278523475 19
1753313684049 3.7734289842901636 20
1753313699442 3.7497590773493465 21
1753313736516 3.7554458275142966 22
1753313763345 3.7335290183611103 23
1753313798280 3.758374076723401 24
1753313833371 3.7199692689806234 25
1753313870302 3.7659973366864845 26
1753313902306 3.8043889789182432 27
1753313936337 3.7853754746307593 28
1753313952295 3.744926540740852 29
1753313987294 3.7518570902669266 30
1753314012117 3.7456319691780084 31
1753314027794 3.76081168655339 32
1753314060934 3.79632207496971 33
1753314096084 3.796021339659332 34
1753314132083 3.786429224619599 35
1753314165841 3.7841759555953147 36
1753314198216 3.756117682075641 37
1753314231904 3.772185822327932 38
1753314266256 3.788018286578943 39
1753314302296 3.7827474408512507 40
1753314339763 3.81960979591352 41
1753314358090 3.8177349230179822 42
1753314376140 3.7950168439837353 43
1753314404063 3.803632032043195 44
1753314429346 3.7899823152014265 45
1753314463431 3.830357288364705 46
1753314495299 3.811052650476314 47
1753314531979 3.7670413707173536 48
1753314564265 3.7665600787195253 49
1753314599564 3.7974653497632684 50
1753314632347 3.783140761103636 51
1753314664015 3.8070426218308735 52
1753314696945 3.8131540767056142 53
1753314729478 3.811751316304265 54
1753314765750 3.835176423311033 55
1753314797479 3.83586152682113 56
1753314836189 3.83288740507942 57
1753314869310 3.855101455424252 58
1753314903322 3.8386478267356394 59
1753314937502 3.7763757673743994 60
1753314971712 3.7927328014684454 61
1753314994682 3.805724933925122 62
1753315030186 3.86333212072281 63
1753315045593 3.850366695581639 64
1753315071699 3.817770701864779 65
1753315096944 3.8136998057465634 66
1753315132303 3.7677730767039903 67
1753315171607 3.7853348581648865 68
1753315204024 3.855664518217471 69
1753315238343 3.8530045240215514 70
1753315271103 3.8185239143171645 71
1753315305172 3.7610682470926773 72
1753315336367 3.8287179513594443 73
1753315363691 3.81974010096848 74
1753315401477 3.8713649227532483 75
1753315417516 3.8277859191225074 76
1753315447428 3.838936778872942 77
1753315479867 3.811606038413463 78
1753315507163 3.794201011133324 79
1753315543275 3.8249089459866323 80
1753315579647 3.7868509756924977 81
1753315614496 3.845641124970074 82
1753315652435 3.852516293920304 83
1753315683999 3.851725690157637 84
1753315716561 3.824925487371692 85
1753315751653 3.849880464227824 86
1753315770503 3.8195968591437817 87
1753315796242 3.797486768613447 88
1753315822502 3.841733893629331 89
1753315859162 3.761786804292171 90
1753315895522 3.8016669988106058 91
1753315916451 3.8114559159478305 92
1753315932163 3.827395219244642 93
1753315966368 3.840004385739076 94
1753316001757 3.8281981896682664 95
1753316037778 3.8294199258965973 96
1753316076096 3.803906475610721 97
1753316114924 3.831063730268731 98
1753316145279 3.862073053017465 99
1753316180380 3.818806977476729 100
