1753786001862 0.017693969097856786 0
1753786012793 0.026748629340421996 1
1753786024535 0.038046187074264826 2
1753786036989 0.04485794982555242 3
1753786049345 0.06662236251869082 4
1753786060180 0.07052666555906296 5
1753786072960 0.08323641800963615 6
1753786085193 0.09420169463366007 7
1753786096926 0.10242565210167802 8
1753786109728 0.11521847482970593 9
1753786120967 0.11563382621697957 10
1753786132478 0.12178102674862934 11
1753786144362 0.12460541618209005 12
1753786157132 0.14354543944176773 13
1753786169727 0.14952649941850807 14
1753786183130 0.1580827379963449 15
1753786194993 0.15916265160325635 16
1753786205339 0.16107326798471508 17
1753786217218 0.16722046851636485 18
1753786229837 0.17660740986874895 19
1753786241173 0.17561056653929225 20
1753786253868 0.1780196045854793 21
1753786266258 0.1820900481807609 22
1753786277851 0.1841668051171291 23
1753786288740 0.18217311845821565 24
1753786300441 0.1932214653596943 25
1753786312761 0.195132081741153 26
1753786324168 0.19438444924406048 27
1753786336363 0.20526665559062968 28
1753786348974 0.2069280611397242 29
1753786359766 0.21199534806446255 30
1753786372363 0.21216148861937198 31
1753786384428 0.2143213158331949 32
1753786396002 0.21548429971756106 33
1753786407732 0.2187240405382954 34
1753786418994 0.22362518690812427 35
1753786431002 0.22703106828376807 36
1753786443105 0.2283601927230437 37
1753786454666 0.2333444093703273 38
1753786466446 0.23542116630669546 39
1753786478225 0.24198371822561887 40
1753786490496 0.2448911779365343 41
1753786503095 0.24131915600598106 42
1753786514030 0.2427313507227114 43
1753786526123 0.24813091875726864 44
1753786538092 0.2505399568034557 45
1753786550521 0.24813091875726864 46
1753786562813 0.25062302708091044 47
1753786575082 0.2569363681674697 48
1753786586429 0.2591792656587473 49
1753786598039 0.26017610898820404 50
1753786608291 0.25834856288420005 51
1753786619904 0.26059146037547765 52
1753786631690 0.2626682173118458 53
1753786643633 0.27031068283768067 54
1753786655313 0.27089217477986377 55
1753786666299 0.2742149858780528 56
1753786677837 0.27172287755441105 57
1753786689550 0.2768732347566041 58
1753786701821 0.2760425319820568 59
1753786713300 0.27911613224788173 60
1753786725006 0.2784515700282439 61
1753786737005 0.27986376474497426 62
1753786748675 0.2825220136235255 63
1753786760922 0.29066290081408874 64
1753786771884 0.287838511380628 65
1753786783223 0.29348729024754944 66
1753786794106 0.2909121116464529 67
1753786805939 0.29066290081408874 68
1753786818483 0.2934042199700947 69
1753786830198 0.29381957135736836 70
1753786842680 0.2985545771722878 71
1753786854618 0.2980561555075594 72
1753786866135 0.29847150689483304 73
1753786878959 0.30162817743811265 74
1753786888514 0.30071440438611063 75
1753786901701 0.3036218640970261 76
1753786912274 0.30104668549592956 77
1753786924108 0.3031234424322977 78
1753786936179 0.3061970426981226 79
1753786948437 0.308523010466855 80
1753786960930 0.3079415185246719 81
1753786972222 0.30760923741485297 82
1753786984561 0.30819072935703606 83
1753786996772 0.30943678351885695 84
1753787008763 0.3115135404552251 85
1753787020942 0.31143047017777037 86
1753787032333 0.30877222129921916 87
1753787045186 0.31558398405050675 88
1753787057472 0.31533477321814257 89
1753787069371 0.3192390762585147 90
1753787081609 0.31757767070942017 91
1753787093106 0.3180760923741485 92
1753787104854 0.32156504402724706 93
1753787116354 0.32563548762252864 94
1753787127948 0.3260508390098023 95
1753787140905 0.322478817079249 96
1753787152515 0.32555241734507395 97
1753787164757 0.32904136899817243 98
1753787176092 0.328875228443263 99
1753787187799 0.32895829872071775 100
