1751767797150 2.181023022961569 0
1751767895149 2.190425585550718 1
1751767993726 2.2016724378636674 2
1751768087694 2.0453451856687987 3
1751768178803 2.068655859963683 4
1751768270416 2.0654204395473 5
1751768367033 2.107696630181674 6
1751768456563 2.1174050796284187 7
1751768547145 2.2349471399997647 8
1751768645867 2.223323676972844 9
1751768742875 2.186114982068179 10
1751768833755 2.2023010658341646 11
1751768924443 2.296779571610918 12
1751769003559 2.261009861925205 13
1751769107166 2.3076532085175376 14
1751769202841 2.4155219641981405 15
1751769290647 2.354999282464097 16
1751769374628 2.4041021090255144 17
1751769462231 2.3724742319636607 18
1751769552904 2.459117281755794 19
1751769650001 2.446767121101048 20
1751769744180 2.4571872129030314 21
1751769836184 2.5301707996015987 22
1751769925949 2.616416769198974 23
1751770018887 2.564310397926866 24
1751770096606 2.586479449274334 25
1751770181404 2.609106386522299 26
1751770281715 2.5545982660374893 27
1751770380032 2.558306433969769 28
1751770469269 2.6589867553899826 29
1751770561112 2.6880612873424434 30
1751770657324 2.5745354287368167 31
1751770752326 2.6428790697880227 32
1751770844189 2.634881220051745 33
1751770931172 2.670512563730441 34
1751771025383 2.67658606684274 35
1751771116546 2.673805636816794 36
1751771217112 2.6758312132341087 37
1751771303819 2.668577863702172 38
1751771386603 2.7817973513711918 39
1751771486578 2.6900565831803025 40
1751771569553 2.70232210106189 41
1751771667489 2.734925246065227 42
1751771760518 2.828438415929161 43
1751771843979 2.749458627925094 44
1751771932825 2.7804152354131153 45
1751772019193 2.7247811773573503 46
1751772105706 2.7229985716502885 47
1751772203519 2.7115744113259033 48
1751772292263 2.73019636849289 49
1751772378324 2.828466758283881 50
1751772434394 2.652132180118066 51
1751772496110 2.6267870588083855 52
1751772552716 2.5899042460880666 53
1751772608564 2.6744406731825348 54
1751772664957 2.635837557577079 55
1751772718767 2.5654321137147957 56
1751772778358 2.6113792047817954 57
1751772830752 2.6476100566070087 58
1751772885165 2.590550769868849 59
1751772939715 2.7298011594125433 60
1751772997944 2.593365804269142 61
1751773056694 2.5656499293306143 62
1751773113701 2.6183582280394 63
1751773169613 2.702681547319568 64
1751773228006 2.5837730422631044 65
1751773289116 2.6309409515815436 66
1751773343352 2.6328519589684394 67
1751773395474 2.667369894001172 68
1751773447805 2.6620183580348327 69
1751773502841 2.588572438755907 70
1751773559390 2.619984164272165 71
1751773614649 2.603742429120571 72
1751773667867 2.6544667802099644 73
1751773725379 2.7074481450696237 74
1751773784598 2.7261738812242435 75
1751773837364 2.7264904720894725 76
1751773895999 2.639978141020229 77
1751773952873 2.642117063914539 78
1751774003871 2.636162734631136 79
1751774059991 2.5540985501279754 80
1751774110252 2.588656343204911 81
1751774166029 2.7330854589798976 82
1751774226893 2.6077150398181943 83
1751774283323 2.578305386957904 84
1751774333077 2.585482023658702 85
1751774390319 2.7374032766360177 86
1751774443063 2.6984153342257864 87
1751774499535 2.6290176073016855 88
1751774554963 2.674263501783731 89
1751774613083 2.5898461483670796 90
1751774668458 2.6211988522020477 91
1751774722124 2.600474580353477 92
1751774778544 2.698329901367493 93
1751774828986 2.646684550487352 94
1751774882682 2.6876589663817314 95
1751774932841 2.731425732665978 96
1751774987556 2.6631973347989244 97
1751775045687 2.6869795423943654 98
1751775102767 2.651858337587096 99
1751775161782 2.652711277427235 100
1751775204783 2.512064409821283 101
1751775245169 2.48847402960842 102
1751775288476 2.556624937277623 103
1751775332804 2.5312463065837423 104
1751775378206 2.501737074702902 105
1751775419670 2.487708845571348 106
1751775462630 2.4341121742015774 107
1751775503298 2.485903500612314 108
1751775546330 2.484033306921707 109
1751775588879 2.5011973165938124 110
1751775632444 2.429454195848803 111
1751775678717 2.4472394981232464 112
1751775723676 2.401257991847815 113
1751775767274 2.473104798867664 114
1751775807395 2.4247115515052777 115
1751775849292 2.5010604822593665 116
1751775894554 2.429827598000305 117
1751775938978 2.476324192261552 118
1751775981420 2.498979196258074 119
1751776026155 2.478811636363142 120
1751776069459 2.3943116005303438 121
1751776112581 2.565315268385982 122
1751776150934 2.4346435429008437 123
1751776192743 2.4626007466801925 124
1751776232408 2.4555119081607724 125
1751776270747 2.43508438996329 126
1751776312080 2.4808599524210595 127
1751776354004 2.4679248786092023 128
1751776397674 2.4253337561768213 129
1751776438589 2.4660264164923964 130
1751776481622 2.4676305558701013 131
1751776523470 2.518444013543559 132
1751776565244 2.4261428676071985 133
1751776610261 2.4322087711828195 134
1751776655251 2.468014225267924 135
1751776699392 2.4618595664493017 136
1751776743796 2.452577758861429 137
1751776786087 2.523926921967584 138
1751776830127 2.5085686870725863 139
1751776874274 2.433314104257922 140
1751776915693 2.531880514279088 141
1751776957361 2.6247574102356848 142
1751776998657 2.503111757041723 143
1751777042564 2.432232982174112 144
1751777085059 2.436798880739387 145
1751777130572 2.419677887018645 146
1751777170239 2.4516424051056878 147
1751777213774 2.428611073873477 148
1751777258721 2.4309966036013857 149
1751777298191 2.490150533455784 150
1751777325997 2.2474253591908724 151
1751777355250 2.101128106350517 152
1751777383697 2.1116158532287366 153
1751777412656 2.126676910938742 154
1751777441298 2.1177799316233497 155
1751777469326 2.122430192352186 156
1751777496656 2.158567835027399 157
1751777524705 2.119115304566056 158
1751777554212 2.0853330153664396 159
1751777583170 2.140843302344417 160
1751777610427 2.15292563299689 161
1751777639082 2.0506699938023014 162
1751777667841 2.0769476693891593 163
1751777698043 2.1138568746486 164
1751777725747 2.048589784555885 165
1751777754762 2.0715334204213853 166
1751777783409 2.0728080824347166 167
1751777812385 2.052010618179966 168
1751777840768 2.095819973507523 169
1751777869491 2.0359535459846483 170
1751777898840 2.0540007027806864 171
1751777927726 2.0538099949095545 172
1751777955632 2.085892202410143 173
1751777983739 2.074475087729149 174
1751778012226 2.0607948916384764 175
1751778042015 2.1175673107864785 176
1751778070146 2.1501189917886037 177
1751778098796 2.1020564027018245 178
1751778127667 2.0945793114948112 179
1751778156455 2.0645479796705217 180
1751778184574 2.131101590589406 181
1751778213770 2.1179812730894008 182
1751778241819 2.1411262623057192 183
1751778270161 2.1132996906215458 184
1751778298071 2.103876937332701 185
1751778328705 2.1314081794794792 186
1751778358166 2.0570997579238366 187
1751778386102 2.061696411633749 188
1751778414041 2.1042089798249997 189
1751778442764 2.0790455100018916 190
1751778472321 2.133578228459442 191
1751778499101 2.1472098654138048 192
1751778527295 2.1411714582062658 193
1751778554695 2.127270490188062 194
1751778582677 2.0974278585445725 195
1751778611688 2.117019427082435 196
1751778639419 2.109058779096711 197
1751778667969 2.1068571930886293 198
1751778696083 2.1528840585521487 199
1751778724557 2.0475934628017107 200
