1752028285286 0.2170743440772675 0
1752028387526 0.24740036265403545 1
1752028488677 0.3323280168745143 2
1752028581382 0.3817488805832069 3
1752028670701 0.40532139288754027 4
1752028763639 0.4083558450209081 5
1752028860942 0.42053065906820114 6
1752028949867 0.457332642563742 7
1752029038276 0.44843281648965694 8
1752029139291 0.4420678681123487 9
1752029232116 0.46793472227361876 10
1752029326211 0.4625504200125819 11
1752029415779 0.45472375383932206 12
1752029492504 0.4594974651223032 13
1752029594441 0.4613847463272028 14
1752029692573 0.4573141398068312 15
1752029778852 0.46675054583132886 16
1752029864702 0.478666321281871 17
1752029954704 0.48269992228842096 18
1752030041714 0.49098915738445026 19
1752030138228 0.4794064315583022 20
1752030229057 0.4823113643932946 21
1752030319100 0.47661251526477444 22
1752030407709 0.4902490471080191 23
1752030502078 0.48599341301853977 24
1752030582588 0.47294896939644004 25
1752030668600 0.4944491729267661 26
1752030762947 0.4993709062650335 27
1752030856235 0.48480923657624986 28
1752030941532 0.49248788069422345 29
1752031035545 0.49894534285608555 30
1752031127874 0.4896939644006957 31
1752031225598 0.48819524109092255 32
1752031310122 0.49740961403249084 33
1752031402548 0.49979646967398145 34
1752031496815 0.4919698035007216 35
1752031589669 0.492524886208045 36
1752031688316 0.4958923879658069 37
1752031775146 0.5079561854716352 38
1752031862038 0.501850275691078 39
1752031958663 0.5072900862228472 40
1752032040748 0.5030159493764571 41
1752032141163 0.4982792436072975 42
1752032241130 0.5013877067683085 43
1752032323110 0.5084187543944048 44
1752032413347 0.501850275691078 45
1752032498869 0.5079561854716352 46
1752032587014 0.5106760907375198 47
1752032685803 0.5092698812123007 48
1752032775062 0.5099544832179995 49
1752032858695 0.49833475187802984 50
1752032916285 0.5096399363505162 51
1752032974862 0.5028494245642601 52
1752033029523 0.513858564926174 53
1752033085084 0.4985382822040484 54
1752033143345 0.5167264922473449 55
1752033195644 0.5170410391148281 56
1752033254712 0.5153202827221256 57
1752033309514 0.508566776449691 58
1752033363482 0.5093068867261222 59
1752033418804 0.500592088221145 60
1752033481694 0.5138400621692633 61
1752033539880 0.5130814491359212 62
1752033596997 0.5071605669244718 63
1752033654834 0.5123783443733116 64
1752033712059 0.5004070606520371 65
1752033772928 0.5094364060244977 66
1752033826896 0.506216926322022 67
1752033880631 0.5168560115457204 68
1752033933066 0.5103800466269475 69
1752033985392 0.5177441438774377 70
1752034040934 0.5165229619213263 71
1752034094728 0.503441512785405 72
1752034147174 0.5116197313399696 73
1752034205209 0.5000925137845539 74
1752034266253 0.5130999518928321 75
1752034320045 0.4980942160381897 76
1752034375999 0.5156903378603412 77
1752034432679 0.5091403619139252 78
1752034483781 0.5192983754579432 79
1752034539048 0.5158383599156274 80
1752034588791 0.5224438441327758 81
1752034643534 0.5153387854790363 82
1752034704665 0.5180216852310995 83
1752034760456 0.5094179032675868 84
1752034812677 0.5182992265847611 85
1752034873116 0.5201124967620175 86
1752034925725 0.5040336010065499 87
1752034983417 0.5145616696887836 88
1752035036580 0.5148762165562669 89
1752035093205 0.5109351293342708 90
1752035151322 0.5182437183140288 91
1752035205082 0.5123043333456685 92
1752035261287 0.518817303778263 93
1752035313469 0.5195574140546941 94
1752035368012 0.510250527328572 95
1752035417771 0.5216852310994338 96
1752035473561 0.5090848536431928 97
1752035534791 0.5207045849831625 98
1752035592820 0.5207045849831625 99
1752035652355 0.5110461458757355 100
1752035695411 0.5193353809717648 101
1752035735493 0.5192798727010325 102
1752035780027 0.5159678792140029 103
1752035825065 0.52444214187914 104
1752035870792 0.5149317248269992 105
1752035912499 0.5171520556562927 106
1752035955721 0.5165784701920586 107
1752035997435 0.5195019057839618 108
1752036040218 0.5182992265847611 109
1752036081834 0.5238130481441735 110
1752036122996 0.5247196832328017 111
1752036166044 0.5226473744587944 112
1752036209837 0.525533804536876 113
1752036254037 0.5248121970173556 114
1752036293938 0.5190948451319246 115
1752036334444 0.5187988010213522 116
1752036380024 0.5267549864929875 117
1752036423861 0.5253302742108574 118
1752036465531 0.5204270436295008 119
1752036510387 0.5177441438774377 120
1752036550741 0.5255708100506975 121
1752036592019 0.5236465233319765 122
1752036631691 0.519816452651445 123
1752036672795 0.512008289235096 124
1752036713706 0.5210561373644673 125
1752036753838 0.5265329534100581 126
1752036795220 0.5152277689375717 127
1752036836666 0.5231469488953854 128
1752036880560 0.5263849313547718 129
1752036921543 0.5267734892498982 130
1752036968126 0.5269215113051845 131
1752037008796 0.5205380601709655 132
1752037050966 0.5192798727010325 133
1752037097212 0.5261999037856641 134
1752037142831 0.5252377604263035 135
1752037188994 0.5096399363505162 136
1752037233658 0.5175961218221515 137
1752037277113 0.5243866336084076 138
1752037321271 0.5199274691929098 139
1752037365300 0.5169485253302742 140
1752037409654 0.51755911630833 141
1752037452895 0.5189468230766384 142
1752037495811 0.5228509047848129 143
1752037540803 0.5162454205676645 144
1752037583359 0.5137475483847094 145
1752037627548 0.5109351293342708 146
1752037668067 0.5226103689449728 147
1752037713830 0.5189468230766384 148
1752037759238 0.522332827591311 149
1752037798538 0.5221848055360249 150
1752037826354 0.5318802501572735 151
1752037855451 0.527883654664545 152
1752037883562 0.5246271694482478 153
1752037912253 0.5101210080301966 154
1752037940858 0.5265884616807904 155
1752037968475 0.5291233393775673 156
1752037995735 0.5251267438848388 157
1752038024567 0.5292528586759427 158
1752038054340 0.5297154275987123 159
1752038084030 0.5306775709580728 160
1752038111091 0.5340635754727454 161
1752038139432 0.5293453724604966 162
1752038169157 0.5247381859897124 163
1752038200180 0.5309366095548237 164
1752038228468 0.52990045516782 165
1752038257995 0.5321392887540244 166
1752038286889 0.520834104281538 167
1752038315927 0.531917255671095 168
1752038343939 0.5268475002775413 169
1752038373085 0.532176294267846 170
1752038402712 0.5323983273507753 171
1752038431650 0.5333419679532251 172
1752038459812 0.5286977759686193 173
1752038487639 0.5310661288531991 174
1752038515811 0.532675868704437 175
1752038544392 0.5266994782222552 176
1752038572566 0.5302705103060356 177
1752038602225 0.5245901639344263 178
1752038631401 0.5313621729637716 179
1752038661375 0.5337675313621729 180
1752038689882 0.5295118972726937 181
1752038719016 0.5250897383710172 182
1752038747086 0.5305480516596973 183
1752038774961 0.5304740406320542 184
1752038801782 0.531584206046701 185
1752038831358 0.5209636235799134 186
1752038860902 0.5315657032897901 187
1752038889286 0.5303815268475003 188
1752038917318 0.5319357584280058 189
1752038946415 0.5266809754653443 190
1752038976188 0.5249047108019095 191
1752039003803 0.5308996040410021 192
1752039033024 0.5314361839914147 193
1752039061185 0.5353957739703216 194
1752039089045 0.537209044147578 195
1752039118160 0.5239980757132813 196
1752039146089 0.5299374606816416 197
1752039175370 0.5351367353735706 198
1752039204204 0.5381896902638493 199
1752039232585 0.532675868704437 200
