1752028285286 2.1375981644795092 0
1752028387527 2.018508422183059 1
1752028488678 1.9341562602280586 2
1752028581382 1.794270414823966 3
1752028670702 1.7148393091995153 4
1752028763640 1.7753938878073747 5
1752028860943 1.8285815847460165 6
1752028949867 1.7230498614659593 7
1752029038277 1.7730438081337334 8
1752029139292 1.8199984522363624 9
1752029232117 1.7959038784290033 10
1752029326212 1.820789944677667 11
1752029415780 1.8988530643259776 12
1752029492505 1.9537692843066858 13
1752029594442 1.8975044935042829 14
1752029692574 1.959131131294295 15
1752029778853 1.9580818641341196 16
1752029864702 2.007256521575399 17
1752029954704 1.9683456458892907 18
1752030041715 1.9279681490260152 19
1752030138229 2.0010173084295313 20
1752030229058 2.006638357633166 21
1752030319101 2.060792189967408 22
1752030407710 2.060385715813368 23
1752030502078 2.1105476054826 24
1752030582588 2.1201596736139945 25
1752030668601 2.047359723054814 26
1752030762948 2.0905194672401146 27
1752030856236 2.108287554368232 28
1752030941533 2.2130392611645253 29
1752031035546 2.0671408935599325 30
1752031127875 2.0826024923710933 31
1752031225599 2.092066396931166 32
1752031310123 2.1137167724655543 33
1752031402549 2.077421012942515 34
1752031496816 2.186192587526738 35
1752031589669 2.131807645248261 36
1752031688317 2.1229861595043746 37
1752031775147 2.175629689911454 38
1752031862039 2.18451906719058 39
1752031958664 2.1323260693802193 40
1752032040749 2.1622398341114604 41
1752032141163 2.200492184447551 42
1752032241131 2.228142202795461 43
1752032323111 2.2027861775614226 44
1752032413348 2.223884050224622 45
1752032498869 2.2410836443731976 46
1752032587015 2.195630368670095 47
1752032685804 2.2039022143200038 48
1752032775063 2.211990440295286 49
1752032858696 2.2827192466320736 50
1752032916285 2.142966082613737 51
1752032974863 2.122805805425429 52
1752033029524 2.0920500945562437 53
1752033085085 2.159043238393172 54
1752033143346 2.1000973905435094 55
1752033195645 2.1019056320796645 56
1752033254713 2.1507134613108705 57
1752033309515 2.0772565323984775 58
1752033363483 2.121671603091207 59
1752033418805 2.1597723208032824 60
1752033481695 2.069369495254677 61
1752033539881 2.0237382556280283 62
1752033596998 2.084751838562793 63
1752033654835 2.1344740419972656 64
1752033712060 2.1216503877351247 65
1752033772929 2.151160685785371 66
1752033826897 2.11517009845001 67
1752033880631 2.2032684390826605 68
1752033933067 2.086803362066487 69
1752033985392 2.097592707468066 70
1752034040935 2.0887265187116397 71
1752034094729 2.113110392229754 72
1752034147175 2.11938855094051 73
1752034205210 2.1805308051203793 74
1752034266254 2.1767741096868534 75
1752034320046 2.108811638194797 76
1752034376000 2.0890615338891845 77
1752034432680 2.080000313799316 78
1752034483782 2.0937835238609486 79
1752034539049 2.061057509277691 80
1752034588792 2.0487089657613344 81
1752034643535 2.1013020364347503 82
1752034704666 2.0885327129679365 83
1752034760457 2.0753955964098774 84
1752034812678 2.1249826707932575 85
1752034873117 2.1008819339305203 86
1752034925726 2.1297890013805936 87
1752034983418 2.1608841042224256 88
1752035036581 2.147429514820497 89
1752035093205 2.0877244012832814 90
1752035151323 2.079230565030473 91
1752035205083 2.1294191056035947 92
1752035261288 2.1312885294511466 93
1752035313470 2.1413107435841066 94
1752035368013 2.1623229226881815 95
1752035417772 2.1654568135904837 96
1752035473562 2.132102464365527 97
1752035534792 2.09571682005706 98
1752035592821 2.1155401877938775 99
1752035652356 2.13655886129034 100
1752035695412 1.99486965212725 101
1752035735494 1.9284940730059712 102
1752035780027 1.990134449145779 103
1752035825066 1.9827248883816913 104
1752035870793 2.0255767174331663 105
1752035912500 1.9513467955674202 106
1752035955722 1.9386878668327454 107
1752035997436 1.9505665125967062 108
1752036040218 1.9836331445570445 109
1752036081835 2.0267880568228525 110
1752036122997 1.954163580286051 111
1752036166045 1.9587721935619276 112
1752036209838 1.9705430538457558 113
1752036254038 1.9819877313238312 114
1752036293938 1.9272484626590065 115
1752036334445 2.0119740467552796 116
1752036380025 1.9586645496208086 117
1752036423862 1.9675358702696095 118
1752036465532 1.9737643334841894 119
1752036510388 2.004642224535016 120
1752036550742 1.929926259377607 121
1752036592019 2.0169986239545215 122
1752036631692 1.9808862867756616 123
1752036672796 1.9986144739619875 124
1752036713707 1.9797742769459545 125
1752036753839 1.9376580069166294 126
1752036795221 2.0968933371697966 127
1752036836667 1.9364940485422266 128
1752036880561 1.928882792697752 129
1752036921543 1.975290841218612 130
1752036968127 1.9685760273911312 131
1752037008797 2.0276324336971596 132
1752037050967 1.947804368613545 133
1752037097213 2.025040700243965 134
1752037142831 1.997602320543571 135
1752037188995 2.0221718280925303 136
1752037233658 1.9482518710385472 137
1752037277114 2.0025323882142754 138
1752037321271 1.9510650433622247 139
1752037365301 1.9598044322265247 140
1752037409654 1.952159684958059 141
1752037452896 2.0456597509334435 142
1752037495812 1.9380436183474286 143
1752037540804 1.9920232231563608 144
1752037583360 1.9538190079336781 145
1752037627549 1.9526819622825256 146
1752037668068 1.9798718930796548 147
1752037713831 1.9694396609497575 148
1752037759239 2.001113524059609 149
1752037798539 2.0085568086421217 150
1752037826355 1.6961024777138267 151
1752037855452 1.6601896849452473 152
1752037883563 1.6722556379129376 153
1752037912254 1.7226293327027637 154
1752037940859 1.7154647761828028 155
1752037968476 1.70319289554376 156
1752037995736 1.7614157628016494 157
1752038024568 1.6869890051269651 158
1752038054341 1.6602302372969335 159
1752038084031 1.7017401315226566 160
1752038111091 1.6709024100331709 161
1752038139433 1.6326499603549391 162
1752038169158 1.654921381465818 163
1752038200180 1.6788979314340582 164
1752038228469 1.6552551882347122 165
1752038257996 1.649069243291484 166
1752038286890 1.6995179641807412 167
1752038315928 1.6362924864356199 168
1752038343940 1.6590114062348018 169
1752038373086 1.633706114058999 170
1752038402713 1.6765528108618148 171
1752038431650 1.6324848169986816 172
1752038459813 1.649978425824807 173
1752038487640 1.6476706116914495 174
1752038515812 1.6949124134585043 175
1752038544393 1.684560676527486 176
1752038572567 1.7109320574004845 177
1752038602226 1.7065047259481358 178
1752038631402 1.6791063680322473 179
1752038661376 1.6628069007786255 180
1752038689882 1.684917252044066 181
1752038719017 1.6956593254541767 182
1752038747087 1.712416858826885 183
1752038774962 1.6695298803732967 184
1752038801783 1.6805389555087555 185
1752038831359 1.7129200789532077 186
1752038860902 1.6334165919845751 187
1752038889287 1.6787621249771012 188
1752038917318 1.6874241343816552 189
1752038946416 1.6782820357934478 190
1752038976188 1.7698877278476308 191
1752039003804 1.6883586609904537 192
1752039033025 1.6616803318691482 193
1752039061186 1.6793731891362442 194
1752039089046 1.649951288770188 195
1752039118160 1.7050625724834396 196
1752039146090 1.7430726001346837 197
1752039175370 1.644058460116208 198
1752039204205 1.6560961805122574 199
1752039232586 1.625902127341272 200
