1749032531366 0.06047516198704104 0
1749032595203 0.10865592291078252 1
1749032659993 0.14155175278285428 2
1749032725042 0.16722046851636485 3
1749032789714 0.1901478650938694 4
1749032854502 0.19903638478152516 5
1749032919076 0.21448745638810435 6
1749032981051 0.2267818574514039 7
1749033045420 0.2414022262834358 8
1749033112065 0.2517029406878219 9
1749033177741 0.254111978734009 10
1749033242746 0.26333277953148365 11
1749033308783 0.2680677853464031 12
1749033372724 0.27679016447914934 13
1749033434799 0.28326964612061806 14
1749033498361 0.2909121116464529 15
1749033562772 0.2919920252533644 16
1749033625410 0.2927396577504569 17
1749033690479 0.29988370161156336 18
1749033751825 0.300299052998837 19
1749033812720 0.3051171290912112 20
1749033872369 0.3101013457384948 21
1749033928845 0.3130088054494102 22
1749033983296 0.3170792490446918 23
1749034040555 0.3183253032065127 24
1749034093297 0.3210666223625187 25
1749034143505 0.32405715235088883 26
1749034188955 0.3254693470676192 27
1749034233591 0.32895829872071775 28
1749034275494 0.3341917262003655 29
1749034318273 0.33377637481309186 30
1749034360074 0.3342747964778202 31
1749034399426 0.3370161156338262 32
1749034437821 0.33635155341418843 33
1749034477719 0.3381790995181924 34
1749034515069 0.33900980229273964 35
1749034551661 0.33992357534474166 36
1749034589006 0.34274796477820235 37
1749034626590 0.34241568366838343 38
1749034664057 0.34216647283601925 39
1749034700160 0.3460707758763914 40
1749034737054 0.34889516530985215 41
1749034774252 0.3515534141884034 42
1749034808412 0.3499750789167636 43
1749034842840 0.3515534141884034 44
1749034878415 0.35113806280112975 45
1749034913393 0.35171955474331285 46
1749034947456 0.35230104668549594 47
1749034980855 0.3526333277953148 48
1749035012411 0.3543778036218641 49
1749035045578 0.3553746469513208 50
