1749032531370 4.485953675643293 0
1749032595204 4.232402544955638 1
1749032659994 4.009195196623559 2
1749032725043 3.813460544058634 3
1749032789714 3.644967857405337 4
1749032854502 3.5100581998231783 5
1749032919077 3.4009556029463277 6
1749032981052 3.305812344725466 7
1749033045420 3.212486560427877 8
1749033112065 3.1287970848322013 9
1749033177742 3.070274872858016 10
1749033242747 3.0105418160513904 11
1749033308784 2.9485015317064818 12
1749033372725 2.9080700982313488 13
1749033434800 2.8376045744676657 14
1749033498362 2.7740936090887067 15
1749033562772 2.7389946670880985 16
1749033625411 2.7042271142223395 17
1749033690480 2.657941168035565 18
1749033751825 2.6188412963241627 19
1749033812721 2.5853275313203 20
1749033872370 2.552079744427181 21
1749033928846 2.5120193680240206 22
1749033983297 2.4857023860562393 23
1749034040556 2.457629333202856 24
1749034093298 2.428219643584717 25
1749034143506 2.3993199102802905 26
1749034188956 2.390533370078988 27
1749034233592 2.37120237149151 28
1749034275495 2.3525277789511465 29
1749034318274 2.3342548611661176 30
1749034360075 2.313339693624465 31
1749034399426 2.296539557367225 32
1749034437822 2.2801563969526333 33
1749034477720 2.271545665824849 34
1749034515070 2.255860443054352 35
1749034551662 2.244963348055898 36
1749034589007 2.231690883649002 37
1749034626590 2.2252674561718924 38
1749034664058 2.2087316110373143 39
1749034700161 2.196380129183426 40
1749034737055 2.1851883537381473 41
1749034774252 2.1707864843744247 42
1749034808413 2.161820200021751 43
1749034842841 2.15531602425453 44
1749034878416 2.1510521595958605 45
1749034913393 2.1440653239712337 46
1749034947456 2.140288422085398 47
1749034980856 2.130703105188408 48
1749035012412 2.120949241238364 49
1749035045578 2.1133825536590254 50
