1753277843645 4.553865576351626 0
1753277863138 4.451086921619738 1
1753277882276 4.36016199713046 2
1753277901338 4.276467268934968 3
1753277920693 4.208544892891959 4
1753277940829 4.142929327342629 5
1753277960382 4.097598590435927 6
1753277979650 4.040863841108135 7
1753278000375 4.008700526226664 8
1753278020854 3.9536247364659927 9
1753278040262 3.9263995295565084 10
1753278058162 3.896935425319808 11
1753278077812 3.8688038540968828 12
1753278097842 3.8414677711232663 13
1753278119148 3.819579123573776 14
1753278139316 3.793491295878253 15
1753278159384 3.787784774597075 16
1753278179838 3.7723590231282516 17
1753278201417 3.7446129487662216 18
1753278221412 3.7348003323562207 19
1753278241209 3.74797353104615 20
1753278260569 3.7369749722935763 21
1753278280164 3.7193540572218153 22
1753278299120 3.700949217251942 23
1753278317484 3.690200689436258 24
1753278338516 3.6804928490723716 25
1753278360509 3.6872934466051723 26
1753278382110 3.704651712519424 27
1753278401051 3.702281293121392 28
1753278421321 3.6693110832300144 29
1753278441961 3.6675703355924276 30
1753278462591 3.6618136277014393 31
1753278483737 3.6730541686843354 32
1753278502379 3.6792840520816474 33
1753278522547 3.6766761627303497 34
1753278543039 3.674288850163351 35
1753278559620 3.680764421363396 36
1753278578779 3.651377943595351 37
1753278598101 3.6586385156212358 38
1753278616366 3.6706633271290103 39
1753278637520 3.6628448871841646 40
1753278656340 3.6622486704159503 41
1753278674752 3.66283790591185 42
1753278695399 3.6599642431575643 43
1753278714105 3.6607353943092775 44
1753278736480 3.665033809912711 45
1753278756479 3.6759622854663325 46
1753278775813 3.67098349193757 47
1753278796556 3.6558416192774112 48
1753278817725 3.638130927183589 49
1753278837666 3.683910958553473 50
1753278857221 3.655343599370068 51
1753278877568 3.680801187445006 52
1753278896693 3.6711745898279635 53
1753278916250 3.6724467935833727 54
1753278936947 3.6648367805083093 55
1753278955113 3.665088288031891 56
1753278977164 3.659156251637662 57
1753278997498 3.6585659408905067 58
1753279017663 3.667509096004022 59
1753279039212 3.6371134755715646 60
1753279057490 3.64034514872654 61
1753279077307 3.670606655463695 62
1753279096825 3.6821689401831934 63
1753279115258 3.677507443944663 64
1753279136267 3.6709442851347 65
1753279158093 3.6770178889241123 66
1753279179716 3.649757969725177 67
1753279200369 3.6368582121724087 68
1753279217235 3.6988538109790183 69
1753279237516 3.6833207166310165 70
1753279257641 3.6894168805279315 71
1753279275555 3.648913725790931 72
1753279293983 3.672979248702501 73
1753279312839 3.666828815327717 74
1753279332324 3.6945837287153203 75
1753279353226 3.689754655164247 76
1753279373569 3.6980197036301403 77
1753279394149 3.7005078555243314 78
1753279413962 3.674034229919358 79
1753279434405 3.6963240337902983 80
1753279454404 3.697857606744205 81
1753279476205 3.7030970553431803 82
1753279498001 3.716753892722677 83
1753279516861 3.7085607773669382 84
1753279534505 3.691387185420545 85
1753279548517 3.684565114312284 86
1753279564310 3.6804530957745825 87
1753279585002 3.6664843288300766 88
1753279604862 3.6902238337331683 89
1753279622385 3.674092831407189 90
1753279643016 3.6847981189218273 91
1753279663532 3.6776360507370196 92
1753279680896 3.689417876763572 93
1753279699496 3.6766635061888797 94
1753279718551 3.702311217928945 95
1753279737698 3.689411982543181 96
1753279757378 3.693862299456372 97
1753279777809 3.7170569738228316 98
1753279796968 3.7230471085104035 99
1753279814257 3.7141617801433453 100
