1752867261884 0.09170958631001827 0
1752867490199 0.16090712742980562 1
1752867723530 0.20950323974082075 2
1752867958942 0.2596776873234757 3
1752868191392 0.29348729024754944 4
1752868425773 0.3125103837846818 5
1752868657557 0.3313673367669048 6
1752868888374 0.34332945672038545 7
1752869122603 0.3524671872404054 8
1752869363902 0.373567037713906 9
1752869601033 0.3855291576673866 10
1752869831450 0.3857783684997508 11
1752870069109 0.39533145040704437 12
1752870192618 0.395746801794318 13
1752870315534 0.407293570360525 14
1752870440170 0.41053331118125935 15
1752870559796 0.40737664063797974 16
1752870679099 0.41576673866090713 17
1752870803305 0.4214155175278285 18
1752870923671 0.42232929057983054 19
1752871041652 0.4302209669380296 20
1752871163928 0.4407708921747799 21
1752871287764 0.43910948662568533 22
1752871408083 0.44907791992025253 23
1752871534735 0.4538959960126267 24
1752871654982 0.4591294234922745 25
1752871734400 0.4607077587639143 26
1752871814134 0.45979398571191227 27
1752871891642 0.4625353048679183 28
1752871968894 0.4669380295730188 29
1752872048407 0.46535969430137897 30
1752872126925 0.4685163648446586 31
1752872206484 0.47856786841668053 32
1752872284642 0.48371822561887357 33
1752872362776 0.4828875228443263 34
1752872440825 0.48496427978069445 35
1752872518229 0.4928559561388935 36
1752872596615 0.49767403223126766 37
1752872673900 0.4964279780694468 38
1752872707272 0.4977571025087224 39
1752872741165 0.4921913939192557 40
1752872775461 0.4952649941850806 41
1752872810264 0.49767403223126766 42
1752872843833 0.5014121947167304 43
1752872876922 0.5067286924738329 44
1752872911470 0.5004153513872737 45
1752872945619 0.505482638312012 46
1752872979786 0.505150357202193 47
1752873014468 0.5134573849476657 48
1752873047950 0.5132081741153015 49
1752873081687 0.515201860774215 50
