1752867261885 4.244879924245748 0
1752867490200 3.8166990233255893 1
1752867723531 3.47557548960025 2
1752867958943 3.1372531696726873 3
1752868191393 2.9125142899123815 4
1752868425774 2.72521364559786 5
1752868657558 2.589149140786566 6
1752868888375 2.4584682372342743 7
1752869122604 2.36741985968402 8
1752869363903 2.227157309701264 9
1752869601034 2.1510276064186273 10
1752869831451 2.0954787255044414 11
1752870069110 2.0171838717858246 12
1752870192619 1.9481044478447873 13
1752870315535 1.8616439492558057 14
1752870440171 1.8215648935997453 15
1752870559797 1.7907132967966675 16
1752870679099 1.7145959372989028 17
1752870803306 1.6512002240952948 18
1752870923672 1.6206497984058839 19
1752871041653 1.5693270843230511 20
1752871163929 1.5403395737298216 21
1752871287765 1.5032050714978715 22
1752871408084 1.4568399918187884 23
1752871534735 1.3982705236655208 24
1752871654983 1.3646636761453679 25
1752871734401 1.3013282681632725 26
1752871814135 1.2837814854477072 27
1752871891643 1.2588329765977633 28
1752871968895 1.2175401406197786 29
1752872048408 1.1957639651717964 30
1752872126926 1.1633784712899689 31
1752872206485 1.140134067341863 32
1752872284643 1.0887754960209723 33
1752872362777 1.0794834005345322 34
1752872440826 1.0361458324394819 35
1752872518230 0.9998182225352702 36
1752872596616 0.9844936354599891 37
1752872673901 0.9728900183894116 38
1752872707273 0.8945983789594609 39
1752872741166 0.8536965622546958 40
1752872775462 0.8242390201674343 41
1752872810265 0.8058015225436846 42
1752872843834 0.7863780447044341 43
1752872876923 0.7614840369984948 44
1752872911471 0.7600441581730776 45
1752872945620 0.7516833790672464 46
1752872979787 0.7245965106293892 47
1752873014469 0.6932518785315847 48
1752873047951 0.6743238198785858 49
1752873081688 0.6744844851445163 50
