1752632070936 0.035099337748344374 0
1752632122283 0.0755794701986755 1
1752632175110 0.10662251655629139 2
1752632227325 0.1222682119205298 3
1752632278872 0.14610927152317882 4
1752632332552 0.16399006622516557 5
1752632384446 0.1777317880794702 6
1752632438441 0.1880794701986755 7
1752632492925 0.20223509933774833 8
1752632544935 0.2093543046357616 9
1752632598167 0.21945364238410597 10
1752632649906 0.22582781456953643 11
1752632703210 0.2343543046357616 12
1752632759751 0.24197019867549668 13
1752632816060 0.24776490066225165 14
1752632869523 0.25248344370860926 15
1752632922391 0.2583609271523179 16
1752632975524 0.2637417218543046 17
1752633027222 0.2673841059602649 18
1752633079408 0.26862582781456956 19
1752633132332 0.2724337748344371 20
1752633184456 0.27483443708609273 21
1752633237250 0.27938741721854304 22
1752633289390 0.27880794701986755 23
1752633341717 0.2862582781456954 24
1752633394066 0.2865066225165563 25
1752633446719 0.28783112582781456 26
1752633501167 0.2903145695364238 27
1752633554443 0.290976821192053 28
1752633606506 0.29652317880794704 29
1752633658813 0.29950331125827817 30
1752633710854 0.3004139072847682 31
1752633762763 0.3028973509933775 32
1752633815394 0.304635761589404 33
1752633867838 0.3027317880794702 34
1752633919231 0.3068708609271523 35
1752633971553 0.3077814569536424 36
1752634024092 0.3093543046357616 37
1752634076487 0.3086092715231788 38
1752634127337 0.31059602649006623 39
1752634179878 0.31018211920529803 40
1752634232650 0.3115894039735099 41
1752634286764 0.31490066225165564 42
1752634340638 0.31357615894039736 43
1752634393395 0.31870860927152317 44
1752634445053 0.31862582781456955 45
1752634497417 0.3165562913907285 46
1752634549952 0.31928807947019866 47
1752634602330 0.3176324503311258 48
1752634654330 0.31986754966887415 49
1752634707084 0.32350993377483445 50
1752634759708 0.32177152317880797 51
1752634811573 0.32334437086092715 52
1752634864001 0.32549668874172183 53
1752634915755 0.3263245033112583 54
1752634969789 0.32392384105960265 55
1752635021853 0.3269039735099338 56
1752635073972 0.327317880794702 57
1752635126268 0.32748344370860927 58
1752635178311 0.32822847682119205 59
1752635231018 0.32723509933774836 60
1752635283571 0.32980132450331123 61
1752635336365 0.3294701986754967 62
1752635389231 0.3316225165562914 63
1752635441841 0.33253311258278145 64
1752635494385 0.33427152317880793 65
1752635546045 0.334023178807947 66
1752635597747 0.3355960264900662 67
1752635649566 0.33352649006622515 68
1752635704901 0.3353476821192053 69
1752635760254 0.33758278145695364 70
1752635816104 0.33766556291390726 71
1752635872053 0.3400662251655629 72
1752635924624 0.33741721854304635 73
1752635976767 0.33725165562913906 74
1752636032042 0.34048013245033115 75
1752636086086 0.34097682119205297 76
1752636137744 0.3388245033112583 77
1752636189706 0.34172185430463575 78
1752636243443 0.3422185430463576 79
1752636296759 0.343046357615894 80
1752636348581 0.3402317880794702 81
1752636403473 0.3441225165562914 82
1752636460739 0.3431291390728477 83
1752636514033 0.34188741721854304 84
1752636567511 0.34163907284768213 85
1752636618450 0.34586092715231787 86
1752636669866 0.3441225165562914 87
1752636722025 0.3422185430463576 88
1752636775744 0.344453642384106 89
1752636831260 0.34519867549668876 90
1752636885673 0.34536423841059605 91
1752636939242 0.34652317880794703 92
1752636991112 0.3440397350993378 93
1752637043569 0.34610927152317883 94
1752637095416 0.3443708609271523 95
1752637148005 0.34503311258278146 96
1752637200154 0.34610927152317883 97
1752637252063 0.34552980132450334 98
1752637303297 0.3471026490066225 99
1752637357385 0.34908940397350996 100
