1752632070937 4.518274591462374 0
1752632122284 4.309810866689637 1
1752632175111 4.082942727237291 2
1752632227326 3.8980047824920208 3
1752632278873 3.730835141626031 4
1752632332553 3.596610459855544 5
1752632384447 3.4726409059450103 6
1752632438442 3.376739014144248 7
1752632492926 3.2894001258990735 8
1752632544936 3.2271159316533695 9
1752632598168 3.1675754068676976 10
1752632649907 3.118079634787119 11
1752632703210 3.064395221159688 12
1752632759751 3.032715734151983 13
1752632816061 2.987231339367078 14
1752632869524 2.96706559671342 15
1752632922392 2.93623232949955 16
1752632975525 2.9080500818269415 17
1752633027223 2.8921543804643983 18
1752633079409 2.8607050603880824 19
1752633132333 2.849807023340637 20
1752633184457 2.839739017767699 21
1752633237251 2.8256244779924646 22
1752633289391 2.825456512197531 23
1752633341718 2.7916466669415883 24
1752633394067 2.782251002322841 25
1752633446719 2.769523358118074 26
1752633501168 2.7600793544270834 27
1752633554444 2.7507730157916774 28
1752633606507 2.7331071312123822 29
1752633658813 2.7268422500084313 30
1752633710855 2.7196290281978306 31
1752633762764 2.71241554256442 32
1752633815395 2.708408391430537 33
1752633867839 2.7050482208976816 34
1752633919232 2.6900903516491845 35
1752633971554 2.6827359511246125 36
1752634024093 2.6748751941459017 37
1752634076488 2.6752364865497444 38
1752634127338 2.6735628935125106 39
1752634179879 2.6707433198633614 40
1752634232651 2.654685829852399 41
1752634286765 2.6443807516669056 42
1752634340639 2.641174870202177 43
1752634393396 2.6272667032806885 44
1752634445054 2.6148704289825755 45
1752634497417 2.636428197588569 46
1752634549953 2.6182493131074467 47
1752634602331 2.6145059024985438 48
1752634654331 2.6136513823739134 49
1752634707085 2.6047601725252143 50
1752634759708 2.587421231203003 51
1752634811574 2.596650985876092 52
1752634864002 2.585180010817035 53
1752634915755 2.5768692880834427 54
1752634969790 2.57176723403548 55
1752635021854 2.5707671296819723 56
1752635073973 2.56536204675476 57
1752635126269 2.5642692916172845 58
1752635178312 2.5550621794835493 59
1752635231019 2.5492106031528894 60
1752635283572 2.543152894286737 61
1752635336366 2.5415269380596595 62
1752635389232 2.5399709077767674 63
1752635441842 2.5399365128638354 64
1752635494386 2.5376082195040177 65
1752635546046 2.532083182805994 66
1752635597748 2.5261671353185218 67
1752635649566 2.5146482641374424 68
1752635704901 2.513342154478066 69
1752635760255 2.500466565287952 70
1752635816105 2.506088101288316 71
1752635872054 2.4932415645506474 72
1752635924625 2.4939052355368454 73
1752635976767 2.5053183127712275 74
1752636032043 2.502906644734296 75
1752636086087 2.4846881370483245 76
1752636137745 2.4850922615163595 77
1752636189707 2.469978916409315 78
1752636243444 2.4689653799732465 79
1752636296760 2.466925848114374 80
1752636348582 2.4688480744837613 81
1752636403474 2.471382053372448 82
1752636460740 2.4566320827597385 83
1752636514034 2.4586751472972552 84
1752636567512 2.4607199519681444 85
1752636618451 2.443743643787515 86
1752636669867 2.4415180857147445 87
1752636722026 2.4425379698323164 88
1752636775745 2.443505938094259 89
1752636831261 2.4515795120950803 90
1752636885674 2.4327065099065606 91
1752636939243 2.42922742496163 92
1752636991113 2.4270166446135173 93
1752637043570 2.4189535248814993 94
1752637095417 2.4103054371625703 95
1752637148006 2.4080723876379837 96
1752637200154 2.406798626068853 97
1752637252064 2.410109424231819 98
1752637303298 2.40358389816701 99
1752637357386 2.3973539333257237 100
