1753737771471 4.599564771684292 0
1753737778434 4.572410821764346 1
1753737784482 4.539571715984689 2
1753737791378 4.500960428256756 3
1753737798130 4.482480362314495 4
1753737804630 4.461991285916986 5
1753737811533 4.43813720391848 6
1753737818889 4.402726294915182 7
1753737826267 4.36901355481238 8
1753737833651 4.3342449596921355 9
1753737840956 4.311216066443855 10
1753737847432 4.287653763988731 11
1753737854594 4.262586756081278 12
1753737861641 4.234442593020118 13
1753737869069 4.204935450020734 14
1753737876497 4.187375697632605 15
1753737883456 4.180067975263527 16
1753737890310 4.173017767007835 17
1753737897099 4.150770752607348 18
1753737904564 4.129251054326443 19
1753737911645 4.116099771555355 20
1753737918209 4.101604562188558 21
1753737924646 4.073994679028069 22
1753737931984 4.071972883163554 23
1753737938951 4.053735614374136 24
1753737945529 4.032736362003889 25
1753737952770 4.027471112373147 26
1753737959509 4.019268379586241 27
1753737966086 4.007052392656936 28
1753737973020 3.9834309802831047 29
1753737980085 3.9651192909732194 30
1753737986906 3.9513982432687316 31
1753737994562 3.9374312540722176 32
1753738001596 3.946190686273996 33
1753738008430 3.9375012874503055 34
1753738015723 3.9145081892590805 35
1753738022950 3.9162872896418945 36
1753738029937 3.893273753947498 37
1753738036826 3.8946754669832453 38
1753738044023 3.8869578128805076 39
1753738050818 3.868246818350463 40
1753738057154 3.866761726759822 41
1753738064830 3.860121507737856 42
1753738071798 3.8438604242313605 43
1753738078936 3.8305059895389166 44
1753738085637 3.804394643965164 45
1753738093222 3.815585921471136 46
1753738100903 3.8109489184760807 47
1753738108298 3.788979132318757 48
1753738115712 3.7798242010755567 49
1753738122291 3.7757486240259484 50
1753738129091 3.7668252913277405 51
1753738135715 3.769348357619734 52
1753738142877 3.768612246871145 53
1753738150342 3.752796262339816 54
1753738157791 3.747834855465891 55
1753738164501 3.7346457935973043 56
1753738172106 3.730969681490264 57
1753738179329 3.7179161876427522 58
1753738186385 3.7129835581368584 59
1753738193822 3.7014936174400317 60
1753738201290 3.69976303025222 61
1753738208912 3.6921251149877072 62
1753738215771 3.7002501253221856 63
1753738223336 3.702131742637365 64
1753738230692 3.6809006723199085 65
1753738236417 3.6831730041447783 66
1753738241985 3.67709365658722 67
1753738248556 3.6797916305170384 68
1753738255403 3.6830209593604524 69
1753738262331 3.666509540630219 70
1753738269864 3.66633965864859 71
1753738277129 3.6382480200071603 72
1753738284904 3.648948764966385 73
1753738292118 3.632146809971999 74
1753738299822 3.62822834375076 75
1753738307164 3.6229864938412457 76
1753738313348 3.625703461333552 77
1753738320900 3.6085688155606395 78
1753738328180 3.602987085409954 79
1753738335681 3.60051033348033 80
1753738343049 3.6004357891906555 81
1753738350712 3.6103982386743385 82
1753738357082 3.5971584148445066 83
1753738363939 3.5886518520535216 84
1753738371225 3.5953534170076997 85
1753738378874 3.6019771066519732 86
1753738385755 3.5713050220883558 87
1753738392926 3.5572153363672814 88
1753738400727 3.5728626169793594 89
1753738408104 3.5645679054063826 90
1753738415496 3.5578301557225807 91
1753738422527 3.5539876929648337 92
1753738430162 3.5603818564717638 93
1753738436428 3.5604534377165833 94
1753738442574 3.5416377254422344 95
1753738449636 3.5572844504458208 96
1753738456913 3.533142392727546 97
1753738463600 3.531902674693628 98
1753738471181 3.537723736208795 99
1753738478810 3.5259575407862815 100
