1754614316652 2.2561034811047316 0
1754614345739 1.7455389542088078 1
1754614370016 1.4026100786936893 2
1754614395252 1.1447532808694991 3
1754614420868 0.945786802647324 4
1754614445645 0.875425551287059 5
1754614466366 0.74657652901746 6
1754614485360 0.677102539570636 7
1754614517693 0.6668803967903968 8
1754614546763 0.6203969052105551 9
1754614568660 0.5988116015042858 10
1754614594897 0.5772787033373067 11
1754614630146 0.5552943488226764 12
1754614649178 0.5598208890777749 13
1754614672499 0.5568869600580626 14
1754614695034 0.5356775712828235 15
1754614715101 0.5222247553495794 16
1754614742701 0.5210031054583978 17
1754614766436 0.5117961375766176 18
1754614788260 0.5183272635328724 19
1754614817908 0.5038336421374674 20
1754614847221 0.5158504452311333 21
1754614869586 0.4875469593827605 22
1754614899277 0.5004869783955335 23
1754614920228 0.49266428900486886 24
1754614946496 0.4757121125364393 25
1754614976433 0.4721232404724908 26
1754614997143 0.4719830382355959 27
1754615023667 0.48155749367010164 28
1754615052147 0.4741579503963124 29
1754615078695 0.4764648471504789 30
1754615100450 0.46442736107795735 31
1754615130179 0.4653770922838547 32
1754615155399 0.46246379290711037 33
1754615185322 0.4545179151016933 34
1754615206812 0.457871392728553 35
1754615234737 0.45682334339709635 36
1754615259959 0.4492007779741653 37
1754615280724 0.4463102614156831 38
1754615305538 0.4482220458708425 39
1754615335110 0.4499728493833964 40
1754615362541 0.4470922161004064 41
1754615383053 0.43856482457815943 42
1754615404557 0.44135648018516105 43
1754615428161 0.4505916843579651 44
1754615455284 0.43042748358866934 45
1754615477675 0.43502788331296877 46
1754615497399 0.43921498749320886 47
1754615518001 0.446330318484015 48
1754615545105 0.4341165630038997 49
1754615566762 0.4373592339157959 50
1754615592967 0.421555735207597 51
1754615621828 0.4320887114725784 52
1754615647548 0.43397482056137604 53
1754615675359 0.4250947911759067 54
1754615705185 0.4210902967825466 55
1754615735234 0.42050884232365504 56
1754615756076 0.4315994165877937 57
1754615786421 0.43794171470634796 58
1754615806474 0.4284356601797626 59
1754615832209 0.4260316583910475 60
1754615856488 0.4196785041561481 61
1754615878602 0.4229016004582924 62
1754615904987 0.4169750607206096 63
1754615929586 0.42003602748588714 64
1754615954867 0.4106147496027213 65
1754615980371 0.4127895669862833 66
1754615999441 0.4087106756631968 67
1754616018150 0.40867934900594216 68
1754616045434 0.41224861661439655 69
1754616080488 0.4097613875709416 70
1754616106664 0.4109004548731843 71
1754616136046 0.4106105901947524 72
1754616165210 0.4097356542073946 73
1754616194048 0.4148865687076393 74
1754616214081 0.42288387288558665 75
1754616238021 0.4152638015156425 76
1754616263481 0.4078678713631879 77
1754616284120 0.4024713347097151 78
1754616311361 0.4052699647248698 79
1754616333310 0.40661423416660214 80
1754616365395 0.41398863533917485 81
1754616392925 0.40463431477162104 82
1754616417394 0.39912702012785495 83
1754616441761 0.41435646972922724 84
1754616463798 0.40028168623310567 85
1754616482807 0.40744948820041516 86
1754616505117 0.39545524679090444 87
1754616535068 0.39545212578356126 88
1754616564149 0.3892231630462616 89
1754616590971 0.39674481157664204 90
1754616618590 0.3973250164881236 91
1754616645094 0.3947865404677014 92
1754616667236 0.3925372957675759 93
1754616694097 0.38978212565622883 94
1754616720016 0.39653105852411374 95
1754616745253 0.39181107440234725 96
1754616771760 0.3937905293935856 97
1754616798402 0.39221814239604924 98
1754616821175 0.38900205950156685 99
1754616850673 0.38966634842473113 100
