1753325483105 4.572129400851797 0
1753325503090 4.4869042876990415 1
1753325518636 4.4096298529451365 2
1753325538591 4.34753118311973 3
1753325559066 4.30116965801789 4
1753325578343 4.252017514602433 5
1753325598352 4.207846318337536 6
1753325618415 4.187894449959587 7
1753325638724 4.157508871043214 8
1753325656942 4.116664029009556 9
1753325677540 4.106964369690083 10
1753325697358 4.085874089602414 11
1753325718122 4.071169419517132 12
1753325738159 4.027891347768077 13
1753325756440 4.023608213615498 14
1753325775252 4.004792904643363 15
1753325795784 4.005473282017493 16
1753325815088 4.012180660792187 17
1753325833969 3.9892944427987715 18
1753325854338 3.9783234407341546 19
1753325873514 3.9888499632960057 20
1753325893205 3.961620331487018 21
1753325915523 3.960261694119226 22
1753325935000 3.9579874596058597 23
1753325953769 3.955272554724895 24
1753325974272 3.942824897469468 25
1753325994527 3.9662437076927386 26
1753326015811 3.9860711901966592 27
1753326036515 3.973311197612405 28
1753326056412 3.9370557923134557 29
1753326075044 3.928687462164304 30
1753326095648 3.92493498370446 31
1753326115507 3.9424122218676803 32
1753326134994 3.97229317468272 33
1753326155257 3.9716433851645743 34
1753326175052 3.94428990538905 35
1753326195306 3.960642141948081 36
1753326214808 3.931752501089265 37
1753326233625 3.93749749805808 38
1753326252575 3.9635253213643526 39
1753326273698 3.923585723294787 40
1753326293713 3.9461307577497573 41
1753326314139 3.9737422637650823 42
1753326335079 3.961528368911206 43
1753326355205 3.9609909547432576 44
1753326373784 3.9538386076024823 45
1753326392472 3.9868550419606996 46
1753326412956 3.9710305797522585 47
1753326434789 3.9400031294152233 48
1753326454803 3.935253787361408 49
1753326474337 3.970986666337138 50
1753326493854 3.972037283399116 51
1753326512850 3.9742789967889895 52
1753326532635 3.9708276858045153 53
1753326552168 3.965073076528178 54
1753326570472 3.9651873633985812 55
1753326591096 3.967550587483743 56
1753326602249 3.9713730885607696 57
1753326622943 3.9811146971356624 58
1753326643225 3.9595011925186214 59
1753326663440 3.9567229823562067 60
1753326683400 3.9742075560372534 61
1753326705129 3.977943829249414 62
1753326726475 3.980574175471165 63
1753326746913 4.011834463586122 64
1753326765097 3.9771846749918858 65
1753326785140 3.971645021273239 66
1753326804285 3.993492639004658 67
1753326824802 4.0044941717007925 68
1753326845481 4.009875556396907 69
1753326865516 4.001948675954226 70
1753326885129 4.008718249638975 71
1753326906022 3.9812524521010118 72
1753326925412 4.020715651578791 73
1753326944085 3.994373123715434 74
1753326963337 4.02308828558126 75
1753326982683 4.0097127793753735 76
1753327001315 4.031177387274129 77
1753327022172 4.008843739044521 78
1753327042005 3.9913397972425426 79
1753327062112 4.0289119574992585 80
1753327081198 4.024047611909987 81
1753327099253 4.032651820218879 82
1753327119840 4.041375955309173 83
1753327139033 4.055344332411992 84
1753327157419 4.043391556274295 85
1753327177751 4.055918133161107 86
1753327197484 4.032240772257336 87
1753327218066 4.005972030597256 88
1753327235683 4.044792859155423 89
1753327254826 4.019241584774174 90
1753327276366 4.041807540327924 91
1753327295882 4.019352383989905 92
1753327318077 4.029776510977103 93
1753327338156 4.023849232801123 94
1753327357266 4.033901392085656 95
1753327377719 4.042810900189286 96
1753327398489 4.033490375692777 97
1753327420013 4.0536005855320685 98
1753327440855 4.063317538309919 99
1753327459123 4.070298007389937 100
