1753386911439 0.020269147698953313 0
1753386922269 0.026582488785512545 1
1753386934948 0.03829539790662901 2
1753386947197 0.05441103173284599 3
1753386959554 0.06820069779033062 4
1753386972929 0.07634158498089384 5
1753386985634 0.08755607243728195 6
1753386997539 0.09312178102674863 7
1753387008141 0.0942847649111148 8
1753387021305 0.11064960956969597 9
1753387034284 0.1260176108988204 10
1753387044709 0.1241069945173617 11
1753387056122 0.12950656255191892 12
1753387067333 0.1427978069446752 13
1753387080050 0.15301545107160658 14
1753387094124 0.16090712742980562 15
1753387105886 0.16381458714072106 16
1753387116768 0.1655590629672703 17
1753387129481 0.1732845987705599 18
1753387142429 0.18242232929057983 19
1753387154690 0.18682505399568033 20
1753387167880 0.1845821565044027 21
1753387181076 0.18815417843495597 22
1753387192858 0.19471673035387937 23
1753387205336 0.20019936866589133 24
1753387215768 0.20277454726698788 25
1753387228777 0.20152849310516696 26
1753387239366 0.20177770393753114 27
1753387251325 0.21631500249210833 28
1753387263344 0.22221299219139393 29
1753387276472 0.21988702442266156 30
1753387289659 0.2208838677521183 31
1753387301705 0.22545273301212826 32
1753387315215 0.2262003655092208 33
1753387326058 0.22453895996012627 34
1753387336813 0.23101844160159496 35
1753387348420 0.23608572852633328 36
1753387361038 0.24007310184416017 37
1753387373733 0.24314670210998504 38
1753387386570 0.24347898321980396 39
1753387400257 0.24779863764744975 40
1753387412570 0.25319820568200696 41
1753387425703 0.24746635653763083 42
1753387438284 0.2520352217976408 43
1753387449050 0.25776707094201695 44
1753387462182 0.25577338428310353 45
1753387473951 0.25801628177438113 46
1753387485294 0.26150523342747967 47
1753387497260 0.25959461704602094 48
1753387510693 0.2630835686991195 49
1753387522547 0.26590795813258017 50
1753387533994 0.2675693636816747 51
1753387546920 0.26615716896494435 52
1753387558626 0.2718890181093205 53
1753387571445 0.26989533145040706 54
1753387584233 0.27587639142714737 55
1753387597018 0.27429805615550756 56
1753387606427 0.27886692141551755 57
1753387620112 0.2828542947333444 58
1753387633254 0.27986376474497426 59
1753387645642 0.2818574514038877 60
1753387657063 0.2819405216813424 61
1753387669483 0.28551254361189565 62
1753387681518 0.28675859777371654 63
1753387691768 0.290579830536634 64
1753387703797 0.2893337763748131 65
1753387714223 0.29049676025917925 66
1753387727550 0.2914105333111813 67
1753387738639 0.2875893005482638 68
1753387750037 0.29224123608572855 69
1753387762736 0.2912443927562718 70
1753387776104 0.29672703106828374 71
1753387788091 0.29672703106828374 72
1753387800270 0.29489948496427976 73
1753387812099 0.3002159827213823 74
1753387823542 0.29747466356537633 75
1753387833621 0.2993022096693803 76
1753387845593 0.299385279946835 77
1753387858555 0.30204352882538626 78
1753387870819 0.3033726532646619 79
1753387882342 0.302126599102841 80
1753387894170 0.3049509885363017 81
1753387906079 0.3033726532646619 82
1753387916007 0.30378800465193556 83
1753387927995 0.30544941020103006 84
1753387940509 0.30345572354211664 85
1753387953984 0.3083568699119455 86
1753387966910 0.30569862103339424 87
1753387978455 0.30943678351885695 88
1753387990503 0.30877222129921916 89
1753388003668 0.3111812593454062 90
1753388016388 0.3120950323974082 91
1753388026887 0.3135902973915933 92
1753388039648 0.31342415683668384 93
1753388051895 0.31525170294068783 94
1753388063437 0.31566705432796144 95
1753388074751 0.3141717893337764 96
1753388084731 0.31815916265160327 97
1753388095776 0.3163316165475993 98
1753388107029 0.3151686326632331 99
1753388119392 0.31201196211995347 100
