1753386911440 4.583069165247035 0
1753386922270 4.517743352532838 1
1753386934949 4.450769674782996 2
1753386947198 4.373760183050934 3
1753386959556 4.324328069578654 4
1753386972930 4.25662077620732 5
1753386985635 4.19706933745921 6
1753386997540 4.141192386760688 7
1753387008142 4.102333892639468 8
1753387021306 4.041640560032691 9
1753387034285 4.003709981751172 10
1753387044710 3.9671040263783284 11
1753387056123 3.940305516568489 12
1753387067335 3.9027531476219246 13
1753387080051 3.860625365142213 14
1753387094125 3.840473299419344 15
1753387105887 3.8329309134385126 16
1753387116769 3.8181498342324023 17
1753387129482 3.7843344732711874 18
1753387142430 3.7540233601237003 19
1753387154691 3.7599969281023817 20
1753387167881 3.7370921417713765 21
1753387181077 3.7179226041742113 22
1753387192859 3.705846265666171 23
1753387205337 3.686836264623519 24
1753387215769 3.6619451428071046 25
1753387228778 3.6775788369675855 26
1753387239367 3.673484234060245 27
1753387251326 3.6458814606389964 28
1753387263345 3.622214799194889 29
1753387276473 3.6079347252645326 30
1753387289660 3.589403070938492 31
1753387301706 3.594630406703604 32
1753387315216 3.587819409876523 33
1753387326060 3.580344429984219 34
1753387336814 3.5543310687841614 35
1753387348421 3.5678497238938878 36
1753387361039 3.530972615692384 37
1753387373734 3.530727282999543 38
1753387386571 3.533227969087839 39
1753387400258 3.507680220857494 40
1753387412571 3.510658472363014 41
1753387425704 3.5161276221926747 42
1753387438285 3.5045268706485673 43
1753387449051 3.508935826322821 44
1753387462183 3.4837455974375815 45
1753387473952 3.498467980537559 46
1753387485295 3.478622953272407 47
1753387497261 3.4566936050206984 48
1753387510694 3.4492121613191027 49
1753387522548 3.4627631292116647 50
1753387533995 3.4405016447125787 51
1753387546921 3.4457632768249353 52
1753387558627 3.452152126273371 53
1753387571446 3.4301306542452266 54
1753387584234 3.4431525840635007 55
1753387597019 3.413960101099363 56
1753387606428 3.431035838153694 57
1753387620113 3.4108564934844776 58
1753387633256 3.4063593390209426 59
1753387645643 3.386063081218997 60
1753387657064 3.395676951640892 61
1753387669484 3.3916959990819695 62
1753387681519 3.39602271055614 63
1753387691769 3.4060239506624685 64
1753387703798 3.373694178573521 65
1753387714224 3.387248393566281 66
1753387727551 3.376581849484145 67
1753387738640 3.399548323089809 68
1753387750038 3.392353635643049 69
1753387762737 3.3724737979124053 70
1753387776105 3.367046891640795 71
1753387788092 3.356401889489047 72
1753387800271 3.364533899160131 73
1753387812100 3.35017487773779 74
1753387823543 3.357679177678498 75
1753387833622 3.3472991101803924 76
1753387845594 3.353142033509218 77
1753387858556 3.336816216915683 78
1753387870820 3.3239145836643735 79
1753387882343 3.344083953662899 80
1753387894171 3.336338362745399 81
1753387906080 3.345446142793554 82
1753387916008 3.346626245835189 83
1753387927996 3.331142586787842 84
1753387940510 3.3394072595615754 85
1753387953985 3.345347227094152 86
1753387966911 3.3207121409128173 87
1753387978456 3.317171954792956 88
1753387990504 3.329904527499326 89
1753388003669 3.304833556922758 90
1753388016389 3.3187877741642686 91
1753388026888 3.311250432567869 92
1753388039649 3.3133420750417346 93
1753388051896 3.299294004587127 94
1753388063438 3.291271127913869 95
1753388074752 3.317751755392216 96
1753388084732 3.298697681387416 97
1753388095777 3.3091381085475184 98
1753388107030 3.304505398890811 99
1753388119393 3.295729274507228 100
