1753160399930 0.02492108323641801 0
1753160420266 0.060724372819405216 1
1753160440788 0.08149194218308689 2
1753160460387 0.10109652766240239 3
1753160483177 0.11646452899152683 4
1753160503351 0.1378966605748463 5
1753160523186 0.15451071606579167 6
1753160542893 0.16904801462036884 7
1753160563255 0.1850805781691311 8
1753160583708 0.19371988702442267 9
1753160604279 0.20451902309353714 10
1753160622806 0.21041701279282274 11
1753160642647 0.21913939192556903 12
1753160661706 0.23284598770559894 13
1753160678584 0.2392423990696129 14
1753160698107 0.2530320651270975 15
1753160716816 0.2546934706761921 16
1753160734267 0.25818242232929056 17
1753160755068 0.2664063797973085 18
1753160774355 0.27928227280279116 19
1753160793463 0.2734673533809603 20
1753160814083 0.2820235919587971 21
1753160835168 0.28069446751952154 22
1753160855688 0.287838511380628 23
1753160876198 0.28767237082571856 24
1753160896359 0.296976241900648 25
1753160916456 0.297557733842831 26
1753160936814 0.2987207177271972 27
1753160954606 0.30561555075593955 28
1753160973685 0.31325801628177435 29
1753160994130 0.312759594617046 30
1753161014749 0.3161654759926898 31
1753161032556 0.31840837348396744 32
1753161051311 0.31965442764578833 33
1753161068125 0.3179930220966938 34
1753161085387 0.3268815417843496 35
1753161106059 0.3268815417843496 36
1753161124070 0.3350224289749128 37
1753161142543 0.333444093703273 38
1753161163102 0.3372653264661904 39
1753161183477 0.34573849476657253 40
1753161203937 0.34548928393420836 41
1753161226629 0.342249543113474 42
1753161245436 0.3444093703272969 43
1753161264105 0.3465691975411198 44
1753161283431 0.3499750789167636 45
1753161301750 0.35055657085894665 46
1753161318686 0.3553746469513208 47
1753161339915 0.3567868416680512 48
1753161359774 0.36044193387605916 49
1753161377581 0.35911280943678353 50
1753161398695 0.362601761089882 51
1753161419038 0.36210333942515366 52
1753161440578 0.3651769396909786 53
1753161460894 0.3659245721880711 54
1753161481229 0.3691643130088054 55
1753161500473 0.36849975078916763 56
1753161521945 0.37281940521681345 57
1753161542607 0.37041036717062636 58
1753161562111 0.3718225618873567 59
1753161582756 0.3752284432630005 60
1753161602085 0.37099185911280946 61
1753161622845 0.37041036717062636 62
1753161643457 0.37232098355208504 63
1753161664029 0.3748961621531816 64
1753161682438 0.3767237082571856 65
1753161701583 0.3789666057484632 66
1753161720870 0.3777205515866423 67
1753161741671 0.3780528326964612 68
1753161761104 0.37788669214155174 69
1753161781122 0.38262169795647116 70
1753161800257 0.38096029240737667 71
1753161818865 0.38403389267320154 72
1753161838620 0.3861106496095697 73
1753161857937 0.38785512543611894 74
1753161875403 0.38602757933211496 75
1753161896008 0.38461538461538464 76
1753161916114 0.38561222794484135 77
1753161937376 0.3891842498753946 78
1753161950531 0.38935039043030406 79
1753161969021 0.38702442266157167 80
1753161989699 0.38561222794484135 81
1753162009577 0.38885196876557565 82
1753162028909 0.38727363349393584 83
1753162047966 0.38843661737830204 84
1753162068334 0.39317162319322146 85
1753162087298 0.3908456554244891 86
1753162106887 0.3906795148695797 87
1753162129267 0.3932546934706762 88
1753162149830 0.39342083402558564 89
1753162170683 0.3945007476324971 90
1753162188945 0.39342083402558564 91
1753162208606 0.39616215318159165 92
1753162228112 0.39200863930885527 93
1753162248258 0.3982389101179598 94
1753162268624 0.40089715899651107 95
1753162289245 0.3958298720717727 96
1753162309377 0.39956803455723544 97
1753162329922 0.3976574181757767 98
1753162349856 0.3970759262335936 99
1753162371116 0.39798969928559563 100
1753162389869 0.3985711912277787 101
1753162409042 0.4004818076092374 102
1753162431383 0.4006479481641469 103
1753162450635 0.3960790829041369 104
1753162472532 0.3989034723375976 105
1753162491367 0.4000664562219638 106
1753162507440 0.3964113640139558 107
1753162528823 0.398488120950324 108
1753162545810 0.3997341751121449 109
1753162566193 0.4014786509386941 110
1753162587977 0.40181093204851304 111
1753162607058 0.4048845323143379 112
1753162627030 0.40122944010632994 113
1753162646710 0.40430304037215486 114
1753162665301 0.4048845323143379 115
1753162683038 0.4048014620368832 116
1753162703909 0.40554909453397575 117
1753162723732 0.40455225120451904 118
1753162744239 0.40397075926233594 119
1753162765842 0.4058813756437947 120
1753162786557 0.40613058647615885 121
1753162805264 0.40961953812925733 122
1753162823744 0.40613058647615885 123
1753162845279 0.405466024256521 124
1753162864223 0.40928725701943847 125
1753162884501 0.40496760259179265 126
1753162903835 0.40937032729689316 127
1753162925450 0.4072105000830703 128
1753162944588 0.4052998837016116 129
1753162965150 0.41078252201362353 130
1753162986491 0.4052998837016116 131
1753163007219 0.40812427313507227 132
1753163028276 0.4067120784183419 133
1753163047846 0.40679514869579664 134
1753163066309 0.40737664063797974 135
1753163086947 0.4097026084067121 136
1753163106924 0.40928725701943847 137
1753163128220 0.40953646785180264 138
1753163148327 0.4088719056321648 139
1753163167604 0.40870576507725537 140
1753163188626 0.4103671706263499 141
1753163207551 0.41153015451071606 142
1753163229166 0.4112809436783519 143
1753163248202 0.411862435620535 144
1753163269937 0.41294234922744644 145
1753163286338 0.4146868250539957 146
1753163305802 0.4151021764412693 147
1753163323978 0.4124439275627181 148
1753163343371 0.4120285761754444 149
1753163362099 0.41518524671872403 150
1753163380967 0.41252699784017277 151
1753163403308 0.41269313839508226 152
1753163422465 0.4116132247881708 153
1753163442461 0.4126100681176275 154
1753163461512 0.41136401395580663 155
1753163478966 0.41119787340089714 156
1753163499236 0.4114470842332613 157
1753163519318 0.4114470842332613 158
1753163537695 0.4156836683834524 159
1753163558348 0.41177936534308024 160
1753163580566 0.41194550589798967 161
1753163600913 0.4171789333776375 162
1753163621429 0.4152683169961788 163
1753163640628 0.41435454394417676 164
1753163659370 0.41368998172453897 165
1753163679599 0.41460375477654093 166
1753163699915 0.41634823060309023 167
1753163719250 0.41427147366672207 168
1753163740388 0.4152683169961788 169
1753163761575 0.4130254195049011 170
1753163781119 0.4175942847649111 171
1753163800526 0.4146868250539957 172
1753163820483 0.4153513872736335 173
1753163839904 0.4153513872736335 174
1753163858502 0.4146868250539957 175
1753163879292 0.4121947167303539 176
1753163896763 0.41618209004818074 177
1753163916976 0.4175942847649111 178
1753163936528 0.417012792822728 179
1753163954504 0.41809270642963947 180
1753163973173 0.41676358199036384 181
1753163993189 0.4160159494932713 182
1753164011615 0.418840338926732 183
1753164031656 0.4175112144874564 184
1753164052291 0.4158498089383619 185
1753164071621 0.417012792822728 186
1753164091679 0.41676358199036384 187
1753164111492 0.4184249875394584 188
1753164132502 0.4137730520019937 189
1753164151732 0.4160159494932713 190
1753164162408 0.4174281442100017 191
1753164181945 0.4175942847649111 192
1753164200795 0.41925569031400567 193
1753164222081 0.4187572686492773 194
1753164242723 0.41551752782854295 195
1753164261815 0.4174281442100017 196
1753164281036 0.4160159494932713 197
1753164301761 0.4162651603256355 198
1753164320836 0.41867419837182257 199
1753164340495 0.4171789333776375 200
