1753160399931 4.538068202525039 0
1753160420267 4.367244184192563 1
1753160440789 4.185104223247735 2
1753160460388 4.029663524892261 3
1753160483178 3.890138073145917 4
1753160503352 3.766451242442089 5
1753160523187 3.6554612134273636 6
1753160542894 3.554327681266044 7
1753160563256 3.473436640109671 8
1753160583709 3.3892350447383333 9
1753160604280 3.3170952633079636 10
1753160622807 3.2463601122838504 11
1753160642648 3.1876110613671806 12
1753160661707 3.1203296994551635 13
1753160678584 3.0698353780473466 14
1753160698108 3.009082991067679 15
1753160716817 2.968713887928413 16
1753160734268 2.9340561662165245 17
1753160755069 2.8912469006576873 18
1753160774356 2.836729374814805 19
1753160793464 2.829111340392683 20
1753160814084 2.7786881146735634 21
1753160835169 2.7586823405714385 22
1753160855689 2.7223814763207055 23
1753160876199 2.6987384500850293 24
1753160896360 2.6532861305766366 25
1753160916457 2.63317571436973 26
1753160936815 2.621223919553985 27
1753160954607 2.5897708034605578 28
1753160973686 2.5535875393744023 29
1753160994131 2.5408296457555624 30
1753161014750 2.5215583326386626 31
1753161032557 2.498079007002124 32
1753161051312 2.4831198963010546 33
1753161068126 2.470843471940599 34
1753161085388 2.4371917441944557 35
1753161106060 2.433225008859109 36
1753161124071 2.399252627165491 37
1753161142544 2.384604803901502 38
1753161163103 2.3640400043877796 39
1753161183478 2.339117180717347 40
1753161203938 2.326432920644743 41
1753161226630 2.335650250083912 42
1753161245437 2.306482134232655 43
1753161264106 2.2898152258377107 44
1753161283432 2.27991689249917 45
1753161301751 2.2787047501319897 46
1753161318687 2.256791896576288 47
1753161339916 2.2365629597965935 48
1753161359775 2.2100722410564617 49
1753161377582 2.2138272248280555 50
1753161398696 2.1972348963377506 51
1753161419039 2.1995915909708423 52
1753161440579 2.1799375549704147 53
1753161460895 2.1670231241897255 54
1753161481230 2.1510931277610816 55
1753161500474 2.139598577989155 56
1753161521946 2.1316092235168123 57
1753161542608 2.127053617140785 58
1753161562112 2.1262834798317587 59
1753161582757 2.0969896969448474 60
1753161602086 2.099063769120687 61
1753161622846 2.0929232205899635 62
1753161643458 2.0840892576216747 63
1753161664030 2.0674489525222337 64
1753161682439 2.0502879564102683 65
1753161701584 2.04706672603165 66
1753161720871 2.0365104561921377 67
1753161741672 2.032755421202891 68
1753161761105 2.0314472932783483 69
1753161781123 2.0139853784320434 70
1753161800258 2.0070986960642276 71
1753161818866 1.9867512410167587 72
1753161838621 1.9876022784148208 73
1753161857938 1.983685712877719 74
1753161875404 1.97779063264103 75
1753161896009 1.9711915745473099 76
1753161916115 1.960150789712196 77
1753161937377 1.9471002730528013 78
1753161950532 1.9367722803902956 79
1753161969022 1.9460555240042123 80
1753161989700 1.9340749208029702 81
1753162009578 1.9250778397525645 82
1753162028910 1.9247418974266677 83
1753162047967 1.9203882036701678 84
1753162068335 1.9002771228050774 85
1753162087299 1.9000846859210176 86
1753162106888 1.8860779236023444 87
1753162129268 1.8769150796640366 88
1753162149831 1.8825350365452327 89
1753162170684 1.8650260875021123 90
1753162188946 1.8740404183346466 91
1753162208607 1.8608999874109278 92
1753162228113 1.8572509026279365 93
1753162248259 1.838082415697303 94
1753162268625 1.8292774882523037 95
1753162289246 1.8371666773696465 96
1753162309378 1.8203614243768553 97
1753162329923 1.8244469205012288 98
1753162349857 1.815698060112723 99
1753162371117 1.8154870837413248 100
1753162389870 1.8076723172803444 101
1753162409043 1.7967716374032485 102
1753162431384 1.7987662852687363 103
1753162450636 1.8042763721490669 104
1753162472533 1.797086714003932 105
1753162491368 1.7878393893321556 106
1753162507441 1.7904491439843788 107
1753162528824 1.7871540084969801 108
1753162545811 1.7685012120116204 109
1753162566194 1.7589298497670935 110
1753162587978 1.7485906055785116 111
1753162607059 1.7504693474362205 112
1753162627031 1.7470329330765109 113
1753162646711 1.7372661411962673 114
1753162665302 1.732377677291519 115
1753162683039 1.7290332916467919 116
1753162703910 1.717673990801885 117
1753162723733 1.7156678883467666 118
1753162744240 1.7097592207533865 119
1753162765843 1.7027428386127714 120
1753162786558 1.7044058271181488 121
1753162805265 1.6988947469241582 122
1753162823745 1.6896131689518927 123
1753162845280 1.695705045961993 124
1753162864224 1.6838842973570305 125
1753162884502 1.6844000392485787 126
1753162903836 1.669654307106354 127
1753162925451 1.6844036407821967 128
1753162944589 1.6756718597269549 129
1753162965151 1.6603615395709115 130
1753162986492 1.6561358663691548 131
1753163007220 1.6635431882030025 132
1753163028277 1.6525383700576335 133
1753163047847 1.6468138602907139 134
1753163066310 1.640685004902868 135
1753163086948 1.64026979356691 136
1753163106925 1.6382633786477827 137
1753163128221 1.6254052024408268 138
1753163148328 1.6219580405246514 139
1753163167605 1.623404985208404 140
1753163188627 1.612465642283022 141
1753163207552 1.6020108788153262 142
1753163229167 1.6055402835222692 143
1753163248203 1.6105986682431144 144
1753163269938 1.6013940003938965 145
1753163286339 1.5911914593704162 146
1753163305803 1.595400062477754 147
1753163323979 1.5893860677677627 148
1753163343372 1.5956064329747646 149
1753163362100 1.575994055010394 150
1753163380968 1.5823376277111667 151
1753163403309 1.58485150450904 152
1753163422466 1.5719124252597492 153
1753163442462 1.57364165650766 154
1753163461513 1.5686694574787017 155
1753163478967 1.562021614113817 156
1753163499237 1.5707609561930038 157
1753163519319 1.5678220233837312 158
1753163537696 1.5498712395715983 159
1753163558349 1.5517777040265672 160
1753163580567 1.5353320849516803 161
1753163600914 1.536662152443377 162
1753163621430 1.531430850341797 163
1753163640629 1.5339255570056258 164
1753163659371 1.5369058201835655 165
1753163679600 1.5276913609372913 166
1753163699916 1.520405372102855 167
1753163719251 1.517606603790477 168
1753163740389 1.511018583739741 169
1753163761576 1.5078900109580355 170
1753163781120 1.5050403350175754 171
1753163800527 1.5063575963987277 172
1753163820484 1.5095504750162927 173
1753163839905 1.492392648279216 174
1753163858503 1.50735493628179 175
1753163879293 1.5009059701216676 176
1753163896764 1.4805412706349417 177
1753163916977 1.4878238223245686 178
1753163936529 1.475957913605317 179
1753163954505 1.4753633577653769 180
1753163973174 1.4847187789712146 181
1753163993190 1.479601678872632 182
1753164011616 1.462108507580169 183
1753164031657 1.466195418960961 184
1753164052292 1.4659679296820691 185
1753164071622 1.4602749403526973 186
1753164091680 1.4580970952093928 187
1753164111493 1.451601979971408 188
1753164132503 1.451955498279569 189
1753164151733 1.4498667243512653 190
1753164162409 1.4436097234822638 191
1753164181946 1.4389094082233835 192
1753164200796 1.4333663922071005 193
1753164222082 1.4275085079809005 194
1753164242724 1.4391979291446322 195
1753164261816 1.4331971477966141 196
1753164281037 1.4200145646040305 197
1753164301762 1.4229975228032279 198
1753164320837 1.4131109397819233 199
1753164340496 1.4092596494892207 200
