1754589135669 0.11568420523644404 0
1754589155440 0.09910045730941254 1
1754589174711 0.21141765917885322 2
1754589196244 0.2157394843962008 3
1754589219066 0.2631288004422333 4
1754589238211 0.3674556510377406 5
1754589253190 0.5236444042414191 6
1754589264800 0.47057641087491836 7
1754589281198 0.5280667370219609 8
1754589295252 0.3973566510879944 9
1754589314381 0.5680687471732248 10
1754589337553 0.5030906075682195 11
1754589352476 0.619126589275843 12
1754589369785 0.5859088396401829 13
1754589381899 0.6211869943213226 14
1754589391860 0.6745062565958089 15
1754589410482 0.5275641992059903 16
1754589428832 0.6092265943012212 17
1754589447177 0.6691291019649228 18
1754589463788 0.6255088195386703 19
1754589477482 0.6205336951605608 20
1754589500700 0.5552540328659732 21
1754589521757 0.5166591285994271 22
1754589536145 0.6290768380320619 23
1754589548460 0.5795266093773557 24
1754589562005 0.6062616211869943 25
1754589581025 0.6698326549072817 26
1754589601220 0.701593044876627 27
1754589616847 0.5091210613598673 28
1754589633792 0.6518418010955325 29
1754589645121 0.6213377556661138 30
1754589667717 0.656867179255239 31
1754589690560 0.6542037288305945 32
1754589713880 0.623749937182773 33
1754589731769 0.6232976531483995 34
1754589756892 0.6517412935323383 35
1754589774582 0.6868686868686869 36
1754589790926 0.6057590833710237 37
1754589809600 0.7057641087491834 38
1754589830929 0.6610884969093924 39
1754589846197 0.6990301020151767 40
1754589865631 0.686215387707925 41
1754589886042 0.7150610583446404 42
1754589901598 0.666968189356249 43
1754589921098 0.6333986632494095 44
1754589937827 0.5649530127142067 45
1754589948612 0.5464093673048896 46
1754589962887 0.7273732348359214 47
1754589974501 0.662344841449319 48
1754589988035 0.6711895070104026 49
1754590001228 0.694708276797829 50
1754590015324 0.6567666716920448 51
1754590035428 0.6471681994070054 52
1754590056320 0.7443087592341324 53
1754590074324 0.6357103372028745 54
1754590093734 0.6691793557465199 55
1754590104251 0.6485753052917232 56
1754590119372 0.6450072867983315 57
1754590135865 0.6466154078094377 58
1754590150011 0.5528921051309111 59
1754590171712 0.7381275440976933 60
1754590186014 0.5121362882556912 61
1754590205899 0.663048394391678 62
1754590222946 0.6953113221769939 63
1754590245442 0.6101311623699683 64
1754590260855 0.7092316196793809 65
1754590271612 0.5441479471330217 66
1754590283194 0.615257048092869 67
1754590296267 0.6178702447359163 68
1754590312435 0.7347102869490929 69
1754590322853 0.6910900045228403 70
1754590346726 0.7127996381727725 71
1754590359584 0.4829388411477964 72
1754590376669 0.7511432735313333 73
1754590392344 0.7131514146439519 74
1754590410854 0.6293783607216443 75
1754590434811 0.5453540378913513 76
1754590449904 0.6471681994070054 77
1754590469928 0.5380169857781798 78
1754590489270 0.7090808583345897 79
1754590507245 0.6340017086285743 80
1754590523011 0.6843057440072365 81
1754590541448 0.62756922458415 82
1754590563580 0.5848032564450475 83
1754590579140 0.6518920548771295 84
1754590595635 0.7454645962108649 85
1754590611691 0.7548620533695161 86
1754590622997 0.6295291220664355 87
1754590637576 0.6379215035931454 88
1754590656279 0.6169656766671692 89
1754590676878 0.6559123574048947 90
1754590689531 0.6814412784562038 91
1754590712371 0.6064123825317855 92
1754590733243 0.4896728478818031 93
1754590750755 0.7306899844213277 94
1754590769283 0.6521433237851149 95
1754590783312 0.5365596261118649 96
1754590804373 0.7042062415196744 97
1754590820813 0.6876224935926428 98
1754590838076 0.7024976129453742 99
1754590849456 0.4137896376702347 100
