1754589135670 2.3250185283846405 0
1754589155441 2.3332476274552922 1
1754589174712 2.246224854462294 2
1754589196245 2.188380197671892 3
1754589219068 2.199755769966523 4
1754589238212 1.9894181676095741 5
1754589253192 1.9318398800437937 6
1754589264801 1.8225283045680267 7
1754589281199 1.7915345399348932 8
1754589295253 1.9376107502083286 9
1754589314382 1.783604212875243 10
1754589337554 1.780544300626854 11
1754589352478 1.7462383245873778 12
1754589369786 1.67284530491437 13
1754589381900 1.6927088534000887 14
1754589391861 1.728614432287611 15
1754589410483 1.87526538432505 16
1754589428833 1.787610523753706 17
1754589447179 1.641759384431043 18
1754589463789 1.672933405570935 19
1754589477483 1.6573233744752307 20
1754589500701 2.0299276479993114 21
1754589521759 1.954635629472403 22
1754589536146 1.7118825834459628 23
1754589548461 1.7830711993820052 24
1754589562007 1.7003943807395456 25
1754589581026 1.6694520600460916 26
1754589601221 1.6399734440479492 27
1754589616848 1.9332919220110778 28
1754589633793 1.648671046680683 29
1754589645122 1.708484891235919 30
1754589667718 1.5981232877896216 31
1754589690561 1.6434299847112994 32
1754589713881 1.6957693541820682 33
1754589731770 1.7003835343775597 34
1754589756893 1.6720182194285804 35
1754589774584 1.6971881712910464 36
1754589790927 1.6797798145727538 37
1754589809601 1.6567791844906876 38
1754589830930 1.7481637343678438 39
1754589846198 1.5838352526257828 40
1754589865632 1.7145029359922688 41
1754589886043 1.7032601948966213 42
1754589901599 1.7353456990044138 43
1754589921100 1.7362257286089093 44
1754589937828 1.7739756334263532 45
1754589948613 1.7957158764907306 46
1754589962888 1.674093227317366 47
1754589974502 1.6318934115014117 48
1754589988036 1.5932862804995014 49
1754590001230 1.61348246186481 50
1754590015325 1.6655796887513472 51
1754590035430 1.6884028059727652 52
1754590056321 1.5737294125886825 53
1754590074325 1.7296631700012988 54
1754590093736 1.652347284336145 55
1754590104253 1.7895690048331199 56
1754590119373 1.7531291366099042 57
1754590135866 1.8261079195481815 58
1754590150012 1.7395634249366043 59
1754590171713 1.5731938200792357 60
1754590186015 1.8685147842560283 61
1754590205900 1.5388581766478016 62
1754590222947 1.6147295712071577 63
1754590245443 1.767784766443338 64
1754590260857 1.6739042067993244 65
1754590271613 1.7669526531314808 66
1754590283195 1.676766761938127 67
1754590296269 1.7302947783712468 68
1754590312436 1.6263780006736643 69
1754590322854 1.690847882021996 70
1754590346727 1.6812054665826202 71
1754590359585 1.7752154545590524 72
1754590376670 1.5926237816109936 73
1754590392345 1.5984647116551163 74
1754590410855 1.7419609509926504 75
1754590434812 1.868735564742407 76
1754590449906 1.626974066133444 77
1754590469929 1.7074783608372104 78
1754590489271 1.5671439366452886 79
1754590507246 1.7242325815955306 80
1754590523013 1.5237156992915946 81
1754590541449 1.686103609275439 82
1754590563581 1.6250032941615464 83
1754590579141 1.6751961625353815 84
1754590595637 1.5577406806766556 85
1754590611692 1.5894301312705719 86
1754590622998 1.60401197337369 87
1754590637577 1.6300034238187844 88
1754590656280 1.646429781381158 89
1754590676880 1.6760355846214712 90
1754590689532 1.5083173186968344 91
1754590712372 1.655327620832089 92
1754590733245 1.990022864896406 93
1754590750756 1.5606477521605253 94
1754590769284 1.6206559983800186 95
1754590783314 1.728155981715327 96
1754590804374 1.510548989315873 97
1754590820814 1.618329048936143 98
1754590838077 1.5271909206807461 99
1754590849457 1.8844734264227252 100
