1753223357833 4.5587994100266815 0
1753223374834 4.477466658966638 1
1753223392375 4.383208896343124 2
1753223406160 4.303892700198118 3
1753223422255 4.231216662117492 4
1753223439111 4.152786587556403 5
1753223452012 4.09774337520415 6
1753223469455 4.0328395953946075 7
1753223488272 3.986015278333974 8
1753223504027 3.920727925773627 9
1753223522130 3.8828703796928696 10
1753223537758 3.8444280994194 11
1753223554752 3.804204584946899 12
1753223571370 3.7760381121853914 13
1753223588010 3.7363482712947707 14
1753223605862 3.720007803746761 15
1753223622675 3.7034518473185427 16
1753223639018 3.6929210647408226 17
1753223656058 3.669459529462207 18
1753223673318 3.6438695313099703 19
1753223690174 3.654752018648118 20
1753223708244 3.6236329961594738 21
1753223725309 3.6159681945650854 22
1753223740984 3.591290070310066 23
1753223757841 3.59439006439023 24
1753223774058 3.552292806065448 25
1753223793051 3.561698251997738 26
1753223809342 3.5798370601149756 27
1753223826423 3.554386242391082 28
1753223844284 3.52350572609711 29
1753223862322 3.5080095404784886 30
1753223880525 3.506890740175115 31
1753223896730 3.5110753903673597 32
1753223915320 3.512082422015145 33
1753223929870 3.5022302817376336 34
1753223943489 3.475814406938942 35
1753223961053 3.4986162628632425 36
1753223976282 3.476616994229221 37
1753223992117 3.480404867325174 38
1753224006906 3.480944161181592 39
1753224024891 3.448542090587728 40
1753224043777 3.4661186073521897 41
1753224063439 3.457429413587018 42
1753224081825 3.447498380473904 43
1753224100312 3.465697523161061 44
1753224118151 3.43334496916969 45
1753224133316 3.4537933472952655 46
1753224147613 3.428400332973303 47
1753224166555 3.4111651240426384 48
1753224183610 3.406184791917308 49
1753224199979 3.407102332765588 50
1753224218874 3.400282524560569 51
1753224233706 3.4368041115881467 52
1753224250889 3.429603441077754 53
1753224271377 3.4201624044704557 54
1753224289116 3.432774139294959 55
1753224301897 3.406039293446727 56
1753224317641 3.4189126513469312 57
1753224334041 3.416815348937262 58
1753224351779 3.4276258370589687 59
1753224369688 3.3958264729990684 60
1753224384835 3.420878282486265 61
1753224401329 3.4012137806781353 62
1753224417334 3.4107760165533434 63
1753224430791 3.425767560774862 64
1753224447174 3.408290897336714 65
1753224463621 3.4035283053883387 66
1753224474243 3.401412680776443 67
1753224489746 3.401050581118799 68
1753224506146 3.414621522329895 69
1753224523992 3.399552027422022 70
1753224542075 3.3977875245211253 71
1753224559388 3.375226836011108 72
1753224579038 3.3842880886084092 73
1753224594647 3.3861282336556546 74
1753224611486 3.401964043433449 75
1753224630419 3.4011418339007538 76
1753224647139 3.3884829415925264 77
1753224662867 3.3902345037525468 78
1753224679099 3.378659253826458 79
1753224695422 3.397907763249787 80
1753224711170 3.4034240599839114 81
1753224728562 3.412224004177448 82
1753224744541 3.413760743982003 83
1753224759101 3.402284775964349 84
1753224775924 3.389433139334611 85
1753224794272 3.401883777147985 86
1753224811751 3.376909325012844 87
1753224828438 3.357817966029042 88
1753224844524 3.386690412463637 89
1753224860107 3.3575871228520335 90
1753224878337 3.3867580882387536 91
1753224894929 3.3819131211053928 92
1753224911941 3.3980881125298605 93
1753224927601 3.386044222224205 94
1753224944798 3.3721693339043175 95
1753224961897 3.393732872604071 96
1753224980649 3.381718983140098 97
1753224995637 3.403353526524357 98
1753225011670 3.383376491788858 99
1753225021087 3.374835402850796 100
