1753716359021 0.02716398072769563 0
1753716387472 0.05407875062302708 1
1753716410867 0.07019438444924406 2
1753716438887 0.08780528326964612 3
1753716465985 0.09710915434457551 4
1753716488168 0.11197873400897158 5
1753716516100 0.12668217311845822 6
1753716545757 0.13490613058647616 7
1753716570561 0.15044027247051006 8
1753716595649 0.15201860774214987 9
1753716623874 0.16564213324472504 10
1753716653017 0.1757767070942017 11
1753716682157 0.1932214653596943 12
1753716709826 0.19305532480478485 13
1753716737876 0.19587971423824554 14
1753716764918 0.20526665559062968 15
1753716793302 0.20767569363681676 16
1753716819195 0.2153181591626516 17
1753716846357 0.2240405382953979 18
1753716872205 0.22852633327795316 19
1753716901268 0.2324306363183253 20
1753716929056 0.24065459378634324 21
1753716958260 0.24156836683834523 22
1753716989068 0.24347898321980396 23
1753717016758 0.251370659578003 24
1753717042503 0.2523675029074597 25
1753717067862 0.25020767569363683 26
1753717095935 0.25718557899983385 27
1753717120419 0.2551088220634657 28
1753717148271 0.26316663897657416 29
1753717175478 0.26873234756604086 30
1753717205532 0.27296893171623193 31
1753717235291 0.276291742814421 32
1753717262019 0.2800299052998837 33
1753717292913 0.2819405216813424 34
1753717319806 0.2802791161322479 35
1753717346586 0.28825386276790166 36
1753717374139 0.28692473832862603 37
1753717403375 0.28484798139225787 38
1753717429978 0.2858448247217146 39
1753717457271 0.292407376640638 40
1753717486664 0.2911613224788171 41
1753717516348 0.2959793985711912 42
1753717545396 0.2931550091377305 43
1753717571368 0.2965608905133743 44
1753717598888 0.2958963282937365 45
1753717626771 0.2961455391261007 46
1753717654989 0.29448413357700615 47
1753717680476 0.3009636152184748 48
1753717709860 0.3043694965941186 49
1753717739327 0.3015451071606579 50
1753717767165 0.305781691310849 51
1753717797711 0.30877222129921916 52
1753717826310 0.3047017777039375 53
1753717846947 0.310932048513042 54
1753717876577 0.3080245888021266 55
1753717904778 0.30843994018940024 56
1753717934955 0.3086891510217644 57
1753717962688 0.30985213490613056 58
1753717991716 0.30819072935703606 59
1753718019883 0.31059976740322315 60
1753718051137 0.3101844160159495 61
1753718077061 0.30819072935703606 62
1753718108164 0.3061139724206679 63
1753718136822 0.30603090214321316 64
1753718164295 0.3105166971257684 65
1753718192343 0.3108489782355873 66
1753718218649 0.30827379963449075 67
1753718243440 0.31284266489450074 68
1753718272252 0.310932048513042 69
1753718301991 0.3142548596112311 70
1753718327726 0.31143047017777037 71
1753718357931 0.31400564877886694 72
1753718378508 0.31400564877886694 73
1753718407316 0.3105166971257684 74
1753718434892 0.3130088054494102 75
1753718464648 0.31226117295231764 76
1753718492722 0.31658082737996346 77
1753718521304 0.31716231932214656 78
1753718551693 0.3167469679348729 79
1753718580256 0.31483635155341416 80
1753718605423 0.3169131084897824 81
1753718635703 0.31624854627014454 82
1753718663206 0.31641468682505397 83
1753718692947 0.3125103837846818 84
1753718721548 0.3183253032065127 85
1753718751275 0.3160824057152351 86
1753718778427 0.31724538959960125 87
1753718808064 0.31541784349559726 88
1753718834419 0.3163316165475993 89
1753718861549 0.31982056820069776 90
1753718891273 0.321897325137066 91
1753718920982 0.32123276291742814 92
1753718950349 0.3150855623857784 93
1753718979620 0.3141717893337764 94
1753719005740 0.3147532812759595 95
1753719033805 0.3204851304203356 96
1753719063134 0.31840837348396744 97
1753719092778 0.31965442764578833 98
1753719122232 0.3180760923741485 99
1753719149874 0.3180760923741485 100
