1753991158791 0.027662402392423992 0
1753991193001 0.0647117461372321 1
1753991244999 0.08938361854128593 2
1753991295362 0.10932048513042034 3
1753991342410 0.12826050839009803 4
1753991374108 0.14612061804286428 5
1753991423776 0.1527662402392424 6
1753991471876 0.16888187406545938 7
1753991524680 0.184499086226948 8
1753991576162 0.19214155175278286 9
1753991628240 0.2090878883535471 10
1753991678423 0.21025087223791328 11
1753991728828 0.210333942515368 12
1753991779264 0.2153181591626516 13
1753991833256 0.21207841834191726 14
1753991882647 0.2149858780528327 15
1753991933673 0.21648114304701777 16
1753991983442 0.21988702442266156 17
1753992022443 0.22304369496594117 18
1753992061315 0.22919089549759097 19
1753992092795 0.24622030237580994 20
1753992144340 0.248629340421997 21
1753992194795 0.24530652932380795 22
1753992242583 0.24530652932380795 23
1753992292862 0.2438943346070776 24
1753992338725 0.24547266987871738 25
1753992387343 0.24896162153181592 26
1753992441016 0.25535803289582987 27
1753992475105 0.262003655092208 28
1753992527049 0.26491111480312346 29
1753992581658 0.26300049842166473 30
1753992625177 0.26316663897657416 31
1753992677003 0.26233593620202694 32
1753992711729 0.26300049842166473 33
1753992760583 0.2606745306529324 34
1753992810501 0.2628343578667553 35
1753992858768 0.25876391427147366 36
1753992906765 0.2606745306529324 37
1753992959561 0.2591792656587473 38
