1753991158793 4.571402590153581 0
1753991193002 4.431789358407041 1
1753991245000 4.321719415817931 2
1753991295363 4.250922954464138 3
1753991342412 4.193475801616963 4
1753991374109 4.167010125267778 5
1753991423778 4.136816469177239 6
1753991471878 4.131243265605566 7
1753991524682 4.105569769570857 8
1753991576163 4.138161783675864 9
1753991628242 4.085127742726026 10
1753991678424 4.086299046683846 11
1753991728830 4.0951958096758245 12
1753991779266 4.058764528744289 13
1753991833258 4.058215940041032 14
1753991882648 4.042436651603326 15
1753991933675 4.052967977164604 16
1753991983443 4.056226210729875 17
1753992022444 4.076416479628264 18
1753992061316 4.08318030602215 19
1753992092796 4.065830238732516 20
1753992144341 4.098968329184423 21
1753992194796 4.120694741335442 22
1753992242584 4.138754618769037 23
1753992292864 4.132437263342795 24
1753992338726 4.17342637139126 25
1753992387344 4.196099894874688 26
1753992441017 4.138855297786468 27
1753992475107 4.143987393536361 28
1753992527051 4.147813065159543 29
1753992581659 4.180841504105666 30
1753992625178 4.183259591519471 31
1753992677004 4.175173354793677 32
1753992711730 4.175446552305721 33
1753992760585 4.213470558038589 34
1753992810503 4.227340250309354 35
1753992858769 4.263753031656617 36
1753992906766 4.270322379793525 37
1753992959562 4.299809912909122 38
