1752952381138 0.033560392091709586 0
1752952606026 0.07659079581325802 1
1752952837953 0.12767901644791493 2
1752953072121 0.17295231766074098 3
1752953304117 0.21290912111646454 4
1752953534819 0.2519521515201861 5
1752953765783 0.2831865758431633 6
1752953994912 0.3069446751952152 7
1752954230055 0.32555241734507395 8
1752954468613 0.3408373483967436 9
1752954703037 0.3597773716564213 10
1752954930494 0.3769729190895498 11
1752955166389 0.38228941684665224 12
1752955398908 0.39225785014121944 13
1752955630069 0.4070443595281608 14
1752955866077 0.4185080578169131 15
1752956091053 0.42423990696128927 16
1752956316539 0.4339591294234923 17
1752956553480 0.4409370327296893 18
1752956782324 0.44833028742316 19
1752957004047 0.4538959960126267 20
1752957234240 0.4597109154344576 21
1752957467804 0.4655258348562884 22
1752957696244 0.47150689483302877 23
1752957937823 0.47341751121448744 24
1752958165458 0.4807276956305034 25
1752958402856 0.48355208506396413 26
1752958639816 0.4876225286592457 27
1752958868369 0.4916099019770726 28
1752959095310 0.5006645622196378 29
1752959336943 0.5063133410865592 30
1752959572387 0.508223957468018 31
1752959809313 0.5108822063465692 32
1752960040608 0.5093869413523842 33
1752960272558 0.518524671872404 34
1752960502513 0.523093537132414 35
1752960734230 0.5230104668549593 36
1752960966047 0.5284931051669712 37
1752961196909 0.5279946835022429 38
1752961432793 0.532812759594617 39
1752961668754 0.5366339923575345 40
1752961901574 0.5371324140222629 41
1752962142142 0.5431965442764579 42
1752962375317 0.5427811928891842 43
1752962604719 0.5467685662070111 44
1752962876569 0.5525004153513873 45
1752963156410 0.549842166472836 46
