1752952381139 4.642048229056688 0
1752952606027 4.388001883496398 1
1752952837954 4.0336130386143205 2
1752953072122 3.6855882289245505 3
1752953304117 3.3770144117205283 4
1752953534820 3.0726198514315044 5
1752953765784 2.8585370996552646 6
1752953994913 2.6432340431784604 7
1752954230056 2.478659548571629 8
1752954468614 2.3160169721803396 9
1752954703038 2.159152467184971 10
1752954930495 2.0351509704490565 11
1752955166390 1.9389715473050477 12
1752955398909 1.8441215363627548 13
1752955630070 1.739205086886334 14
1752955866078 1.6291169951529365 15
1752956091054 1.555632393599043 16
1752956316540 1.4685309207646462 17
1752956553480 1.412402140476678 18
1752956782325 1.3310442874638773 19
1752957004048 1.2759836200179602 20
1752957234241 1.2100347090776769 21
1752957467805 1.1596338538397248 22
1752957696245 1.1100823144800844 23
1752957937824 1.0532303956091922 24
1752958165459 0.9944301796790589 25
1752958402856 0.9646770008690585 26
1752958639817 0.9333150821731514 27
1752958868370 0.8935745186554387 28
1752959095311 0.8540150073334906 29
1752959336944 0.8012313775088366 30
1752959572388 0.7710086162196019 31
1752959809314 0.7378244101508149 32
1752960040609 0.7119628107642938 33
1752960272559 0.6793362765051082 34
1752960502514 0.6580057361261222 35
1752960734231 0.6323175069178936 36
1752960966048 0.6007994685786247 37
1752961196910 0.5812464427589968 38
1752961432794 0.5591411624664742 39
1752961668755 0.5336059463896082 40
1752961901575 0.5103974184894408 41
1752962142143 0.4805154212219744 42
1752962375318 0.46049036824218087 43
1752962604720 0.4533997960652233 44
1752962876570 0.4255310220755056 45
1752963156411 0.4336584685810507 46
