1755752134697 0.02691476989533145 0
1755752155624 0.01885695298222296 1
1755752175131 0.04244891177936534 2
1755752195637 0.057733842831035054 3
1755752215818 0.07376640637979731 4
1755752237514 0.08797142382455557 5
1755752257937 0.09760757600930386 6
1755752276934 0.09744143545439442 7
1755752295685 0.11280943678351886 8
1755752315847 0.11380628011297558 9
1755752334329 0.1226117295231766 10
1755752352668 0.13897657418175777 11
1755752372624 0.14213324472503738 12
1755752392493 0.15284931051669712 13
1755752411925 0.15600598105997673 14
1755752433604 0.1621531815916265 15
1755752444392 0.1748629340421997 16
1755752465215 0.16356537630835688 17
1755752486527 0.17993022096693803 18
1755752506326 0.18026250207675693 19
1755752526747 0.17885030736002658 20
1755752546883 0.18483136733676692 21
1755752565691 0.19862103339425155 22
1755752585991 0.195132081741153 23
1755752607399 0.19463366007642466 24
1755752624243 0.19496594118624355 25
1755752639533 0.19671041701279282 26
1755752659432 0.20385446087389933 27
1755752678001 0.20385446087389933 28
1755752698047 0.20950323974082075 29
1755752719571 0.21041701279282274 30
1755752739831 0.21124771556737 31
1755752761050 0.20966938029573018 32
1755752782213 0.209420169463366 33
1755752802806 0.21332447250373815 34
1755752822761 0.22013623525502576 35
1755752843621 0.21573351054992523 36
1755752863994 0.21365675361355707 37
1755752884962 0.22395746801794317 38
1755752904084 0.23002159827213822 39
1755752923847 0.22794484133577006 40
1755752943188 0.22387439774048845 41
1755752963996 0.22379132746303373 42
1755752984252 0.23342747964778202 43
1755753004331 0.23135072271141385 44
1755753023281 0.2259511546768566 45
1755753043486 0.23143379298886857 46
1755753066048 0.23317826881541784 47
1755753085645 0.2053497258680844 48
1755753103475 0.234341252699784 49
1755753123816 0.23218142548596113 50
1755753144717 0.23575344741651438 51
1755753165313 0.23600265824887856 52
1755753186641 0.2393254693470676 53
1755753206509 0.22952317660740987 54
1755753225559 0.24846319986708756 55
1755753245614 0.23940853962452235 56
1755753260600 0.24289749127762086 57
1755753279824 0.2512875893005483 58
1755753298434 0.22960624688486458 59
1755753318156 0.2193886027579332 60
1755753338784 0.23915932879215818 61
1755753359515 0.23052001993686658 62
1755753380106 0.23126765243395914 63
1755753399704 0.25876391427147366 64
1755753419488 0.2517029406878219 65
1755753439788 0.23874397740488454 66
1755753458639 0.23400897158996511 67
1755753480124 0.22877554411031734 68
1755753498648 0.24622030237580994 69
1755753519516 0.2408207343412527 70
1755753541029 0.24663565376308358 71
1755753562543 0.20983552085063964 72
1755753583094 0.2258680843994019 73
1755753604548 0.22611729523176607 74
1755753621610 0.2575178601096528 75
1755753644153 0.21963781359029738 76
1755753664271 0.20634656919754113 77
1755753683860 0.2183917594284765 78
1755753703645 0.24289749127762086 79
1755753723953 0.20684499086226948 80
1755753745126 0.20302375809935205 81
1755753766158 0.235255025751786 82
1755753787803 0.22669878717394917 83
1755753809274 0.2536135570692806 84
1755753829380 0.2317660740986875 85
1755753845132 0.2443096859943512 86
1755753864754 0.22669878717394917 87
1755753884143 0.22728027911613224 88
1755753904606 0.2417345073932547 89
1755753923392 0.20809104502409037 90
1755753944731 0.22362518690812427 91
1755753965440 0.21058315334773217 92
1755753980046 0.21772719720883868 93
1755753999918 0.17369995015783352 94
1755754020364 0.234341252699784 95
1755754041066 0.18125934540621366 96
1755754062207 0.20518358531317496 97
1755754081781 0.1542615052334275 98
1755754100624 0.2501246054161821 99
1755754121504 0.2087556072437282 100
