1755752134698 4.543483158879643 0
1755752155625 4.530173725719059 1
1755752175132 4.544722844543152 2
1755752195638 4.4747151510211385 3
1755752215819 4.441906026252532 4
1755752237516 4.417964795147887 5
1755752257938 4.422095901929015 6
1755752276935 4.440117738762038 7
1755752295686 4.426206004649663 8
1755752315848 4.518619239580837 9
1755752334330 4.520404436774693 10
1755752352669 4.423060103292573 11
1755752372625 4.397592376665489 12
1755752392494 4.333339341100698 13
1755752411926 4.339742489049494 14
1755752433605 4.341460529672544 15
1755752444393 4.322635656547627 16
1755752465216 4.375232874770884 17
1755752486528 4.352983648972934 18
1755752506327 4.327523342898635 19
1755752526748 4.378740512082034 20
1755752546884 4.386867213394523 21
1755752565692 4.3656452301170905 22
1755752585992 4.34239743126947 23
1755752607400 4.388873826723331 24
1755752624244 4.446579422643577 25
1755752639534 4.416398973099671 26
1755752659433 4.403752836561243 27
1755752678002 4.461929327903449 28
1755752698048 4.423576154481869 29
1755752719572 4.51771985085234 30
1755752739832 4.486427064225572 31
1755752761051 4.513327216528303 32
1755752782215 4.568382183372498 33
1755752802807 4.528849893943659 34
1755752822762 4.498164158538391 35
1755752843622 4.5746968704244075 36
1755752863995 4.579752385985857 37
1755752884963 4.5315099549223365 38
1755752904085 4.534368947129532 39
1755752923848 4.573598016693894 40
1755752943189 4.6692208037651 41
1755752963997 4.628438666838716 42
1755752984253 4.608158238579767 43
1755753004332 4.632910841707173 44
1755753023283 4.645258779602674 45
1755753043487 4.711556552011659 46
1755753066049 4.626311672925824 47
1755753085646 4.433399346281671 48
1755753103476 4.6105561371408825 49
1755753123817 4.710273140315601 50
1755753144718 4.646597683141591 51
1755753165314 4.695839957624186 52
1755753186642 4.656552036459228 53
1755753206510 4.760214363904799 54
1755753225560 4.500099442169515 55
1755753245615 4.643883608892316 56
1755753260601 4.668311857623481 57
1755753279825 4.6379750104399475 58
1755753298435 4.751271463526603 59
1755753318157 4.712346166860862 60
1755753338785 4.738509194603634 61
1755753359516 4.801401499751211 62
1755753380108 4.8313195984928035 63
1755753399705 4.53083277698849 64
1755753419489 4.6841307910438745 65
1755753439789 4.717517547422144 66
1755753458640 4.710348428322919 67
1755753480125 4.736817349445274 68
1755753498649 4.710736563234281 69
1755753519517 4.661981188640869 70
1755753541030 4.781315379186106 71
1755753562545 4.864735309718887 72
1755753583095 4.861081294915841 73
1755753604549 4.773798230855392 74
1755753621612 4.730208951777874 75
1755753644154 4.896857262284077 76
1755753664272 5.009459991349411 77
1755753683861 4.844847738304375 78
1755753703646 4.762336567739521 79
1755753723954 5.037290190127703 80
1755753745127 5.003249820602096 81
1755753766159 4.812919261692676 82
1755753787804 4.752447429845542 83
1755753809275 4.7709970420266385 84
1755753829382 4.804290294471835 85
1755753845133 4.764088682144467 86
1755753864755 4.894298692851219 87
1755753884145 4.716170928968307 88
1755753904608 4.732135973488673 89
1755753923393 4.727783050818722 90
1755753944732 4.74846941050723 91
1755753965441 4.850153747070682 92
1755753980047 4.717809603755065 93
1755753999919 5.073210611081314 94
1755754020365 4.77309294279231 95
1755754041067 5.0171966763583615 96
1755754062208 4.800425657195271 97
1755754081782 5.074707819489483 98
1755754100625 4.718292374124719 99
1755754121505 4.935433569783521 100
