1753370729924 4.584011693284162 0
1753370742716 4.526933650662146 1
1753370754870 4.445776311691198 2
1753370767038 4.389924757748524 3
1753370779548 4.309850380869185 4
1753370791256 4.242177629600536 5
1753370803137 4.177479832435308 6
1753370815005 4.116536979072636 7
1753370828493 4.06325397081868 8
1753370840280 4.004129877048547 9
1753370852491 3.9630134065771334 10
1753370863790 3.91706257984962 11
1753370875900 3.8799686678335443 12
1753370889029 3.844621372462367 13
1753370901792 3.8066702132994323 14
1753370912501 3.768584239106219 15
1753370924421 3.7439669587293363 16
1753370936865 3.728583643765199 17
1753370948861 3.6961707516079745 18
1753370960838 3.660552576648862 19
1753370972327 3.664657160674061 20
1753370984562 3.6318093944254417 21
1753370997541 3.620742066406909 22
1753371008920 3.585073190120554 23
1753371020745 3.5813496804905878 24
1753371031518 3.544358248253152 25
1753371043087 3.5409269336253235 26
1753371055413 3.528904131339868 27
1753371067025 3.501353197353209 28
1753371080151 3.4808194394963734 29
1753371092468 3.4746484630375782 30
1753371104024 3.451477906473962 31
1753371115950 3.4404849087775413 32
1753371127456 3.4173270362669217 33
1753371139101 3.4054719476576105 34
1753371152010 3.3828603938973383 35
1753371163962 3.383208201492299 36
1753371175945 3.3582595043612415 37
1753371187430 3.348345912470681 38
1753371199295 3.327496547857621 39
1753371212475 3.3101282240232432 40
1753371224175 3.3092082802484564 41
1753371236517 3.3021286920439525 42
1753371249164 3.2833140664056746 43
1753371261740 3.277935053070461 44
1753371274778 3.2700715204815807 45
1753371287427 3.2751570289343017 46
1753371299519 3.254922286028342 47
1753371310127 3.2412683163808715 48
1753371322122 3.2143347662321866 49
1753371333164 3.20504332540374 50
1753371345609 3.1988789303753262 51
1753371357577 3.190945716963375 52
1753371369588 3.1768204508079196 53
1753371381728 3.1659393576578907 54
1753371394292 3.1559753366708008 55
1753371406901 3.1609773278286277 56
1753371418738 3.1401999405822787 57
1753371430375 3.13210330459208 58
1753371443292 3.1431621931840943 59
1753371455407 3.1202082161026334 60
1753371467293 3.1102093274335427 61
1753371478857 3.0971416454979703 62
1753371490603 3.0992597891561506 63
1753371502836 3.085109423863935 64
1753371514890 3.0694716590970947 65
1753371527614 3.068152892113131 66
1753371539438 3.063722519775793 67
1753371551349 3.059446434940746 68
1753371564173 3.0551703918252087 69
1753371576438 3.0553007899629794 70
1753371588653 3.0425936208157442 71
1753371600837 3.0200237775228094 72
1753371613515 3.0257198531636633 73
1753371625678 3.0126644387283092 74
1753371637728 3.027407713092553 75
1753371650399 3.0018014360806213 76
1753371661680 3.004083823349516 77
1753371674104 2.9921674170886208 78
1753371686512 2.9819989403026526 79
1753371696977 2.9795480468428317 80
1753371709643 2.9768829474042064 81
1753371721987 2.976632261854955 82
1753371734439 2.9721054315043185 83
1753371746420 2.9685387474070235 84
1753371758246 2.9504862338909423 85
1753371771305 2.9537984365872147 86
1753371784240 2.9436023735892802 87
1753371796767 2.926273332003346 88
1753371808970 2.9421748698979995 89
1753371820966 2.9236800463959423 90
1753371832589 2.924422631455306 91
1753371844775 2.911154118984108 92
1753371857682 2.9130542842656855 93
1753371869908 2.8978718186265433 94
1753371882132 2.8906869419849825 95
1753371893898 2.906563989111858 96
1753371906096 2.8908807836296817 97
1753371918916 2.889229621996214 98
1753371930938 2.886214255987288 99
1753371944259 2.89038527404122 100
