1750273929960 0.019853796311679682 0
1750273992882 0.024754942681508556 1
1750274056251 0.03214819737497923 2
1750274119858 0.04494102010300714 3
1750274183394 0.040538295397906626 4
1750274246759 0.045107160657916597 5
1750274309878 0.05308190729357036 6
1750274372657 0.05316497757102509 7
1750274436236 0.05914603754776541 8
1750274501090 0.06047516198704104 9
1750274565123 0.06371490280777538 10
1750274628557 0.06305034058813756 11
1750274692776 0.06629008140887191 12
1750274736172 0.06836683834524007 13
1750274779539 0.07119122777870078 14
1750274822977 0.07326798471506894 15
1750274865719 0.07974746635653764 16
1750274908433 0.08007974746635654 17
1750274952087 0.07949825552417344 18
1750274994720 0.0846486127263665 19
1750275037021 0.08822063465691976 20
1750275079622 0.08606080744309685 21
1750275122756 0.08597773716564214 22
1750275165535 0.0868084399401894 23
1750275209054 0.08589466688818741 24
1750275251797 0.08780528326964612 25
1750275286729 0.08730686160491775 26
1750275321700 0.08979896992855955 27
1750275356755 0.09121116464528992 28
1750275391197 0.09137730520019936 29
1750275426217 0.0914603754776541 30
1750275461101 0.09237414852965609 31
1750275495797 0.09362020269147699 32
1750275530379 0.0930387107492939 33
1750275569862 0.09096195381292574 34
1750275608487 0.09170958631001827 35
1750275648874 0.09220800797474664 36
1750275687360 0.09162651603256355 37
1750275726650 0.0914603754776541 38
1750275755938 0.09096195381292574 39
1750275785775 0.09212493769729191 40
1750275814869 0.09195879714238246 41
1750275845009 0.09229107825220136 42
1750275873724 0.09204186741983718 43
1750275902926 0.09112809436783519 44
