1750273929961 4.583860132863613 0
1750273992883 4.56107376833431 1
1750274056252 4.541134792498652 2
1750274119859 4.522652174054499 3
1750274183395 4.505874358490266 4
1750274246759 4.491696665847236 5
1750274309878 4.476843826206555 6
1750274372657 4.4633699944160625 7
1750274436237 4.451017324791179 8
1750274501091 4.439913009334482 9
1750274565124 4.428428507592809 10
1750274628558 4.41668966068045 11
1750274692777 4.405621271566365 12
1750274736173 4.3992588342163135 13
1750274779540 4.391784621668043 14
1750274822978 4.3848263399597975 15
1750274865719 4.3792323641738955 16
1750274908434 4.373563886089654 17
1750274952088 4.368901934429295 18
1750274994720 4.363389727797714 19
1750275037022 4.358454109440836 20
1750275079622 4.353871145785582 21
1750275122757 4.348665774845686 22
1750275165536 4.344236082467476 23
1750275209055 4.3385497434843785 24
1750275251798 4.3338644129731865 25
1750275286730 4.330416593946494 26
1750275321701 4.327222100572959 27
1750275356756 4.32450141136062 28
1750275391198 4.321969880682924 29
1750275426218 4.3189598343461535 30
1750275461102 4.316302998369609 31
1750275495798 4.313729574771527 32
1750275530380 4.310812926432725 33
1750275569863 4.309040121593211 34
1750275608488 4.306232825353798 35
1750275648874 4.303917764013883 36
1750275687360 4.30154671048657 37
1750275726651 4.299203443146394 38
1750275755939 4.2975785040765215 39
1750275785776 4.297259435076431 40
1750275814869 4.295751189824762 41
1750275845009 4.295412853817421 42
1750275873724 4.294760488521757 43
1750275902927 4.292890264337531 44
