1753365181361 0.03655092208007975 0
1753365215756 0.0768400066456222 1
1753365234343 0.09793985711912277 2
1753365269693 0.12335936202026915 3
1753365304081 0.14495763415849808 4
1753365341135 0.16871573351054991 5
1753365358747 0.1926399734175112 6
1753365389304 0.20767569363681676 7
1753365409083 0.22503738162485462 8
1753365438675 0.23151686326632331 9
1753365474410 0.23716564213324473 10
1753365510749 0.2443096859943512 11
1753365528307 0.25377969762419006 12
1753365555948 0.26840006645622194 13
1753365592134 0.27712244558896826 14
1753365629916 0.2891676358199036 15
1753365648241 0.28700780860608077 16
1753365683946 0.2928227280279116 17
1753365717004 0.2991360691144708 18
1753365734054 0.3107659079581326 19
1753365764357 0.3067785346403057 20
1753365800614 0.31566705432796144 21
1753365817768 0.31467021099850473 22
1753365850841 0.3238910117959794 23
1753365888116 0.31940521681342415 24
1753365906579 0.32621697956471174 25
1753365943431 0.32679847150689484 26
1753365980930 0.3266323309519854 27
1753366017168 0.3319488287090879 28
1753366051108 0.3364346236916431 29
1753366090727 0.3364346236916431 30
1753366113710 0.34058813756437945 31
1753366150772 0.3442432297723874 32
1753366179221 0.34357866755274963 33
1753366213095 0.3436617378302044 34
1753366246466 0.3478152517029407 35
1753366283375 0.3480644625353049 36
1753366303331 0.35171955474331285 37
1753366331257 0.3522179764080412 38
1753366348242 0.35570692806113974 39
1753366384960 0.3580328958298721 40
1753366423387 0.3590297391593288 41
1753366458262 0.35869745804950987 42
1753366493705 0.35986044193387606 43
1753366525735 0.36127263665060644 44
1753366561246 0.36285097192224625 45
1753366596993 0.3593620202691477 46
1753366634009 0.3633493935869746 47
1753366672786 0.3658415019106164 48
1753366691040 0.3667552749626184 49
1753366727482 0.3685828210666224 50
1753366757448 0.3701611563382622 51
1753366790567 0.3684166805117129 52
1753366808027 0.3680013291244393 53
1753366844513 0.37257019438444927 54
1753366883495 0.37099185911280946 55
1753366904413 0.37281940521681345 56
1753366941735 0.3745638810433627 57
1753366979267 0.3773882704768234 58
1753367017482 0.3764744974248214 59
1753367051382 0.3775544110317329 60
1753367077203 0.3763914271473667 61
1753367113483 0.3785512543611896 62
1753367148118 0.3797142382455557 63
1753367171031 0.3815417843495597 64
1753367207029 0.37763748130918756 65
1753367237090 0.3821232762917428 66
1753367260969 0.3775544110317329 67
1753367297985 0.3798803788004652 68
1753367336922 0.3789666057484632 69
1753367361840 0.38245555740156173 70
1753367395197 0.3833693304535637 71
1753367430584 0.38278783851138065 72
1753367468262 0.385113806280113 73
1753367506608 0.3857783684997508 74
1753367542815 0.385113806280113 75
1753367580753 0.38536301711247717 76
1753367608086 0.3849476657252035 77
1753367640365 0.38303704934374483 78
1753367674064 0.3907625851470344 79
1753367706837 0.38619371988702444 80
1753367725525 0.38444924406047515 81
1753367761752 0.38777205515866425 82
1753367780855 0.3855291576673866 83
1753367813795 0.39043030403721546 84
1753367850318 0.39001495264994185 85
1753367885412 0.3891011795979399 86
1753367920906 0.3892673201528493 87
1753367958650 0.39001495264994185 88
1753367994359 0.3926732015284931 89
1753368030284 0.39342083402558564 90
1753368065161 0.38885196876557565 91
1753368102496 0.3932546934706762 92
1753368139678 0.39059644459212495 93
1753368170857 0.3947499584648613 94
1753368189275 0.39715899651104836 95
1753368224404 0.39275627180594785 96
1753368242120 0.3964944342914105 97
1753368280727 0.39433460707758766 98
1753368319160 0.3958298720717727 99
1753368338990 0.3950822395746802 100
