1753838736505 0.05583291729073057 0
1753838749793 0.0890331169911799 1
1753838764000 0.13171908803461474 2
1753838775521 0.15318688633716093 3
1753838788515 0.18863371609252788 4
1753838801832 0.2071892161757364 5
1753838814506 0.23215177234148776 6
1753838826952 0.23789316025961058 7
1753838838168 0.2634381760692295 8
1753838849758 0.26277250790480944 9
1753838861563 0.28473955733067063 10
1753838883449 0.28498918289232816 11
1753838896275 0.2855716425361957 12
1753838910622 0.30129805292061906 13
1753838922638 0.3074554834415044 14
1753838936250 0.31203195207189216 15
1753838947770 0.30812115160592446 16
1753838960431 0.30862040272923946 17
1753838972939 0.309036445332002 18
1753838984340 0.31827259111333 19
1753838995979 0.32060242968880015 20
1753839009865 0.32118488933266764 21
1753839021242 0.31902146779830254 22
1753839038707 0.327175902812448 23
1753839049905 0.3286736561823931 24
1753839062526 0.3309202862373107 25
1753839075142 0.33017140955233815 26
1753839087601 0.3324180396072558 27
1753839099115 0.3310867032784157 28
1753839110657 0.3320852055250458 29
1753839122832 0.33341654185388586 30
1753839134232 0.3289232817440506 31
1753839145380 0.33233483108670325 32
1753839156720 0.3371609252787485 33
1753839168578 0.33533033782659344 34
1753839179617 0.33782659344316857 35
1753839190895 0.33616242303211846 36
1753839203814 0.3349142952238309 37
1753839216220 0.3371609252787485 38
1753839227850 0.3388250956897986 39
1753839240995 0.3416541853885838 40
1753839252910 0.3381594275253786 41
1753839264306 0.33924113829256114 42
1753839276266 0.3385754701281411 43
1753839288147 0.33607921451156597 44
1753839302293 0.3379930104842736 45
1753839317426 0.3414877683474788 46
1753839332588 0.3399068064569812 47
1753839357213 0.34040605758029624 48
1753839369416 0.33782659344316857 49
1753839381261 0.3406556831419537 50
1753839393109 0.34431685804626394 51
1753839405465 0.3424030620735563 52
1753839417401 0.34456648360792147 53
1753839429611 0.3419038109502413 54
1753839441231 0.344982526210684 55
1753839453551 0.34273589615576633 56
1753839466077 0.3419038109502413 57
1753839477920 0.34256947911466135 58
1753839489652 0.3479780329505741 59
1753839501213 0.34290231319687137 60
1753839512733 0.34481610916957894 61
1753839525027 0.34822765851223164 62
1753839536281 0.344982526210684 63
1753839547327 0.34123814278582126 64
1753839559770 0.3403228490597437 65
1753839571586 0.34598102845731404 66
1753839582860 0.3428191046763189 67
1753839597529 0.34689632218339156 68
1753839610449 0.3418206024296888 69
1753839621614 0.34256947911466135 70
1753839633086 0.3466466966217341 71
1753839647079 0.345481777333999 72
1753839660943 0.34814444999167915 73
1753839673436 0.34681311366283907 74
1753839686620 0.34431685804626394 75
1753839698205 0.34939257779996674 76
1753839710186 0.345814611416209 77
1753839722898 0.3448993176901315 78
1753839734354 0.3444832750873689 79
1753839747247 0.3440672324846064 80
1753839758889 0.3512231652521218 81
1753839770116 0.34814444999167915 82
1753839781804 0.3501414544849393 83
1753839793375 0.3488933266766517 84
1753839805849 0.34814444999167915 85
1753839817710 0.3488101181560992 86
1753839830778 0.34814444999167915 87
1753839844916 0.35247129306040936 88
1753839856411 0.34806124147112666 89
1753839867781 0.3518056248959893 90
1753839879200 0.3495589948410717 91
1753839890691 0.3505574970877018 92
1753839902076 0.34806124147112666 93
1753839914424 0.34972541188217676 94
1753839926304 0.3492261607588617 95
1753839939931 0.35155599933433185 96
1753839952102 0.34831086703278413 97
1753839963270 0.3525545015809619 98
1753839974752 0.3493093692794142 99
1753839985937 0.35155599933433185 100
