1754163595248 0.21951670798949044 0
1754163650735 0.2661436554046553 1
1754163699602 0.3583243903341598 2
1754163743664 0.35732524146097766 3
1754163811203 0.34633460385597453 4
1754163855043 0.4091699663249824 5
1754163906405 0.4032675868704437 6
1754163982236 0.43385264404396257 7
1754164066591 0.40049217333382675 8
1754164118772 0.455482366872664 9
1754164172440 0.43816378640417425 10
1754164222978 0.45683306812715097 11
1754164274582 0.44129075232209597 12
1754164322174 0.4683417829256559 13
1754164379813 0.45909040447026606 14
1754164444338 0.47659401250786365 15
1754164500122 0.47413314583872995 16
1754164545680 0.4875291418421345 17
1754164599002 0.491433223550309 18
1754164644177 0.49594789623653923 19
1754164698901 0.4831439884542797 20
1754164755190 0.5038300706805314 21
1754164815443 0.4929504496169929 22
1754164874275 0.5092698812123007 23
1754164941895 0.4956148466121452 24
1754164999392 0.5140435924952818 25
1754165062070 0.49994449172926764 26
1754165109841 0.5168190060318988 27
1754165166350 0.4999074862154461 28
1754165206961 0.5211486511490212 29
1754165260559 0.5073455944935795 30
1754165315568 0.5217407393701662 31
1754165403698 0.5107871072789846 32
1754165476748 0.5206860822262517 33
1754165529126 0.5210561373644673 34
1754165579495 0.5257188321059838 35
1754165630533 0.524016578470192 36
1754165693942 0.5276431188247048 37
1754165764007 0.5251822521555711 38
1754165809042 0.5321207859971135 39
1754165870688 0.5319357584280058 40
1754165929522 0.5293268697035859 41
1754165980386 0.5141176035229249 42
1754166045359 0.5219812752100063 43
1754166100435 0.5268845057913629 44
1754166160036 0.5235540095474226 45
1754166223771 0.5414461754801465 46
1754166292577 0.5393738667061392 47
1754166341486 0.5343966250971395 48
