1754163595250 2.2393320939318606 0
1754163650736 2.141304813107948 1
1754163699603 2.099531938557193 2
1754163743665 2.1207837154763376 3
1754163811204 2.203248922069589 4
1754163855045 2.150510777809422 5
1754163906407 2.2009072224519453 6
1754163982238 2.228362521591842 7
1754164066592 2.2720266459884404 8
1754164118773 2.2972638465695403 9
1754164172441 2.268774321836129 10
1754164222979 2.364859054326004 11
1754164274583 2.366208948748476 12
1754164322176 2.407388092649989 13
1754164379814 2.357627867362122 14
1754164444339 2.483633936937406 15
1754164500124 2.3964881585238236 16
1754164545681 2.5186928383137235 17
1754164599003 2.421999859839469 18
1754164644178 2.546069922167062 19
1754164698902 2.471220043798864 20
1754164755191 2.6061172694884664 21
1754164815445 2.5155950810321714 22
1754164874277 2.636515676779228 23
1754164941896 2.546905806287691 24
1754164999393 2.6983141313631056 25
1754165062071 2.5940368071182562 26
1754165109843 2.7307669787805247 27
1754165166351 2.63860323183606 28
1754165206962 2.782565742042077 29
1754165260560 2.6450633777626225 30
1754165315570 2.8366388506642166 31
1754165403699 2.685090276046334 32
1754165476749 2.815591437512989 33
1754165529127 2.7864988252242604 34
1754165579496 2.910464316666331 35
1754165630534 2.864928097509131 36
1754165693943 3.0582068848064243 37
1754165764008 2.982901733441409 38
1754165809044 3.0837021609709065 39
1754165870689 2.955520033452617 40
1754165929523 3.0822933202029565 41
1754165980387 2.9959527915128863 42
1754166045361 3.096135229689232 43
1754166100436 3.0557390746916058 44
1754166160037 3.083122912506195 45
1754166223772 3.1454836263738235 46
1754166292579 3.0120667627281015 47
1754166341488 3.167751699025728 48
