1753247595610 0.0304867918258847 0
1753247610845 0.08506396411364014 1
1753247638953 0.11256022595115468 2
1753247676794 0.14055490945339758 3
1753247713561 0.16356537630835688 4
1753247747661 0.18341917262003654 5
1753247782673 0.20559893670044857 6
1753247813630 0.22146535969430137 7
1753247848689 0.24065459378634324 8
1753247883940 0.24779863764744975 9
1753247918108 0.2554411031732846 10
1753247954301 0.2620867253696627 11
1753247970047 0.2724705100515036 12
1753247993160 0.280860608074431 13
1753248028551 0.2871739491609902 14
1753248065921 0.3019604585479316 15
1753248100233 0.2991360691144708 16
1753248121931 0.303954145206845 17
1753248157260 0.31059976740322315 18
1753248194912 0.3217311845821565 19
1753248226831 0.31898986542615054 20
1753248260258 0.32654926067453066 21
1753248294144 0.3238910117959794 22
1753248327493 0.3313673367669048 23
1753248355097 0.329789001495265 24
1753248388594 0.34092041867419837 25
1753248420236 0.34116962950656254 26
1753248457906 0.33518856952982223 27
1753248478740 0.3466522678185745 28
1753248515719 0.35238411696295063 29
1753248554553 0.3494766572520352 30
1753248580816 0.3532148197374979 31
1753248612548 0.35371324140222626 32
1753248644624 0.35230104668549594 33
1753248679618 0.3547931550091377 34
1753248714269 0.3590297391593288 35
1753248739989 0.35770061472005316 36
1753248774196 0.36202026914769897 37
1753248803801 0.36127263665060644 38
1753248836527 0.3637647449742482 39
1753248871357 0.3669214155175278 40
1753248903343 0.3658415019106164 41
1753248937363 0.3641800963615218 42
1753248970828 0.3674198371822562 43
1753248994212 0.37232098355208504 44
1753249030353 0.37074264828044523 45
1753249061363 0.3714072105000831 46
1753249099361 0.3715733510549925 47
1753249135200 0.3752284432630005 48
1753249150828 0.37780362186409705 49
1753249184646 0.37506230270809104 50
1753249213993 0.3755607243728194 51
1753249251140 0.3737331782688154 52
1753249286949 0.37572686492772883 53
1753249315682 0.37863432463864427 54
1753249351036 0.38129257351719553 55
1753249385420 0.381458714072105 56
1753249421519 0.38062801129755774 57
1753249457838 0.38187406545937863 58
1753249494460 0.38228941684665224 59
1753249521661 0.3833693304535637 60
1753249554449 0.3799634490779199 61
1753249589380 0.3798803788004652 62
1753249619915 0.380544941020103 63
1753249652988 0.3841169629506563 64
1753249681692 0.38378468184083736 65
1753249714199 0.3882704768233926 66
1753249750810 0.38719056321648115 67
1753249787489 0.38627679016447913 68
1753249812242 0.3852799468350224 69
1753249847821 0.3867752118292075 70
1753249882847 0.3879381957135737 71
1753249898651 0.38802126599102843 72
1753249930022 0.3892673201528493 73
1753249954269 0.39101179597939856 74
1753249989688 0.3891842498753946 75
1753250005775 0.3889350390430304 76
1753250040574 0.3901810932048513 77
1753250058387 0.39300548263831203 78
1753250091582 0.3960790829041369 79
1753250126751 0.3916763581990364 80
1753250161964 0.3899318823724871 81
1753250195725 0.39342083402558564 82
1753250216045 0.39159328792158166 83
1753250246507 0.3913440770892175 84
1753250278174 0.39383618541285925 85
1753250299112 0.39317162319322146 86
1753250335399 0.39043030403721546 87
1753250371455 0.394833028742316 88
1753250406071 0.3963282937365011 89
1753250421749 0.3970759262335936 90
1753250451938 0.39699285595613887 91
1753250468045 0.3973251370659578 92
1753250504947 0.39774048845323146 93
1753250520060 0.39782355873068614 94
1753250552789 0.4010632995514205 95
1753250586720 0.3964944342914105 96
1753250621087 0.39873733178268816 97
1753250655215 0.3963282937365011 98
1753250690319 0.3979066290081409 99
1753250728388 0.3973251370659578 100
