1753226256136 0.015368001329124439 0
1753226262883 0.014786509386941352 1
1753226269583 0.01561721216148862 2
1753226276648 0.024588802126599103 3
1753226283181 0.032397408207343416 4
1753226289877 0.03596943013789666 5
1753226296559 0.04602093370991859 6
1753226303694 0.049260674530652936 7
1753226310805 0.05358032895829872 8
1753226317882 0.05565708589466689 9
1753226325009 0.05673699950157834 10
1753226332186 0.05939524838012959 11
1753226339535 0.061056653929224124 12
1753226345674 0.06836683834524007 13
1753226352541 0.07492939026416348 14
1753226359446 0.07991360691144708 15
1753226366492 0.0805781691310849 16
1753226372869 0.08797142382455557 17
1753226379034 0.09162651603256355 18
1753226386195 0.09370327296893172 19
1753226393417 0.09793985711912277 20
1753226400649 0.0976906462867586 21
1753226407829 0.09353713241402226 22
1753226414059 0.10383784681840838 23
1753226420960 0.1079913606911447 24
1753226426995 0.11289250706097359 25
1753226434129 0.11181259345406214 26
1753226441292 0.11430470177770394 27
1753226447981 0.11646452899152683 28
1753226454296 0.12419006479481641 29
1753226461364 0.1288420003322811 30
1753226468491 0.12252865924572189 31
1753226475490 0.1210333942515368 32
1753226482657 0.12867585977737164 33
1753226489986 0.12759594617046022 34
1753226496967 0.13665060641302543 35
1753226504151 0.13665060641302543 36
1753226511375 0.13955806612394087 37
1753226517779 0.1393919255690314 38
1753226524421 0.14113640139558067 39
1753226531353 0.15343080245888022 40
1753226538093 0.1492772885861439 41
1753226545628 0.1515201860774215 42
1753226552936 0.1502741319156006 43
1753226559557 0.15949493271307527 44
1753226566378 0.1617378302043529 45
1753226572683 0.15509220800797474 46
1753226579133 0.1565044027247051 47
1753226586493 0.1636484465858116 48
1753226592849 0.16414686825053995 49
1753226599777 0.16447914936035887 50
1753226606393 0.1646452899152683 51
1753226613106 0.1677188901810932 52
1753226619949 0.16846652267818574 53
1753226626071 0.1714570526665559 54
1753226633572 0.17693969097856788 55
1753226640561 0.1761089882040206 56
1753226647753 0.17851802625020768 57
1753226655118 0.18134241568366838 58
1753226661593 0.1820900481807609 59
1753226668730 0.18250539956803455 60
1753226674895 0.17926565874730022 61
1753226681948 0.18101013457384948 62
1753226688568 0.1857451403887689 63
1753226694938 0.18840338926732014 64
1753226702055 0.18931716231932214 65
1753226709164 0.18973251370659577 66
1753226715389 0.18890181093204853 67
1753226721542 0.1891510217644127 68
1753226728638 0.19563050340588137 69
1753226735621 0.19479980063133412 70
1753226742714 0.20119621199534807 71
1753226750020 0.1935537464695132 72
1753226757031 0.19936866589134408 73
1753226764211 0.20186077421498588 74
1753226771371 0.2028576175444426 75
1753226777980 0.2041036717062635 76
1753226785280 0.20418674198371822 77
1753226792078 0.20476823392590132 78
1753226799250 0.20933709918591129 79
1753226806178 0.2109154344575511 80
1753226813242 0.2087556072437282 81
1753226820004 0.20883867752118293 82
1753226826321 0.21207841834191726 83
1753226833102 0.21174613723209834 84
1753226839896 0.21398903472337596 85
1753226846943 0.2149858780528327 86
1753226854331 0.21257684000664562 87
1753226861782 0.21789333776374814 88
1753226868041 0.22046851636484466 89
1753226874778 0.22296062468848646 90
1753226881734 0.22146535969430137 91
1753226888951 0.22038544608738994 92
1753226895444 0.22379132746303373 93
1753226902958 0.2249543113473999 94
1753226909887 0.2286924738328626 95
1753226917109 0.22761256022595117 96
1753226924149 0.23068616049177604 97
1753226931322 0.2265326466190397 98
1753226938654 0.23135072271141385 99
1753226946359 0.23259677687323477 100
