1753226256137 4.611315503046261 0
1753226262884 4.584440352687218 1
1753226269584 4.5580302258908825 2
1753226276649 4.525336098901461 3
1753226283182 4.4964783504862105 4
1753226289878 4.471381454770432 5
1753226296560 4.44492570794696 6
1753226303695 4.42036771869499 7
1753226310806 4.393352374954352 8
1753226317883 4.35486242053588 9
1753226325010 4.331627062259977 10
1753226332187 4.311096175521699 11
1753226339536 4.298050247355137 12
1753226345675 4.268927210717203 13
1753226352542 4.250216349477075 14
1753226359447 4.234121229529331 15
1753226366493 4.217994305805881 16
1753226372870 4.218769834291138 17
1753226379035 4.197791896481732 18
1753226386196 4.187325520292958 19
1753226393418 4.175736175309013 20
1753226400650 4.1605959091431055 21
1753226407830 4.1507105753170235 22
1753226414060 4.124103206153074 23
1753226420961 4.108859184360544 24
1753226426996 4.094494212871341 25
1753226434130 4.097160956547911 26
1753226441293 4.087445242007072 27
1753226447982 4.075514118077124 28
1753226454297 4.070506340418106 29
1753226461365 4.050785964103545 30
1753226468492 4.033988024167225 31
1753226475491 4.02946246046136 32
1753226482658 4.0271444023532394 33
1753226489987 4.022824150817441 34
1753226496968 3.9925700034249374 35
1753226504152 3.9949330440736106 36
1753226511376 3.9753181615663506 37
1753226517780 3.978717281969719 38
1753226524422 3.970659117530303 39
1753226531354 3.95165438364413 40
1753226538094 3.9535459016440746 41
1753226545629 3.942701060664709 42
1753226552937 3.9386131363087413 43
1753226559558 3.9330202429772627 44
1753226566379 3.9193202075260736 45
1753226572684 3.9238347205708837 46
1753226579134 3.9076098797450602 47
1753226586494 3.890876781795144 48
1753226592850 3.880059188431479 49
1753226599778 3.8781757476501175 50
1753226606394 3.878994380991817 51
1753226613107 3.8711160106686995 52
1753226619950 3.863612131392971 53
1753226626072 3.8588551790236223 54
1753226633573 3.8499897419028346 55
1753226640562 3.835847369408898 56
1753226647754 3.839083775120054 57
1753226655119 3.8373219851637748 58
1753226661594 3.8273770900873036 59
1753226668731 3.817415860281516 60
1753226674896 3.8166054095376083 61
1753226681949 3.806544179047492 62
1753226688569 3.8104404991491845 63
1753226694939 3.814998593812432 64
1753226702056 3.7915327630157276 65
1753226709165 3.7896102728488916 66
1753226715390 3.779489084420559 67
1753226721543 3.790134693605151 68
1753226728639 3.7978884832304836 69
1753226735622 3.7781587598853976 70
1753226742715 3.768245106111208 71
1753226750021 3.7433623278927732 72
1753226757032 3.7518158387416247 73
1753226764212 3.7451805675816465 74
1753226771372 3.751669010904568 75
1753226777981 3.737742203381343 76
1753226785281 3.7315304256527804 77
1753226792079 3.717924681241996 78
1753226799251 3.7117323502115265 79
1753226806179 3.714659901314696 80
1753226813243 3.711719195073069 81
1753226820005 3.7183470235195615 82
1753226826322 3.7123390810737193 83
1753226833103 3.7044950999999156 84
1753226839897 3.7050091370959 85
1753226846944 3.7110802910817977 86
1753226854332 3.6915943850585022 87
1753226861783 3.677659176512394 88
1753226868042 3.685406974906328 89
1753226874779 3.664347732427893 90
1753226881735 3.67709956924772 91
1753226888952 3.6698204840166624 92
1753226895445 3.66775803560467 93
1753226902959 3.666601037643396 94
1753226909888 3.6533364947476574 95
1753226917110 3.6641290518053946 96
1753226924150 3.652423416505896 97
1753226931323 3.6555510645355684 98
1753226938655 3.6468539380285607 99
1753226946360 3.6262210661896943 100
