1753550083076 4.594743756924645 0
1753550093218 4.554302215401561 1
1753550102296 4.508451286607468 2
1753550112013 4.462013582600587 3
1753550123168 4.428219146647696 4
1753550134168 4.384985875275175 5
1753550144222 4.344303661097191 6
1753550154236 4.308677200244346 7
1753550163765 4.2763588431490644 8
1753550174166 4.229983514186902 9
1753550185515 4.204782093087608 10
1753550195067 4.177115490506897 11
1753550205904 4.1653987521730125 12
1753550216505 4.137071579289401 13
1753550226876 4.1217337121372815 14
1753550238583 4.112777319132072 15
1753550248883 4.082716620125564 16
1753550259090 4.070032208927208 17
1753550269323 4.054200586401586 18
1753550280550 4.041574284705589 19
1753550291072 4.042109321390493 20
1753550302250 4.021319180009853 21
1753550312850 4.0015310302991 22
1753550322668 3.9928780015878385 23
1753550332948 3.9884767696981673 24
1753550344095 3.9697012060929304 25
1753550352979 3.972435260909101 26
1753550364741 3.973066331078553 27
1753550376184 3.956090798460806 28
1753550386742 3.9400555760971696 29
1753550398324 3.930753519979574 30
1753550409641 3.9234678173294673 31
1753550419428 3.9220583142533814 32
1753550430945 3.923194609880198 33
1753550441284 3.9205755783838567 34
1753550451046 3.8871857192656516 35
1753550460586 3.900496810518765 36
1753550470278 3.8810521557406417 37
1753550481382 3.875691369191501 38
1753550490198 3.8783351451464094 39
1753550501041 3.8632578765230963 40
1753550511829 3.8612589629830416 41
1753550523399 3.866475433566426 42
1753550533496 3.854770445866075 43
1753550544100 3.8492415855184814 44
1753550556054 3.836939155007786 45
1753550567527 3.8562001189593866 46
1753550577680 3.835616043844241 47
1753550588725 3.8172676796617804 48
1753550600157 3.812856576636786 49
1753550610919 3.828005447637638 50
1753550621905 3.8199656915155806 51
1753550632355 3.821123006329374 52
1753550643591 3.806730955832921 53
1753550653888 3.816648312631724 54
1753550664915 3.8043581628729592 55
1753550675744 3.801032540687933 56
1753550686352 3.8057425842421853 57
1753550697049 3.79952228554474 58
1753550708194 3.7852334474938565 59
1753550719919 3.7714651887400374 60
1753550730216 3.7737412974285167 61
1753550741185 3.7689776071371655 62
1753550752490 3.790996281515482 63
1753550761331 3.777454804316503 64
1753550770919 3.7649581070025113 65
1753550781057 3.767804338471065 66
1753550792156 3.748243590108668 67
1753550803790 3.7601007639451316 68
1753550814353 3.771294632487328 69
1753550825453 3.7628790999112405 70
1753550836599 3.7540784015967823 71
1753550847101 3.736453799591276 72
1753550857210 3.7608085362126475 73
1753550866768 3.75635900172411 74
1753550877358 3.7588298033036605 75
1753550888592 3.737237537909961 76
1753550898786 3.745377411650773 77
1753550909149 3.74334159023868 78
1753550920946 3.7347195876096175 79
1753550931482 3.7408040392770507 80
1753550941402 3.728111190984478 81
1753550950989 3.7357237147945668 82
1753550961036 3.738309784049293 83
1753550971562 3.7372167534123757 84
1753550982204 3.735631660390883 85
1753550993066 3.738328602840821 86
1753551004030 3.7283890993806152 87
1753551014900 3.7146389736780487 88
1753551025435 3.73466281546387 89
1753551036107 3.7228207069102828 90
1753551046776 3.7193807343055725 91
1753551057095 3.7111759269853644 92
1753551068412 3.7170419002656883 93
1753551079407 3.692637889373749 94
1753551090433 3.69821005897508 95
1753551100454 3.7154867516748324 96
1753551110579 3.7130715620395502 97
1753551121105 3.7131341129672357 98
1753551130153 3.7134650584032007 99
1753551139080 3.7065163050817382 100
