1753451615212 0.019853796311679682 0
1753451625371 0.0183585313174946 1
1753451636409 0.020269147698953313 2
1753451646729 0.030071440438611065 3
1753451656784 0.03497258680843994 4
1753451666991 0.04560558232264496 5
1753451677496 0.05889682671540123 6
1753451689048 0.059561388935039046 7
1753451699944 0.06055823226449576 8
1753451710622 0.06886526000996843 9
1753451722210 0.07293570360525004 10
1753451733258 0.07924904469180927 11
1753451745038 0.08473168300382124 12
1753451756433 0.09237414852965609 13
1753451766615 0.08639308855291576 14
1753451777884 0.09611231101511879 15
1753451788186 0.09636152184748296 16
1753451799261 0.10001661405549095 17
1753451809753 0.10284100348895166 18
1753451820090 0.10824057152350888 19
1753451831075 0.10857285263332779 20
1753451842335 0.11405549094533976 21
1753451853129 0.11372320983552085 22
1753451863783 0.1201196211995348 23
1753451875123 0.12369164313008806 24
1753451886762 0.12468848645954478 25
1753451898278 0.13208174115301546 26
1753451910142 0.132829373650108 27
1753451921871 0.13008805449410202 28
1753451933863 0.13698288752284432 29
1753451945067 0.13615218474829707 30
1753451956636 0.13615218474829707 31
1753451967956 0.14155175278285428 32
1753451979865 0.1437946502741319 33
1753451991542 0.14196710417012792 34
1753452003467 0.14520684499086228 35
1753452013895 0.15235088885196876 36
1753452025216 0.14819737497923244 37
1753452035928 0.15883037049343746 38
1753452047382 0.16414686825053995 39
1753452059485 0.1696295065625519 40
1753452071436 0.17295231766074098 41
1753452082864 0.1723708257185579 42
1753452094518 0.16722046851636485 43
1753452107037 0.17585977737165642 44
1753452117919 0.17851802625020768 45
1753452129431 0.17843495597275294 46
1753452139804 0.18549592955640473 47
1753452151490 0.18400066456221964 48
1753452161346 0.18748961621531815 49
1753452169931 0.18541285927895 50
1753452179514 0.18873567037713906 51
1753452190445 0.18433294567203853 52
1753452202116 0.18690812427313508 53
1753452213509 0.1869911945505898 54
1753452224452 0.19779033061970427 55
1753452236565 0.19978401727861772 56
1753452247993 0.20368832031898987 57
1753452259103 0.20809104502409037 58
1753452268760 0.20559893670044857 59
1753452280332 0.20210998504735006 60
1753452291403 0.19297225452733013 61
1753452302426 0.20260840671207841 62
1753452312674 0.20584814753281275 63
1753452324255 0.21232762917428144 64
1753452334936 0.2137398238910118 65
1753452345565 0.21274298056155508 66
1753452355827 0.20917095863100182 67
1753452367298 0.21149692639973416 68
1753452378368 0.21265991028410036 69
1753452390122 0.21805947831865757 70
1753452401123 0.21639807276956305 71
1753452411184 0.21390596444592125 72
1753452422653 0.21913939192556903 73
1753452434971 0.2153181591626516 74
1753452445965 0.22794484133577006 75
1753452456884 0.2274464196710417 76
1753452468413 0.22661571689649443 77
1753452479303 0.22462203023758098 78
1753452488440 0.23068616049177604 79
1753452498696 0.2317660740986875 80
1753452509201 0.2298554577172288 81
1753452519613 0.22960624688486458 82
1753452528889 0.23392590131251037 83
1753452539113 0.2348396743645124 84
1753452549844 0.24048845323143378 85
1753452560492 0.23907625851470343 86
1753452570671 0.23226449576341585 87
1753452581008 0.24057152350888852 88
1753452591898 0.2392423990696129 89
1753452602770 0.23666722046851638 90
1753452613286 0.24098687489616216 91
1753452624267 0.23467353380960293 92
1753452635395 0.2433128426648945 93
1753452647008 0.2473002159827214 94
1753452658485 0.24788170792490447 95
1753452669815 0.24447582654926067 96
1753452682179 0.24630337265326466 97
1753452692412 0.24622030237580994 98
1753452703401 0.25178601096527664 99
1753452713490 0.2467187240405383 100
