1752623511547 0.020302054964100025 0
1752623544308 0.03911859371131468 1
1752623576774 0.05512915738219031 2
1752623609537 0.06915903276388545 3
1752623642568 0.09111166130230255 4
1752623675331 0.11034084344309647 5
1752623707971 0.11603532227449039 6
1752623740140 0.1294049682264587 7
1752623771803 0.1395559957085087 8
1752623804351 0.14657093339935628 9
1752623837424 0.1579598910621441 10
1752623870021 0.16266402574894775 11
1752623902162 0.17182470908640754 12
1752623934745 0.1813155071387307 13
1752623967424 0.18857803086572583 14
1752623999820 0.19410745233968804 15
1752624032045 0.1954279111991417 16
1752624064173 0.20178261946026244 17
1752624096675 0.21069571676157464 18
1752624129004 0.21482215069736735 19
1752624161333 0.21861846991829662 20
1752624193153 0.2253858215729966 21
1752624225492 0.22868696872163077 22
1752624257349 0.23116282908310637 23
1752624289689 0.23644466452092103 24
1752624321926 0.2371874226293637 25
1752624354278 0.24692580671783446 26
1752624386404 0.24742097879012956 27
1752624418168 0.2488239663282991 28
1752624450514 0.25047453990261614 29
1752624483162 0.2536106296938186 30
1752624515403 0.25856235041676984 31
1752624547389 0.26334901378228937 32
1752624579454 0.26499958735660645 33
1752624611456 0.2687959065775357 34
1752624643866 0.2685483205413881 35
1752624677140 0.2712717669390113 36
1752624709489 0.27193199636873816 37
1752624742295 0.274820500123793 38
1752624775989 0.2777090038788479 39
1752624808094 0.2777090038788479 40
1752624840435 0.2807625649913345 41
1752624872906 0.2834034827102418 42
1752624904999 0.2829083106379467 43
1752624937792 0.2864570438227284 44
1752624969832 0.2876949740034662 45
1752625002530 0.2886853181480564 46
1752625035461 0.2884377321119089 47
1752625068240 0.29173887926054304 48
1752625100724 0.29347198151357595 49
1752625132746 0.295700255838904 50
1752625165123 0.2950400264091772 51
1752625197327 0.2961128992324833 52
1752625229448 0.29850623091524303 53
1752625262114 0.2993315177024016 54
1752625295653 0.3025501361723199 55
1752625328467 0.3008995625980028 56
1752625360864 0.3019724354213089 57
1752625393432 0.30552116860609063 58
1752625426077 0.30741932821655527 59
1752625458702 0.3080795576462821 60
1752625490996 0.30956507386316745 61
1752625523584 0.30956507386316745 62
1752625555952 0.3099777172567467 63
1752625587853 0.30898737311215646 64
1752625619749 0.310968061401337 65
1752625652005 0.31294874969051745 66
1752625684064 0.3117933481884955 67
1752625716424 0.31171081950977964 68
1752625748442 0.3151770240158455 69
1752625780262 0.3151770240158455 70
1752625811934 0.3172402409837419 71
1752625844183 0.31492943797969797 72
1752625875816 0.31872575720062724 73
1752625907970 0.3183956424857638 74
1752625940297 0.3183956424857638 75
1752625972586 0.3179829990921845 76
1752626004882 0.31691012626887843 77
1752626039020 0.31831311380704796 78
1752626071466 0.3235949492448626 79
1752626103850 0.3201287447387967 80
1752626135726 0.3212841462408187 81
1752626167612 0.32260460510027233 82
1752626200186 0.3207889741685236 83
1752626232142 0.3208715028472394 84
1752626263759 0.3240901213171577 85
1752626297866 0.3217793183131138 86
1752626329923 0.32565816621275895 87
1752626361727 0.32458529338945286 88
1752626394131 0.3249979367830321 89
1752626426454 0.32351242056614676 90
1752626460386 0.32673103903606504 91
1752626492654 0.32722621110836014 92
1752626524669 0.3277213831806553 93
1752626557024 0.3265659816786333 94
1752626589216 0.32780391185937113 95
1752626621139 0.3280514978955187 96
1752626653411 0.3287117273252455 97
1752626685772 0.32953701411240405 98
1752626718199 0.33011471486341504 99
1752626750337 0.32920689939754066 100
