1751928143762 2.133022191084641 0
1751928188635 2.030826242033619 1
1751928232681 1.9560970577733001 2
1751928275992 1.8671252643415963 3
1751928318758 1.7497461718487621 4
1751928361826 1.8290776732689675 5
1751928405747 1.7766637285385412 6
1751928448764 1.7289831528370023 7
1751928490964 1.7243244728545988 8
1751928534678 1.7860294815091864 9
1751928578586 1.6869563937607588 10
1751928621378 1.720348877642062 11
1751928664514 1.783248802024269 12
1751928705265 1.7662935089284508 13
1751928750857 1.800334584152365 14
1751928794824 1.7993016561145745 15
1751928836981 1.7418545239912397 16
1751928879091 1.76679181900911 17
1751928921274 1.7598078213077228 18
1751928964037 1.7405304882145942 19
1751929008218 1.746574436266911 20
1751929051697 1.8057929641102135 21
1751929095532 1.8068632261966653 22
1751929138021 1.7059114493284804 23
1751929181556 1.772365417917623 24
1751929222674 1.8102441085987808 25
1751929265079 1.6731067165704034 26
1751929309308 1.6749161318097334 27
1751929352845 1.6938141588462012 28
1751929395289 1.7161501204462473 29
1751929438697 1.6907206767839233 30
1751929482018 1.7003656368726678 31
1751929526103 1.688754160440658 32
1751929568539 1.7222554211848617 33
1751929610795 1.7102908720801886 34
1751929654912 1.809889704022218 35
1751929698352 1.7935727387659788 36
1751929743123 1.7457079001465594 37
1751929785449 1.7008105302060554 38
1751929827224 1.710433506754334 39
1751929871845 1.7007236227992626 40
1751929913587 1.703559018864078 41
1751929958374 1.7714738169938504 42
1751930002140 1.7395194761396633 43
1751930043932 1.6807390721575755 44
1751930087119 1.7145783746360344 45
1751930129927 1.7003133257450922 46
1751930172544 1.686707605230499 47
1751930217464 1.7010599625043694 48
1751930260376 1.7426290898501504 49
1751930302848 1.8088973642816817 50
