1749130135225 0.02865924572188071 0
1749130155599 0.07451403887688984 1
1749130176067 0.1039209170958631 2
1749130196660 0.12427313507227114 3
1749130217327 0.14346236916431301 4
1749130238092 0.1651437115799967 5
1749130258786 0.1866589134407709 6
1749130279453 0.20078086060807443 7
1749130300449 0.21207841834191726 8
1749130321654 0.2274464196710417 9
1749130342577 0.23517195547433128 10
1749130363351 0.24406047516198703 11
1749130384378 0.24713407542781193 12
1749130405326 0.2571025087223791 13
1749130427794 0.26432962286094036 14
1749130449180 0.2759594617046021 15
1749130469704 0.27230436949659415 16
1749130490808 0.277205515866423 17
1749130514747 0.28310350556570857 18
1749130537199 0.2880046519355375 19
1749130558371 0.287838511380628 20
1749130581124 0.29265658747300216 21
1749130605153 0.2902475494268151 22
1749130627761 0.29980063133410867 23
1749130648865 0.29672703106828374 24
1749130669454 0.3035387938195714 25
1749130690457 0.30171124771556734 26
1749130712160 0.2993022096693803 27
1749130735574 0.30486791825884696 28
1749130758810 0.3099352051835853 29
1749130780734 0.3108489782355873 30
1749130801777 0.31068283768067784 31
1749130822991 0.3101013457384948 32
1749130843702 0.3096859943512211 33
1749130864386 0.30877222129921916 34
1749130884940 0.31442100016614055 35
1749130905586 0.31342415683668384 36
1749130926192 0.31699617876723707 37
1749130946796 0.3170792490446918 38
1749130967663 0.3179930220966938 39
1749130988379 0.32522013623525503 40
1749131009062 0.3203189898654262 41
1749131030420 0.3180760923741485 42
1749131050962 0.31874065459378637 43
1749131071438 0.3235587306861605 44
1749131092176 0.3242232929057983 45
1749131114069 0.31982056820069776 46
1749131135784 0.32563548762252864 47
1749131157123 0.3248878551254361 48
1749131177911 0.32679847150689484 49
1749131198804 0.32596776873234756 50
