1749130135226 4.506940678870693 0
1749130155599 4.294591900178894 1
1749130176068 4.066423261601567 2
1749130196661 3.8717784845012235 3
1749130217328 3.70054252601662 4
1749130238093 3.5323300881263537 5
1749130258787 3.400450286092554 6
1749130279453 3.280504374731584 7
1749130300449 3.1830047540376043 8
1749130321655 3.0918977253323794 9
1749130342577 3.016949150431001 10
1749130363352 2.944940623527016 11
1749130384379 2.9003169093126004 12
1749130405327 2.8283607397023345 13
1749130427794 2.795805198986423 14
1749130449180 2.74278676542428 15
1749130469705 2.7210533846922913 16
1749130490809 2.7016115081114846 17
1749130514748 2.667986224057445 18
1749130537200 2.6220908590779177 19
1749130558372 2.6348897468873362 20
1749130581125 2.5884199826443783 21
1749130605154 2.5915906830538518 22
1749130627762 2.5636670748041976 23
1749130648866 2.550594212215655 24
1749130669454 2.5121013014544054 25
1749130690457 2.505433006014028 26
1749130712161 2.5161226356340185 27
1749130735575 2.4833522500887595 28
1749130758811 2.4567800929637555 29
1749130780734 2.457867230573288 30
1749130801778 2.454097734135507 31
1749130822992 2.4386166312981175 32
1749130843703 2.439715915965954 33
1749130864387 2.431189256563263 34
1749130884940 2.3987617894299342 35
1749130905586 2.405594719576204 36
1749130926193 2.377299965893636 37
1749130946797 2.3720821987472696 38
1749130967664 2.3698387090563022 39
1749130988380 2.3420140599568082 40
1749131009063 2.337869635508711 41
1749131030421 2.3620361004896955 42
1749131050962 2.3386769945278747 43
1749131071439 2.322528642558811 44
1749131092177 2.325141300908053 45
1749131114070 2.327291808511941 46
1749131135785 2.306924050848441 47
1749131157124 2.2944012225901895 48
1749131177912 2.271683795912369 49
1749131198805 2.2837683353017186 50
