1754439594374 0.021515201860774213 0
1754439639840 0.06828376806778534 1
1754439669005 0.09586310018275461 2
1754439708335 0.10848978235587307 3
1754439748049 0.12751287589300547 4
1754439773490 0.1481143047017777 5
1754439800830 0.16007642465525834 6
1754439832466 0.17677355042365842 7
1754439861841 0.18557899983385945 8
1754439902186 0.1976241900647948 9
1754439943667 0.209420169463366 10
1754439981178 0.21490280777537796 11
1754440010584 0.22287755441103174 12
1754440036929 0.23201528493105167 13
1754440062720 0.23816248546270144 14
1754440092877 0.2423990696128925 15
1754440134812 0.2519521515201861 16
1754440174928 0.25461040039873734 17
1754440217877 0.26233593620202694 18
1754440261981 0.26316663897657416 19
1754440302313 0.2712244558896827 20
1754440343800 0.27072603422495434 21
1754440385520 0.27571025087223794 22
1754440412487 0.2778700780860608 23
1754440440203 0.28169131084897825 24
1754440485227 0.2816082405715235 25
1754440513186 0.2877554411031733 26
1754440544200 0.28734008971589964 27
1754440576868 0.2937365010799136 28
1754440602847 0.29016447914936033 29
1754440639973 0.2977238743977405 30
1754440680815 0.2939857119122778 31
1754440708425 0.3019604585479316 32
1754440742700 0.29481641468682507 33
1754440787560 0.3051171290912112 34
1754440830176 0.29664396079082905 35
1754440856917 0.305781691310849 36
1754440882952 0.29980063133410867 37
1754440908987 0.30760923741485297 38
1754440949696 0.302126599102841 39
1754440989226 0.3102674862934042 40
1754441031473 0.3045356371490281 41
1754441073863 0.31184582156504403 42
1754441116257 0.3052832696461206 43
1754441160460 0.3126765243395913 44
1754441186179 0.3073600265824888 45
1754441220913 0.31383950822395745 46
1754441258952 0.3092706429639475 47
1754441286017 0.31683003821232764 48
1754441331074 0.31217810267486296 49
1754441357155 0.31683003821232764 50
1754441392192 0.3158331948828709 51
1754441421725 0.3186575843163316 52
1754441448111 0.3167469679348729 53
1754441478859 0.31874065459378637 54
1754441523132 0.31558398405050675 55
1754441566784 0.31998670875560725 56
1754441596526 0.3185745140388769 57
1754441622969 0.32139890347233757 58
1754441661015 0.3199036384781525 59
1754441702639 0.3220634656919754 60
1754441742335 0.3210666223625187 61
1754441776484 0.3228941684665227 62
1754441807622 0.32023591958797143 63
1754441833581 0.32339259013125105 64
1754441875859 0.3203189898654262 65
1754441906467 0.3257185578999834 66
1754441933665 0.3230603090214321 67
1754441961825 0.32555241734507395 68
1754442006055 0.32239574680179434 69
1754442035833 0.32812759594617047 70
1754442066199 0.3229772387439774 71
1754442091718 0.3292075095530819 72
1754442120035 0.32380794151852466 73
1754442150354 0.32870908788835357 74
1754442176670 0.32538627679016446 75
1754442218861 0.3308689151021764 76
1754442254871 0.32621697956471174 77
1754442296902 0.3301212826050839 78
1754442324118 0.3264661903970759 79
1754442362955 0.3310350556570859 80
1754442407115 0.327961455391261 81
1754442443199 0.329789001495265 82
1754442470969 0.3257185578999834 83
1754442514802 0.3313673367669048 84
1754442543513 0.3278783851138063 85
1754442572517 0.3328626017610899 86
1754442599388 0.3263831201196212 87
1754442640101 0.33277953148363515 88
1754442679912 0.3276291742814421 89
1754442706841 0.3335271639807277 90
1754442734238 0.32754610400398737 91
1754442774562 0.33253032065127097 92
1754442812510 0.3292905798305366 93
1754442853482 0.3344409370327297 94
1754442879703 0.32995514205017445 95
1754442918625 0.3348562884200033 96
1754442961879 0.33053663399235755 97
1754442988593 0.3335271639807277 98
1754443033144 0.330702774547267 99
1754443074164 0.3346901478650939 100
