1753102957750 0.026000996843329457 0
1753102976573 0.05889682671540123 1
1753102995607 0.07866755274962618 2
1753103016880 0.10201030071440438 3
1753103028275 0.11488619371988702 4
1753103050498 0.13017112477155673 5
1753103069101 0.14612061804286428 6
1753103084569 0.1646452899152683 7
1753103097870 0.1766904801462037 8
1753103119072 0.1876557567702276 9
1753103134736 0.19671041701279282 10
1753103153997 0.20543279614553914 11
1753103170019 0.21116464528991527 12
1753103189584 0.22462203023758098 13
1753103200630 0.23093537132414022 14
1753103221714 0.2399069612892507 15
1753103242243 0.24281442100016615 16
1753103262382 0.24588802126599102 17
1753103283839 0.2528659245721881 18
1753103303833 0.2619205848147533 19
1753103323516 0.26516032563548764 20
1753103341888 0.2644126931383951 21
1753103362531 0.2682339259013125 22
1753103381615 0.2747134075427812 23
1753103397231 0.2720551586642299 24
1753103418796 0.2813590297391593 25
1753103439534 0.28110981890679515 26
1753103459197 0.2786177105831533 27
1753103480212 0.2885861438777205 28
1753103500981 0.29481641468682507 29
1753103521302 0.2944010632995514 30
1753103541192 0.29722545273301215 31
1753103563665 0.29830536633992355 32
1753103575548 0.29573018773882703 33
1753103597402 0.29573018773882703 34
1753103617053 0.30328958298720715 35
1753103640275 0.3037049343744808 36
1753103660380 0.3081076590795813 37
1753103675661 0.3099352051835853 38
1753103698912 0.3095198537963117 39
1753103718094 0.31599933543778036 40
1753103739064 0.31500249210832365 41
1753103759191 0.31375643794650276 42
1753103769744 0.31458714072105 43
1753103789639 0.31782688154178435 44
1753103811456 0.32040206014288086 45
1753103833100 0.31882372487124105 46
1753103851223 0.3233095198537963 47
1753103872018 0.3220634656919754 48
1753103893910 0.32314337929888687 49
1753103915515 0.32497092540289085 50
1753103937261 0.32754610400398737 51
1753103958350 0.32679847150689484 52
1753103977699 0.3301212826050839 53
1753103998956 0.32713075261671376 54
1753104018834 0.3304535637149028 55
1753104038902 0.3313673367669048 56
1753104058863 0.33078584482472173 57
1753104081519 0.3302874231599934 58
1753104092255 0.33153347732181426 59
1753104109807 0.33253032065127097 60
1753104130996 0.333444093703273 61
1753104152653 0.33277953148363515 62
1753104172300 0.33369330453563717 63
1753104193452 0.3341086559229108 64
1753104213300 0.3372653264661904 65
1753104234110 0.33718225618873565 66
1753104256671 0.3400066456221964 67
1753104276561 0.33734839674364514 68
1753104289073 0.3344409370327297 69
1753104309991 0.3400066456221964 70
1753104331190 0.3392590131251038 71
1753104355654 0.34208340255856456 72
1753104376277 0.33867752118292077 73
1753104395860 0.33959129423492274 74
1753104417299 0.342249543113474 75
1753104438863 0.33801295896328293 76
1753104459999 0.3397574347898322 77
1753104479860 0.3426648945007476 78
1753104496220 0.3425818242232929 79
1753104519665 0.3428310350556571 80
1753104538590 0.3419172620036551 81
1753104560037 0.3397574347898322 82
1753104579696 0.34499086226948 83
1753104600027 0.34150191061638147 84
1753104620632 0.34399401894002324 85
1753104638413 0.3438278783851138 86
1753104659653 0.3448247217145705 87
1753104678843 0.3466522678185745 88
1753104700565 0.3460707758763914 89
1753104720082 0.3472337597607576 90
1753104733409 0.3469845489283934 91
1753104746368 0.34831367336766905 92
1753104765617 0.3475660408705765 93
1753104775986 0.34773218142548595 94
1753104795372 0.3534640305698621 95
1753104817718 0.34739990031566703 96
1753104838552 0.3509719222462203 97
1753104855347 0.3488120950323974 98
1753104872825 0.3524671872404054 99
1753104893315 0.3506396411364014 100
1753104917869 0.35130420335603924 101
1753104935346 0.35130420335603924 102
1753104959186 0.3518856952982223 103
1753104980487 0.3476491111480312 104
1753105000979 0.35088885196876557 105
1753105019833 0.35088885196876557 106
1753105036919 0.34773218142548595 107
1753105054845 0.34955972752948994 108
1753105072661 0.35205183585313177 109
1753105092108 0.3513872736334939 110
1753105109971 0.35088885196876557 111
1753105131955 0.35554078750623025 112
1753105153561 0.35429473334440936 113
1753105170460 0.3557899983385944 114
1753105191540 0.355623857783685 115
1753105215119 0.35371324140222626 116
1753105226146 0.35869745804950987 117
1753105248250 0.35238411696295063 118
1753105271589 0.3549592955640472 119
1753105294874 0.35471008473168303 120
1753105314736 0.35446087389931885 121
1753105334153 0.3568699119455059 122
1753105353693 0.3576175444425984 123
1753105374623 0.3553746469513208 124
1753105396505 0.35645456055823227 125
1753105418019 0.3543778036218641 126
1753105440857 0.356537630835687 127
1753105464022 0.353796311679681 128
1753105484149 0.3536301711247716 129
1753105506838 0.358365176939691 130
1753105526532 0.3580328958298721 131
1753105547674 0.35711912277787006 132
1753105569129 0.35670377139059645 133
1753105591547 0.35728526333277955 134
1753105611867 0.358365176939691 135
1753105632253 0.35952816082405714 136
1753105654286 0.35736833361023423 137
1753105674264 0.35894666888187404 138
1753105697041 0.3577836849975079 139
1753105710044 0.35869745804950987 140
1753105731905 0.3600265824887855 141
1753105751476 0.35986044193387606 142
1753105772920 0.3609403555407875 143
1753105795970 0.3596112311015119 144
1753105819409 0.3619371988702442 145
1753105843037 0.3611895663731517 146
1753105864832 0.3581990363847815 147
1753105878530 0.3611895663731517 148
1753105899823 0.3586143877720552 149
1753105918396 0.36077421498587803 150
1753105935775 0.3599435122113308 151
1753105954384 0.3596112311015119 152
1753105973550 0.36426316663897657 153
1753105994819 0.36226947998006315 154
1753106013248 0.36077421498587803 155
1753106035657 0.36226947998006315 156
1753106054244 0.3593620202691477 157
1753106076330 0.36010965276624024 158
1753106099850 0.3630171124771557 159
1753106121147 0.36235255025751784 160
1753106141957 0.3621864097026084 161
1753106165843 0.3647615883037049 162
1753106184446 0.3618541285927895 163
1753106206670 0.3630171124771557 164
1753106229284 0.3645954477487955 165
1753106251097 0.3631832530320651 166
1753106272540 0.3647615883037049 167
1753106294248 0.3630171124771557 168
1753106315330 0.36226947998006315 169
1753106335856 0.362601761089882 170
1753106356774 0.3645954477487955 171
1753106376553 0.36052500415351385 172
1753106399230 0.36426316663897657 173
1753106421817 0.36127263665060644 174
1753106444922 0.36226947998006315 175
1753106466736 0.36384781525170296 176
1753106488256 0.36575843163316163 177
1753106503415 0.36509386941352384 178
1753106523254 0.36467851802625023 179
1753106542508 0.36633992357534473 180
1753106561416 0.36849975078916763 181
1753106581389 0.36542615052334276 182
1753106599816 0.3652600099684333 183
1753106618647 0.36725369662734675 184
1753106642554 0.3640139558066124 185
1753106661934 0.3652600099684333 186
1753106680842 0.3649277288586144 187
1753106693331 0.3635986044193388 188
1753106714980 0.3645954477487955 189
1753106733999 0.36633992357534473 190
1753106756453 0.36567536135570694 191
1753106775407 0.3668383452400731 192
1753106797151 0.36600764246552586 193
1753106812753 0.36609071274298055 194
1753106832668 0.36368167469679347 195
1753106854008 0.3627679016447915 196
1753106876615 0.3669214155175278 197
1753106898683 0.36542615052334276 198
1753106918713 0.36575843163316163 199
1753106941748 0.3655922910782522 200
