1753102957751 4.545411362735814 0
1753102976574 4.395166693384315 1
1753102995608 4.230392996200734 2
1753103016881 4.078748389102595 3
1753103028276 3.9440560917595886 4
1753103050499 3.815249517987178 5
1753103069102 3.703579248980913 6
1753103084570 3.6027244957801963 7
1753103097871 3.516647299841673 8
1753103119073 3.4355203041124356 9
1753103134737 3.3647012254213484 10
1753103153998 3.2988373789609686 11
1753103170020 3.2489697476839217 12
1753103189584 3.1810908604551247 13
1753103200631 3.13422841871351 14
1753103221715 3.0786128638802923 15
1753103242244 3.0495778479619013 16
1753103262383 3.021913088734965 17
1753103283840 2.983558227219425 18
1753103303834 2.933788641835137 19
1753103323517 2.930426365475097 20
1753103341889 2.8897794800638827 21
1753103362532 2.8760438396806474 22
1753103381616 2.8482363859238697 23
1753103397232 2.826432515666135 24
1753103418797 2.785199810481266 25
1753103439535 2.774538621035149 26
1753103459198 2.773679619155735 27
1753103480213 2.738498726962974 28
1753103500982 2.7075414212335227 29
1753103521303 2.7078424022770946 30
1753103541193 2.690398810884648 31
1753103563666 2.670190785414605 32
1753103575549 2.662012755608903 33
1753103597403 2.6579554852181633 34
1753103617054 2.6216076167838596 35
1753103640276 2.6211707587271063 36
1753103660381 2.5901779403220564 37
1753103675662 2.583585758068542 38
1753103698913 2.57230925412202 39
1753103718095 2.544261471743513 40
1753103739065 2.53681880250015 41
1753103759191 2.5560085288798318 42
1753103769745 2.5307098462457414 43
1753103789640 2.51436510183218 44
1753103811457 2.5099638319022985 45
1753103833101 2.5112199914782187 46
1753103851224 2.491505807714249 47
1753103872019 2.4746686339247397 48
1753103893911 2.4519282222405265 49
1753103915516 2.458926552214815 50
1753103937262 2.4437676129711052 51
1753103958351 2.4485300765186704 52
1753103977700 2.4307517152646767 53
1753103998957 2.4295988851859245 54
1753104018835 2.4140693186734556 55
1753104038903 2.402172247999057 56
1753104058864 2.398814132255873 57
1753104081519 2.396160325527715 58
1753104092256 2.3974490612059314 59
1753104109808 2.3730518661874385 60
1753104130997 2.377666458316018 61
1753104152654 2.367595582402234 62
1753104172301 2.3682507439827316 63
1753104193453 2.3482969438126706 64
1753104213301 2.335856782907371 65
1753104234111 2.335626468445921 66
1753104256672 2.317887460656634 67
1753104276562 2.328138507773223 68
1753104289074 2.3268571385194328 69
1753104309992 2.3067488188516845 70
1753104331191 2.3026354314705197 71
1753104355655 2.2857522848517258 72
1753104376278 2.2917748536212246 73
1753104395861 2.2865210746772173 74
1753104417300 2.2791936483205326 75
1753104438864 2.2806211514162653 76
1753104460000 2.2732108431359817 77
1753104479861 2.2595587884857204 78
1753104496221 2.248440988007937 79
1753104519666 2.2595420374571464 80
1753104538591 2.244618947874754 81
1753104560038 2.2446701989672277 82
1753104579697 2.2473911670654183 83
1753104600028 2.239226786037398 84
1753104620633 2.226000005367237 85
1753104638414 2.2244062019637947 86
1753104659654 2.2155554546150458 87
1753104678844 2.2031098408762895 88
1753104700566 2.2141573326024933 89
1753104720083 2.194511588350278 90
1753104733410 2.201280106360268 91
1753104746369 2.185691231968114 92
1753104765618 2.192287286952041 93
1753104775987 2.1716117478515793 94
1753104795373 2.1623822367011716 95
1753104817719 2.1746137556850873 96
1753104838553 2.159340483563843 97
1753104855348 2.1643829893232716 98
1753104872826 2.1565565451914157 99
1753104893316 2.157503759403886 100
1753104917870 2.1498919023732106 101
1753104935347 2.1430697989410175 102
1753104959187 2.1437774875574864 103
1753104980488 2.152488528335162 104
1753105000980 2.1474286612387505 105
1753105019834 2.138045279831037 106
1753105036920 2.139932479306379 107
1753105054846 2.1368380179587807 108
1753105072662 2.1219486808067187 109
1753105092109 2.1124122777470835 110
1753105109972 2.1036314224412336 111
1753105131956 2.1018511234722417 112
1753105153562 2.0991087702386895 113
1753105170461 2.0917147775434954 114
1753105191541 2.0892694679906016 115
1753105215120 2.0875812312328907 116
1753105226147 2.073908097700585 117
1753105248251 2.078187310257874 118
1753105271590 2.0741272578618095 119
1753105294875 2.066557265791616 120
1753105314737 2.0734996934189263 121
1753105334154 2.061967529644899 122
1753105353694 2.053277365974014 123
1753105374624 2.0661757887251633 124
1753105396506 2.050590928939377 125
1753105418020 2.056465374214252 126
1753105440857 2.04057929044826 127
1753105464023 2.056797619671297 128
1753105484150 2.0487730442529744 129
1753105506839 2.0326987289907192 130
1753105526533 2.028157737152076 131
1753105547675 2.0332863580066807 132
1753105569130 2.0237333994856885 133
1753105591547 2.0187880173652935 134
1753105611868 2.0142648507608834 135
1753105632254 2.0108487248938314 136
1753105654287 2.0147578786060034 137
1753105674265 1.998513266618817 138
1753105697042 1.9997146676638855 139
1753105710045 2.00055589016311 140
1753105731906 1.9927369289491486 141
1753105751477 1.975129414291331 142
1753105772921 1.984948634275035 143
1753105795971 1.9973462849331591 144
1753105819410 1.9838695884917066 145
1753105843038 1.9718516873412861 146
1753105864833 1.9739596671852564 147
1753105878531 1.9753824689428061 148
1753105899824 1.9750570781430732 149
1753105918397 1.9564930289285307 150
1753105935776 1.967505255123578 151
1753105954385 1.969168445268082 152
1753105973551 1.9518129368142918 153
1753105994820 1.958669762724013 154
1753106013249 1.9527185870173536 155
1753106035658 1.946795114522812 156
1753106054245 1.9598280173368 157
1753106076331 1.9552796051751173 158
1753106099851 1.936504221114997 159
1753106121148 1.9405865196928267 160
1753106141958 1.9220008109467228 161
1753106165844 1.9218588149816977 162
1753106184447 1.920662037889487 163
1753106206671 1.9188668322730922 164
1753106229285 1.9285326043518425 165
1753106251098 1.9178500022333047 166
1753106272541 1.9166319113747798 167
1753106294249 1.9111243893528214 168
1753106315331 1.9022028192575318 169
1753106335857 1.899065981911962 170
1753106356775 1.8932179174280537 171
1753106376554 1.9011738292154194 172
1753106399231 1.8995698651017867 173
1753106421818 1.884227573958918 174
1753106444923 1.899406788709723 175
1753106466737 1.8931104874331524 176
1753106488257 1.8757558317457839 177
1753106503416 1.8857911308020272 178
1753106523255 1.867564933134824 179
1753106542509 1.8671811575930994 180
1753106561417 1.879913786406309 181
1753106581390 1.87530457610851 182
1753106599817 1.854905868382927 183
1753106618648 1.8535990528505102 184
1753106642555 1.8637008707573608 185
1753106661935 1.8545019220475822 186
1753106680843 1.8574932398663129 187
1753106693332 1.8545196892969975 188
1753106714981 1.851115638562066 189
1753106734000 1.8441991144099428 190
1753106756454 1.837991673292775 191
1753106775408 1.8374503872279941 192
1753106797152 1.828940346983592 193
1753106812754 1.8243556232364089 194
1753106832669 1.839221088157635 195
1753106854009 1.836402845138859 196
1753106876616 1.8226911175055194 197
1753106898684 1.8210310465896895 198
1753106918714 1.8102191780312062 199
1753106941749 1.8106734605327164 200
