1752289447282 2.133957037095553 0
1752289548002 2.0416568348932795 1
1752289646006 2.008457845396622 2
1752289740171 1.903215990655605 3
1752289831474 1.821486679300466 4
1752289921839 1.858602228464646 5
1752290020825 1.8909844134531355 6
1752290111332 1.8435564372287672 7
1752290194941 1.8798624745805514 8
1752290289669 1.945158878299226 9
1752290388477 1.8845282884812578 10
1752290478329 1.9355301912129823 11
1752290571259 2.004956074252612 12
1752290649470 2.031803264440075 13
1752290754023 2.0214707585353553 14
1752290850663 2.106099217771688 15
1752290938228 2.0744057450873754 16
1752291023969 2.1008798923314207 17
1752291107291 2.090783228358837 18
1752291198481 2.151901336166836 19
1752291296264 2.09573845536175 20
1752291392237 2.1223985584341514 21
1752291482864 2.201351261701642 22
1752291569713 2.2188052436288084 23
1752291665357 2.2101618734385307 24
1752291744539 2.237918773055399 25
1752291832422 2.162671569697647 26
1752291931574 2.1772675743925243 27
1752292026757 2.207545511330679 28
1752292115249 2.2984799337953854 29
1752292205862 2.228971969101701 30
1752292297761 2.2247716419630073 31
1752292397313 2.213514374097239 32
1752292483904 2.2568447069095936 33
1752292570059 2.2268420693805413 34
1752292667952 2.31838350316551 35
1752292758353 2.290613246045692 36
1752292856381 2.2677723434833448 37
1752292941551 2.2921400146126647 38
1752293026403 2.309540134541264 39
1752293121796 2.256084452079463 40
1752293205395 2.2912851395489513 41
1752293306307 2.344214520893165 42
1752293400363 2.3863446835712745 43
1752293483787 2.3060520304429435 44
1752293573828 2.3416523347395652 45
1752293661210 2.3543202957330034 46
1752293751740 2.3301906939337083 47
1752293854438 2.3109299758049286 48
1752293946097 2.3404420604284994 49
1752294031729 2.4330210147013176 50
1752294120527 2.359522935150405 51
1752294221527 2.3245969114193414 52
1752294316357 2.308354037176294 53
1752294406975 2.4824749584757613 54
1752294506507 2.3348576987958163 55
1752294591883 2.3665852892300685 56
1752294689824 2.3652972947881485 57
1752294775663 2.405372488412271 58
1752294862368 2.372474841023949 59
1752294951269 2.4793474563490334 60
1752295047307 2.409078443259713 61
1752295138019 2.299398436284904 62
1752295228938 2.4004602109828235 63
1752295318850 2.403653337382215 64
1752295412474 2.390460452677312 65
1752295513588 2.4190754813487536 66
1752295600568 2.397861409084068 67
1752295684594 2.4120343444748524 68
1752295769721 2.415286286589923 69
1752295853025 2.3530345741265455 70
1752295947292 2.4233316947913646 71
1752296035869 2.420413098280468 72
1752296120106 2.435491914072169 73
1752296215463 2.5190682665596897 74
1752296311655 2.4472692016378015 75
1752296395397 2.3958149393458212 76
1752296485013 2.4205678826847326 77
1752296576236 2.4102679605924933 78
1752296660036 2.408674003015127 79
1752296750270 2.3351770795885725 80
1752296829708 2.3671138742748923 81
1752296917486 2.4501949922272375 82
1752297017339 2.4239821180989587 83
1752297109537 2.3740238856284517 84
1752297190705 2.4143247443352998 85
1752297284307 2.4200716114009513 86
1752297367497 2.465160705600574 87
1752297457995 2.444663487494963 88
1752297543737 2.42030481752659 89
1752297635439 2.4551832147525063 90
1752297729429 2.399656548297476 91
1752297816666 2.440462831295211 92
1752297904819 2.4720706543215556 93
1752297989142 2.389755267626596 94
1752298078885 2.453998923083462 95
1752298159312 2.478665534904692 96
1752298246784 2.463060094630297 97
1752298342151 2.4001545908585022 98
1752298431478 2.4141365164333477 99
1752298524823 2.423822177929264 100
1752298620309 2.3957432684467896 101
1752298702666 2.365324586899377 102
1752298793965 2.4747144750280397 103
1752298889804 2.4617481320050794 104
1752298990500 2.530677209143103 105
1752299078045 2.412172247582873 106
1752299169349 2.389322253281447 107
1752299257184 2.429166041330116 108
1752299349611 2.4220687306098996 109
1752299439507 2.4579755142581443 110
1752299533184 2.416985401042761 111
1752299630799 2.422753127757503 112
1752299729429 2.419731799428595 113
1752299825756 2.4658415189118243 114
1752299914705 2.434718944733619 115
1752300002362 2.4530044740913506 116
1752300102134 2.389230916542648 117
1752300195529 2.4027233256386564 118
1752300288709 2.4112438712301953 119
1752300383922 2.509046997678515 120
1752300470006 2.3846766945998485 121
1752300560388 2.427682209521837 122
1752300642112 2.4007579993231367 123
1752300732705 2.4623394045700655 124
1752300815295 2.387562925896788 125
1752300895522 2.4090805179833388 126
1752300980188 2.4765578040939658 127
1752301071581 2.4179469018612223 128
1752301165776 2.380982315586493 129
1752301252724 2.3830322340935206 130
1752301348232 2.415434763848631 131
1752301434242 2.4704592097818723 132
1752301527213 2.3905994366974523 133
1752301624705 2.410379434716606 134
1752301721488 2.4145071097767135 135
1752301822308 2.4460301618278235 136
1752301918971 2.4053871612299025 137
1752302011020 2.488644612162322 138
1752302107492 2.44366739931476 139
1752302205856 2.3922734912861716 140
1752302295329 2.4696332490164608 141
1752302383408 2.4482757124231687 142
1752302477575 2.4102726774127987 143
1752302574715 2.40359955575606 144
1752302665958 2.4171346325858925 145
1752302766326 2.435860101766142 146
1752302850089 2.4006580628184073 147
1752302945074 2.421867565209104 148
1752303046307 2.4552010806592603 149
1752303130329 2.477173969466657 150
1752303218577 2.350521476736038 151
1752303313814 2.4110472221043726 152
1752303401608 2.4033881870346594 153
1752303495730 2.5097937650594515 154
1752303589703 2.4518049713054446 155
1752303679610 2.4507893419214866 156
1752303763092 2.506544927603105 157
1752303856892 2.432478513832207 158
1752303962162 2.4275757804950353 159
1752304058083 2.485111135943901 160
1752304142036 2.4526899337635797 161
1752304235241 2.3754551666493815 162
1752304327955 2.4400615493560096 163
1752304429349 2.4718924737697905 164
1752304515025 2.3752257777656265 165
1752304609102 2.382975791813428 166
1752304701749 2.502872443105667 167
1752304796706 2.384960809250378 168
1752304890085 2.3972568964102368 169
1752304985057 2.3389445838437326 170
1752305080415 2.4359444275549147 171
1752305169811 2.4065197185833567 172
1752305262122 2.419613680835183 173
1752305354653 2.3716875291888186 174
1752305445518 2.393082485939649 175
1752305541674 2.4723024650640313 176
1752305627505 2.45257816713685 177
1752305721335 2.558103772383457 178
1752305814940 2.422591327915591 179
1752305911286 2.3546347766173854 180
1752305999420 2.4220853752140834 181
1752306089449 2.479199840871267 182
1752306177660 2.44893390620878 183
1752306266560 2.390844835811828 184
1752306352140 2.4310805155274178 185
1752306449808 2.5197459992464513 186
1752306550003 2.4100621484993057 187
1752306640896 2.414030338571196 188
1752306731837 2.42394093105675 189
1752306823960 2.4854356729808202 190
1752306922759 2.488689628396954 191
1752307003527 2.4445800426420896 192
1752307095956 2.4715503552375373 193
1752307182320 2.427168588662397 194
1752307270285 2.383587800792084 195
1752307366953 2.4199124426763072 196
1752307458842 2.5189158668282254 197
1752307552058 2.392662694951606 198
1752307642710 2.418943946339108 199
1752307733381 2.3683389634093013 200
