1753339199677 0.02741319156005981 0
1753339220601 0.06537630835686992 1
1753339243292 0.08489782355873068 2
1753339266759 0.10691144708423327 3
1753339291205 0.1228609403555408 4
1753339314698 0.14238245555740156 5
1753339338606 0.1648945007476325 6
1753339363150 0.17901644791493604 7
1753339384554 0.197873400897159 8
1753339408841 0.2035221797640804 9
1753339431093 0.21506894833028742 10
1753339456482 0.22005316497757102 11
1753339481413 0.22952317660740987 12
1753339504112 0.24073766406379798 13
1753339524594 0.24713407542781193 14
1753339549526 0.2585147034391095 15
1753339564420 0.26075760093038713 16
1753339583293 0.265658747300216 17
1753339607083 0.2740488453231434 18
1753339629161 0.28551254361189565 19
1753339654308 0.28144210001661407 20
1753339679346 0.287838511380628 21
1753339702382 0.28650938694135236 22
1753339727151 0.29672703106828374 23
1753339751549 0.29481641468682507 24
1753339774868 0.303040372154843 25
1753339800191 0.30644625353048677 26
1753339824351 0.3052832696461206 27
1753339848913 0.3123442432297724 28
1753339871634 0.3184914437614222 29
1753339896180 0.32081741153015453 30
1753339919698 0.32522013623525503 31
1753339943237 0.3254693470676192 32
1753339968059 0.3251370659578003 33
1753339989043 0.3268815417843496 34
1753340012641 0.3319488287090879 35
1753340037375 0.331616547599269 36
1753340061325 0.3375976075760093 37
1753340083993 0.33900980229273964 38
1753340110074 0.3390928725701944 39
1753340134193 0.3482306030902143 40
1753340156386 0.35055657085894665 41
1753340176436 0.3458215650440272 42
1753340198875 0.3452400731018442 43
1753340214254 0.35055657085894665 44
1753340236049 0.3525502575178601 45
1753340261994 0.3524671872404054 46
1753340284725 0.3546270144542283 47
1753340309891 0.358365176939691 48
1753340332462 0.36110649609569695 49
1753340356345 0.36077421498587803 50
1753340383202 0.3659245721880711 51
1753340406754 0.365343080245888 52
1753340428643 0.36633992357534473 53
1753340452099 0.36891510217644125 54
1753340477346 0.3721548429971756 55
1753340499798 0.3714902807775378 56
1753340524676 0.3705765077255358 57
1753340548539 0.37165642133244725 58
1753340573404 0.3730686160491776 59
1753340597118 0.37688984881209503 60
1753340621040 0.3724040538295398 61
1753340645306 0.3745638810433627 62
1753340667736 0.3733178268815418 63
1753340690685 0.3783851138062801 64
1753340711960 0.37630835686991193 65
1753340733381 0.3801295896328294 66
1753340757912 0.38004651935537465 67
1753340781280 0.3817909951819239 68
1753340805427 0.37979730852301047 69
1753340818161 0.383286260176109 70
1753340844137 0.38004651935537465 71
1753340868771 0.3849476657252035 72
1753340892795 0.3851968765575677 73
1753340911046 0.3873567037713906 74
1753340935906 0.38760591460375476 75
1753340957211 0.38943346070775875 76
1753340981382 0.3892673201528493 77
1753341006061 0.3915102176441269 78
1753341031464 0.3923409204186742 79
1753341054662 0.3891842498753946 80
1753341077302 0.38760591460375476 81
1753341101778 0.3907625851470344 82
1753341123681 0.39126100681176273 83
1753341149017 0.3923409204186742 84
1753341173638 0.3935869745804951 85
1753341196342 0.39275627180594785 86
1753341221979 0.39300548263831203 87
1753341245182 0.39383618541285925 88
1753341267652 0.3950822395746802 89
1753341291900 0.39383618541285925 90
1753341315058 0.3956637315168633 91
1753341339106 0.3963282937365011 92
1753341364103 0.39558066123940855 93
1753341385750 0.3985711912277787 94
1753341406778 0.4032231267652434 95
1753341429448 0.39873733178268816 96
1753341445535 0.4018940023259678 97
1753341468017 0.4008140887190563 98
1753341493056 0.4013955806612394 99
1753341520007 0.4004818076092374 100
