1754111707942 4.508997123269861 0
1754111740229 4.272849572779968 1
1754111781907 4.038835764180718 2
1754111826906 3.838775636511733 3
1754111858886 3.6648398709860923 4
1754111890629 3.5321194078538625 5
1754111928537 3.4178042295189126 6
1754111959249 3.2969334283915743 7
1754112003641 3.1956748409759155 8
1754112040470 3.138253024156235 9
1754112083632 3.0653368309093434 10
1754112120781 3.015561417808441 11
1754112151539 2.9636923096798085 12
1754112181684 2.9024142668658306 13
1754112217938 2.8657196644373233 14
1754112262936 2.8351633822439006 15
1754112300517 2.813752843448621 16
1754112338052 2.7558786006222262 17
1754112371532 2.7527114134698913 18
1754112401730 2.7060873334965065 19
1754112432885 2.7034868479498413 20
1754112477564 2.6690927907921176 21
1754112511067 2.6677026042668333 22
1754112555490 2.6310051630969626 23
1754112585739 2.629777821456321 24
1754112618083 2.5965950186032085 25
1754112648296 2.605795712607205 26
1754112690629 2.570685602077557 27
1754112735223 2.5788464292893227 28
1754112768064 2.545271195061263 29
1754112815779 2.567387983505385 30
1754112857978 2.539502722950355 31
1754112888824 2.5442754157631184 32
1754112932039 2.5042111956067954 33
1754112962390 2.5326983338651807 34
1754113008057 2.484542333635732 35
1754113040474 2.4876532453165114 36
1754113087968 2.480295812738792 37
1754113136256 2.464483545823785 38
1754113179171 2.4773004140364225 39
1754113219770 2.4538407200274297 40
1754113267416 2.4688122386487366 41
1754113309270 2.438267606263581 42
1754113359128 2.446595648871503 43
1754113389347 2.416344204978742 44
1754113439030 2.430422659787979 45
1754113475222 2.4006928634752063 46
1754113519945 2.4158601524079537 47
1754113564750 2.392664886822409 48
1754113602825 2.405501241759666 49
1754113645763 2.3797226037925996 50
1754113693686 2.399393219523386 51
1754113732102 2.3604938446053603 52
1754113778804 2.377104572345333 53
1754113817392 2.3521851993790106 54
1754113856015 2.360611499214888 55
1754113902628 2.351779973283675 56
1754113932781 2.348908812599617 57
1754113973538 2.345688044153377 58
1754114023735 2.33404458682578 59
1754114073411 2.3425892711521366 60
1754114107389 2.329764679027517 61
1754114152503 2.332996302321132 62
1754114196597 2.3182517307326993 63
1754114237767 2.310303126790953 64
1754114268323 2.3093222670442617 65
1754114303835 2.297088564296576 66
1754114334336 2.2864615972894184 67
1754114366492 2.2992666283488696 68
1754114403404 2.2905347332043435 69
1754114437092 2.28265373259128 70
1754114468496 2.2853542865694605 71
1754114506106 2.293667897868915 72
1754114536299 2.2979762053472226 73
1754114577027 2.2980258987788176 74
1754114615724 2.2958727907775263 75
1754114659924 2.297130810073864 76
1754114705106 2.295518765447778 77
1754114739306 2.293068819808134 78
1754114774197 2.293585569916796 79
1754114811146 2.2936770632928525 80
1754114841755 2.290454803512894 81
1754114872004 2.291496170907246 82
1754114918023 2.292282123730556 83
1754114951439 2.292747854765526 84
1754114982130 2.292803234256045 85
1754115021337 2.291016729039162 86
1754115066149 2.289778680995272 87
1754115110301 2.290306432541755 88
1754115152578 2.28949906017696 89
1754115182865 2.2909239997210724 90
1754115218533 2.2906994730745507 91
1754115267058 2.289489964494448 92
1754115299898 2.2885688364593073 93
1754115342348 2.2888407291609463 94
1754115377625 2.285319056775835 95
1754115427440 2.2864914939515284 96
1754115463962 2.2885360754878232 97
1754115494058 2.2882354391072677 98
1754115537965 2.2883565711501777 99
1754115573486 2.286444317851138 100
