1754584167696 0.1915171616664154 0
1754584194245 0.3900698527564199 1
1754584222752 0.35237951655862104 2
1754584244816 0.6349565304789185 3
1754584271483 0.5994773606713906 4
1754584298098 0.7496859138650184 5
1754584320868 0.7333031810643751 6
1754584353999 0.787979295441982 7
1754584382628 0.7758178802954923 8
1754584414120 0.8063219257249108 9
1754584437604 0.794060003015227 10
1754584462668 0.8143625307804412 11
1754584492048 0.8064224332881049 12
1754584523978 0.8207950148248656 13
1754584552249 0.8130559324589175 14
1754584587093 0.8241117644102719 15
1754584615534 0.8173777576762652 16
1754584638728 0.8315493240866375 17
