1753418127842 0.03206512709752451 0
1753418144060 0.06388104336268483 1
1753418176030 0.08348562884200034 2
1753418201503 0.10965276624023924 3
1753418219180 0.13299551420501746 4
1753418253079 0.15019106163814588 5
1753418269554 0.17278617710583152 6
1753418296541 0.18832031898986543 7
1753418313765 0.19895331450407044 8
1753418338167 0.20775876391427148 9
1753418352232 0.21789333776374814 10
1753418375274 0.22794484133577006 11
1753418391397 0.23567037713905964 12
1753418405926 0.24622030237580994 13
1753418437390 0.2528659245721881 14
1753418458397 0.2639142714736667 15
1753418479660 0.26474497424821397 16
1753418510059 0.26682173118458213 17
1753418526377 0.2747134075427812 18
1753418540638 0.27894999169297224 19
1753418562527 0.2809436783518857 20
1753418583740 0.28675859777371654 21
1753418612291 0.28484798139225787 22
1753418634537 0.29049676025917925 23
1753418657429 0.28891842498753945 24
1753418680675 0.29539790662900817 25
1753418694677 0.2943179930220967 26
1753418723617 0.29107825220136235 27
1753418740200 0.29830536633992355 28
1753418763732 0.3019604585479316 29
1753418778316 0.3025419504901146 30
1753418797580 0.303040372154843 31
1753418828379 0.30004984216647285 32
1753418843673 0.30245888021265993 33
1753418858026 0.3033726532646619 34
1753418871859 0.30827379963449075 35
1753418903633 0.3059478318657584 36
1753418923289 0.3095198537963117 37
1753418949516 0.3107659079581326 38
1753418963782 0.31184582156504403 39
1753418992023 0.3177438112643296 40
1753419008427 0.31840837348396744 41
1753419038820 0.31375643794650276 42
1753419052656 0.31658082737996346 43
1753419079026 0.3194882870908789 44
1753419093303 0.3197374979232431 45
1753419108056 0.315500913773052 46
1753419135499 0.3189067951486958 47
1753419167352 0.3227280279116132 48
1753419188316 0.32239574680179434 49
1753419218742 0.32222960624688485 50
1753419233658 0.3238910117959794 51
1753419262442 0.32123276291742814 52
1753419283752 0.3272968931716232 53
1753419300729 0.3251370659578003 54
1753419320073 0.3253032065127098 55
1753419349607 0.32696461206180427 56
1753419382376 0.3294567203854461 57
1753419397323 0.3254693470676192 58
1753419412259 0.327961455391261 59
1753419427045 0.328875228443263 60
1753419455818 0.32372487124106997 61
1753419470117 0.32696461206180427 62
1753419495823 0.3264661903970759 63
1753419524977 0.3280445256687157 64
1753419538723 0.33095198537963116 65
1753419552472 0.33061970426981224 66
1753419567067 0.3331948828709088 67
1753419581801 0.3280445256687157 68
1753419606162 0.329789001495265 69
1753419620492 0.3314504070443595 70
1753419635884 0.3347732181425486 71
1753419668707 0.33435786675527496 72
1753419682763 0.33053663399235755 73
1753419702153 0.3341917262003655 74
1753419717290 0.3347732181425486 75
1753419748760 0.3324472503738162 76
1753419765574 0.33153347732181426 77
1753419780097 0.3344409370327297 78
1753419794525 0.33718225618873565 79
1753419812321 0.33236418009636154 80
1753419826882 0.33369330453563717 81
1753419859798 0.3338594450905466 82
1753419887601 0.33560392091709584 83
1753419902451 0.3351054992523675 84
1753419932524 0.3346901478650939 85
1753419956587 0.3362684831367337 86
1753419985407 0.33593620202691477 87
1753420002845 0.33834524007310185 88
1753420037683 0.3385113806280113 89
1753420070490 0.33618541285927894 90
1753420084273 0.3390928725701944 91
1753420113693 0.3390928725701944 92
1753420139031 0.3378468184083735 93
1753420152731 0.33809602924073767 94
1753420179387 0.3416680511712909 95
1753420210331 0.3385113806280113 96
1753420224655 0.3428310350556571 97
1753420251128 0.3418341917262004 98
1753420265145 0.34133577006147203 99
1753420282518 0.34017278617710583 100
