1753418127843 4.526612899896614 0
1753418144061 4.365048350737069 1
1753418176031 4.193037054907405 2
1753418201504 4.039578076535425 3
1753418219181 3.9071930916794773 4
1753418253080 3.7914632391445706 5
1753418269555 3.6786566533461653 6
1753418296542 3.589165291905428 7
1753418313766 3.5107292853082215 8
1753418338168 3.44543321793936 9
1753418352233 3.3941398916022 10
1753418375275 3.3596805994120023 11
1753418391398 3.316294824735319 12
1753418405927 3.264474391376007 13
1753418437391 3.240160906644116 14
1753418458398 3.1984555461736472 15
1753418479661 3.1919659808680314 16
1753418510060 3.17692499973081 17
1753418526378 3.1574753076991766 18
1753418540639 3.1159063253499495 19
1753418562528 3.1352552877582 20
1753418583741 3.1128609884131975 21
1753418612292 3.1270066015227465 22
1753418634538 3.09406481106415 23
1753418657430 3.089785920797868 24
1753418680676 3.05909819020764 25
1753418694678 3.0824608022285123 26
1753418723618 3.079330498614953 27
1753418740201 3.0549957596699446 28
1753418763733 3.031221952260501 29
1753418778318 3.0326139072377605 30
1753418797581 3.0372289547138966 31
1753418828381 3.0372169960378277 32
1753418843674 3.032930543673889 33
1753418858027 3.0434864769734755 34
1753418871860 3.013144443694406 35
1753418903634 3.018306392447473 36
1753418923290 2.9882668783834823 37
1753418949518 2.992200166551382 38
1753418963783 3.005110550691304 39
1753418992024 2.978595774301951 40
1753419008428 2.9967737836889152 41
1753419038821 3.0098235239591475 42
1753419052657 2.9921825641673037 43
1753419079027 2.979238393329681 44
1753419093304 2.9839883372639733 45
1753419108057 3.000264609937614 46
1753419135500 2.9834386156764734 47
1753419167353 2.9630229721716144 48
1753419188317 2.9673308168626975 49
1753419218743 2.964330471635838 50
1753419233659 2.9566142840673795 51
1753419262443 2.963818752384006 52
1753419283753 2.9556962760466616 53
1753419300730 2.938740016189822 54
1753419320074 2.9415524659402004 55
1753419349608 2.9436265668919654 56
1753419382377 2.95243050154594 57
1753419397324 2.9310247486332117 58
1753419412260 2.9370392953459 59
1753419427046 2.91162352993863 60
1753419455819 2.9128137487020918 61
1753419470118 2.9035598615749185 62
1753419495824 2.914110650737357 63
1753419524978 2.911543645702114 64
1753419538724 2.8891134845347404 65
1753419552473 2.911372302434863 66
1753419567068 2.897342100471327 67
1753419581802 2.9010573081527204 68
1753419606163 2.90712601533867 69
1753419620493 2.8943849717876633 70
1753419635885 2.88805763023397 71
1753419668708 2.859723642945514 72
1753419682764 2.876386785446712 73
1753419702154 2.8631901231600816 74
1753419717291 2.890348577354712 75
1753419748762 2.8746449675089045 76
1753419765575 2.865845492268287 77
1753419780098 2.850675348436441 78
1753419794526 2.8464337537982245 79
1753419812322 2.8550988273606634 80
1753419826883 2.844277881165383 81
1753419859799 2.8750319637858635 82
1753419887602 2.875353219145435 83
1753419902452 2.856398559384926 84
1753419932525 2.8551573700599526 85
1753419956588 2.8531640828697222 86
1753419985408 2.831991539449965 87
1753420002846 2.832584855636435 88
1753420037684 2.859546416669267 89
1753420070491 2.813236668999037 90
1753420084274 2.8294262822595044 91
1753420113694 2.818449778408654 92
1753420139032 2.8238770667074564 93
1753420152732 2.8001001510854095 94
1753420179388 2.8130366365345583 95
1753420210332 2.828076856300082 96
1753420224656 2.795315759249077 97
1753420251129 2.81703714801879 98
1753420265146 2.8177502316132976 99
1753420282519 2.7974546160357945 100
