1753472460540 0.020103007144043863 0
1753472471057 0.024838012958963283 1
1753472481698 0.028077753779697623 2
1753472491923 0.03646785180262502 3
1753472502100 0.04735005814919422 4
1753472512233 0.048679182588469844 5
1753472522812 0.06396411364013956 6
1753472533636 0.07152350888851969 7
1753472544549 0.07301877388270477 8
1753472555782 0.08007974746635654 9
1753472567270 0.09362020269147699 10
1753472578787 0.09578002990529988 11
1753472588889 0.09860441933876059 12
1753472598562 0.10807443096859944 13
1753472609790 0.11521847482970593 14
1753472621159 0.12759594617046022 15
1753472631277 0.12576840006645623 16
1753472641735 0.13640139558066125 17
1753472652699 0.13997341751121448 18
1753472663834 0.14304701777703938 19
1753472674535 0.1472005316497757 20
1753472685848 0.1418840338926732 21
1753472697202 0.14412693138395083 22
1753472706835 0.15334773218142547 23
1753472716636 0.15575677022761256 24
1753472727048 0.15891344077089217 25
1753472738394 0.1614886193719887 26
1753472749690 0.1651437115799967 27
1753472760360 0.16946336600764247 28
1753472771486 0.17585977737165642 29
1753472782427 0.17585977737165642 30
1753472794991 0.1776873234756604 31
1753472806066 0.17934872902475493 32
1753472817167 0.1801794317993022 33
1753472827250 0.18142548596112312 34
1753472838838 0.1932214653596943 35
1753472848690 0.19371988702442267 36
1753472859773 0.1944675195215152 37
1753472869334 0.2003655092208008 38
1753472878838 0.1982056820069779 39
1753472889813 0.20435288253862768 40
1753472901533 0.21008473168300382 41
1753472912564 0.20568200697790331 42
1753472924731 0.20709420169463366 43
1753472935705 0.21025087223791328 44
1753472945661 0.21257684000664562 45
1753472956975 0.21390596444592125 46
1753472966535 0.2149858780528327 47
1753472976513 0.21830868915102175 48
1753472987639 0.22080079747466355 49
1753472997559 0.22271141385612228 50
1753473008406 0.22462203023758098 51
1753473018823 0.22860940355540788 52
1753473029798 0.22636650606413025 53
1753473041092 0.23043694965941186 54
1753473052314 0.23459046353214819 55
1753473061151 0.23317826881541784 56
1753473072324 0.2367502907459711 57
1753473083105 0.23799634490779198 58
1753473092858 0.2392423990696129 59
1753473102358 0.23882704768233926 60
1753473113134 0.24040538295397906 61
1753473124452 0.23766406379797309 62
1753473134055 0.24381126432962286 63
1753473144884 0.24547266987871738 64
1753473154423 0.2482139890347234 65
1753473163147 0.24896162153181592 66
1753473172795 0.2479647782023592 67
1753473183606 0.2473002159827214 68
1753473192333 0.25062302708091044 69
1753473202567 0.2536966273467353 70
1753473213611 0.2586808439940189 71
1753473224085 0.25743478983219803 72
1753473234398 0.2589300548263831 73
1753473242883 0.2585977737165642 74
1753473253383 0.26059146037547765 75
1753473265177 0.26059146037547765 76
1753473275871 0.2605083900980229 77
1753473284811 0.2640804120285762 78
1753473295802 0.26374813091875726 79
1753473307223 0.2678185745140389 80
1753473318693 0.2672370825718558 81
1753473329317 0.26657252035221796 82
1753473339752 0.2693969097856787 83
1753473349069 0.2654926067453065 84
1753473359833 0.2678185745140389 85
1753473368958 0.2697291908954976 86
1753473379546 0.2709752450573185 87
1753473391001 0.27172287755441105 88
1753473401670 0.2697291908954976 89
1753473413150 0.27338428310350554 90
1753473424103 0.2713075261671374 91
1753473435084 0.27712244558896826 92
1753473446431 0.27587639142714737 93
1753473457511 0.27853464030569863 94
1753473468644 0.28368499750789167 95
1753473479865 0.2776208672536966 96
1753473491430 0.28169131084897825 97
1753473502184 0.28551254361189565 98
1753473514223 0.2825220136235255 99
1753473524959 0.28019604585479313 100
