1753727494808 4.561069846303586 0
1753727513102 4.454589381945539 1
1753727525286 4.336885578495056 2
1753727544156 4.21429533049458 3
1753727560913 4.1132689082056295 4
1753727577045 4.013885710007907 5
1753727592157 3.9186109954842805 6
1753727608361 3.829889268472246 7
1753727625222 3.7503375912374084 8
1753727642325 3.6715924848574155 9
1753727660023 3.6108570489476537 10
1753727677156 3.5628727411161507 11
1753727693217 3.5184017866787265 12
1753727711056 3.46085028194389 13
1753727724948 3.408838734575659 14
1753727743616 3.3734373777741493 15
1753727758358 3.338079653677193 16
1753727774318 3.3267666464745873 17
1753727794035 3.2913927920178336 18
1753727811778 3.2419729763692846 19
1753727825021 3.239854310504926 20
1753727841216 3.1980814533656563 21
1753727859592 3.199075112702617 22
1753727875106 3.161906438497196 23
1753727892542 3.1459619463266772 24
1753727909244 3.0999549851165993 25
1753727926536 3.1084485192066382 26
1753727944447 3.1095807985529875 27
1753727961839 3.0680005823227976 28
1753727979286 3.047917786868193 29
1753727997193 3.0423291946294277 30
1753728015863 3.0191393197584975 31
1753728032855 3.0119331882700493 32
1753728048804 2.9988754363358647 33
1753728066987 3.0005985443559 34
1753728084048 2.9636945545598206 35
1753728103646 2.9692196609994954 36
1753728121381 2.939294500779885 37
1753728140741 2.944344198267818 38
1753728155031 2.929839218073705 39
1753728175320 2.9061128346170384 40
1753728192698 2.905419857023944 41
1753728210948 2.9168447671742337 42
1753728228269 2.9020746998197646 43
1753728241790 2.8880625531271558 44
1753728259577 2.874882567337252 45
1753728278908 2.8920366375723923 46
1753728296379 2.8809022254906766 47
1753728313938 2.8558382497158505 48
1753728331429 2.835363326552737 49
1753728349885 2.8366352251193363 50
1753728367640 2.8327663781238033 51
1753728381902 2.8407487390471284 52
1753728398781 2.8343564250505286 53
1753728416581 2.812332761355336 54
1753728433336 2.8187536629196375 55
1753728448859 2.8087200560129806 56
1753728464288 2.8033250003188734 57
1753728478676 2.787723313890219 58
1753728495145 2.7991354860092925 59
1753728511676 2.7890116227504937 60
1753728530355 2.7807751793403392 61
1753728548701 2.761466179739883 62
1753728563605 2.767118780677586 63
1753728581187 2.7672805688169735 64
1753728593263 2.7499226813007676 65
1753728610364 2.7626029390680436 66
1753728620138 2.757099359720231 67
1753728637754 2.7666800246801433 68
1753728653875 2.763946692086208 69
1753728669876 2.735656561158494 70
1753728687212 2.735898091618681 71
1753728703089 2.713198387332201 72
1753728721675 2.7234349182645228 73
1753728738807 2.7196358770081956 74
1753728754990 2.7285414230878637 75
1753728770743 2.7125586345322046 76
1753728789299 2.7086097527296915 77
1753728807044 2.700500542862468 78
1753728822683 2.6923939290794316 79
1753728839343 2.7094131716757626 80
1753728854986 2.689687439352086 81
1753728873131 2.7080527952034066 82
1753728890107 2.7147728427273727 83
1753728907375 2.69610036753616 84
1753728924194 2.700392273944083 85
1753728942145 2.7111973867741086 86
1753728959356 2.6807715574098565 87
1753728977432 2.67666309715545 88
1753728992868 2.6822241584309614 89
1753729008771 2.6556603972678325 90
1753729026797 2.66887811718868 91
1753729042181 2.6541432953647526 92
1753729058107 2.6617317427953484 93
1753729075121 2.63478187441876 94
1753729092704 2.641222655021528 95
1753729110895 2.6645172609156447 96
1753729124026 2.630563589299161 97
1753729142194 2.6518050867965512 98
1753729158802 2.655333498531202 99
1753729173128 2.6438695405300248 100
