1753973144438 0.024505731849144376 0
1753973191736 0.057733842831035054 1
1753973246820 0.08689151021764413 2
1753973296533 0.11305864761588304 3
1753973329512 0.12585147034391095 4
1753973380450 0.1381458714072105 5
1753973430418 0.1540122944010633 6
1753973481479 0.1614886193719887 7
1753973525911 0.1621531815916265 8
1753973564345 0.16688818740654593 9
1753973611876 0.18242232929057983 10
1753973661360 0.18275461040039873 11
1753973713005 0.17585977737165642 12
1753973745751 0.18557899983385945 13
