1753047844540 4.629606538983442 0
1753047885224 4.5173163678075845 1
1753047926866 4.343345762100877 2
1753047968340 4.149290125176605 3
1753048008195 3.932539574886481 4
1753048048850 3.69718989062179 5
1753048088834 3.486857177731168 6
1753048129443 3.2945358664761977 7
1753048171667 3.1218630798276905 8
1753048214262 2.963265420985653 9
1753048257010 2.8099675786600438 10
1753048297796 2.678504069257855 11
1753048339419 2.5541140162654163 12
1753048380810 2.4428929974798295 13
1753048422038 2.3294747857022253 14
1753048464029 2.2170393223169222 15
1753048504388 2.130308565458564 16
1753048544174 2.0399547669192533 17
1753048586664 1.9528873974959255 18
1753048627562 1.8854536961524513 19
1753048667233 1.8092693453227937 20
1753048708024 1.7306526106488258 21
1753048749426 1.6729762837973499 22
1753048789387 1.604381797900216 23
1753048831665 1.5480309895303581 24
1753048872125 1.480447629016455 25
1753048913973 1.4109154530135761 26
1753048956771 1.369074369708296 27
1753048997900 1.325404582882614 28
1753049037952 1.2837142259596577 29
1753049079991 1.2308308942922277 30
1753049121983 1.1811610670488588 31
1753049163745 1.142171065911444 32
1753049204469 1.097970060120991 33
1753049245769 1.0580977024075964 34
1753049286719 1.0075619857775509 35
1753049328605 0.9823809946711423 36
1753049377523 0.9360415994065582 37
1753049435647 0.9110003483911155 38
1753049495468 0.8903307031547262 39
1753049555441 0.8665515716137155 40
1753049584283 0.8581347368726489 41
1753049615504 0.8364316601386061 42
1753049653039 0.8156801347369066 43
1753049684986 0.7956724490370631 44
1753049735429 0.7735546030418907 45
1753049764222 0.7735660069799438 46
1753049777512 0.7585233686309419 47
1753049807633 0.7542071612414791 48
1753049839128 0.7344329101270352 49
1753049854824 0.7292706592751493 50
