1754073531124 0.03613557069280612 0
1754073586725 0.08199036384781525 1
1754073632131 0.11754444259843828 2
1754073691648 0.1437115799966772 3
1754073747763 0.16414686825053995 4
1754073793989 0.18483136733676692 5
1754073845081 0.2019438444924406 6
1754073898524 0.21506894833028742 7
1754073952824 0.22860940355540788 8
1754073999973 0.23799634490779198 9
1754074053863 0.24622030237580994 10
1754074109369 0.2579332114969264 11
1754074146615 0.2678185745140389 12
1754074203356 0.2757933211496926 13
1754074254537 0.2800299052998837 14
1754074306333 0.29074597109154343 15
1754074353866 0.29149360358863596 16
1754074405794 0.30478484798139227 17
1754074457465 0.30204352882538626 18
1754074492936 0.3139225785014122 19
1754074546943 0.3107659079581326 20
1754074599572 0.3216481143047018 21
1754074654410 0.31998670875560725 22
1754074705081 0.3266323309519854 23
1754074757139 0.327961455391261 24
1754074814211 0.33311181259345407 25
1754074856712 0.3341086559229108 26
1754074909079 0.3392590131251038 27
1754074945741 0.3400897158996511 28
1754074999425 0.343163316165476 29
1754075053433 0.34615384615384615 30
1754075110759 0.34897823558730684 31
1754075161886 0.3530486791825885 32
1754075215198 0.35213490613058646 33
1754075252571 0.3530486791825885 34
1754075306331 0.35587306861604917 35
1754075356672 0.35329789001495265 36
1754075392657 0.3603588635986044 37
1754075428189 0.35886359860441935 38
1754075485122 0.3624356205349726 39
1754075541133 0.36509386941352384 40
1754075599946 0.36451237747134074 41
1754075656690 0.36235255025751784 42
1754075712363 0.3701611563382622 43
1754075759322 0.3669214155175278 44
1754075813257 0.3702442266157169 45
1754075869133 0.368998172453896 46
1754075925867 0.37099185911280946 47
1754075974516 0.371739491609902 48
1754076013430 0.37365010799136067 49
1754076049417 0.37423159993354377 50
1754076089938 0.3749792324306363 51
1754076144657 0.37705598936700446 52
1754076195371 0.3764744974248214 53
1754076248153 0.3748961621531816 54
1754076300622 0.37863432463864427 55
1754076344784 0.3785512543611896 56
1754076394180 0.37863432463864427 57
1754076451156 0.3799634490779199 58
1754076506556 0.381458714072105 59
1754076542108 0.3817909951819239 60
1754076586160 0.38287090878883534 61
1754076642412 0.3802126599102841 62
1754076677796 0.3833693304535637 63
1754076726274 0.38602757933211496 64
1754076782005 0.38602757933211496 65
1754076837240 0.3852799468350224 66
1754076890127 0.3881043362684831 67
1754076936140 0.3863598604419339 68
1754076989608 0.3916763581990364 69
1754077040950 0.3864429307193886 70
1754077095332 0.3908456554244891 71
1754077141197 0.38777205515866425 72
1754077195430 0.390264163482306 73
1754077247247 0.38727363349393584 74
1754077305142 0.38943346070775875 75
1754077358185 0.3908456554244891 76
1754077413419 0.3919255690314006 77
1754077472515 0.39001495264994185 78
1754077524373 0.39225785014121944 79
1754077580533 0.3926732015284931 80
1754077638468 0.39433460707758766 81
1754077690908 0.3916763581990364 82
1754077743530 0.3913440770892175 83
1754077794964 0.3954975909619538 84
1754077849829 0.3964944342914105 85
1754077902134 0.3947499584648613 86
1754077957069 0.39283934208340254 87
1754078009503 0.39599601262668216 88
1754078047023 0.39815583984050507 89
1754078097751 0.3954975909619538 90
1754078149848 0.39682671540122944 91
1754078206294 0.39466688818740653 92
1754078263990 0.3940853962452235 93
1754078306690 0.39242399069612893 94
1754078343585 0.3919255690314006 95
1754078398304 0.39283934208340254 96
1754078455488 0.39200863930885527 97
1754078512576 0.3919255690314006 98
1754078569244 0.3933377637481309 99
1754078623177 0.3910948662568533 100
