1750977344490 0.03065293238079415 0
1750977366145 0.054909453397574345 1
1750977388692 0.07509553081907294 2
1750977410565 0.0818242232929058 3
1750977432239 0.10865592291078252 4
1750977454086 0.13366007642465527 5
1750977478131 0.14944342914105332 6
1750977501804 0.16223625186908125 7
1750977525772 0.17785346403056987 8
1750977550358 0.17926565874730022 9
1750977574797 0.19156005981059976 10
1750977598134 0.20584814753281275 11
1750977622416 0.21008473168300382 12
1750977636824 0.2134906130586476 13
1750977651361 0.22196378135902975 14
1750977666019 0.2290247549426815 15
1750977680630 0.23459046353214819 16
1750977696268 0.24040538295397906 17
1750977710692 0.24148529656089052 18
1750977725918 0.2501246054161821 19
1750977741440 0.2519521515201861 20
1750977757099 0.25685329789001493 21
1750977771869 0.26117295231766074 22
1750977786238 0.2613390928725702 23
1750977800808 0.25843163316165474 24
1750977815204 0.2634989200863931 25
1750977826832 0.26474497424821397 26
1750977838328 0.26532646619039707 27
1750977849724 0.2692307692307692 28
1750977861270 0.2713905964445921 29
1750977873674 0.27155673699950156 30
1750977886055 0.27512875893005484 31
1750977897553 0.27338428310350554 32
1750977908919 0.27770393753115136 33
1750977920891 0.2796145539126101 34
1750977932246 0.27870078086060807 35
1750977944269 0.2778700780860608 36
1750977955974 0.2791992025253364 37
1750977967385 0.28144210001661407 38
1750977975906 0.28235587306861604 39
1750977984420 0.28451570028243894 40
1750977993106 0.2884200033228111 41
1750978001787 0.28925070609735837 42
1750978010262 0.2865924572188071 43
1750978018706 0.28767237082571856 44
1750978027190 0.28700780860608077 45
1750978035828 0.2831865758431633 46
1750978044349 0.2914105333111813 47
1750978052938 0.2884200033228111 48
1750978061487 0.29107825220136235 49
1750978070016 0.2919920252533644 50
