1753893105721 0.027911613224788172 0
1753893156159 0.05075593952483801 1
1753893207827 0.08539624522345905 2
1753893254983 0.08597773716564214 3
1753893301790 0.12186409702608407 4
1753893354540 0.11314171789333777 5
1753893404684 0.14886193719887025 6
1753893454143 0.15567369995015784 7
1753893506116 0.16248546270144543 8
1753893543835 0.18175776707094202 9
1753893594087 0.19214155175278286 10
1753893644898 0.18807110815750125 11
1753893675699 0.19687655756770228 12
1753893727142 0.20277454726698788 13
1753893774367 0.20310682837680677 14
1753893817936 0.21290912111646454 15
1753893867471 0.22661571689649443 16
1753893912850 0.22719720883867753 17
1753893952637 0.222794484133577 18
1753893984088 0.22561887356703772 19
1753894035787 0.2165642133244725 20
1753894085860 0.22129921913939193 21
1753894132897 0.22046851636484466 22
1753894183009 0.21714570526665558 23
1753894232230 0.22237913274630336 24
1753894279091 0.22802791161322478 25
1753894329185 0.23558730686160492 26
1753894369229 0.2342581824223293 27
1753894413036 0.22636650606413025 28
1753894459907 0.22146535969430137 29
1753894504264 0.22628343578667554 30
1753894541646 0.23351054992523676 31
1753894593951 0.23226449576341585 32
1753894642676 0.2242897491277621 33
1753894692583 0.23126765243395914 34
1753894738551 0.23342747964778202 35
1753894786861 0.2402392423990696 36
1753894822599 0.2463864429307194 37
1753894873389 0.2420667885030736 38
1753894918048 0.2368333610234258 39
1753894958745 0.2473002159827214 40
1753894989624 0.25618873567037714 41
1753895020468 0.2526997840172786 42
1753895073523 0.2570194384449244 43
1753895125835 0.2709752450573185 44
1753895175073 0.27496261837514535 45
1753895229304 0.27072603422495434 46
1753895278104 0.27512875893005484 47
1753895327337 0.26574181757767074 48
1753895371372 0.2625020767569364 49
1753895421087 0.25377969762419006 50
1753895472394 0.25677022761256024 51
1753895522838 0.25976075760093037 52
1753895572594 0.2704768233925901 53
1753895623914 0.2770393753115135 54
1753895671511 0.2732181425485961 55
1753895718879 0.2760425319820568 56
1753895770123 0.27487954809769066 57
1753895815406 0.2747134075427812 58
1753895865532 0.2861771058315335 59
1753895911707 0.2914105333111813 60
1753895961597 0.2952317660740987 61
1753896012121 0.29066290081408874 62
1753896064628 0.28675859777371654 63
1753896108860 0.28825386276790166 64
1753896157429 0.29365343080245887 65
1753896206709 0.29448413357700615 66
1753896257146 0.29539790662900817 67
1753896307346 0.2963947499584649 68
1753896359793 0.2962286094035554 69
1753896405052 0.2945672038544609 70
1753896453623 0.2968101013457385 71
1753896505647 0.29672703106828374 72
1753896552626 0.2983884366173783 73
