1753893105722 4.558045017367553 0
1753893156160 4.440253754943254 1
1753893207828 4.338520791246742 2
1753893254984 4.282650426532165 3
1753893301791 4.210306942650004 4
1753893354541 4.151445121365029 5
1753893404686 4.123397976964506 6
1753893454144 4.086264955708112 7
1753893506117 4.051778396008079 8
1753893543836 4.029494123232866 9
1753893594088 3.986668631344017 10
1753893644900 3.9675414348077664 11
1753893675700 3.9639963237504428 12
1753893727143 3.9529753455958074 13
1753893774368 3.96087748588042 14
1753893817937 3.919181972074818 15
1753893867473 3.9660432120949984 16
1753893912851 3.939937604124712 17
1753893952638 3.9123862048376803 18
1753893984089 3.8908928830420577 19
1753894035789 3.875118715340534 20
1753894085861 3.8789456601321484 21
1753894132898 3.887012704779698 22
1753894183011 3.9008943115499983 23
1753894232231 3.887745861828539 24
1753894279093 3.8954226720043743 25
1753894329186 3.897597830411305 26
1753894369230 3.9017582102708923 27
1753894413037 3.8990686814090054 28
1753894459908 3.8842485333541665 29
1753894504266 3.8896034443246243 30
1753894541647 3.888456205545696 31
1753894593952 3.8978830791462613 32
1753894642677 3.892657192344819 33
1753894692584 3.8908087878041147 34
1753894738553 3.879782690877669 35
1753894786862 3.8788151042210455 36
1753894822600 3.8833060849658314 37
1753894873390 3.895035898636814 38
1753894918049 3.9174865993539965 39
1753894958746 3.9471053594723733 40
1753894989626 3.9746151384286588 41
1753895020469 3.97494485374399 42
1753895073524 3.9889183319632693 43
1753895125836 4.004221112683468 44
1753895175074 4.021299485931787 45
1753895229305 4.039918265854821 46
1753895278105 4.049959099294003 47
1753895327338 4.036730541628408 48
1753895371373 4.034689405892878 49
1753895421089 4.040945686033566 50
1753895472395 4.04787089752213 51
1753895522840 4.065844671232078 52
1753895572596 4.074185817267611 53
1753895623915 4.094098434924805 54
1753895671512 4.097750071352759 55
1753895718880 4.088188581902952 56
1753895770125 4.095655282394585 57
1753895815407 4.123657440990802 58
1753895865533 4.175420939803847 59
1753895911708 4.18013351008243 60
1753895961598 4.194515386178893 61
1753896012122 4.211558344624087 62
1753896064629 4.225812475575665 63
1753896108862 4.240557410014701 64
1753896157430 4.265739313629812 65
1753896206710 4.276015331715714 66
1753896257147 4.314617610942447 67
1753896307347 4.340773158172953 68
1753896359795 4.336193006403851 69
1753896405053 4.329151434759561 70
1753896453624 4.3902769304108835 71
1753896505648 4.43650733885792 72
1753896552627 4.4183469950641445 73
