1750280156470 4.495842987722386 0
1750280187250 4.230773022266034 1
1750280218867 4.059813829217953 2
1750280250215 3.947520223972726 3
1750280281188 3.871384914505627 4
1750280312267 3.7833817096355835 5
1750280343415 3.728957300779448 6
1750280375167 3.6859908189378703 7
1750280406661 3.63415370462521 8
1750280438499 3.5955889514385526 9
1750280469743 3.5716983939780564 10
1750280500653 3.5474017532045172 11
1750280532128 3.5216788626007793 12
1750280553329 3.4864068573991407 13
1750280574458 3.4798277311086556 14
1750280595716 3.4543718376195747 15
1750280616583 3.4559212797276357 16
1750280637337 3.458932061438903 17
1750280658586 3.439527499770958 18
1750280679508 3.4179411191507367 19
1750280700234 3.4469565428971944 20
1750280721254 3.415378283832994 21
1750280742536 3.4293928799783546 22
1750280763429 3.409925371020118 23
1750280784833 3.4080775688304876 24
1750280805849 3.3795748661926384 25
1750280823009 3.372131775837578 26
1750280840214 3.386416867982945 27
1750280857438 3.3691476892402763 28
1750280874513 3.3517323704565607 29
1750280892143 3.3651553413456052 30
1750280909602 3.3673248311309765 31
1750280926964 3.361825829521354 32
1750280944247 3.3567378069233023 33
1750280961577 3.353266414848382 34
1750280978794 3.338179593178443 35
1750280995991 3.349817263599001 36
1750281013331 3.336998342741132 37
1750281030286 3.3363617694693586 38
1750281043342 3.3140900623101857 39
1750281056467 3.300199546850043 40
1750281069491 3.3035891242716784 41
1750281082594 3.314543275785025 42
1750281095537 3.3044002648660644 43
1750281108482 3.2989637402237437 44
1750281121483 3.3042938796198134 45
1750281134488 3.3126900760302678 46
1750281147473 3.30225497667105 47
1750281160509 3.300116750561625 48
1750281173472 3.2910172084190608 49
1750281186506 3.2933908149744093 50
