1753523410660 0.03206512709752451 0
1753523436333 0.08871905632164812 1
1753523458830 0.11164645289915269 2
1753523481342 0.14138561222794485 3
1753523505109 0.16099019770726034 4
1753523528444 0.18283768067785347 5
1753523551818 0.20543279614553914 6
1753523573933 0.21880711081575013 7
1753523605796 0.23168300382123277 8
1753523632561 0.23816248546270144 9
1753523655155 0.24530652932380795 10
1753523678238 0.2525336434623692 11
1753523703890 0.25743478983219803 12
1753523733673 0.26590795813258017 13
1753523759307 0.26831699617876725 14
1753523788318 0.2826050839009802 15
1753523810395 0.2796145539126101 16
1753523839372 0.28152517029406876 17
1753523868073 0.28700780860608077 18
1753523890201 0.29307193886027577 19
1753523912844 0.2885861438777205 20
1753523935996 0.2959793985711912 21
1753523962424 0.2955640471839176 22
1753523984330 0.2958132580162818 23
1753524007682 0.29905299883701614 24
1753524031266 0.3013789666057485 25
1753524053993 0.3061139724206679 26
1753524080792 0.29730852301046684 27
1753524114458 0.3051171290912112 28
1753524136062 0.3086060807443097 29
1753524162587 0.308523010466855 30
1753524191227 0.3079415185246719 31
1753524218457 0.3065293238079415 32
1753524240418 0.30420335603920917 33
1753524264417 0.3099352051835853 34
1753524287612 0.30827379963449075 35
1753524316946 0.3091875726864928 36
1753524338946 0.3099352051835853 37
1753524361085 0.31400564877886694 38
1753524387410 0.3141717893337764 39
1753524409805 0.3216481143047018 40
1753524438505 0.3197374979232431 41
1753524462052 0.31907293570360523 42
1753524489564 0.31940521681342415 43
1753524514871 0.3244725037381625 44
1753524537185 0.32098355208506396 45
1753524565528 0.31699617876723707 46
1753524588000 0.32222960624688485 47
1753524611402 0.32181425485961124 48
1753524635347 0.3233095198537963 49
1753524660265 0.321897325137066 50
1753524682866 0.3209004818076092 51
1753524704834 0.32056820069779035 52
1753524730906 0.3260508390098023 53
1753524768612 0.324306363183253 54
1753524791872 0.3264661903970759 55
1753524815489 0.32713075261671376 56
1753524840486 0.328875228443263 57
1753524865491 0.3292075095530819 58
1753524887890 0.3263831201196212 59
1753524915627 0.32895829872071775 60
1753524951726 0.32372487124106997 61
1753524974586 0.32737996344907794 62
1753524996794 0.3260508390098023 63
1753525019673 0.3297059312178103 64
1753525046524 0.3282106662236252 65
1753525074138 0.33020435288253863 66
1753525100230 0.32962286094035553 67
1753525126638 0.3266323309519854 68
1753525149130 0.327961455391261 69
1753525172106 0.3301212826050839 70
1753525194620 0.33053663399235755 71
1753525216524 0.3313673367669048 72
1753525238714 0.3314504070443595 73
1753525278682 0.33095198537963116 74
1753525301036 0.33277953148363515 75
1753525323652 0.33219803954145205 76
1753525347518 0.3314504070443595 77
1753525371741 0.3329456720385446 78
1753525410649 0.33394251536800135 79
1753525432407 0.3336102342581824 80
1753525454713 0.33585313174946 81
1753525478060 0.3341086559229108 82
1753525511027 0.33552085063964115 83
1753525533542 0.33402558564545604 84
1753525562147 0.3326964612061804 85
1753525588538 0.3346901478650939 86
1753525615101 0.3341917262003655 87
1753525637826 0.33676690480146204 88
1753525660601 0.3366007642465526 89
1753525684485 0.3336102342581824 90
1753525710250 0.33834524007310185 91
1753525734730 0.3366007642465526 92
1753525757797 0.3379298886858282 93
1753525780390 0.3381790995181924 94
1753525801985 0.3414188403389267 95
1753525824715 0.33801295896328293 96
1753525847470 0.34075427811928893 97
1753525869725 0.3375976075760093 98
1753525895735 0.34150191061638147 99
1753525930291 0.3378468184083735 100
