1751629145410 0.02367502907459711 0
1751629178347 0.024505731849144376 1
1751629214138 0.06487788669214155 2
1751629250223 0.09287257019438445 3
1751629287851 0.11040039873733178 4
1751629325891 0.12045190230935371 5
1751629364166 0.13299551420501746 6
1751629400352 0.14985878052832696 7
1751629436755 0.1645622196378136 8
1751629473628 0.1696295065625519 9
1751629511416 0.17901644791493604 10
1751629548667 0.17818574514038876 11
1751629585561 0.1909785678684167 12
1751629615010 0.20734341252699784 13
1751629644630 0.20858946668881875 14
1751629673487 0.20991859112809436 15
1751629702418 0.21797640804120286 16
1751629732254 0.22237913274630336 17
1751629760944 0.22944010632995515 18
1751629789698 0.22877554411031734 19
1751629818476 0.2348396743645124 20
1751629847153 0.2358365176939691 21
1751629875727 0.24040538295397906 22
1751629905114 0.24123608572852634 23
1751629934056 0.24597109154344576 24
1751629963188 0.248629340421997 25
1751629989463 0.2498753945838179 26
1751630015099 0.2538627679016448 27
1751630041363 0.2530320651270975 28
1751630067122 0.25593952483801297 29
1751630093081 0.25801628177438113 30
1751630118858 0.2569363681674697 31
1751630145162 0.2571025087223791 32
1751630170688 0.2608406712078418 33
1751630196723 0.25976075760093037 34
1751630223239 0.2598438278783851 35
1751630249188 0.26158830370493436 36
1751630275161 0.2636650606413025 37
1751630300825 0.2648280445256687 38
1751630323407 0.2672370825718558 39
1751630346298 0.2662402392423991 40
1751630369122 0.26416348230603093 41
1751630391990 0.26574181757767074 42
1751630414883 0.26673866090712745 43
1751630437836 0.2663233095198538 44
1751630460721 0.26732015284931054 45
1751630483676 0.2663233095198538 46
1751630506877 0.26831699617876725 47
1751630529870 0.26748629340422 48
1751630552914 0.2669878717394916 49
1751630575910 0.2686492772885861 50
