1751629145411 4.604049857397348 0
1751629178348 4.336306235729119 1
1751629214139 4.348541451532734 2
1751629250224 4.147474717873393 3
1751629287852 4.102286573967647 4
1751629325892 4.068199442283803 5
1751629364167 3.996297099075181 6
1751629400352 4.032739335847232 7
1751629436756 4.006538392391061 8
1751629473629 4.020438510688126 9
1751629511417 4.05145338464555 10
1751629548668 4.061550740761735 11
1751629585562 4.030334952700383 12
1751629615011 4.042818235619422 13
1751629644631 4.043554443679672 14
1751629673488 4.056915074975213 15
1751629702419 4.052215367292546 16
1751629732255 4.066835097877756 17
1751629760945 4.062890282407334 18
1751629789698 4.0725832178894334 19
1751629818477 4.0541715342340074 20
1751629847154 4.086345068593644 21
1751629875728 4.090408224764367 22
1751629905115 4.099741989572092 23
1751629934057 4.145648235017485 24
1751629963189 4.157301350143989 25
1751629989464 4.153979328762037 26
1751630015100 4.137899016133874 27
1751630041364 4.087026550319827 28
1751630067122 4.151385295573981 29
1751630093082 4.14792913153373 30
1751630118859 4.1385934554187624 31
1751630145163 4.144399626734077 32
1751630170689 4.171837122939424 33
1751630196724 4.2039290566362215 34
1751630223240 4.203281840853653 35
1751630249189 4.159185178393123 36
1751630275162 4.208451942367281 37
1751630300826 4.203407281672268 38
1751630323408 4.15577759520754 39
1751630346299 4.174599145780646 40
1751630369123 4.1335510570570015 41
1751630391991 4.12944947258922 42
1751630414883 4.14885847614988 43
1751630437837 4.133400488220478 44
1751630460722 4.135326575248269 45
1751630483677 4.126996994845353 46
1751630506878 4.130749139873708 47
1751630529870 4.13991907979947 48
1751630552915 4.151585541136278 49
1751630575910 4.137713219411436 50
