1750833637324 4.452220210322627 0
1750833680375 4.148026053539803 1
1750833722811 3.855458244416324 2
1750833766218 3.6330695861202575 3
1750833806987 3.4518139821436895 4
1750833851690 3.2960329020365084 5
1750833894305 3.1885298534426436 6
1750833936420 3.0879210729583035 7
1750833980437 3.019053294970965 8
1750834021542 2.9638593450179282 9
1750834067003 2.9142234185283766 10
1750834110028 2.8670416231446247 11
1750834154350 2.848143012641139 12
1750834197188 2.7982089476908167 13
1750834239152 2.7808643530311383 14
1750834281212 2.7499858009613165 15
1750834322155 2.7464461963055498 16
1750834364133 2.737966400293856 17
1750834405351 2.7231107823617737 18
1750834446881 2.682593711769763 19
1750834485699 2.7070016894013245 20
1750834526846 2.669001953188758 21
1750834570535 2.6827121465637433 22
1750834610097 2.6619095953563736 23
1750834652550 2.65592732684748 24
1750834693458 2.624533862801595 25
1750834738483 2.6233897837392206 26
1750834783555 2.637813378949374 27
1750834826021 2.604688545429799 28
1750834867429 2.5818537588111026 29
1750834910303 2.595413571360421 30
1750834951309 2.594223098316859 31
1750834991920 2.5789795599801444 32
1750835032888 2.5818604408422505 33
1750835073294 2.583043006981709 34
1750835112522 2.5458915414427783 35
1750835152532 2.5589792877030337 36
1750835193330 2.5320416243599158 37
1750835232530 2.5224232172075487 38
1750835273055 2.534203978444423 39
1750835313448 2.5085295276409614 40
1750835357313 2.5029968688286703 41
1750835401066 2.5351381193901807 42
1750835444847 2.5117842777082426 43
1750835485134 2.4920620608589195 44
1750835525073 2.4948680534986902 45
1750835566259 2.502287396481781 46
1750835608242 2.4837486240143654 47
1750835649192 2.4728363743790474 48
1750835691176 2.447037768001635 49
1750835732459 2.4649325259206036 50
1750835779245 2.449910456149816 51
1750835822585 2.4563476436586904 52
1750835863595 2.442428871240918 53
1750835904185 2.4393885343499853 54
1750835945488 2.4291052303913623 55
1750835988991 2.4094371274721675 56
1750836030819 2.4104053217026697 57
1750836072192 2.4208869310659105 58
1750836114515 2.426693771509202 59
1750836157167 2.402033481521633 60
1750836198830 2.4031279262347836 61
1750836241123 2.3953893912866864 62
1750836284032 2.403819636087284 63
1750836323850 2.37582591249619 64
1750836365728 2.3763779052994094 65
1750836406589 2.371969717301991 66
1750836449075 2.3545851913764277 67
1750836491830 2.3633518903312587 68
1750836533631 2.3637001670181412 69
1750836576943 2.346385484046456 70
1750836619668 2.3393580946002603 71
1750836661567 2.3272441810682545 72
1750836702728 2.3310959759517353 73
1750836746046 2.330725336641067 74
1750836787503 2.3236038486895563 75
1750836830696 2.330161963553827 76
1750836872985 2.3098429733145607 77
1750836916801 2.306557465354801 78
1750836957575 2.2941124904795553 79
1750836998657 2.3102883362347897 80
1750837038775 2.3018248859940273 81
1750837080378 2.293897614927565 82
1750837121646 2.2980638536733546 83
1750837165567 2.294871385778112 84
1750837209849 2.275110525606217 85
1750837252797 2.27585624843418 86
1750837297334 2.2616976462811276 87
1750837339157 2.253635065273451 88
1750837383429 2.2675354972272816 89
1750837424969 2.2434076746279885 90
1750837464820 2.2497203057594044 91
1750837504539 2.2383231946594 92
1750837548559 2.244179233707539 93
1750837588732 2.2264632677079046 94
1750837628110 2.2170297570244415 95
1750837668376 2.2247102702573196 96
1750837709439 2.21311148266353 97
1750837750400 2.224025928305642 98
1750837790405 2.2051502635090965 99
1750837831587 2.2062816982081332 100
