1753341543788 0.0183585313174946 0
1753341555804 0.029573018773882704 1
1753341567462 0.05191892340920419 2
1753341578233 0.06255191892340921 3
1753341589451 0.07168964944342913 4
1753341601038 0.07800299052998837 5
1753341613208 0.09071274298056156 6
1753341625546 0.09885363017112477 7
1753341637305 0.11031732845987706 8
1753341648628 0.12086725369662735 9
1753341660370 0.12668217311845822 10
1753341672929 0.13174946004319654 11
1753341684646 0.1334939358697458 12
1753341696184 0.1511879049676026 13
1753341708091 0.1506064130254195 14
1753341720395 0.16506064130254194 15
1753341732029 0.1652267818574514 16
1753341744144 0.1670543279614554 17
1753341756356 0.1730353879381957 18
1753341767774 0.18333610234258182 19
1753341779457 0.18474829705931217 20
1753341791283 0.18815417843495597 21
1753341802994 0.1857451403887689 22
1753341815493 0.1944675195215152 23
1753341827817 0.19305532480478485 24
1753341840437 0.20011629838843661 25
1753341852937 0.20559893670044857 26
1753341864779 0.20078086060807443 27
1753341876114 0.2109154344575511 28
1753341887790 0.2193055324804785 29
1753341899394 0.2212161488619372 30
1753341912012 0.22129921913939193 31
1753341924019 0.22453895996012627 32
1753341936376 0.23043694965941186 33
1753341947900 0.2265326466190397 34
1753341958930 0.23351054992523676 35
1753341969980 0.2373317826881542 36
1753341981507 0.2417345073932547 37
1753341992468 0.24406047516198703 38
1753342004481 0.24322977238743979 39
1753342016667 0.2546934706761921 40
1753342029037 0.2544442598438279 41
1753342041578 0.25220136235255025 42
1753342052996 0.25245057318491443 43
1753342064664 0.25976075760093037 44
1753342077029 0.26233593620202694 45
1753342088479 0.2580993520518359 46
1753342100968 0.2654095364678518 47
1753342112798 0.2690646286758598 48
1753342123507 0.26914769895331453 49
1753342134956 0.2694799800631334 50
1753342147166 0.27330121282605085 51
1753342158394 0.27487954809769066 52
1753342170954 0.27953148363515534 53
1753342183131 0.2802791161322479 54
1753342194729 0.28293736501079914 55
1753342207164 0.28451570028243894 56
1753342218197 0.28518026250207673 57
1753342229537 0.28692473832862603 58
1753342240857 0.28609403555407875 59
1753342253087 0.29066290081408874 60
1753342264354 0.2918258846984549 61
1753342276520 0.29573018773882703 62
1753342288765 0.29481641468682507 63
1753342300543 0.29847150689483304 64
1753342312253 0.30071440438611063 65
1753342322733 0.30229273965775044 66
1753342334998 0.30320651270975246 67
1753342346635 0.3013789666057485 68
1753342358913 0.3015451071606579 69
1753342371221 0.30544941020103006 70
1753342383856 0.30561555075593955 71
1753342395868 0.3108489782355873 72
1753342407118 0.31001827546104005 73
1753342417700 0.3133410865592291 74
1753342429181 0.3105166971257684 75
1753342441546 0.3105166971257684 76
1753342453668 0.3147532812759595 77
1753342464171 0.3166638976574182 78
1753342476230 0.3194882870908789 79
1753342488295 0.3183253032065127 80
1753342500769 0.3160824057152351 81
1753342512921 0.3179099518192391 82
1753342525130 0.3197374979232431 83
1753342536296 0.3194882870908789 84
1753342548364 0.3214819737497923 85
1753342559419 0.32405715235088883 86
1753342571392 0.32497092540289085 87
1753342584729 0.32654926067453066 88
1753342596115 0.3244725037381625 89
1753342608024 0.333444093703273 90
1753342620521 0.3326133909287257 91
1753342633326 0.33394251536800135 92
1753342644879 0.3344409370327297 93
1753342657265 0.33460707758763913 94
1753342667936 0.3391759428476491 95
1753342680029 0.335271639807277 96
1753342692701 0.33809602924073767 97
1753342705280 0.3379298886858282 98
1753342716129 0.3400897158996511 99
1753342727300 0.3372653264661904 100
