1753341543789 4.599499745657315 0
1753341555805 4.526053524810566 1
1753341567463 4.436225821343793 2
1753341578234 4.348756163807239 3
1753341589452 4.260402740008364 4
1753341601039 4.175023821762701 5
1753341613209 4.094294470856693 6
1753341625547 4.020689456950274 7
1753341637306 3.95739899856023 8
1753341648629 3.894800687240342 9
1753341660371 3.8382664948583374 10
1753341672930 3.7884603779444164 11
1753341684647 3.7472561436433827 12
1753341696186 3.6994231891422547 13
1753341708092 3.6603665046548213 14
1753341720396 3.6144753274720043 15
1753341732030 3.586175646672665 16
1753341744145 3.5624277785772756 17
1753341756357 3.526911014180025 18
1753341767775 3.4936502672409158 19
1753341779458 3.482037796662876 20
1753341791284 3.4427392992496393 21
1753341802995 3.4263850201196466 22
1753341815494 3.397651280623945 23
1753341827818 3.373932040817794 24
1753341840438 3.3417531078294322 25
1753341852938 3.321716420980746 26
1753341864780 3.3146955196416936 27
1753341876115 3.285250428070157 28
1753341887791 3.2588716619906255 29
1753341899395 3.243813819031158 30
1753341912013 3.222587353578545 31
1753341924020 3.2020889053062356 32
1753341936377 3.1847163629746382 33
1753341947901 3.1709871454252863 34
1753341958931 3.1446449850039095 35
1753341969981 3.1336357932780223 36
1753341981508 3.110705696830542 37
1753341992469 3.099030910862318 38
1753342004482 3.0799346735572737 39
1753342016668 3.0509444668991943 40
1753342029038 3.038300075199744 41
1753342041579 3.0360615494411394 42
1753342052997 3.0181153568046115 43
1753342064665 3.0025283257490822 44
1753342077030 2.991382723100067 45
1753342088480 2.9837957165510143 46
1753342100969 2.965019466438461 47
1753342112799 2.946000852739993 48
1753342123508 2.928364014096728 49
1753342134957 2.9236110246787637 50
1753342147167 2.909359916343078 51
1753342158395 2.9051215251286826 52
1753342170955 2.884087325202593 53
1753342183132 2.8740625418886325 54
1753342194730 2.86380964022447 55
1753342207165 2.8470104180773723 56
1753342218198 2.835962465927426 57
1753342229538 2.8284246632308983 58
1753342240858 2.8278383758432772 59
1753342253088 2.8040900563540183 60
1753342264355 2.7988875592682847 61
1753342276521 2.7896276450875566 62
1753342288766 2.7857141456211876 63
1753342300544 2.7683193497913208 64
1753342312254 2.754215715812774 65
1753342322734 2.7440443485445196 66
1753342334999 2.7364369691677934 67
1753342346636 2.734234103019778 68
1753342358914 2.7314179147429782 69
1753342371222 2.7089939620435475 70
1753342383857 2.7070869327801295 71
1753342395869 2.6886902674206334 72
1753342407119 2.6872119930691487 73
1753342417701 2.680843885217059 74
1753342429182 2.6701148082881225 75
1753342441547 2.666900790269017 76
1753342453669 2.6536844383662506 77
1753342464172 2.643836648450733 78
1753342476231 2.633764662398881 79
1753342488296 2.6336685426877766 80
1753342500770 2.6291410287296104 81
1753342512923 2.619771099509642 82
1753342525131 2.617595965174058 83
1753342536297 2.607641008395883 84
1753342548365 2.599554083285708 85
1753342559420 2.5892823469154904 86
1753342571393 2.578760088057567 87
1753342584730 2.568478273631988 88
1753342596116 2.5705310966485113 89
1753342608025 2.5541712303719377 90
1753342620522 2.5543516807462363 91
1753342633327 2.542592201292278 92
1753342644880 2.540049418623065 93
1753342657266 2.526301995914435 94
1753342667937 2.517898659341678 95
1753342680030 2.5241168475682376 96
1753342692702 2.5088448753651775 97
1753342705281 2.50424602292252 98
1753342716130 2.4932351994025557 99
1753342727301 2.4989065963382826 100
