1753300641249 4.6151277132523365 0
1753300648344 4.588908364813886 1
1753300655987 4.555720531724991 2
1753300663092 4.517083592052066 3
1753300670163 4.478290800038081 4
1753300677610 4.434600201911814 5
1753300685367 4.392553608775289 6
1753300692949 4.350812852006842 7
1753300701040 4.307574377184207 8
1753300708530 4.253878451285617 9
1753300715951 4.213675929949834 10
1753300723491 4.180795752085173 11
1753300731052 4.146664027859053 12
1753300738861 4.1135081253717205 13
1753300746528 4.070682809652527 14
1753300754360 4.032612676428065 15
1753300761875 4.007634973115107 16
1753300769020 3.9911451658414863 17
1753300777045 3.965612821641115 18
1753300784326 3.9348265344027262 19
1753300791570 3.926745658564237 20
1753300798350 3.901960420879109 21
1753300805706 3.888427422095768 22
1753300813164 3.867337224462444 23
1753300820594 3.842095365540327 24
1753300828428 3.8160804741119025 25
1753300835959 3.8034547738239213 26
1753300844082 3.7935398300438683 27
1753300851216 3.7750183814911846 28
1753300858266 3.7527393261992463 29
1753300866000 3.7379427993933962 30
1753300873821 3.724804431212555 31
1753300881465 3.713307818979614 32
1753300889206 3.695352694701627 33
1753300896492 3.688880107316614 34
1753300904429 3.66939373315007 35
1753300912009 3.6572489905828385 36
1753300919711 3.6481754388965544 37
1753300927521 3.6488736378590367 38
1753300934104 3.6270651703574366 39
1753300942038 3.6120756734765442 40
1753300949477 3.6009511180463183 41
1753300957514 3.595671026909136 42
1753300965459 3.5798864107314357 43
1753300973273 3.577710637278595 44
1753300981052 3.5648934852681076 45
1753300988547 3.556764979054819 46
1753300996128 3.5482377693551888 47
1753301003246 3.5305849217276153 48
1753301010856 3.5224596231411667 49
1753301018852 3.5134767777732363 50
1753301026863 3.499052491619989 51
1753301034570 3.4925390739509066 52
1753301041522 3.48861380453218 53
1753301048008 3.4799989013423334 54
1753301055177 3.4656306309778184 55
1753301062331 3.4607528812397224 56
1753301069595 3.4518766589353143 57
1753301076833 3.4357036056514545 58
1753301084587 3.4323124641027207 59
1753301092387 3.4149819570160953 60
1753301100395 3.410018386511103 61
1753301108530 3.3987296652072314 62
1753301116245 3.3977096782305902 63
1753301123964 3.3906691556419832 64
1753301131365 3.3714617020746096 65
1753301138610 3.371234517380088 66
1753301146295 3.3599067340632756 67
1753301153658 3.3653431546542762 68
1753301160802 3.358475858196084 69
1753301168409 3.337160412555685 70
1753301176285 3.33149780631817 71
1753301183835 3.3182374249490785 72
1753301191710 3.317249107831864 73
1753301199727 3.309134664105587 74
1753301207506 3.3071149313033956 75
1753301215278 3.296816882189205 76
1753301223102 3.284594082466541 77
1753301230759 3.282691110553437 78
1753301238333 3.2781096440796693 79
1753301246246 3.2713313524890415 80
1753301254099 3.266952324760416 81
1753301261767 3.2682306671553474 82
1753301269859 3.2626192133283354 83
1753301277424 3.253473956126934 84
1753301284397 3.2461870910490997 85
1753301292511 3.238458336376753 86
1753301300035 3.2296869975521365 87
1753301307775 3.217268948722357 88
1753301315192 3.220812438841175 89
1753301322662 3.205006629992754 90
1753301330161 3.1988321549755128 91
1753301337144 3.1931858766775463 92
1753301343952 3.1882697966931595 93
1753301351063 3.1766481327880274 94
1753301358588 3.1750017877334606 95
1753301365681 3.179789340661423 96
1753301372616 3.160993412443949 97
1753301380026 3.1605976231211423 98
1753301387582 3.1545710685173973 99
1753301395319 3.155884443460868 100
