1751056041768 0.024838012958963283 0
1751056063085 0.02641634823060309 1
1751056084722 0.041452068449908626 2
1751056107181 0.052500415351387275 3
1751056130367 0.05839840505067287 4
1751056153456 0.08066123940853963 5
1751056174664 0.1089051337431467 6
1751056196296 0.11422163150024921 7
1751056218825 0.1188735670377139 8
1751056241676 0.12842664894500747 9
1751056265789 0.14296394749958466 10
1751056287476 0.15085562385778367 11
1751056309479 0.1677188901810932 12
1751056324076 0.1583319488287091 13
1751056338332 0.17295231766074098 14
1751056353854 0.1935537464695132 15
1751056368713 0.16339923575344742 16
1751056382685 0.19421830868915102 17
1751056397315 0.19837182256188735 18
1751056411357 0.18117627512875892 19
1751056425620 0.19147698953314504 20
1751056439843 0.1991194550589799 21
1751056454714 0.19239076258514703 22
1751056470053 0.2084233261339093 23
1751056485125 0.20950323974082075 24
1751056499234 0.19671041701279282 25
1751056510991 0.22005316497757102 26
1751056522447 0.23641800963615217 27
1751056533681 0.2283601927230437 28
1751056544877 0.21639807276956305 29
1751056556445 0.21457052666555906 30
1751056568551 0.221880711081575 31
1751056579923 0.23965775045688653 32
1751056591196 0.2420667885030736 33
1751056602629 0.2299385279946835 34
1751056613866 0.24048845323143378 35
1751056625262 0.23724871241069945 36
1751056636571 0.22894168466522677 37
1751056647902 0.24156836683834523 38
1751056656338 0.2535304867918259 39
1751056664704 0.2473832862601761 40
1751056673161 0.2576840006645622 41
1751056681579 0.2555241734507393 42
1751056690108 0.2492939026416348 43
1751056698410 0.2542781192889184 44
1751056706760 0.2535304867918259 45
1751056715134 0.248629340421997 46
1751056723546 0.25801628177438113 47
1751056732184 0.23035387938195714 48
1751056740693 0.23326133909287258 49
1751056749246 0.25593952483801297 50
