1753841798927 0.014811116658345815 0
1753841803257 0.03003827591945415 1
1753841807957 0.047512065235480114 2
1753841812174 0.04867698452321518 3
1753841818626 0.06440339490763854 4
1753841825028 0.07372274920951906 5
1753841831216 0.07904809452487935 6
1753841836441 0.07663504742885671 7
1753841841711 0.08736894658012981 8
1753841847039 0.09710434348477284 9
1753841853034 0.11432850723914129 10
1753841857946 0.10850391080046597 11
1753841862151 0.12065235480113164 12
1753841867491 0.13479780329505742 13
1753841872948 0.1378765185555001 14
1753841878748 0.14395074055583293 15
1753841884517 0.14528207688467298 16
1753841889486 0.1451988683641205 17
1753841895568 0.1492760858711932 18
1753841900403 0.14861041770677316 19
1753841905042 0.1655849558994841 20
1753841910608 0.16699950074887668 21
1753841916593 0.15876185721417874 22
1753841922654 0.17174238642036946 23
1753841927332 0.1781494425029123 24
1753841932224 0.18505574970877017 25
1753841937500 0.18630387751705774 26
1753841942421 0.19221168247628556 27
1753841947042 0.19345981028457315 28
1753841951774 0.1981194874355134 29
1753841957867 0.19487435513396573 30
1753841963151 0.19745381927109337 31
1753841969002 0.20252953902479615 32
1753841974784 0.21908803461474455 33
1753841980120 0.21659177899816942 34
1753841985921 0.2162589449159594 35
1753841991801 0.21567648527209185 36
1753841997671 0.2201697453819271 37
1753842001970 0.21833915792977202 38
1753842007577 0.2216674987518722 39
1753842013046 0.23048760193043769 40
1753842018344 0.22491263105341988 41
1753842023033 0.23007155932767515 42
1753842029174 0.2326510234648028 43
1753842034922 0.22249958395739725 44
1753842040626 0.23123647861541022 45
1753842045907 0.23789316025961058 46
1753842050932 0.23656182393077052 47
1753842055469 0.24222000332834082 48
1753842061203 0.2436345481777334 49
1753842067673 0.24779497420535862 50
1753842072955 0.25020802130138126 51
1753842078611 0.2547012814112165 52
1753842083936 0.2522050257946414 53
1753842089319 0.2538691962056915 54
1753842094721 0.2524546513562989 55
1753842099112 0.2550341154934265 56
1753842104252 0.255117324013979 57
1753842110344 0.25877849891828925 58
1753842116080 0.26451988683641203 59
1753842121424 0.26485272091862205 60
1753842127125 0.2637710101514395 61
1753842131953 0.27333999001497755 62
1753842137334 0.27467132634381763 63
1753842143443 0.2651855550008321 64
1753842149775 0.2674321850557497 65
1753842154901 0.2724246962889 66
1753842160521 0.2723414877683475 67
1753842166320 0.2809119653852554 68
1753842171041 0.2825761357963055 69
1753842176266 0.2753369945082376 70
1753842182124 0.281328007988018 71
1753842186404 0.28249292727575304 72
1753842191273 0.28831752371442837 73
1753842196673 0.2857380595773007 74
1753842201633 0.2869861873855883 75
1753842206479 0.28424030620735563 76
1753842210895 0.2853220169745382 77
1753842216938 0.28590447661840573 78
1753842222240 0.2854884340156432 79
1753842227528 0.291229821933766 80
1753842233667 0.2943085371942087 81
1753842238964 0.2938924945914462 82
1753842244128 0.2945581627558662 83
1753842249274 0.2993842569479115 84
1753842254578 0.29663837576967883 85
1753842260125 0.29871858878349145 86
1753842265811 0.29880179730404394 87
1753842270050 0.30138126144117156 88
1753842276151 0.3012148444000666 89
1753842280683 0.3035446829755367 90
1753842285200 0.30346147445498417 91
1753842289520 0.3041271426194042 92
1753842295844 0.30396072557829923 93
1753842301577 0.3049592278249293 94
1753842306762 0.30862040272923946 95
1753842312371 0.3017140955233816 96
1753842318361 0.30695623231818936 97
1753842322593 0.3139457480445998 98
1753842328229 0.3123647861541022 99
1753842333691 0.3130304543185222 100
