1754261188315 0.26068534211597527 0
1754261264055 0.31471339229545203 1
1754261326410 0.343947748214484 2
1754261369324 0.416682085630759 3
1754261415148 0.41560892572993374 4
1754261474589 0.45490878140842983 5
1754261531137 0.42746919290974356 6
1754261596668 0.4304111312585575 7
1754261642517 0.44982052325796545 8
1754261688497 0.4824038781778485 9
1754261736684 0.49008252229582205 10
1754261779064 0.4884357769307627 11
1754261838866 0.49650297894386264 12
1754261904819 0.5118787699367205 13
1754261946845 0.5141176035229249 14
1754262018633 0.522092291751471 15
1754262072179 0.5210931428782889 16
1754262131192 0.5292713614328535 17
1754262195867 0.5139510787107279 18
1754262242786 0.5390963253524775 19
1754262303001 0.52990045516782 20
1754262355654 0.5401324797394812 21
1754262414268 0.535525293268697 22
1754262458133 0.5382822040484032 23
1754262535451 0.5264774451393257 24
1754262615272 0.5483662065647782 25
1754262659382 0.5421492802427562 26
1754262705049 0.544351108315139 27
1754262750878 0.5414831809939681 28
1754262800286 0.5473485549346853 29
1754262854395 0.5451282241053917 30
1754262901030 0.5491248195981201 31
1754262953312 0.5480331569403841 32
1754263032681 0.5536394922843504 33
1754263102055 0.5501979794989453 34
1754263159015 0.551659697294897 35
1754263245941 0.5481626762387596 36
1754263296868 0.5474225659623284 37
1754263338883 0.5489212892721016 38
1754263397393 0.5524738185989713 39
1754263442110 0.5514746697257892 40
1754263484823 0.5568404692299153 41
1754263539681 0.5577471043185435 42
1754263609862 0.5496799023054435 43
1754263654362 0.5507530622062687 44
1754263706562 0.5596158827665322 45
1754263776066 0.5517892165932724 46
1754263829393 0.5570439995559339 47
1754263909806 0.5556932983014469 48
1754263968996 0.5566369389038966 49
1754264043540 0.5521407689745772 50
1754264110143 0.5582281759982237 51
1754264161478 0.5602264737445879 52
1754264217740 0.5612256226177701 53
1754264263501 0.5579506346445621 54
1754264313012 0.5614106501868779 55
1754264379265 0.551234133885949 56
1754264431556 0.5634644562039743 57
1754264486123 0.5605780261258928 58
1754264538945 0.5639455278836547 59
1754264596246 0.5548236687266402 60
1754264651257 0.560559523368982 61
1754264699471 0.556525922362432 62
1754264747859 0.5569329830144691 63
1754264805431 0.5461828812493061 64
1754264849614 0.5645561188617104 65
1754264895302 0.556858971986826 66
1754264941303 0.5603559930429634 67
1754265001488 0.5615031639714317 68
1754265049901 0.5639455278836547 69
1754265110401 0.5662028642267698 70
1754265169727 0.561984235651112 71
1754265220870 0.562909373496651 72
1754265266257 0.5583206897827776 73
1754265315175 0.5578581208600082 74
1754265360393 0.559042297302298 75
1754265403234 0.563667986529993 76
1754265455318 0.5664989083373423 77
1754265529267 0.5670539910446657 78
1754265575749 0.5600969544462124 79
1754265623789 0.5631869148503127 80
1754265671160 0.5648891684861044 81
1754265747215 0.5644080968064241 82
1754265791278 0.561817710838915 83
1754265873648 0.5697368907967287 84
1754265942718 0.5642970802649595 85
1754265985362 0.5637419975576361 86
1754266029725 0.5630388927950265 87
1754266090284 0.5615401694852533 88
1754266142537 0.5679976316471155 89
1754266187659 0.5638160085852792 90
1754266249899 0.5593568441697813 91
1754266312582 0.5639270251267439 92
1754266360318 0.5692743218739592 93
1754266439701 0.5571920216112201 94
1754266483741 0.5685157088406173 95
1754266545407 0.5622987825185952 96
1754266606929 0.565684787033268 97
1754266655182 0.5648706657291936 98
1754266698013 0.5520482551900233 99
1754266752259 0.5563038892795027 100
