1753402459549 0.020103007144043863 0
1753402471947 0.02284432630004984 1
1753402483279 0.023508888519687656 2
1753402496001 0.0304867918258847 3
1753402507169 0.051171290912111644 4
1753402518936 0.051669712576840006 5
1753402530957 0.07144043861106496 6
1753402544057 0.07833527163980727 7
1753402555546 0.08315334773218143 8
1753402568953 0.09129423492274465 9
1753402580134 0.09602924073766407 10
1753402590533 0.1064130254195049 11
1753402603228 0.1079913606911447 12
1753402615448 0.11987041036717062 13
1753402628178 0.12518690812427313 14
1753402640069 0.12950656255191892 15
1753402651555 0.13457384947665726 16
1753402664129 0.13307858448247217 17
1753402677217 0.14205017444758267 18
1753402689831 0.14196710417012792 19
1753402701761 0.1403056986210334 20
1753402711397 0.14587140721050007 21
1753402724874 0.15343080245888022 22
1753402737434 0.15442764578833693 23
1753402749813 0.1593287921581658 24
1753402760330 0.14786509386941352 25
1753402772165 0.1661405549094534 26
1753402783194 0.16971257684000665 27
1753402794424 0.17428144210001661 28
1753402805846 0.18541285927895 29
1753402819886 0.18541285927895 30
1753402832374 0.18840338926732014 31
1753402844239 0.19338760591460374 32
1753402854787 0.18881874065459378 33
1753402866401 0.19081242731350723 34
1753402878074 0.19305532480478485 35
1753402889896 0.20235919587971424 36
1753402902569 0.20626349892008639 37
1753402913636 0.20800797474663565 38
1753402925765 0.20759262335936202 39
1753402937204 0.2159827213822894 40
1753402948875 0.21639807276956305 41
1753402961134 0.21606579165974416 42
1753402972294 0.21772719720883868 43
1753402984530 0.22038544608738994 44
1753402995774 0.21706263498920086 45
1753403007815 0.22171457052666557 46
1753403018960 0.2258680843994019 47
1753403028899 0.22013623525502576 48
1753403040045 0.22362518690812427 49
1753403052005 0.22794484133577006 50
1753403063922 0.2290247549426815 51
1753403073676 0.2348396743645124 52
1753403085209 0.23849476657252036 53
1753403095956 0.23209835520850639 54
1753403107192 0.2399069612892507 55
1753403119053 0.23974082073434125 56
1753403131887 0.23999003156670543 57
1753403142181 0.24871241069945174 58
1753403155564 0.246801794317993 59
1753403168776 0.24597109154344576 60
1753403180192 0.2470510051503572 61
1753403191793 0.2498753945838179 62
1753403204046 0.2514537298554577 63
1753403214678 0.25618873567037714 64
1753403227131 0.25319820568200696 65
1753403239586 0.2538627679016448 66
1753403251212 0.2576009303871075 67
1753403264234 0.25494268150855626 68
1753403276532 0.25743478983219803 69
1753403287955 0.26117295231766074 70
1753403300628 0.26275128758930055 71
1753403311306 0.26216979564711745 72
1753403324009 0.25311513540455227 73
1753403335234 0.25652101678019607 74
1753403346930 0.26657252035221796 75
1753403359397 0.2664063797973085 76
1753403370895 0.26399734175112144 77
1753403383684 0.2663233095198538 78
1753403396219 0.2728027911613225 79
1753403408517 0.2716398072769563 80
1753403420255 0.2740488453231434 81
1753403432654 0.27355042365841503 82
1753403444680 0.27429805615550756 83
1753403457449 0.27737165642133244 84
1753403470166 0.2719720883867752 85
1753403482637 0.2786177105831533 86
1753403495384 0.2752948994849643 87
1753403507518 0.2734673533809603 88
1753403519884 0.2742149858780528 89
1753403531920 0.2712244558896827 90
1753403543284 0.2787838511380628 91
1753403555109 0.2796145539126101 92
1753403565078 0.2787838511380628 93
1753403576531 0.2812759594617046 94
1753403589501 0.27870078086060807 95
1753403599166 0.2810267486293404 96
1753403612784 0.280860608074431 97
1753403625670 0.28227280279116135 98
1753403638005 0.28725701943844495 99
1753403648590 0.2852633327795315 100
