1753535817876 4.528145596830884 0
1753535834879 4.385524332835151 1
1753535863435 4.243342353774304 2
1753535887580 4.111168043187883 3
1753535917221 4.030232312565046 4
1753535931166 3.9411705503854875 5
1753535945205 3.869899174737541 6
1753535978141 3.813213152425462 7
1753536009213 3.7644138953056663 8
1753536035542 3.6963745075605186 9
1753536064344 3.673036801637928 10
1753536088634 3.6515714514327864 11
1753536119293 3.623726639582488 12
1753536149863 3.598411380271828 13
1753536175464 3.558992635881983 14
1753536203096 3.5765296312886616 15
1753536232689 3.5744471345693154 16
1753536255416 3.5790358162445113 17
1753536289543 3.5744364097617765 18
1753536320764 3.563855997112711 19
1753536335628 3.5832485999989196 20
1753536364072 3.5472451689715263 21
1753536395723 3.5630207765948003 22
1753536412907 3.5556474678884067 23
1753536426855 3.571952659874487 24
1753536455116 3.5278829842350627 25
1753536468980 3.5798322199515455 26
1753536498520 3.5892415554497528 27
1753536532432 3.5705432033446525 28
1753536562040 3.5574984510627394 29
1753536590356 3.560483813934382 30
1753536605698 3.5485199850756497 31
1753536631027 3.5497862169447743 32
1753536646049 3.608518566246386 33
1753536677571 3.6015535273869235 34
1753536697963 3.549926434738862 35
1753536724000 3.587875640487092 36
1753536756001 3.5377836712398496 37
1753536781943 3.5745925768371105 38
1753536813190 3.5900266803403507 39
1753536845347 3.56849824380715 40
1753536865784 3.609970302446713 41
1753536896363 3.6039487718288608 42
1753536910065 3.6080387026027894 43
1753536931581 3.6377268641045912 44
1753536957441 3.5908502281260906 45
1753536985172 3.6304169420318937 46
1753537010170 3.6143400367520098 47
1753537024441 3.5733951617980955 48
1753537045257 3.5708977977029446 49
1753537058860 3.5879402975016843 50
1753537082621 3.58882602721883 51
1753537107322 3.6072703978274 52
1753537137209 3.6143073542556095 53
1753537166552 3.585898561382498 54
1753537195420 3.6186252144321434 55
1753537225785 3.5877888693417135 56
1753537240205 3.5982048465919236 57
1753537254412 3.598469490522519 58
1753537276550 3.594827985705554 59
1753537305046 3.5716029138345804 60
1753537330992 3.603882243747266 61
1753537344740 3.5751649054785757 62
1753537359522 3.5872603456771732 63
1753537373275 3.6202063008778063 64
1753537387011 3.586061786672365 65
1753537417052 3.5873140216771717 66
1753537446253 3.5947008991146667 67
1753537460664 3.605757381915921 68
1753537490492 3.6294826284397046 69
1753537504428 3.5949463535144655 70
1753537532469 3.6225460400564398 71
1753537560928 3.5741256910011243 72
1753537577218 3.5995246750193677 73
1753537596697 3.5826300270364335 74
1753537625923 3.6076111750301894 75
1753537654382 3.563069918332651 76
1753537669590 3.585632188717649 77
1753537685294 3.5854188905965336 78
1753537700124 3.5648957019534215 79
1753537714162 3.6042578546983175 80
1753537744192 3.5729223302771893 81
1753537770419 3.6196109355867945 82
1753537789101 3.5918700317114585 83
1753537816746 3.5864558406899127 84
1753537839771 3.588530361130101 85
1753537854587 3.63524452487927 86
1753537869097 3.569751628115851 87
1753537893933 3.5520182867090333 88
1753537923649 3.581635271786995 89
1753537944058 3.539101677591094 90
1753537962105 3.590916104569523 91
1753537976903 3.568469521536765 92
1753538005774 3.5921573104357516 93
1753538038897 3.5707881534466264 94
1753538056117 3.5610125577176657 95
1753538086834 3.586174110226999 96
1753538108900 3.5611413743056173 97
1753538139593 3.5704943821813226 98
1753538155828 3.579259021554963 99
1753538174515 3.5452246682604978 100
