1752765161179 4.625364556305488 0
1752765170060 4.614129317668212 1
1752765178984 4.595339500239704 2
1752765187788 4.579549597440875 3
1752765196569 4.562264328362654 4
1752765205749 4.541639009909399 5
1752765214889 4.51953209636322 6
1752765224009 4.498828802757481 7
1752765233120 4.4749213116834365 8
1752765242196 4.450588904237515 9
1752765251316 4.426718953606132 10
1752765260424 4.400115634001117 11
1752765269571 4.371788727173641 12
1752765278719 4.3497816310845385 13
1752765287884 4.3230011068579755 14
1752765297011 4.298385212799835 15
1752765305866 4.27749914970406 16
1752765314724 4.251873858021993 17
1752765323545 4.232298391303361 18
1752765332361 4.208665486588572 19
1752765341490 4.189108517796944 20
1752765350576 4.170146637029581 21
1752765359719 4.151653729901776 22
1752765368597 4.133905770137518 23
1752765377470 4.112580483180533 24
1752765386387 4.093191469491198 25
1752765395178 4.075716339751152 26
1752765404048 4.058330979481621 27
1752765412903 4.040719695251911 28
1752765421957 4.023940090052934 29
1752765431101 4.005853478295694 30
1752765439898 3.992381181017679 31
1752765448684 3.976922228064015 32
1752765457614 3.9656417266270143 33
1752765466623 3.94946738662647 34
1752765475424 3.934455234081368 35
1752765484304 3.9199672679472686 36
1752765493282 3.904504685615124 37
1752765502137 3.892888897681393 38
1752765511020 3.8834321451884355 39
1752765520123 3.8717829740560266 40
1752765528903 3.8576989606872254 41
1752765537866 3.84152722348599 42
1752765546658 3.8311523207417735 43
1752765555550 3.8170158101684284 44
1752765564370 3.803372407368771 45
1752765573419 3.7974630183248 46
1752765582281 3.782644674317719 47
1752765591182 3.7703040246868516 48
1752765600110 3.757626170802859 49
1752765609130 3.7469711438607654 50
1752765618059 3.7351273320746334 51
1752765626954 3.727493945156323 52
1752765635965 3.716201686636829 53
1752765645044 3.7030246928223716 54
1752765654030 3.6959629550427797 55
1752765662835 3.684779710702963 56
1752765671807 3.675635109161972 57
1752765680791 3.6656714445151724 58
1752765689926 3.6550900631472327 59
1752765699036 3.64781998360301 60
1752765708219 3.636943826131786 61
1752765717436 3.6281166686726767 62
1752765726538 3.6218916243682298 63
1752765735567 3.610720305352879 64
1752765744568 3.6007191662971283 65
1752765753652 3.5959560364882655 66
1752765762736 3.58465144964668 67
1752765771730 3.5776217216706727 68
1752765780748 3.569825881364664 69
1752765789839 3.5562990550445184 70
1752765798814 3.5483791778137634 71
1752765807817 3.540193547053619 72
1752765816804 3.533330444512566 73
1752765825895 3.5253815296267677 74
1752765835039 3.5210230799139643 75
1752765844135 3.512145662413838 76
1752765852969 3.5020789779023263 77
1752765861900 3.493990645971458 78
1752765870921 3.4858077440910558 79
1752765879814 3.481395331750762 80
1752765888660 3.4755452552521775 81
1752765897667 3.4675953374320256 82
1752765906833 3.460786387258022 83
1752765915780 3.4508872813000266 84
1752765924773 3.445143615954456 85
1752765933630 3.4377137562510676 86
1752765942667 3.427311139658463 87
1752765951502 3.4199911455502825 88
1752765960397 3.417284265290026 89
1752765969545 3.4154783525970127 90
1752765978693 3.404182585701899 91
1752765987571 3.3943220291836935 92
1752765996602 3.3905212200908093 93
1752766005744 3.384175076578653 94
1752766014831 3.3761868357127893 95
1752766023904 3.368223470230935 96
1752766033005 3.360802407132339 97
1752766042080 3.3560606647179423 98
1752766051144 3.349581500412322 99
1752766060033 3.3422550861045806 100
