1749135578511 0.022927396577504568 0
1749135589162 0.03995680345572354 1
1749135599806 0.05266655590629673 2
1749135610432 0.07285263332779532 3
1749135621059 0.07983053663399235 4
1749135631724 0.09187572686492773 5
1749135642310 0.10450240903804618 6
1749135652892 0.11845821565044028 7
1749135663608 0.1244392756271806 8
1749135674428 0.13964113640139558 9
1749135685161 0.14695132081741152 10
1749135695924 0.15417843495597275 11
1749135706713 0.156836683834524 12
1749135717421 0.17029406878218972 13
1749135728090 0.17469679348729025 14
1749135738863 0.18499750789167635 15
1749135749718 0.184499086226948 16
1749135761098 0.18865260009968432 17
1749135772705 0.19529822229606247 18
1749135784158 0.20460209337099186 19
1749135795504 0.209420169463366 20
1749135807109 0.2109154344575511 21
1749135818101 0.21216148861937198 22
1749135828668 0.2212161488619372 23
1749135839537 0.22271141385612228 24
1749135850586 0.22752948994849642 25
1749135861342 0.2298554577172288 26
1749135872176 0.22977238743977405 27
1749135883602 0.23841169629506562 28
1749135894946 0.2452234590463532 29
1749135906660 0.2492108323641801 30
1749135917829 0.2467187240405383 31
1749135928807 0.248629340421997 32
1749135940330 0.2517029406878219 33
1749135951858 0.25153680013291246 34
1749135963321 0.25876391427147366 35
1749135974459 0.25959461704602094 36
1749135985944 0.26815085562385776 37
1749135997363 0.2694799800631334 38
1749136008942 0.2640804120285762 39
1749136019647 0.27271972088386776 40
1749136030306 0.2756271805947832 41
1749136041279 0.2722212992191394 42
1749136051871 0.27645788336933047 43
1749136062461 0.28011297557733844 44
1749136073140 0.27953148363515534 45
1749136083838 0.2791992025253364 46
1749136094459 0.28634324638644293 47
1749136105216 0.28725701943844495 48
1749136115818 0.2903306197042698 49
1749136126529 0.2885861438777205 50
