1749135578512 4.5827574582599 0
1749135589162 4.493501705900868 1
1749135599807 4.390012265354107 2
1749135610433 4.285493952078497 3
1749135621060 4.189587487248424 4
1749135631725 4.091638375701599 5
1749135642310 4.00419887337879 6
1749135652892 3.9251931626138292 7
1749135663609 3.854104121726518 8
1749135674429 3.7803249497932763 9
1749135685162 3.715480088385878 10
1749135695925 3.6566771955337782 11
1749135706713 3.6083278293216763 12
1749135717422 3.548895305447741 13
1749135728090 3.5030590719463146 14
1749135738864 3.447144600963232 15
1749135749719 3.4155853107577867 16
1749135761099 3.3835611393743323 17
1749135772706 3.341370239885177 18
1749135784159 3.2948725468574227 19
1749135795505 3.2840063151264953 20
1749135807109 3.242379897780256 21
1749135818101 3.221985007895798 22
1749135828669 3.183039276025635 23
1749135839538 3.157568734601146 24
1749135850586 3.1190353306014282 25
1749135861342 3.096456367110645 26
1749135872177 3.084720419704939 27
1749135883603 3.057154292817775 28
1749135894947 3.022822684052112 29
1749135906661 3.00316288600002 30
1749135917830 2.9870192853529547 31
1749135928808 2.965207309219806 32
1749135940330 2.948822931889578 33
1749135951859 2.9347200434014495 34
1749135963322 2.9004110332645756 35
1749135974460 2.8957351495258545 36
1749135985945 2.8654593129075843 37
1749135997364 2.8493152898918335 38
1749136008942 2.8366508542013147 39
1749136019648 2.8078269872308628 40
1749136030307 2.7939584190828453 41
1749136041280 2.796048796793251 42
1749136051872 2.773784630937003 43
1749136062462 2.7513078223661798 44
1749136073141 2.7433252868004936 45
1749136083839 2.7433048875054276 46
1749136094460 2.7208194059201176 47
1749136105217 2.702680702618362 48
1749136115818 2.681079613731508 49
1749136126530 2.6808424093183123 50
