1753840005236 0.04210351139956731 0
1753840012908 0.06623398235979364 1
1753840020635 0.09851888833416542 2
1753840028384 0.11507738392411383 3
1753840035933 0.13579630554168748 4
1753840043253 0.15909469129638876 5
1753840057383 0.18572141787319021 6
1753840064693 0.19146280579131303 7
1753840072377 0.21401231486104177 8
1753840084953 0.21600931935430187 9
1753840094313 0.24646363787651857 10
1753840102747 0.24147112664336828 11
1753840110258 0.25020802130138126 12
1753840120078 0.26610084872690964 13
1753840130478 0.2761690797137627 14
1753840145245 0.2835746380429356 15
1753840152855 0.28299217839906804 16
1753840163778 0.28282576135796306 17
1753840171056 0.282659344316858 18
1753840183813 0.2938092860708937 19
1753840196642 0.2962223331669163 20
1753840205440 0.3032950574138792 21
1753840218289 0.29930104842735894 22
1753840229662 0.3122815776335497 23
1753840237481 0.318106174072225 24
1753840245226 0.3201031785654851 25
1753840252444 0.31893825927775005 26
1753840259805 0.3196039274421701 27
1753840268222 0.3183557996338825 28
1753840275852 0.32409718755200534 29
1753840283105 0.327009485771343 30
1753840291656 0.3230986853053753 31
1753840298792 0.3260941920452654 32
1753840307308 0.3299217839906807 33
1753840314543 0.3295057413879181 34
1753840322300 0.3345814611416209 35
1753840329967 0.33233483108670325 36
1753840337902 0.33150274588117823 37
1753840347553 0.33316691629222833 38
1753840355141 0.336412048593776 39
1753840362445 0.3420702279913463 40
1753840377259 0.3380762190048261 41
1753840386462 0.3401564320186387 42
1753840398558 0.3379930104842736 43
1753840405955 0.3368280911965385 44
1753840422981 0.3393243468131137 45
1753840430398 0.34123814278582126 46
1753840442116 0.3435679813612914 47
1753840453058 0.3439840239640539 48
1753840469336 0.3422366450324513 49
1753840477039 0.345315360292894 50
1753840486216 0.34772840738891664 51
1753840496804 0.3440672324846064 52
1753840504779 0.34598102845731404 53
1753840512062 0.346147445498419 54
1753840520820 0.35039108004659675 55
1753840536064 0.3469795307039441 56
1753840543324 0.34598102845731404 57
1753840551338 0.3490597437177567 58
1753840558705 0.3488101181560992 59
1753840566653 0.3487269096355467 60
1753840573900 0.3487269096355467 61
1753840581542 0.35022466300549177 62
1753840594590 0.35172241637543683 63
1753840601985 0.34864370111499415 64
1753840612043 0.34306873023797635 65
1753840625731 0.34806124147112666 66
1753840633904 0.35030787152604426 67
1753840644849 0.35338658678648693 68
1753840652150 0.3491429522383092 69
1753840659625 0.35022466300549177 70
1753840666920 0.35072391412880677 71
1753840674095 0.3510567482110168 72
1753840683798 0.3529705441837244 73
1753840691731 0.35555000832085204 74
1753840700563 0.35163920785488434 75
1753840708084 0.3528041271426194 76
1753840716906 0.35172241637543683 77
1753840724533 0.35022466300549177 78
1753840732176 0.3479780329505741 79
1753840740132 0.3534697953070394 80
1753840748116 0.3574638042935597 81
1753840755457 0.35596605092361455 82
1753840768236 0.35322016974538195 83
1753840775499 0.354717923115327 84
1753840789652 0.354385089033117 85
1753840796908 0.35147279081377936 86
1753840813207 0.35363621234814446 87
1753840821852 0.3526377101015144 88
1753840829175 0.3543018805125645 89
1753840836450 0.35596605092361455 90
1753840850441 0.3544682975536695 91
1753840858539 0.35380262938924945 92
1753840870269 0.3530537527042769 93
1753840878063 0.35530038275919457 94
1753840885646 0.3562156764852721 95
1753840893534 0.35322016974538195 96
1753840900801 0.35330337826593444 97
1753840910831 0.3562988850058246 98
1753840918523 0.3543018805125645 99
1753840925952 0.35596605092361455 100
