1753840005237 4.498982524232982 0
1753840012909 4.285773009117961 1
1753840020636 4.039313390111734 2
1753840028385 3.85784734847632 3
1753840035935 3.6798519808701546 4
1753840043254 3.5424481904079954 5
1753840057385 3.39722393870179 6
1753840064695 3.3094109339970585 7
1753840072378 3.1770198129824023 8
1753840084954 3.1122331783964667 9
1753840094314 3.0064651947877934 10
1753840102748 2.967084850630102 11
1753840110259 2.8987295408740015 12
1753840120080 2.800231439250769 13
1753840130479 2.752091045531364 14
1753840145246 2.7102648552077473 15
1753840152857 2.691610957554551 16
1753840163779 2.6526562227647825 17
1753840171057 2.6240204823723343 18
1753840183814 2.5759557873503494 19
1753840196643 2.545129129196376 20
1753840205441 2.5032455521396497 21
1753840218290 2.5042335038931767 22
1753840229663 2.446981938146811 23
1753840237482 2.429392678070847 24
1753840245227 2.40174719442352 25
1753840252445 2.3861935390995863 26
1753840259806 2.362083535402021 27
1753840268223 2.3486436560534774 28
1753840275853 2.3301651019518013 29
1753840283106 2.324728931883077 30
1753840291657 2.318073612689872 31
1753840298793 2.2834640987652577 32
1753840307309 2.2482021108740713 33
1753840314544 2.234081093027723 34
1753840322301 2.2303345222739663 35
1753840329968 2.2278828299180318 36
1753840337903 2.2367497184223177 37
1753840347554 2.214422607312074 38
1753840355142 2.1795082549956994 39
1753840362446 2.15793317576969 40
1753840377260 2.1702664423517932 41
1753840386463 2.1543040881040634 42
1753840398559 2.1441739652479748 43
1753840405957 2.163059407107022 44
1753840422982 2.128383008448529 45
1753840430399 2.1243325868160974 46
1753840442117 2.1167847390937986 47
1753840453059 2.086979709011954 48
1753840469337 2.0971490477939168 49
1753840477040 2.0759385917347446 50
1753840486217 2.039652504374698 51
1753840496805 2.0382270164287113 52
1753840504780 2.0338276276185168 53
1753840512063 2.0225147006649937 54
1753840520821 2.0137184943792485 55
1753840536066 2.0203564701929784 56
1753840543325 2.023208907103723 57
1753840551340 1.9805076679026503 58
1753840558706 1.970054610830634 59
1753840566654 1.9789933267873976 60
1753840573901 1.960135454060469 61
1753840581543 1.9464784918755749 62
1753840594591 1.9392475011971597 63
1753840601986 1.9511464025676313 64
1753840612044 1.9685802833353199 65
1753840625732 1.9296270616326043 66
1753840633906 1.9276022438177485 67
1753840644850 1.8932037807194688 68
1753840652151 1.8933406924263114 69
1753840659626 1.9116134462382521 70
1753840666921 1.891084708097167 71
1753840674096 1.882334060166854 72
1753840683799 1.8609447984801992 73
1753840691732 1.8659513238049312 74
1753840700564 1.869840320262895 75
1753840708085 1.883284082079822 76
1753840716907 1.8654685000046192 77
1753840724534 1.8735411490559553 78
1753840732177 1.8621754741192065 79
1753840740133 1.8308369180935058 80
1753840748117 1.8169588374684789 81
1753840755458 1.8256681180721501 82
1753840768237 1.818351715229185 83
1753840775501 1.8017291054706681 84
1753840789653 1.8045312149930954 85
1753840796910 1.7937642013007236 86
1753840813208 1.7956967656928575 87
1753840821853 1.7818633917518707 88
1753840829176 1.7921784691963332 89
1753840836451 1.7669632942208142 90
1753840850442 1.7793899078248858 91
1753840858540 1.7803663380610935 92
1753840870270 1.772856031691701 93
1753840878064 1.7603215915196755 94
1753840885647 1.7530340159727935 95
1753840893535 1.7634574169484496 96
1753840900803 1.7493162206215216 97
1753840910832 1.7157724553792078 98
1753840918524 1.7286718543451252 99
1753840925953 1.7110306886179767 100
