1753666445908 0.03389267320152849 0
1753666467802 0.0656255191892341 1
1753666500382 0.08606080744309685 2
1753666518180 0.11239408539624522 3
1753666547883 0.12061804286426317 4
1753666576522 0.14022262834357868 5
1753666594096 0.15750124605416183 6
1753666619364 0.17494600431965443 7
1753666649898 0.18782189732513707 8
1753666673984 0.20111314171789335 9
1753666695767 0.20709420169463366 10
1753666710485 0.21556736999501577 11
1753666743501 0.22578501412194718 12
1753666766690 0.23724871241069945 13
1753666797924 0.24347898321980396 14
1753666831032 0.2529489948496428 15
1753666845643 0.2530320651270975 16
1753666860266 0.254111978734009 17
1753666886705 0.26615716896494435 18
1753666909997 0.2725535803289583 19
1753666932445 0.26873234756604086 20
1753666959479 0.27238743977404883 21
1753666989298 0.2756271805947832 22
1753667007910 0.2813590297391593 23
1753667034030 0.2821897325137066 24
1753667064977 0.2864263166638977 25
1753667085588 0.27928227280279116 26
1753667112620 0.28177438112643294 27
1753667143006 0.2843495597275295 28
1753667156757 0.2912443927562718 29
1753667186534 0.2908290413689982 30
1753667204880 0.2897491277620867 31
1753667230932 0.292407376640638 32
1753667250667 0.2918258846984549 33
1753667274231 0.29016447914936033 34
1753667303538 0.29921913939192557 35
1753667337444 0.296976241900648 36
1753667361346 0.30038212327629177 37
1753667389312 0.29689317162319323 38
1753667418005 0.2977238743977405 39
1753667435763 0.305781691310849 40
1753667450020 0.3031234424322977 41
1753667465971 0.30345572354211664 42
1753667480299 0.30328958298720715 43
1753667498488 0.30387107492939025 44
1753667516016 0.30445256687157335 45
1753667530801 0.3027911613224788 46
1753667546956 0.3046187074264828 47
1753667578373 0.30885529157667385 48
1753667593954 0.3061970426981226 49
1753667623807 0.3071108157501246 50
1753667646713 0.3071108157501246 51
1753667664405 0.30702774547266987 52
1753667683902 0.3073600265824888 53
1753667698704 0.30827379963449075 54
1753667723454 0.31159661073267986 55
1753667753978 0.30877222129921916 56
1753667775667 0.3102674862934042 57
1753667804865 0.30603090214321316 58
1753667833893 0.3058647615883037 59
1753667847893 0.3045356371490281 60
1753667875024 0.30628011297557733 61
1753667904057 0.3113473999003157 62
1753667934107 0.3076923076923077 63
1753667960868 0.310932048513042 64
1753667987827 0.30819072935703606 65
1753668015371 0.30910450240903803 66
1753668037101 0.30910450240903803 67
1753668052605 0.30644625353048677 68
1753668070034 0.3059478318657584 69
1753668102759 0.3089383618541286 70
1753668119454 0.31226117295231764 71
1753668147431 0.3125103837846818 72
1753668174463 0.3092706429639475 73
1753668189233 0.31400564877886694 74
1753668206229 0.3095198537963117 75
1753668235932 0.315500913773052 76
1753668254585 0.31242731350722713 77
1753668269104 0.31383950822395745 78
1753668297822 0.3139225785014122 79
1753668325818 0.3091875726864928 80
1753668344083 0.31159661073267986 81
1753668377542 0.31217810267486296 82
1753668406086 0.3133410865592291 83
1753668439858 0.31101511879049676 84
1753668454656 0.317328459877056 85
1753668469283 0.3120950323974082 86
1753668503311 0.31525170294068783 87
1753668526275 0.31217810267486296 88
1753668540966 0.3123442432297724 89
1753668557488 0.3145040704435953 90
1753668579214 0.31566705432796144 91
1753668597974 0.31383950822395745 92
1753668612813 0.31408871905632163 93
1753668637250 0.3145040704435953 94
1753668651681 0.3176607409868749 95
1753668679161 0.3135072271141386 96
1753668694407 0.31201196211995347 97
1753668725304 0.3149194218308689 98
1753668753373 0.3145040704435953 99
1753668768381 0.3130088054494102 100
