1753265817378 0.030320651270975246 0
1753265833221 0.06770227612560226 1
1753265868614 0.08672536966273467 2
1753265901143 0.10292407376640637 3
1753265936825 0.13108489782355873 4
1753265968866 0.1493603588635986 5
1753265984228 0.172038544608739 6
1753266016225 0.1916431300880545 7
1753266052364 0.20111314171789335 8
1753266067778 0.21299219139391926 9
1753266100274 0.22379132746303373 10
1753266134702 0.23076923076923078 11
1753266160090 0.24032231267652435 12
1753266176489 0.25801628177438113 13
1753266197614 0.2652433959129423 14
1753266232035 0.2703937531151354 15
1753266265088 0.276291742814421 16
1753266297805 0.2831865758431633 17
1753266333402 0.2897491277620867 18
1753266362377 0.2977238743977405 19
1753266394135 0.29232430636318324 20
1753266430694 0.2981392257850141 21
1753266460692 0.30004984216647285 22
1753266497172 0.3086060807443097 23
1753266517203 0.30877222129921916 24
1753266550116 0.3096859943512211 25
1753266570545 0.31525170294068783 26
1753266591245 0.31383950822395745 27
1753266627358 0.3201528493105167 28
1753266662178 0.32837680677853465 29
1753266694921 0.31882372487124105 30
1753266726077 0.3223126765243396 31
1753266743819 0.3282106662236252 32
1753266778419 0.3313673367669048 33
1753266806848 0.32995514205017445 34
1753266841174 0.33435786675527496 35
1753266873857 0.3350224289749128 36
1753266906874 0.34033892673201527 37
1753266926595 0.3410865592291078 38
1753266962676 0.33892673201528495 39
1753266996570 0.34731683003821234 40
1753267015386 0.35055657085894665 41
1753267043024 0.3434955972752949 42
1753267077545 0.3493935869745805 43
1753267112164 0.34989200863930886 44
1753267144906 0.3518026250207676 45
1753267177287 0.35230104668549594 46
1753267207834 0.3532148197374979 47
1753267240902 0.35446087389931885 48
1753267274578 0.3552085063964114 49
1753267298649 0.35396245223459044 50
1753267333480 0.3580328958298721 51
1753267366179 0.34773218142548595 52
1753267402692 0.35570692806113974 53
1753267437177 0.3540455225120452 54
1753267453249 0.360192723043695 55
1753267470374 0.3563714902807775 56
1753267505986 0.36143877720551587 57
1753267527961 0.3615218474829706 58
1753267561494 0.3665060641302542 59
1753267595456 0.36725369662734675 60
1753267625735 0.3619371988702442 61
1753267645996 0.36202026914769897 62
1753267682729 0.3634324638644293 63
1753267717599 0.3668383452400731 64
1753267750147 0.3668383452400731 65
1753267786836 0.37074264828044523 66
1753267821346 0.3685828210666224 67
1753267860438 0.3668383452400731 68
1753267896921 0.37065957800299054 69
1753267933232 0.3683336102342582 70
1753267965206 0.36783518856952985 71
1753267998679 0.3697458049509885 72
1753268034518 0.36625685329789004 73
1753268056931 0.3684166805117129 74
1753268091148 0.37007808606080744 75
1753268127020 0.36891510217644125 76
1753268160304 0.37132414022262833 77
1753268196571 0.371739491609902 78
1753268224251 0.3705765077255358 79
1753268258148 0.37207177271972086 80
1753268274390 0.3708257185579 81
1753268310416 0.3721548429971756 82
1753268330801 0.37365010799136067 83
1753268351033 0.37049343744808105 84
1753268374470 0.37323475660408706 85
1753268409322 0.3718225618873567 86
1753268441495 0.3749792324306363 87
1753268476694 0.37705598936700446 88
1753268501487 0.37780362186409705 89
1753268521554 0.374148529656089 90
1753268544976 0.37880046519355376 91
1753268560897 0.37938195713573686 92
1753268598238 0.37763748130918756 93
1753268628678 0.37904967602591794 94
1753268661996 0.37938195713573686 95
1753268689898 0.37821897325137066 96
1753268717146 0.37730520019936864 97
1753268750225 0.3781359029739159 98
1753268776585 0.381458714072105 99
1753268809576 0.3795480976906463 100
