1753265817380 4.534281511174475 0
1753265833222 4.376004686271408 1
1753265868615 4.209000307053465 2
1753265901144 4.077448964620047 3
1753265936826 3.9849183646607367 4
1753265968867 3.8928147797927277 5
1753265984229 3.805472916542557 6
1753266016226 3.737309275554378 7
1753266052365 3.6864323036767894 8
1753266067779 3.6091203617668794 9
1753266100275 3.5876740962580103 10
1753266134703 3.560032218857541 11
1753266160091 3.526832556589254 12
1753266176490 3.48939274358569 13
1753266197615 3.450963583474602 14
1753266232036 3.448910725697994 15
1753266265089 3.426603287220402 16
1753266297806 3.429214685190721 17
1753266333403 3.406630104644903 18
1753266362378 3.392790923979464 19
1753266394136 3.434580948120809 20
1753266430695 3.3978333648085943 21
1753266460693 3.4021760784762907 22
1753266497173 3.3805191023553203 23
1753266517204 3.378136521166941 24
1753266550117 3.3326977431623814 25
1753266570546 3.377766967959743 26
1753266591246 3.3804207378172384 27
1753266627359 3.371482123066869 28
1753266662179 3.3530237783950736 29
1753266694922 3.361251509805946 30
1753266726078 3.3540695585614246 31
1753266743820 3.34488626131369 32
1753266778420 3.354913391702162 33
1753266806849 3.3610817336920884 34
1753266841175 3.333928549399943 35
1753266873858 3.357258654432469 36
1753266906875 3.3113969748651044 37
1753266926596 3.331694492920701 38
1753266962677 3.3449606998107573 39
1753266996571 3.3231271989471325 40
1753267015387 3.3498508963528777 41
1753267043025 3.3537607220928924 42
1753267077546 3.34397187226457 43
1753267112165 3.3574611225164253 44
1753267144907 3.3193208092887043 45
1753267177288 3.3413717304835955 46
1753267207835 3.3352471213848864 47
1753267240903 3.301762203751316 48
1753267274579 3.2862541028159464 49
1753267298650 3.304332637897105 50
1753267333481 3.29620424415971 51
1753267366180 3.32663340585329 52
1753267402693 3.337058867336873 53
1753267437178 3.3257970592964594 54
1753267453250 3.3319282343391112 55
1753267470375 3.3158632481346215 56
1753267505987 3.3332607998798855 57
1753267527962 3.3201269374494045 58
1753267561495 3.318578408057823 59
1753267595457 3.28390266399591 60
1753267625736 3.2886453895332832 61
1753267645997 3.294177700117537 62
1753267682730 3.314186965062519 63
1753267717600 3.330847450493263 64
1753267750148 3.288680017132276 65
1753267786837 3.3020608812921335 66
1753267821347 3.281815567823106 67
1753267860440 3.3181930460840676 68
1753267896922 3.3250333515096484 69
1753267933233 3.3210557005507146 70
1753267965207 3.31200976396068 71
1753267998680 3.2636378600397946 72
1753268034519 3.2953435805488804 73
1753268056932 3.276326728022464 74
1753268091149 3.3017702941141143 75
1753268127020 3.289726141484759 76
1753268160305 3.2788301496545325 77
1753268196572 3.263613336092036 78
1753268224252 3.277187069285287 79
1753268258149 3.289920661662646 80
1753268274391 3.264292498567416 81
1753268310417 3.3101803108442227 82
1753268330802 3.295294905865127 83
1753268351034 3.2980330196710734 84
1753268374471 3.2859734117972246 85
1753268409323 3.328361322977253 86
1753268441496 3.2737397884041033 87
1753268476695 3.2605005262428195 88
1753268501488 3.2714555990663383 89
1753268521555 3.2227980713475497 90
1753268544977 3.270475636959427 91
1753268560898 3.2611284353944523 92
1753268598239 3.2671042512374147 93
1753268628680 3.281033873132118 94
1753268661997 3.2583019842322054 95
1753268689899 3.2818249763436254 96
1753268717147 3.254191398031825 97
1753268750226 3.2589047481253046 98
1753268776586 3.258914516960788 99
1753268809577 3.2336658887336514 100
