1752712657689 4.603339249219555 0
1752712674232 4.548329742943368 1
1752712690839 4.484444878118692 2
1752712708170 4.410576864088709 3
1752712724728 4.337768995001829 4
1752712741298 4.262121372973761 5
1752712758532 4.201137173976662 6
1752712776324 4.132773019842067 7
1752712792782 4.070876565303974 8
1752712809387 4.010362074474111 9
1752712826150 3.958191666941792 10
1752712843140 3.9063014084322614 11
1752712859740 3.8581126667160635 12
1752712876419 3.803070276886365 13
1752712894289 3.7588580282110917 14
1752712911051 3.721797883689123 15
1752712927582 3.6868171894402395 16
1752712944937 3.6501236027716364 17
1752712962591 3.61490427942729 18
1752712979829 3.584530480304844 19
1752712997134 3.5463653850055525 20
1752713013764 3.5125810968401496 21
1752713030321 3.479503092701536 22
1752713048057 3.4528773734852143 23
1752713065773 3.427972426769516 24
1752713083380 3.4003137310550007 25
1752713101108 3.375882068071092 26
1752713117824 3.3544358090299493 27
1752713134414 3.327660188467828 28
1752713151395 3.307565331650331 29
1752713169103 3.2874618921465584 30
1752713186792 3.261454142333607 31
1752713203923 3.242834207717812 32
1752713220471 3.219397630021263 33
1752713236890 3.2073222997099813 34
1752713254574 3.1850914108125785 35
1752713271626 3.1654642670390234 36
1752713288817 3.1497246176195697 37
1752713305611 3.1266416257704024 38
1752713322168 3.1087604764439276 39
1752713338648 3.092998664706601 40
1752713355274 3.078301338722015 41
1752713371746 3.0544414606214745 42
1752713388339 3.0454431769936625 43
1752713405001 3.027510364544305 44
1752713421538 3.0118586933658733 45
1752713438311 2.9969930560812257 46
1752713454902 2.987636676546749 47
1752713471399 2.9723839524672693 48
1752713488133 2.9595440936792494 49
1752713505740 2.944040379860384 50
1752713523057 2.9350091201095028 51
1752713540131 2.919314957782148 52
1752713556640 2.903314571861125 53
1752713573627 2.8894594125274313 54
1752713590411 2.879568343367595 55
1752713608474 2.8743058950104263 56
1752713625127 2.856829060108477 57
1752713642080 2.848382973318994 58
1752713660078 2.8354147777987895 59
1752713677629 2.827737833592032 60
1752713694267 2.813621231134396 61
1752713710731 2.8069510491908387 62
1752713727346 2.799881949478814 63
1752713743836 2.790548586620956 64
1752713760328 2.7771762961447624 65
1752713776990 2.7677039240586945 66
1752713793761 2.767275762930353 67
1752713810512 2.7553029558216857 68
1752713827418 2.7392981637350555 69
1752713843914 2.7304397856112876 70
1752713860520 2.7228189678237027 71
1752713877176 2.7145380100660157 72
1752713893616 2.7028313240639714 73
1752713910556 2.6958096811773435 74
1752713927306 2.68853018080571 75
1752713944255 2.6871792637847864 76
1752713962237 2.6784817154814555 77
1752713978807 2.665514326524061 78
1752713995487 2.6587164530297045 79
1752714012268 2.657915694812041 80
1752714029398 2.652282512756714 81
1752714047128 2.6460133417069938 82
1752714065216 2.6394531495763953 83
1752714083149 2.6352414698569144 84
1752714100682 2.6208690670396613 85
1752714118460 2.6170234158730783 86
1752714135289 2.608980261404697 87
1752714151904 2.601896983935989 88
1752714168598 2.596223839937646 89
1752714186341 2.5950308741414245 90
1752714204290 2.587935267782232 91
1752714221342 2.576602629351218 92
1752714237826 2.5697687983028286 93
1752714254556 2.566798866802574 94
1752714271488 2.5596240854156185 95
1752714288371 2.559365013623064 96
1752714306204 2.549437329778826 97
1752714322807 2.549017236420983 98
1752714340606 2.533611776803771 99
1752714358599 2.5338293914617407 100
