1754684395586 0.16272174481129706 0
1754684422684 0.3934368561234233 1
1754684445961 0.2932810694004724 2
1754684473230 0.5699783908739132 3
1754684500959 0.6608874817830042 4
1754684526746 0.661540780943766 5
1754684556395 0.750188451680989 6
1754684577926 0.7648123021257349 7
1754684601901 0.7579777878285341 8
1754684629699 0.7814965576159606 9
1754684660922 0.7806924971104076 10
1754684685253 0.7945625408311976 11
1754684710946 0.8011960400020102 12
1754684732795 0.8077792853912257 13
1754684761187 0.8086838534599728 14
1754684785178 0.8153676064123825 15
1754684812827 0.8181315644002212 16
1754684840146 0.8147645610332177 17
1754684870630 0.8228051660887482 18
1754684894914 0.8246143022262425 19
1754684922481 0.8278807980300518 20
1754684953527 0.8300919644203226 21
1754684982013 0.8332579526609377 22
1754685004286 0.8352178501432233 23
1754685035488 0.8364741946831499 24
1754685057605 0.8381828232574501 25
1754685081388 0.8390873913261973 26
1754685106796 0.8000402030252777 27
1754685134473 0.8385848535102266 28
1754685161341 0.8389868837630031 29
1754685183848 0.8399919593949444 30
1754685219296 0.8439620081411127 31
1754685243626 0.8451680988994422 32
1754685269156 0.8456706367154129 33
1754685298322 0.8469269812553395 34
1754685325993 0.8463741896577718 35
1754685355215 0.8406955123373033 36
1754685383283 0.8148148148148148 37
1754685407253 0.8512488064726871 38
1754685430815 0.851952359415046 39
1754685461025 0.8529574350469873 40
1754685496613 0.8534097190813609 41
1754685520856 0.8533092115181667 42
1754685552706 0.8536609879893462 43
1754685586199 0.8539625106789286 44
1754685619864 0.8551183476556611 45
1754685647223 0.8563746921955877 46
1754685680730 0.856625961103573 47
1754685709451 0.857379767827529 48
1754685731928 0.8024523845419368 49
1754685763017 0.8543645409317051 50
1754685791937 0.854264033368511 51
1754685814722 0.854264033368511 52
1754685842950 0.8559726619428112 53
1754685874304 0.8585858585858586 54
1754685898306 0.8590381426202321 55
1754685923332 0.8583848434594703 56
1754685947514 0.858937635057038 57
1754685979397 0.8587366199306498 58
1754686012934 0.8583848434594703 59
1754686039087 0.8584350972410674 60
1754686069944 0.8591386501834263 61
1754686093787 0.8594904266546057 62
1754686119543 0.8337102366953113 63
1754686150488 0.8246645560078396 64
1754686182210 0.8384843459470325 65
1754686206364 0.8480325644504749 66
1754686234419 0.8428564249459772 67
1754686257039 0.8361726719935675 68
1754686286120 0.8354188652696115 69
1754686315983 0.838132569475853 70
1754686342064 0.8416000804060506 71
1754686366006 0.8384843459470325 72
1754686390988 0.8371274938439117 73
1754686415134 0.8368762249359264 74
1754686443072 0.8380320619126589 75
1754686477492 0.8349665812352379 76
1754686507094 0.8417508417508418 77
1754686529926 0.8405950047741092 78
1754686556244 0.831951354339414 79
1754686584179 0.8318508467762199 80
1754686617797 0.8298406955123373 81
1754686643247 0.83270516106337 82
1754686667429 0.8326549072817729 83
1754686696979 0.8308960249258757 84
1754686721803 0.8368762249359264 85
1754686744792 0.833509221568923 86
1754686772463 0.8371274938439117 87
1754686801801 0.8358711493039851 88
1754686831349 0.8362731795567616 89
1754686861558 0.8331574450977436 90
1754686884736 0.8340620131664908 91
1754686909298 0.8352681039248203 92
1754686944135 0.8344640434192673 93
1754686974097 0.8328559224081612 94
1754686998667 0.8313483089602492 95
1754687024656 0.8316498316498316 96
1754687050443 0.8314990703050404 97
1754687080963 0.8340117593848937 98
1754687107351 0.8322026232473994 99
1754687142429 0.8283833358460224 100
