1754684395587 2.2566391459714317 0
1754684422685 2.067397395399868 1
1754684445962 2.153740538659731 2
1754684473231 1.7952332117093732 3
1754684500960 1.7012244641210925 4
1754684526748 1.6876376322229991 5
1754684556397 1.6590904521971956 6
1754684577927 1.7136643236708708 7
1754684601902 1.6751222433239268 8
1754684629701 1.7720012271426724 9
1754684660924 1.712452122317429 10
1754684685255 1.823172915555049 11
1754684710947 1.8967463435173357 12
1754684732797 1.95883099020321 13
1754684761188 1.857393986849103 14
1754684785180 1.9880471908996447 15
1754684812828 2.0559284635826574 16
1754684840148 1.9434486924849448 17
1754684870631 2.0726688484771683 18
1754684894915 2.132922120650512 19
1754684922482 2.179586660805023 20
1754684953528 2.2224315912130748 21
1754684982014 2.253716135466701 22
1754685004288 2.2806996464343734 23
1754685035490 2.31427485493836 24
1754685057607 2.3453856227585548 25
1754685081389 2.375210293324134 26
1754685106797 2.2115941951367457 27
1754685134475 2.3413929269940303 28
1754685161343 2.3894658136442084 29
1754685183849 2.412648631474805 30
1754685219297 2.4293106025205207 31
1754685243628 2.43944349476081 32
1754685269157 2.4636406147355654 33
1754685298323 2.4572170355786733 34
1754685325994 2.342256487684106 35
1754685355216 2.3254730637523964 36
1754685383284 2.1838030429287927 37
1754685407254 2.3867854871899477 38
1754685430816 2.4437016994274656 39
1754685461026 2.477630861088548 40
1754685496614 2.500811136219466 41
1754685520858 2.527712841637322 42
1754685552707 2.553543599130064 43
1754685586200 2.569540523214244 44
1754685619865 2.579198504312925 45
1754685647224 2.597395282551035 46
1754685680732 2.6151504920316806 47
1754685709452 2.627913589252687 48
1754685731930 2.375900089120579 49
1754685763018 2.494414554079884 50
1754685791938 2.5456965296882963 51
1754685814723 2.6270162490105897 52
1754685842951 2.654540510052055 53
1754685874305 2.6505298995000772 54
1754685898307 2.670484770320678 55
1754685923334 2.6739882669146615 56
1754685947516 2.6909581011261112 57
1754685979399 2.7057014953215037 58
1754686012935 2.7088397978658567 59
1754686039088 2.719598517984319 60
1754686069945 2.737081191155862 61
1754686093788 2.726478720078326 62
1754686119545 2.537329355515731 63
1754686150489 2.5055849095855427 64
1754686182212 2.4817551773952875 65
1754686206366 2.5214477703631952 66
1754686234420 2.488874328513815 67
1754686257041 2.4667965661891036 68
1754686286122 2.461486776038242 69
1754686315985 2.4614079716860005 70
1754686342065 2.485999978822821 71
1754686366007 2.4638023847675026 72
1754686390989 2.461692595110057 73
1754686415136 2.4583926143650396 74
1754686443073 2.455316946885948 75
1754686477493 2.4499202907551787 76
1754686507095 2.480557900364499 77
1754686529928 2.481974906621941 78
1754686556245 2.4734518846931786 79
1754686584180 2.4511232861995484 80
1754686617799 2.449516882693674 81
1754686643248 2.466713494655334 82
1754686667430 2.479596015367444 83
1754686696980 2.4727334171383673 84
1754686721804 2.480815319987369 85
1754686744793 2.48507762701829 86
1754686772465 2.5081117498932732 87
1754686801802 2.5041782774513925 88
1754686831350 2.518490128243602 89
1754686861559 2.508130352103339 90
1754686884737 2.505010894892901 91
1754686909299 2.513997469538445 92
1754686944137 2.5213806692183183 93
1754686974098 2.528059301889568 94
1754686998668 2.521089980096909 95
1754687024658 2.531867647910724 96
1754687050444 2.5256740075992004 97
1754687080964 2.534503842905395 98
1754687107353 2.531021202721718 99
1754687142430 2.526756550094385 100
