1754249894674 0.23096991451726306 0
1754249980215 0.2913074048033157 1
1754250040446 0.32581504644191983 2
1754250086145 0.36583650963993636 3
1754250155097 0.38589349813122154 4
1754250198069 0.404673796395663 5
1754250262156 0.42225141546090367 6
1754250347308 0.4044332605558228 7
1754250394928 0.4347222736187692 8
1754250448716 0.43997705658143066 9
1754250491993 0.4539651408059801 10
1754250540787 0.4475631869148503 11
1754250589143 0.455482366872664 12
1754250649174 0.476482995966399 13
1754250690692 0.47870332679569255 14
1754250738046 0.47376309070051437 15
1754250783810 0.4867520260518817 16
1754250826349 0.4868630425933464 17
1754250903437 0.4763904821818451 18
1754250976191 0.5080116937423677 19
1754251022915 0.4866965177811494 20
1754251084143 0.5053472967472153 21
1754251152032 0.5057358546423417 22
1754251216762 0.507475113791955 23
1754251277481 0.49896384561299634 24
1754251322254 0.5238870591718165 25
1754251389123 0.49439366465603374 26
1754251444941 0.514025089738371 27
1754251507797 0.52705103060356 28
1754251553377 0.5126188802131517 29
1754251615782 0.5224438441327758 30
1754251658075 0.5214446952595937 31
1754251706334 0.5239795729563705 32
1754251749730 0.5302150020353033 33
1754251793258 0.516541464678237 34
1754251837874 0.5110091403619139 35
1754251886733 0.5163564371091293 36
1754251954924 0.5175406135514191 37
1754252012250 0.5245901639344263 38
1754252057178 0.5319727639418274 39
1754252103230 0.523683528845798 40
1754252153743 0.5363949228435037 41
1754252196908 0.5399474521703734 42
1754252266254 0.5271065388742923 43
1754252316516 0.5285682566702439 44
1754252360996 0.5315101950190578 45
1754252411057 0.5340820782296563 46
1754252483353 0.5296599193279798 47
1754252537000 0.5324353328645969 48
1754252583596 0.5375235910150612 49
1754252656816 0.53796765718092 50
1754252703257 0.5267364837360766 51
1754252774044 0.5373200606890427 52
1754252850239 0.5412981534248603 53
1754252895284 0.534100580986567 54
1754252939585 0.5395033860045146 55
1754252980786 0.5338600451467269 56
1754253051112 0.5384857343744218 57
1754253096590 0.5374495799874182 58
1754253152758 0.5375235910150612 59
1754253194512 0.5326388631906154 60
1754253267843 0.5303630240905896 61
1754253338578 0.5296414165710691 62
1754253405763 0.5313621729637716 63
1754253452200 0.5189468230766384 64
1754253510468 0.5364874366280575 65
1754253587598 0.5313066646930392 66
1754253634092 0.5248492025311772 67
1754253677136 0.538134181993117 68
1754253741640 0.5303815268475003 69
1754253796380 0.544258594530585 70
1754253852914 0.5283832291011361 71
1754253900395 0.5246456722051586 72
1754253947018 0.5324538356215076 73
1754254000861 0.532416830107686 74
1754254046571 0.5323613218369537 75
1754254098446 0.5369315027939163 76
1754254142009 0.5443326055582282 77
1754254187314 0.5525663323835251 78
1754254253599 0.5315657032897901 79
1754254308869 0.5394108722199608 80
1754254364115 0.5299929689523739 81
1754254405933 0.5469414942826482 82
1754254465672 0.5316767198312549 83
1754254524737 0.5414646782370574 84
1754254593187 0.5487917699737261 85
1754254654676 0.5391703363801207 86
1754254703697 0.5414646782370574 87
1754254772474 0.5401694852533028 88
1754254845595 0.5433149539281353 89
1754254903537 0.5371350331199348 90
1754254953542 0.533675017577619 91
1754254998996 0.5401694852533028 92
1754255060109 0.5511416201013951 93
1754255136564 0.5353587684565 94
1754255182332 0.5467934722273619 95
1754255238063 0.5382822040484032 96
1754255288650 0.5489027865151908 97
1754255339576 0.5378381378825445 98
1754255383349 0.5306035599304296 99
1754255427366 0.5349702105613736 100
