1754249894676 2.2023229750783297 0
1754249980216 2.122962646061547 1
1754250040448 2.1305957455811195 2
1754250086146 2.1586665774928373 3
1754250155099 2.1408266367688156 4
1754250198071 2.194394965740673 5
1754250262158 2.2366024398271582 6
1754250347309 2.3254013160578717 7
1754250394929 2.384377294077983 8
1754250448718 2.3688105704858957 9
1754250491995 2.465529789064916 10
1754250540788 2.4858402051586466 11
1754250589145 2.454827430855232 12
1754250649176 2.4329214541797355 13
1754250690694 2.5177668302409097 14
1754250738048 2.5804160963348943 15
1754250783811 2.63206006982192 16
1754250826350 2.6123874888877117 17
1754250903439 2.837563407655302 18
1754250976192 2.676707326799934 19
1754251022916 2.7597156924236943 20
1754251084144 2.7664327539925697 21
1754251152034 2.807717392018243 22
1754251216763 2.8420353601081434 23
1754251277483 2.959697300703831 24
1754251322255 2.8753267729044802 25
1754251389125 2.9114569521872418 26
1754251444942 2.9398060392277747 27
1754251507798 3.0904814655720165 28
1754251553378 2.985503432053844 29
1754251615783 3.126441487427181 30
1754251658076 3.0840821964411713 31
1754251706336 3.17085460249462 32
1754251749731 3.1558681014529566 33
1754251793260 3.181727155492323 34
1754251837875 3.120405546570979 35
1754251886735 3.211807138443444 36
1754251954925 3.186071952221091 37
1754252012251 3.1659080537939164 38
1754252057179 3.3083007139298157 39
1754252103232 3.3471894344232567 40
1754252153744 3.2705925787891497 41
1754252196909 3.3485264099839127 42
1754252266256 3.2509770641010647 43
1754252316518 3.3121253060743343 44
1754252360997 3.4343517343353556 45
1754252411059 3.457049624050672 46
1754252483354 3.3775422365765637 47
1754252537001 3.477738847355289 48
1754252583597 3.41892434190626 49
1754252656817 3.4944432872303413 50
1754252703258 3.5252670822464145 51
1754252774046 3.5313762174346217 52
1754252850241 3.5763454835064694 53
1754252895286 3.5893852959717294 54
1754252939586 3.5857819002435427 55
1754252980787 3.5205919223118762 56
1754253051114 3.62800803592675 57
1754253096592 3.519220797727493 58
1754253152759 3.624554780019102 59
1754253194513 3.7087764442395703 60
1754253267845 3.5902912952847688 61
1754253338579 3.733153204968101 62
1754253405765 3.7867122768870387 63
1754253452201 3.638437532123055 64
1754253510469 3.6789670433176846 65
1754253587599 3.7653643973220112 66
1754253634094 3.6496433194098015 67
1754253677137 3.7248606637227764 68
1754253741641 3.565055002231991 69
1754253796381 3.758727048549869 70
1754253852916 3.66187607376831 71
1754253900397 3.7227182314038836 72
1754253947019 3.8356889720118867 73
1754254000862 3.793511471843985 74
1754254046572 3.768407372802433 75
1754254098447 3.93330691018472 76
1754254142011 3.8349445195389187 77
1754254187316 3.9577962196632184 78
1754254253600 3.931423735554426 79
1754254308870 3.843931307643756 80
1754254364117 3.7768696696945594 81
1754254405935 3.8789914228818287 82
1754254465674 3.9406892188644638 83
1754254524738 3.906654162864563 84
1754254593189 4.1027490141300715 85
1754254654677 4.123830258426451 86
1754254703698 4.064905995822771 87
1754254772475 3.925916213055624 88
1754254845597 4.093914294908298 89
1754254903538 4.004695016409697 90
1754254953544 3.9969010448682583 91
1754254998997 3.9261863242310526 92
1754255060110 4.094296505006186 93
1754255136565 4.030001849532381 94
1754255182333 4.047737932328993 95
1754255238064 3.887502852590018 96
1754255288651 4.1083504712648775 97
1754255339577 3.993674732755195 98
1754255383350 3.9822572073977645 99
1754255427367 4.091822174457384 100
