1753980183134 0.027994683502242896 0
1753980235949 0.05848147532812759 1
1753980287701 0.09004818076092375 2
1753980339862 0.10707758763914271 3
1753980392490 0.13008805449410202 4
1753980445042 0.14894500747632497 5
1753980485087 0.1630669546436285 6
1753980536614 0.16996178767237083 7
1753980570170 0.18674198371822562 8
1753980622146 0.19546436285097193 9
1753980674814 0.20019936866589133 10
1753980726941 0.20667885030736002 11
1753980781120 0.21639807276956305 12
1753980832128 0.2242897491277621 13
1753980887741 0.22977238743977405 14
1753980921932 0.23517195547433128 15
1753980970728 0.23999003156670543 16
1753981021301 0.24530652932380795 17
1753981070443 0.250456886526001 18
1753981123554 0.2521182920750955 19
1753981172021 0.25652101678019607 20
1753981225005 0.25843163316165474 21
1753981278216 0.26341584980893834 22
1753981311834 0.26590795813258017 23
1753981363408 0.2693969097856787 24
1753981397397 0.27155673699950156 25
1753981451213 0.27429805615550756 26
1753981502063 0.27521182920750953 27
1753981548636 0.27770393753115136 28
1753981600134 0.2793653430802459 29
1753981650903 0.28077753779697623 30
1753981704821 0.2809436783518857 31
1753981752766 0.28393420834025584 32
1753981805040 0.2847649111148031 33
1753981854461 0.2864263166638977 34
1753981907637 0.2880046519355375 35
1753981958588 0.28891842498753945 36
1753982007088 0.28808772221299217 37
1753982055980 0.2914105333111813 38
1753982099154 0.29190895497590963 39
1753982149126 0.29348729024754944 40
1753982199402 0.29481641468682507 41
1753982252381 0.29514869579664393 42
1753982299397 0.2958132580162818 43
1753982352655 0.2973915932879216 44
1753982404425 0.29548097690646286 45
1753982457390 0.2989699285595614 46
1753982507894 0.2978069446751952 47
1753982559579 0.2981392257850141 48
1753982608315 0.299385279946835 49
1753982665884 0.30013291244392754 50
1753982719067 0.29888685828210665 51
1753982771494 0.30071440438611063 52
1753982821932 0.3002159827213823 53
1753982873163 0.3019604585479316 54
1753982927173 0.3037049343744808 55
1753982978256 0.30129589632829373 56
1753983028774 0.3042864263166639 57
1753983082791 0.30420335603920917 58
1753983133872 0.30628011297557733 59
1753983169379 0.30229273965775044 60
1753983203591 0.30536633992357537 61
1753983239078 0.3041202857617544 62
1753983285318 0.3049509885363017 63
1753983329325 0.30644625353048677 64
1753983378975 0.30661239408539626 65
1753983429671 0.3069446751952152 66
1753983482821 0.3059478318657584 67
1753983536726 0.3081076590795813 68
1753983586647 0.30943678351885695 69
1753983636223 0.3092706429639475 70
1753983671053 0.3077753779697624 71
1753983721619 0.30877222129921916 72
1753983773132 0.31068283768067784 73
1753983824625 0.31101511879049676 74
1753983858720 0.3107659079581326 75
1753983912084 0.308523010466855 76
1753983965994 0.3102674862934042 77
1753984015192 0.31059976740322315 78
1753984055511 0.31035055657085897 79
1753984105939 0.3096029240737664 80
1753984155381 0.3101013457384948 81
1753984209208 0.3123442432297724 82
1753984264088 0.31143047017777037 83
1753984316201 0.31159661073267986 84
1753984350424 0.3130088054494102 85
1753984401469 0.31143047017777037 86
1753984454025 0.3120950323974082 87
1753984504900 0.3107659079581326 88
1753984557681 0.3113473999003157 89
1753984613809 0.3116796810101346 90
1753984668994 0.31226117295231764 91
1753984708586 0.31259345406213657 92
1753984754240 0.31242731350722713 93
1753984805190 0.31259345406213657 94
1753984860336 0.3145040704435953 95
1753984911922 0.3125103837846818 96
1753984967119 0.3139225785014122 97
1753985022000 0.31325801628177435 98
1753985076668 0.31284266489450074 99
1753985131841 0.3119288918424988 100
