1753980183136 4.5646816239144465 0
1753980235950 4.414090038069274 1
1753980287703 4.332347619381378 2
1753980339863 4.2577387886731834 3
1753980392491 4.2064378078973155 4
1753980445043 4.187034156737055 5
1753980485089 4.1703571606615295 6
1753980536615 4.172360301529121 7
1753980570171 4.155364753961014 8
1753980622147 4.1634937180812255 9
1753980674815 4.187522240851459 10
1753980726943 4.209581260490078 11
1753980781122 4.227550043062476 12
1753980832130 4.250368726218587 13
1753980887743 4.264996074712234 14
1753980921933 4.270887086483245 15
1753980970730 4.304756601994495 16
1753981021302 4.326928862376202 17
1753981070444 4.336376064197617 18
1753981123555 4.351820291236096 19
1753981172023 4.372812373003567 20
1753981225006 4.390680352054797 21
1753981278217 4.402944973315073 22
1753981311835 4.421696028267397 23
1753981363410 4.442450517608072 24
1753981397398 4.451948607889622 25
1753981451214 4.471073655665332 26
1753981502065 4.48849747802179 27
1753981548638 4.510907998061824 28
1753981600135 4.5304016096181865 29
1753981650904 4.534738979505605 30
1753981704823 4.565910784980946 31
1753981752767 4.579950143800018 32
1753981805041 4.581467923483955 33
1753981854462 4.597445822798525 34
1753981907638 4.6136523295731 35
1753981958590 4.6304179551518345 36
1753982007089 4.643983652350244 37
1753982055981 4.653954257857702 38
1753982099156 4.673753210604752 39
1753982149127 4.67896580313833 40
1753982199404 4.701519808726322 41
1753982252383 4.706831508911063 42
1753982299398 4.73162227776116 43
1753982352656 4.737816851488664 44
1753982404426 4.73430921877558 45
1753982457391 4.762454779920381 46
1753982507895 4.770384058696153 47
1753982559580 4.772943037172121 48
1753982608316 4.785377037390477 49
1753982665885 4.798123434516495 50
1753982719069 4.82784224694295 51
1753982771496 4.826931569071264 52
1753982821933 4.840888244583407 53
1753982873164 4.845618173211881 54
1753982927174 4.844125438036468 55
1753982978257 4.844152951925263 56
1753983028775 4.862889689911133 57
1753983082792 4.879411469688972 58
1753983133874 4.887412451405634 59
1753983169380 4.899896788959424 60
1753983203592 4.927468966009053 61
1753983239079 4.920122256143544 62
1753983285320 4.923486281266632 63
1753983329326 4.934814883802545 64
1753983378977 4.937894741903042 65
1753983429672 4.940320319736769 66
1753983482822 4.944250073064867 67
1753983536727 4.952391416925744 68
1753983586649 4.96121191210323 69
1753983636224 4.977834299622994 70
1753983671054 4.98047229899263 71
1753983721620 4.9847404111218045 72
1753983773133 5.0015890660159235 73
1753983824626 5.012465720998989 74
1753983858722 5.012694481193558 75
1753983912085 5.000315745992749 76
1753983965996 5.004266293398642 77
1753984015194 5.009603865787645 78
1753984055513 5.016975587141529 79
1753984105940 5.02643402914518 80
1753984155382 5.041511020658031 81
1753984209209 5.049351551240459 82
1753984264089 5.065951001174245 83
1753984316202 5.064282484626197 84
1753984350425 5.077808249929655 85
1753984401470 5.064207664917555 86
1753984454026 5.08950666130855 87
1753984504901 5.097413139033078 88
1753984557683 5.095911982774635 89
1753984613810 5.0934062570514325 90
1753984668995 5.114543072193343 91
1753984708587 5.122390826441835 92
1753984754241 5.113653285961679 93
1753984805191 5.127985460140773 94
1753984860337 5.141312232549332 95
1753984911923 5.13270876933919 96
1753984967121 5.147950060046674 97
1753985022001 5.136390054625344 98
1753985076669 5.133459131789771 99
1753985131842 5.149907948011558 100
