1749035222329 4.481071988891884 0
1749035285142 4.238188162427231 1
1749035347302 4.0171398955666255 2
1749035409295 3.826127988819116 3
1749035473206 3.669435141641786 4
1749035537585 3.5310441322214414 5
1749035599647 3.421676702562527 6
1749035662086 3.3250299340388816 7
1749035724387 3.233774249645881 8
1749035787504 3.150843484880745 9
1749035849642 3.081649565493775 10
1749035911121 3.019492929650235 11
1749035973692 2.945110159656389 12
1749036038748 2.8967400252718845 13
1749036101829 2.844578193899161 14
1749036164359 2.795471790258801 15
1749036225615 2.748293264391243 16
1749036285066 2.708796560513768 17
1749036346926 2.6650792801390177 18
1749036406840 2.625600857913068 19
1749036467149 2.5948587739953677 20
1749036525977 2.557993702249098 21
1749036581953 2.527457011953629 22
1749036635833 2.49258196569381 23
1749036692804 2.4630767824445368 24
1749036745089 2.431554787791091 25
1749036795927 2.402436827976897 26
1749036840956 2.3880143714532376 27
1749036885121 2.3677465786273464 28
1749036925228 2.3539556033624325 29
1749036968074 2.3357122689736096 30
1749037011232 2.314915375424664 31
1749037051859 2.3037782191866936 32
1749037091513 2.283117862823081 33
1749037132689 2.2708870993097974 34
1749037171121 2.26197791824876 35
1749037208699 2.2499448649394207 36
1749037247390 2.2354631377536744 37
1749037284832 2.225099870290712 38
1749037322037 2.209348969546723 39
1749037358771 2.202612546918121 40
1749037395393 2.197121069925129 41
1749037432997 2.181776661007732 42
1749037467153 2.173547781111313 43
1749037501421 2.164411356302308 44
1749037535484 2.155180734613955 45
1749037570288 2.1461865221091108 46
1749037603182 2.1409488852758676 47
1749037636148 2.1357125740070813 48
1749037667564 2.1249210770551574 49
1749037699447 2.1193995527068124 50
