1749873918701 0.18166006735003515 0
1749874116450 0.19725789142582245 1
1749874309569 0.21285571550160973 2
1749874494451 0.24427339673611367 3
1749874671214 0.2395921992376864 4
1749874851892 0.2511009140361914 5
1749875041668 0.25924212707693445 6
1749875220251 0.25988972356881174 7
1749875390871 0.2731562002738408 8
1749875577123 0.29034526144395517 9
1749875766471 0.30054028050179477 10
1749875942281 0.2995226288717019 11
1749876122947 0.31203049254338894 12
1749876277142 0.31021722236613253 13
1749876483512 0.3194315953077008 14
1749876673841 0.3250379306516671 15
1749876839423 0.32387225696628796 16
1749877007170 0.32168893165081597 17
1749877177245 0.3424860304185324 18
1749877350348 0.3389705066054842 19
1749877540020 0.33828590459978536 20
1749877724526 0.3513118454649743 21
1749877908876 0.34877696776819744 22
1749878080402 0.3531436183991415 23
1749878262248 0.35936054472116347 24
1749878415174 0.3613218369537061 25
1749878588082 0.3727380379676572 26
1749878780073 0.3755689597750065 27
1749878963819 0.37605003145468674 28
1749879136383 0.3619509306886726 29
1749879318274 0.3619694334455834 30
1749879499028 0.37011064648632647 31
1749879688624 0.3706287236798283 32
1749879861117 0.3786034119083743 33
1749880029796 0.3752914184213448 34
1749880218046 0.37593901491322207 35
1749880401389 0.38241497983199496 36
1749880595616 0.386948155275136 37
1749880765918 0.39072271768493505 38
1749880932346 0.3909447507678644 39
1749881126568 0.3948488324760389 40
1749881289517 0.4139436776079636 41
1749881483086 0.3970691633053325 42
1749881670248 0.4006957036598453 43
1749881835945 0.4071716685786182 44
1749882014685 0.4160344891388817 45
1749882187723 0.41644154979091885 46
1749882359045 0.40084372571513155 47
1749882550704 0.41061318136402325 48
1749882725310 0.4065240720867409 49
1749882894869 0.41251896532583354 50
