1753388837594 4.544869205840449 0
1753388864097 4.425988275095814 1
1753388892113 4.288151873465895 2
1753388904960 4.1475651338853075 3
1753388931907 4.044283400117073 4
1753388947039 3.938348637753647 5
1753388966137 3.8561312268891723 6
1753388990087 3.7960479714981696 7
1753389021140 3.744269543357535 8
1753389049504 3.677293043494375 9
1753389066685 3.647132841665838 10
1753389081968 3.599957750243467 11
1753389111809 3.5725298703042534 12
1753389126021 3.5303707904502994 13
1753389144210 3.5133319393758664 14
1753389157153 3.5108486197484847 15
1753389186935 3.5082607350463673 16
1753389212704 3.5062944364678015 17
1753389226733 3.500588864426294 18
1753389256340 3.489114839923437 19
1753389271274 3.5151076861894044 20
1753389301185 3.488008483123158 21
1753389327592 3.4961617409857246 22
1753389341992 3.485151404215038 23
1753389355053 3.486029259218494 24
1753389378781 3.451229802534429 25
1753389393436 3.46497642347521 26
1753389410937 3.462802273077642 27
1753389429199 3.4350455720517856 28
1753389444314 3.42306464683764 29
1753389460531 3.4224494721469583 30
1753389479759 3.4018556757878233 31
1753389498418 3.399203368173321 32
1753389517654 3.4085525429113517 33
1753389531322 3.4152492078075194 34
1753389547436 3.3871627888192446 35
1753389565462 3.4025022536453555 36
1753389579524 3.3734030263947057 37
1753389595183 3.391587264475676 38
1753389612441 3.40386306231089 39
1753389630716 3.383535000194567 40
1753389647867 3.3879114330290947 41
1753389667062 3.395790888036485 42
1753389685649 3.3856469978675867 43
1753389701817 3.3983816334608976 44
1753389720782 3.3639295139874967 45
1753389738140 3.3764000978225317 46
1753389757205 3.3678871439178732 47
1753389775140 3.347606100558533 48
1753389792651 3.338182451332653 49
1753389810237 3.3733601039600454 50
1753389823546 3.320753810722921 51
1753389834319 3.327887762439707 52
1753389846498 3.324893144009844 53
1753389858565 3.3086831446528784 54
1753389870621 3.310096134641883 55
1753389882526 3.290970349898104 56
1753389893846 3.2919088833319035 57
1753389905481 3.286336503393663 58
1753389917817 3.300727293026853 59
1753389930248 3.266299547443574 60
1753389942370 3.2814828273677787 61
1753389955349 3.2639947911429275 62
1753389966230 3.2809673152823264 63
1753389976914 3.287765471110478 64
1753389989696 3.267558267307963 65
1753390001431 3.2726993390545718 66
1753390013891 3.2631459220235417 67
1753390024408 3.2565788858675466 68
1753390037405 3.276092831842435 69
1753390050535 3.2683823256557254 70
1753390062274 3.2563930323340404 71
1753390074882 3.23446329333242 72
1753390085707 3.2568731422106625 73
1753390098013 3.2457267055244894 74
1753390110324 3.255149810541673 75
1753390117272 3.20064514178897 76
1753390123798 3.1822713748867044 77
1753390130492 3.1790248493453745 78
1753390137450 3.160529890635175 79
1753390144436 3.16952203942628 80
1753390151004 3.152540120659079 81
1753390157398 3.168851310150019 82
1753390163913 3.15521861136135 83
1753390169700 3.149761986117395 84
1753390176399 3.131616992489938 85
1753390183768 3.1554901041983054 86
1753390191013 3.1260668518677033 87
1753390197773 3.1126794398281943 88
1753390204709 3.1282232282366156 89
1753390211660 3.114268825078221 90
1753390218339 3.127093386617515 91
1753390225515 3.1189238014668166 92
1753390232374 3.119440537345364 93
1753390239579 3.120527283353132 94
1753390246153 3.1150345366734724 95
1753390252023 3.1217122310948704 96
1753390259164 3.101357138860922 97
1753390266351 3.0931029952765012 98
1753390273476 3.0948070283194657 99
1753390280492 3.0842653555422084 100
