1753282050913 4.534117026106556 0
1753282085519 4.396900589499167 1
1753282119162 4.2589882647805775 2
1753282155275 4.1570756915438425 3
1753282193146 4.0896352350135565 4
1753282231397 4.015997813448479 5
1753282267402 3.9522218145758927 6
1753282295838 3.893367713967909 7
1753282331835 3.8570545271396037 8
1753282350061 3.812195058753882 9
1753282365185 3.7864231708020712 10
1753282391572 3.7536507312015805 11
1753282423011 3.741531436535529 12
1753282459646 3.6964195359149064 13
1753282492592 3.6944385379389986 14
1753282530001 3.701205476185212 15
1753282564528 3.689966379994853 16
1753282598481 3.673359061800767 17
1753282631139 3.678644697497802 18
1753282665859 3.6637842357033388 19
1753282696673 3.685696233253411 20
1753282714960 3.6961994394378133 21
1753282742187 3.6776980234700725 22
1753282778907 3.6787834877775416 23
1753282816385 3.685478035606422 24
1753282851905 3.669033193109716 25
1753282872515 3.6734736584825343 26
1753282892141 3.6703664170888954 27
1753282912102 3.662931450441035 28
1753282932859 3.6231875828380793 29
1753282952613 3.628443275619425 30
1753282974951 3.6204766955206305 31
1753282993474 3.6306310953238072 32
1753283014735 3.6527974058871213 33
1753283035153 3.655470393532312 34
1753283054184 3.6252026980967518 35
1753283074906 3.643525659261305 36
1753283094757 3.6203868069935368 37
1753283114808 3.6063614953035263 38
1753283135582 3.6463217239900514 39
1753283154686 3.630664856594718 40
1753283175902 3.6377070433968703 41
1753283194266 3.6441905133711185 42
1753283215929 3.6248849882028242 43
1753283236721 3.633520534893904 44
1753283256272 3.621157715592679 45
1753283274961 3.6446632044487712 46
1753283296557 3.6232334513181197 47
1753283318567 3.590596783481861 48
1753283337325 3.589941086188842 49
1753283357032 3.6206515394574006 50
1753283370389 3.603525423562642 51
1753283383720 3.602216791585495 52
1753283396896 3.5983463317569235 53
1753283409245 3.5744088479654788 54
1753283423692 3.574844850141895 55
1753283438092 3.552975194444923 56
1753283451178 3.567149210973365 57
1753283464888 3.5584917347212706 58
1753283478694 3.556260227668481 59
1753283492069 3.51871351189927 60
1753283504775 3.5346825866012224 61
1753283519596 3.546427006040515 62
1753283533999 3.5536126726349644 63
1753283548766 3.565240002996333 64
1753283562346 3.540560183247231 65
1753283577472 3.5390796489002025 66
1753283591138 3.5188253869550374 67
1753283604322 3.529965421209169 68
1753283616986 3.5551874512456556 69
1753283631436 3.5316468215805483 70
1753283643895 3.5354424866747083 71
1753283655713 3.5155812317255717 72
1753283670258 3.5364480027008978 73
1753283683040 3.5310753259953453 74
1753283697129 3.5456392953079154 75
1753283704937 3.505499353882093 76
1753283712902 3.477862694412282 77
1753283721115 3.4735731990485696 78
1753283729096 3.442069171111641 79
1753283736571 3.4471457076704066 80
1753283744957 3.439118474446309 81
1753283753122 3.447084673541391 82
1753283761715 3.441360851692622 83
1753283769698 3.4361685484259405 84
1753283777753 3.417657346228633 85
1753283784687 3.4383344313536135 86
1753283792123 3.4069927018221913 87
1753283799900 3.3914875477464723 88
1753283807917 3.410396588473773 89
1753283816065 3.3837734918075233 90
1753283823847 3.394000306468693 91
1753283831973 3.4003875430590367 92
1753283839903 3.406254547866967 93
1753283847986 3.4088606970457533 94
1753283856035 3.390531743503559 95
1753283863609 3.374449791728874 96
1753283870987 3.3749301333783706 97
1753283879071 3.380985126193705 98
1753283887399 3.388809761338597 99
1753283895729 3.373741607685558 100
