1752486848504 4.628740222570864 0
1752486866130 4.537196757221544 1
1752486883692 4.431651636656071 2
1752486901280 4.3085995486157165 3
1752486918721 4.195530084087639 4
1752486936419 4.062448857654188 5
1752486954084 3.9364002763318853 6
1752486971569 3.8389037162870974 7
1752486989130 3.7548441449431955 8
1752487006236 3.660132362029037 9
1752487023792 3.5941528200197057 10
1752487041081 3.5105098151425653 11
1752487058569 3.447409433086176 12
1752487076364 3.3736099231535115 13
1752487093582 3.3135273180952347 14
1752487111083 3.263815248158534 15
1752487128807 3.20958685905144 16
1752487146350 3.139735460281372 17
1752487163843 3.0842468206946916 18
1752487181335 3.0432031093719036 19
1752487198840 3.011091297291018 20
1752487216181 2.9689683142697088 21
1752487233468 2.939200346685342 22
1752487250493 2.885979378042189 23
1752487267674 2.8350137696173547 24
1752487285152 2.8046379442251212 25
1752487302558 2.7414523650816567 26
1752487320300 2.706733405011127 27
1752487337853 2.6785392919303597 28
1752487355463 2.642310205897367 29
1752487372773 2.614342361575345 30
1752487390325 2.5803298922759055 31
1752487407870 2.550004346006726 32
1752487425440 2.5249763456223584 33
1752487442963 2.493590195021416 34
1752487460476 2.4434331221556342 35
1752487478040 2.410113048028654 36
1752487495534 2.383470346207252 37
1752487513046 2.344384799875017 38
1752487530554 2.305987792530072 39
1752487548287 2.273511506868778 40
1752487565802 2.2502218697320773 41
1752487583386 2.2189541463614315 42
1752487600768 2.2040342795788437 43
1752487618048 2.193842030319108 44
1752487635259 2.15120037414788 45
1752487652538 2.121293524022189 46
1752487669959 2.09647227600972 47
1752487687174 2.0755830991736337 48
1752487704283 2.044226801752843 49
1752487721940 2.018680142515616 50
1752487739194 1.989509251434356 51
1752487756336 1.9657154729262598 52
1752487773925 1.9244661130061425 53
1752487791148 1.9156661885790527 54
1752487808728 1.9013345437124372 55
1752487826383 1.8667983204516507 56
1752487843749 1.839729738673447 57
1752487861333 1.811845315626596 58
1752487878933 1.7790224433977258 59
1752487896633 1.7619101499597467 60
1752487914045 1.7414257539989981 61
1752487931570 1.7187364054403294 62
1752487949188 1.6928566262579046 63
1752487966571 1.6777032648364234 64
1752487984088 1.6530166531069759 65
1752488001213 1.638787563927975 66
1752488018839 1.61271065851749 67
1752488036319 1.5907250786690998 68
1752488053914 1.5712456845653218 69
1752488071463 1.5543666404508356 70
1752488088828 1.5362434742431081 71
1752488106035 1.5096145018784177 72
1752488123345 1.4886011472003333 73
1752488140994 1.4635513971773655 74
1752488158565 1.4471577729690015 75
1752488176192 1.4316530013394013 76
1752488193704 1.4102940899194092 77
1752488211164 1.387376156254873 78
1752488228721 1.3716622042450801 79
1752488246246 1.349644098632239 80
1752488263796 1.3443340387862377 81
1752488281328 1.330098570154577 82
1752488298721 1.3092908429774783 83
1752488316313 1.301076666892481 84
1752488334151 1.2644687447998975 85
1752488351624 1.242137165535619 86
1752488369143 1.2211114593712311 87
1752488386811 1.2129999906944766 88
1752488404350 1.1913330279466872 89
1752488421823 1.1820494073625603 90
1752488439344 1.1664574347889505 91
1752488456659 1.1503435819759034 92
1752488474389 1.1259213719214942 93
1752488491563 1.1206136986179076 94
1752488508950 1.1072590987581912 95
1752488526369 1.081938503848112 96
1752488544186 1.0624987827897123 97
1752488561480 1.03742027476216 98
1752488578634 1.036252177103322 99
1752488596068 1.015644936038911 100
