1752938856406 0.020435288253862767 0
1752938868398 0.03272968931716232 1
1752938879630 0.0379631167968101 2
1752938890176 0.05515866422993853 3
1752938900763 0.06188735670377139 4
1752938910908 0.07052666555906296 5
1752938921715 0.08265492606745306 6
1752938932899 0.09096195381292574 7
1752938943653 0.09619538129257352 8
1752938952424 0.10774214985878053 9
1752938963688 0.11646452899152683 10
1752938975813 0.118541285927895 11
1752938986924 0.11928891842498754 12
1752938997569 0.13449077919920252 13
1752939007015 0.13515534141884034 14
1752939019193 0.14553912610068118 15
1752939030524 0.14163482306030903 16
1752939041867 0.14653596943013789 17
1752939053018 0.1537630835686991 18
1752939063605 0.1611563382621698 19
1752939075089 0.1646452899152683 20
1752939086621 0.1673866090712743 21
1752939095902 0.1642299385279947 22
1752939107644 0.17677355042365842 23
1752939118190 0.1780196045854793 24
1752939129190 0.18541285927895 25
1752939141090 0.18532978900149527 26
1752939152778 0.1816746967934873 27
1752939163147 0.19371988702442267 28
1752939174753 0.20294068782189734 29
1752939185201 0.2050174447582655 30
1752939195885 0.20260840671207841 31
1752939207571 0.20435288253862768 32
1752939217133 0.20742648280445256 33
1752939226578 0.20451902309353714 34
1752939237434 0.2153181591626516 35
1752939247429 0.21772719720883868 36
1752939257212 0.22379132746303373 37
1752939268498 0.2249543113473999 38
1752939280144 0.22271141385612228 39
1752939290802 0.23292905798305366 40
1752939300650 0.22960624688486458 41
1752939312313 0.2308523010466855 42
1752939323224 0.23151686326632331 43
1752939332778 0.2348396743645124 44
1752939344014 0.23699950157833527 45
1752939352794 0.23567037713905964 46
1752939363607 0.24256521016780197 47
1752939373747 0.24630337265326466 48
1752939383550 0.24904469180927064 49
1752939394329 0.24588802126599102 50
