1752938856407 4.59981782457823 0
1752938868399 4.539269775046193 1
1752938879631 4.46376219140508 2
1752938890177 4.388222218981645 3
1752938900764 4.315609398933852 4
1752938910909 4.241637906486406 5
1752938921716 4.174710246578224 6
1752938932900 4.1122882691704845 7
1752938943654 4.0538237845955045 8
1752938952425 3.997249845082502 9
1752938963689 3.945064714798545 10
1752938975814 3.8990987974571167 11
1752938986925 3.858938581051999 12
1752938997570 3.8113371468059287 13
1752939007016 3.7702446459326993 14
1752939019194 3.723885333046651 15
1752939030525 3.692965180311624 16
1752939041868 3.6679279714429893 17
1752939053019 3.6321775609665172 18
1752939063606 3.596848262830568 19
1752939075090 3.5836191653806213 20
1752939086622 3.546617026482698 21
1752939095903 3.528769769611706 22
1752939107645 3.4977580692184898 23
1752939118191 3.471141994436008 24
1752939129191 3.4381881931706637 25
1752939141091 3.418137143298806 26
1752939152779 3.406958335374883 27
1752939163148 3.3773008384797385 28
1752939174754 3.3487424483407016 29
1752939185202 3.332691960490431 30
1752939195886 3.3179098165641396 31
1752939207572 3.300371105612559 32
1752939217134 3.2835163338884295 33
1752939226579 3.2725451706867132 34
1752939237435 3.2415129753879284 35
1752939247430 3.2334844430487233 36
1752939257213 3.2080976718712813 37
1752939268499 3.1970866368664534 38
1752939280145 3.177723682507932 39
1752939290803 3.1497339013730863 40
1752939300651 3.139544577048797 41
1752939312314 3.1418811967493125 42
1752939323225 3.1206524856895252 43
1752939332779 3.108521548555246 44
1752939344015 3.092700584659668 45
1752939352795 3.0913244679174205 46
1752939363608 3.0728507951653437 47
1752939373748 3.0537695631394204 48
1752939383551 3.0360688687643016 49
1752939394330 3.0347760898794034 50
