1753415621967 0.03414188403389267 0
1753415645864 0.09195879714238246 1
1753415688984 0.11405549094533976 2
1753415717285 0.14487456388104336 3
1753415740364 0.1661405549094534 4
1753415763247 0.18674198371822562 5
1753415785660 0.2084233261339093 6
1753415812128 0.22320983552085064 7
1753415834471 0.23218142548596113 8
1753415857538 0.24406047516198703 9
1753415880865 0.2508722379132746 10
1753415902982 0.2530320651270975 11
1753415930570 0.2586808439940189 12
1753415954186 0.2694799800631334 13
1753415980984 0.2728858614387772 14
1753416009257 0.2821897325137066 15
1753416031550 0.2843495597275295 16
1753416055396 0.28675859777371654 17
1753416080942 0.29149360358863596 18
1753416103291 0.29448413357700615 19
1753416127844 0.2953148363515534 20
1753416152468 0.29573018773882703 21
1753416178168 0.29606246884864595 22
1753416201962 0.302126599102841 23
1753416225601 0.29847150689483304 24
1753416248977 0.30403721548429974 25
1753416271672 0.30162817743811265 26
1753416298013 0.3046187074264828 27
1753416330976 0.3076923076923077 28
1753416354136 0.3116796810101346 29
1753416380295 0.3065293238079415 30
1753416404641 0.3073600265824888 31
1753416427336 0.3092706429639475 32
1753416450830 0.30943678351885695 33
1753416482802 0.3077753779697624 34
1753416505262 0.31566705432796144 35
1753416528320 0.3120950323974082 36
1753416552649 0.31525170294068783 37
1753416575548 0.31566705432796144 38
1753416601160 0.31383950822395745 39
1753416625120 0.31982056820069776 40
1753416648161 0.32139890347233757 41
1753416679294 0.3163316165475993 42
1753416701776 0.31824223292905796 43
1753416723805 0.31882372487124105 44
1753416751330 0.3179099518192391 45
1753416775324 0.3164977571025087 46
1753416797646 0.32081741153015453 47
1753416820290 0.3211496926399734 48
1753416842378 0.3216481143047018 49
1753416866197 0.32056820069779035 50
1753416892840 0.3230603090214321 51
1753416917789 0.3209004818076092 52
1753416940806 0.32438943346070775 53
1753416972778 0.32397408207343414 54
1753417003154 0.3236418009636152 55
1753417025263 0.3227280279116132 56
1753417049272 0.3263831201196212 57
1753417072465 0.32214653596943016 58
1753417098756 0.3236418009636152 59
1753417127066 0.3286260176108988 60
1753417149070 0.321897325137066 61
1753417171805 0.3257185578999834 62
1753417194355 0.3245555740156172 63
1753417216700 0.32779531483635155 64
1753417245240 0.3298720717727197 65
1753417274649 0.3284598770559894 66
1753417297872 0.32779531483635155 67
1753417320839 0.32713075261671376 68
1753417344103 0.3263000498421665 69
1753417368416 0.32904136899817243 70
1753417390795 0.3286260176108988 71
1753417413340 0.3292075095530819 72
1753417437058 0.3278783851138063 73
1753417461935 0.3304535637149028 74
1753417484363 0.3298720717727197 75
1753417506919 0.3267154012294401 76
1753417529801 0.32779531483635155 77
1753417552581 0.33153347732181426 78
1753417578787 0.3314504070443595 79
1753417601329 0.32904136899817243 80
1753417625125 0.3302874231599934 81
1753417648380 0.3301212826050839 82
1753417671190 0.33377637481309186 83
1753417694434 0.33053663399235755 84
1753417718383 0.3335271639807277 85
1753417740845 0.33402558564545604 86
1753417764610 0.330702774547267 87
1753417787567 0.33394251536800135 88
1753417810107 0.3345240073101844 89
1753417832800 0.3328626017610899 90
1753417859476 0.3344409370327297 91
1753417887243 0.33618541285927894 92
1753417910127 0.3332779531483635 93
1753417932055 0.33552085063964115 94
1753417960574 0.33635155341418843 95
1753417984729 0.3326964612061804 96
1753418007354 0.3375145372985546 97
1753418041268 0.3356869911945506 98
1753418064819 0.3348562884200033 99
1753418088449 0.33219803954145205 100
