1753415621968 4.492689911529443 0
1753415645865 4.249263731648568 1
1753415688985 4.020014268954346 2
1753415717286 3.823198943189009 3
1753415740365 3.67076057652146 4
1753415763248 3.546152895578008 5
1753415785661 3.4696228427227433 6
1753415812129 3.3891427686185014 7
1753415834472 3.34396036297588 8
1753415857539 3.2950575209407282 9
1753415880866 3.251631492331428 10
1753415902983 3.2458136223005587 11
1753415930571 3.223128909183162 12
1753415954187 3.1776192501938776 13
1753415980985 3.1685353771466347 14
1753416009259 3.167782746391033 15
1753416031551 3.1713661649943545 16
1753416055397 3.1814617529015683 17
1753416080943 3.1726835274963254 18
1753416103292 3.1139047281852847 19
1753416127845 3.1628616311031794 20
1753416152469 3.1521913785519375 21
1753416178169 3.170021564747455 22
1753416201963 3.1553970507359153 23
1753416225602 3.162002539957111 24
1753416248978 3.1065211041243312 25
1753416271674 3.1508784357300113 26
1753416298014 3.1570930397736277 27
1753416330977 3.1286486253051935 28
1753416354137 3.1045741024695075 29
1753416380296 3.127909391432483 30
1753416404642 3.1164187700909585 31
1753416427337 3.1112715799106567 32
1753416450831 3.123045215171534 33
1753416482803 3.1475168750902975 34
1753416505263 3.0827075728944315 35
1753416528321 3.1167107971892194 36
1753416552650 3.08521516459286 37
1753416575549 3.098387586971311 38
1753416601161 3.1168042828402376 39
1753416625121 3.0823764350092993 40
1753416648162 3.0959201370336493 41
1753416679295 3.1218301165014113 42
1753416701777 3.1102864180437613 43
1753416723806 3.1052767972045423 44
1753416751331 3.1035293728880213 45
1753416775325 3.121695951809068 46
1753416797647 3.101191761145584 47
1753416820291 3.08671342804607 48
1753416842379 3.0652721681590984 49
1753416866198 3.0789309962788844 50
1753416892841 3.0711776606487566 51
1753416917790 3.083785209624706 52
1753416940807 3.073515070595672 53
1753416972779 3.0580801761101717 54
1753417003155 3.0521093204252687 55
1753417025264 3.0427633320831258 56
1753417049273 3.0649241580327553 57
1753417072466 3.0548488567188636 58
1753417098757 3.0690973643123867 59
1753417127067 3.0326031010678234 60
1753417149071 3.0301491002310366 61
1753417171806 3.0002954985792853 62
1753417194356 3.0146348691493006 63
1753417216701 3.0236837270681916 64
1753417245241 3.0032628350494597 65
1753417274650 3.032315968534866 66
1753417297873 3.015740823877621 67
1753417320840 3.035149070209578 68
1753417344105 3.019054412595471 69
1753417368417 2.999803434935018 70
1753417390796 3.014001601886415 71
1753417413341 2.9638737762172642 72
1753417437059 2.994114185519537 73
1753417461937 2.9815255101831744 74
1753417484364 3.016002194396645 75
1753417506920 2.974646205974688 76
1753417529802 2.96720438639061 77
1753417552582 2.966273249481844 78
1753417578788 2.965294556387843 79
1753417601330 2.9881607379111865 80
1753417625126 2.962744568785032 81
1753417648381 2.9912186855799883 82
1753417671191 2.9780236977127386 83
1753417694435 2.9671415239385444 84
1753417718384 2.9694074810355695 85
1753417740846 2.9699124103218324 86
1753417764611 2.931563589872364 87
1753417787568 2.9451490403231926 88
1753417810108 2.977735889350228 89
1753417832801 2.9276119507888194 90
1753417859477 2.9487896566954483 91
1753417887244 2.9390640288254635 92
1753417910128 2.9371772761885206 93
1753417932056 2.902991462558926 94
1753417960575 2.9180609987345942 95
1753417984730 2.947040345288266 96
1753418007356 2.905326493248128 97
1753418041269 2.9095198053895466 98
1753418064820 2.938182936375249 99
1753418088450 2.9208941113567795 100
