1753707062123 0.03788004651935537 0
1753707091433 0.06263498920086392 1
1753707136634 0.07642465525834856 2
1753707168896 0.0905466024256521 3
1753707208224 0.10882206346569198 4
1753707246682 0.13482306030902144 5
1753707275493 0.156836683834524 6
1753707301574 0.1664728360192723 7
1753707339725 0.17901644791493604 8
1753707369014 0.18773882704768233 9
1753707395555 0.2100016614055491 10
1753707434216 0.20543279614553914 11
1753707461807 0.20925402890845654 12
1753707504392 0.22487124106994516 13
1753707545991 0.23068616049177604 14
1753707575478 0.2358365176939691 15
1753707619539 0.2399069612892507 16
1753707648831 0.2508722379132746 17
1753707686430 0.2545273301212826 18
1753707713690 0.2595115467685662 19
1753707751900 0.2664063797973085 20
1753707795618 0.2697291908954976 21
1753707836627 0.2706429639474996 22
1753707869230 0.27811928891842497 23
1753707913110 0.27114138561222795 24
1753707939550 0.276291742814421 25
1753707965798 0.27587639142714737 26
1753708005386 0.2782023591958797 27
1753708032345 0.2819405216813424 28
1753708058352 0.2793653430802459 29
1753708097032 0.28144210001661407 30
1753708139547 0.28675859777371654 31
1753708182664 0.28385113806280116 32
1753708209373 0.2903306197042698 33
1753708252749 0.28991526831699616 34
1753708294951 0.2914105333111813 35
1753708339398 0.29224123608572855 36
1753708382246 0.29689317162319323 37
1753708420728 0.2934042199700947 38
1753708455243 0.29830536633992355 39
1753708481239 0.29921913939192557 40
1753708510313 0.29423492274464197 41
1753708535946 0.29705931217810266 42
1753708561707 0.29789001495264994 43
1753708587559 0.2987207177271972 44
1753708631056 0.29921913939192557 45
1753708657172 0.29789001495264994 46
1753708683496 0.30378800465193556 47
1753708724408 0.29888685828210665 48
1753708750255 0.29830536633992355 49
1753708780079 0.2995514205017445 50
1753708808481 0.29730852301046684 51
1753708845636 0.30220966938029575 52
1753708878808 0.30229273965775044 53
1753708912651 0.29789001495264994 54
1753708953998 0.2997175610566539 55
1753708988302 0.3061139724206679 56
1753709028556 0.30320651270975246 57
1753709054105 0.3015451071606579 58
1753709080928 0.3059478318657584 59
1753709109203 0.3080245888021266 60
1753709148942 0.305781691310849 61
1753709183718 0.30536633992357537 62
1753709210043 0.30902143213158334 63
1753709244089 0.31068283768067784 64
1753709286558 0.3096029240737664 65
1753709313316 0.305781691310849 66
1753709339419 0.30719388602757935 67
1753709368646 0.30669546436285094 68
1753709404784 0.30162817743811265 69
1753709447217 0.3036218640970261 70
1753709488224 0.3080245888021266 71
1753709530057 0.30727695630503404 72
1753709573066 0.3091875726864928 73
1753709606087 0.31059976740322315 74
1753709632480 0.31059976740322315 75
1753709672045 0.3105166971257684 76
1753709713387 0.30885529157667385 77
1753709743058 0.3058647615883037 78
1753709776583 0.3086891510217644 79
1753709802331 0.30877222129921916 80
1753709841899 0.30744309685994353 81
1753709869396 0.3069446751952152 82
1753709911513 0.30486791825884696 83
1753709955370 0.3096859943512211 84
1753709993389 0.3081076590795813 85
1753710022535 0.30910450240903803 86
1753710065899 0.30910450240903803 87
1753710092492 0.3071108157501246 88
1753710123118 0.31059976740322315 89
1753710151125 0.30744309685994353 90
1753710188875 0.3116796810101346 91
1753710215162 0.30785844824721714 92
1753710244396 0.30827379963449075 93
1753710287836 0.3071108157501246 94
1753710319276 0.31159661073267986 95
1753710355537 0.3077753779697624 96
1753710393864 0.3052832696461206 97
1753710432249 0.3089383618541286 98
1753710458356 0.30320651270975246 99
1753710500161 0.3120950323974082 100
