1753707062124 4.574207476877124 0
1753707091434 4.458881554031851 1
1753707136635 4.356879164444699 2
1753707168898 4.304802271655774 3
1753707208226 4.2270910553314565 4
1753707246683 4.1775055411321445 5
1753707275494 4.162710321800159 6
1753707301575 4.128798629928768 7
1753707339726 4.1748598269973245 8
1753707369015 4.1633716550899065 9
1753707395556 4.149027391828536 10
1753707434218 4.194526213224175 11
1753707461808 4.250800799378093 12
1753707504393 4.223379899353431 13
1753707545992 4.247626662241862 14
1753707575479 4.248108964431333 15
1753707619540 4.274554716609067 16
1753707648832 4.298457147929678 17
1753707686431 4.348793218932308 18
1753707713692 4.297660010314731 19
1753707751902 4.357721936175154 20
1753707795619 4.398162173187166 21
1753707836628 4.402476527983236 22
1753707869231 4.421183800442893 23
1753707913112 4.4512456486316925 24
1753707939552 4.4397240489453145 25
1753707965800 4.4916805574761245 26
1753708005387 4.4967465072676935 27
1753708032346 4.5312264531719855 28
1753708058354 4.542758860955256 29
1753708097033 4.5595678028875275 30
1753708139548 4.535477166913947 31
1753708182665 4.565231981605984 32
1753708209374 4.5893294074204105 33
1753708252751 4.626166037377964 34
1753708294952 4.639017295743237 35
1753708339399 4.6490093129066326 36
1753708382247 4.635264366553353 37
1753708420730 4.681841726254085 38
1753708455244 4.674891917282479 39
1753708481240 4.677014588174722 40
1753708510314 4.72709704891898 41
1753708535947 4.725110377367257 42
1753708561708 4.767004210225182 43
1753708587560 4.731194747042446 44
1753708631057 4.76458246482107 45
1753708657173 4.771737934225247 46
1753708683498 4.793378149391742 47
1753708724409 4.838351537228927 48
1753708750256 4.790132993517697 49
1753708780080 4.789601936091387 50
1753708808483 4.832965496092642 51
1753708845637 4.8688817581675945 52
1753708878810 4.884336353651673 53
1753708912652 4.883872066414189 54
1753708953999 4.872712794626625 55
1753708988304 4.856169229828182 56
1753709028557 4.852183180203071 57
1753709054107 4.86753929359166 58
1753709080929 4.856119219822523 59
1753709109204 4.87853901353272 60
1753709148943 4.890486594139095 61
1753709183719 4.910971263829298 62
1753709210044 4.92027133624657 63
1753709244091 4.914101974039703 64
1753709286560 4.918265521641705 65
1753709313317 4.919009010293265 66
1753709339420 4.947106668520208 67
1753709368648 4.967152279854869 68
1753709404785 4.952327452489311 69
1753709447218 4.941456538734388 70
1753709488225 4.969176624204904 71
1753709530058 4.972245768881862 72
1753709573067 4.92910265237199 73
1753709606089 4.990982282037614 74
1753709632481 5.010772856475045 75
1753709672046 5.021381382844667 76
1753709713389 4.994275341874063 77
1753709743059 5.0183209098328305 78
1753709776584 5.024447775895462 79
1753709802332 5.012515909263568 80
1753709841900 5.019673968983148 81
1753709869397 5.022986722992763 82
1753709911514 5.037481616168347 83
1753709955372 5.005590009032046 84
1753709993390 5.05305581689068 85
1753710022536 5.0751085884325 86
1753710065900 5.056840042856279 87
1753710092493 5.092753076455438 88
1753710123119 5.084060929841915 89
1753710151126 5.106354053640283 90
1753710188876 5.033955960826635 91
1753710215163 5.067434182106438 92
1753710244397 5.080246010658431 93
1753710287837 5.098827551881198 94
1753710319277 5.072809153344996 95
1753710355538 5.116366438915301 96
1753710393865 5.107938217977851 97
1753710432251 5.121404992854977 98
1753710458358 5.1193385893429495 99
1753710500162 5.117104668018209 100
