1754084298288 0.021099850473500582 0
1754084335417 0.056986210333942515 1
1754084366009 0.07625851470343911 2
1754084403881 0.0905466024256521 3
1754084441321 0.10508390098022928 4
1754084480532 0.12045190230935371 5
1754084519550 0.1278451570028244 6
1754084556677 0.14994185080578168 7
1754084592908 0.15542448911779366 8
1754084628357 0.1723708257185579 9
1754084667765 0.1714570526665559 10
1754084705538 0.19172620036550922 11
1754084743639 0.18640970260840672 12
1754084780707 0.208506396411364 13
1754084818434 0.20917095863100182 14
1754084857381 0.2193886027579332 15
1754084896040 0.22354211663066956 16
1754084934538 0.23542116630669546 17
1754084974117 0.23159993354377803 18
1754085012880 0.24505731849144377 19
1754085051159 0.24372819405216814 20
1754085087498 0.2588469845489284 21
1754085126329 0.2505399568034557 22
1754085166509 0.26732015284931054 23
1754085202839 0.26092374148529657 24
1754085242043 0.2737996344907792 25
1754085282009 0.26648945007476327 26
1754085321059 0.2843495597275295 27
1754085358879 0.2768732347566041 28
1754085398393 0.29132746303372653 29
1754085437197 0.2826050839009802 30
1754085476969 0.2991360691144708 31
1754085512021 0.29174281442100014 32
1754085550873 0.300299052998837 33
1754085590644 0.2985545771722878 34
1754085628805 0.2985545771722878 35
1754085669628 0.30245888021265993 36
1754085708727 0.30204352882538626 37
1754085744181 0.3119288918424988 38
1754085782857 0.31126432962286094 39
1754085821306 0.31599933543778036 40
1754085859388 0.3210666223625187 41
1754085896474 0.3167469679348729 42
1754085937314 0.32497092540289085 43
1754085973569 0.3207343412526998 44
1754086011800 0.3292075095530819 45
1754086048362 0.321897325137066 46
1754086086050 0.33552085063964115 47
1754086125647 0.32779531483635155 48
1754086162479 0.33577006147200533 49
1754086201584 0.3324472503738162 50
1754086239738 0.33801295896328293 51
1754086277897 0.3396743645123775 52
1754086316524 0.3410865592291078 53
1754086353968 0.3391759428476491 54
1754086390973 0.34357866755274963 55
1754086427556 0.34075427811928893 56
1754086466683 0.34432630004984216 57
1754086505788 0.34374480810765906 58
1754086542708 0.3472337597607576 59
1754086579508 0.3459877055989367 60
1754086615905 0.3526333277953148 61
1754086654280 0.3432463864429307 62
1754086691635 0.35296560890513373 63
1754086727544 0.3534640305698621 64
1754086765707 0.35512543611895664 65
1754086803069 0.3584482472171457 66
1754086840293 0.353796311679681 67
1754086876136 0.358365176939691 68
1754086913381 0.351968765575677 69
1754086950656 0.3587805283269646 70
1754086989863 0.3536301711247716 71
1754087027873 0.3497258680843994 72
1754087065856 0.3586143877720552 73
1754087101860 0.35853131749460043 74
1754087138033 0.3596112311015119 75
1754087175901 0.3596112311015119 76
1754087211349 0.3630171124771557 77
1754087250003 0.35628842000332284 78
1754087287646 0.3625186908124273 79
1754087325501 0.36384781525170296 80
1754087362703 0.3641800963615218 81
1754087400225 0.36409702608406713 82
1754087436962 0.36110649609569695 83
1754087476989 0.3630171124771557 84
1754087512844 0.36509386941352384 85
1754087550538 0.36667220468516365 86
1754087587062 0.36467851802625023 87
1754087625789 0.365343080245888 88
1754087663599 0.3621864097026084 89
1754087698632 0.356537630835687 90
1754087737498 0.35529157667386607 91
1754087774869 0.35512543611895664 92
1754087812434 0.355623857783685 93
1754087849578 0.35396245223459044 94
1754087886689 0.3533809602924074 95
1754087923490 0.36210333942515366 96
1754087958266 0.36102342581824226 97
1754087997353 0.3659245721880711 98
1754088035697 0.3719887024422662 99
1754088074057 0.36326632330951986 100
