1749150692790 2.5490658077406643 0
1749150755316 2.719053625291608 1
1749150817342 2.819609656615366 2
1749150877345 2.8207357928795047 3
1749150934978 2.778073452989395 4
1749150993654 2.7424112461618986 5
1749151053843 2.6693655801568363 6
1749151111942 2.7325113896571103 7
1749151168543 2.7020246549928433 8
1749151228026 2.7496678972597173 9
1749151288117 2.6795229035200228 10
1749151345831 2.6015572917140015 11
1749151404935 2.622480572304379 12
1749151459597 2.603207706934913 13
1749151524779 2.524978070506684 14
1749151586608 2.540541977695642 15
1749151644042 2.5118935114075858 16
1749151701557 2.495717102427764 17
1749151759229 2.438353253912137 18
1749151818028 2.4311883896222817 19
1749151880210 2.3769486426510595 20
1749151940866 2.3625001458965493 21
1749152001432 2.4152447113658453 22
1749152059764 2.4185550124079582 23
1749152120447 2.355299080285521 24
1749152175729 2.409145560004773 25
1749152234064 2.3006559766576293 26
1749152296213 2.230879299817995 27
1749152356917 2.246023964967082 28
1749152414966 2.298503651936355 29
1749152475456 2.2595357273461443 30
1749152535631 2.211916786599041 31
1749152596510 2.1785194306361206 32
1749152654482 2.190311582748046 33
1749152712541 2.200111481585938 34
1749152774191 2.285118578115166 35
1749152834584 2.2535547273495675 36
1749152896999 2.2375185516675904 37
1749152954929 2.253622878060242 38
1749153011902 2.2789935432151487 39
1749153074159 2.198014215280006 40
1749153130886 2.19044089508435 41
1749153194211 2.2167928736644975 42
1749153254475 2.224760755927683 43
1749153311380 2.191706388237349 44
1749153370019 2.158722241179782 45
1749153427797 2.15259868844574 46
1749153486522 2.1746069062177082 47
1749153548326 2.1583629156145263 48
1749153606971 2.212966988951937 49
1749153664330 2.2430707384627753 50
