1752614319226 0.025460275335876595 0
1752614348142 0.054901310333388624 1
1752614377620 0.07803947586664454 2
1752614406378 0.10789517332891027 3
1752614434797 0.1334383811577376 4
1752614463482 0.14372201028362913 5
1752614492412 0.15790346657820534 6
1752614521573 0.16860175816885056 7
1752614549992 0.17963177973129874 8
1752614578130 0.19497429092718527 9
1752614606749 0.20268701277160392 10
1752614635053 0.20799469232045115 11
1752614663710 0.21620500912257423 12
1752614692844 0.22350306850223917 13
1752614721531 0.22897661303698788 14
1752614750040 0.23187925029026374 15
1752614779378 0.2344501575717366 16
1752614808489 0.2439873942610715 17
1752614836991 0.2512025211477857 18
1752614865595 0.2585005805274507 19
1752614894804 0.25626140321778074 20
1752614925850 0.26355946259744567 21
1752614955016 0.2656327749212141 22
1752614982854 0.26803781721678555 23
1752615011432 0.27351136175153423 24
1752615040630 0.275170011610549 25
1752615070285 0.2794825012439874 26
1752615099513 0.28022889368054404 27
1752615128203 0.2852048432575883 28
1752615157117 0.2853707082434898 29
1752615185546 0.2903466578205341 30
1752615214211 0.2907613202852878 31
1752615242653 0.29548847238347986 32
1752615271299 0.2946591474539725 33
1752615300049 0.29615193232708575 34
1752615328887 0.2980593796649527 35
1752615357582 0.299552164538066 36
1752615386351 0.30079615193232706 37
1752615414872 0.30394758666445515 38
1752615444207 0.30502570907281473 39
1752615472157 0.30436224912920884 40
1752615500779 0.30917233372035163 41
1752615529732 0.3075136838613369 42
1752615558000 0.3097528611710068 43
1752615586521 0.30942113119920384 44
1752615614841 0.31257256593133187 45
1752615643103 0.3112456460441201 46
1752615671903 0.3109139160723171 47
1752615700110 0.31630452811411514 48
1752615729078 0.31547520318460776 49
1752615757661 0.3173826505224747 50
1752615786504 0.31663625808591805 51
1752615815191 0.3182949079449328 52
1752615843980 0.32003649029689835 53
1752615873102 0.31729971802952395 54
1752615902230 0.3208658152264057 55
1752615931272 0.3231879250290264 56
1752615960130 0.3232708575219771 57
1752615989519 0.3234367225078786 58
1752616018743 0.3241001824514845 59
1752616048079 0.3260905622823022 60
1752616078535 0.3255929673245978 61
1752616107231 0.3243489799303367 62
1752616135479 0.32791507712721846 63
1752616164402 0.3256758998175485 64
1752616192672 0.327417482169514 65
1752616221065 0.32426604743738596 66
1752616250071 0.32841267208492286 67
1752616279997 0.330900646873445 68
1752616309868 0.3311494443522972 69
1752616338676 0.33712058384475035 70
1752616367505 0.33380328412672083 71
1752616396014 0.33330568916901643 72
1752616425521 0.33322275667606566 73
1752616454515 0.33595952894344006 74
1752616483307 0.33297395919721345 75
1752616512489 0.33770111129540553 76
1752616541233 0.33703765135179964 77
1752616569681 0.336291258915243 78
1752616598368 0.33712058384475035 79
1752616626968 0.3421794659147454 80
1752616656258 0.3384475037319622 81
1752616685575 0.33969149112622327 82
1752616715863 0.3391109636755681 83
1752616744327 0.3380328412672085 84
1752616773770 0.34184773594294243 85
1752616802467 0.33985735611212475 86
1752616831826 0.34184773594294243 87
1752616860256 0.3386963012108144 88
1752616888833 0.33985735611212475 89
1752616917430 0.3424282633935976 90
1752616945517 0.34450157571736606 91
1752616973682 0.34408691325261237 92
1752617002755 0.3423453309006469 93
1752617030849 0.34557969812572564 94
1752617059737 0.34475037319621826 95
1752617088556 0.3437551832808094 96
1752617117626 0.34441864322441534 97
1752617146781 0.34184773594294243 98
1752617175095 0.34541383313982416 99
1752617204599 0.34574556311162713 100
