1752614319227 4.541136610422923 0
1752614348143 4.367687057758448 1
1752614377620 4.1947715592094195 2
1752614406379 4.017038587007111 3
1752614434798 3.8525922240402535 4
1752614463483 3.7311620774811374 5
1752614492413 3.609594359112246 6
1752614521573 3.5095105386185534 7
1752614549993 3.4260395436641105 8
1752614578131 3.3426570925225345 9
1752614606750 3.2524013850201694 10
1752614635054 3.1957324125213478 11
1752614663711 3.1472328204444313 12
1752614692845 3.0917520504812206 13
1752614721532 3.048740459105021 14
1752614750040 3.005228287711946 15
1752614779379 2.9822966525447603 16
1752614808490 2.9316742552637405 17
1752614836992 2.8922012013844767 18
1752614865595 2.8596963142953498 19
1752614894805 2.853991090438469 20
1752614925851 2.814970767171604 21
1752614955017 2.8003240955061037 22
1752614982854 2.7815956227603302 23
1752615011432 2.760705276892258 24
1752615040631 2.7552664049948357 25
1752615070286 2.728219504816363 26
1752615099514 2.722152678270176 27
1752615128204 2.701331299834776 28
1752615157118 2.687410297492098 29
1752615185547 2.667975844072035 30
1752615214212 2.665404909937961 31
1752615242654 2.6494793093259528 32
1752615271299 2.6403804407292837 33
1752615300050 2.6381123448795147 34
1752615328888 2.616148317643088 35
1752615357583 2.605883957637592 36
1752615386352 2.6073300604228957 37
1752615414873 2.5811398605363887 38
1752615444208 2.569984856306681 39
1752615472158 2.5651610175126547 40
1752615500780 2.563864205540652 41
1752615529733 2.5524426597915824 42
1752615558001 2.5495730948658286 43
1752615586522 2.541386131017437 44
1752615614842 2.5274846316496964 45
1752615643104 2.5337138977237874 46
1752615671904 2.5183369901017185 47
1752615700111 2.505876222910673 48
1752615729079 2.503491579823468 49
1752615757662 2.4865481976671373 50
1752615786505 2.4913186023822362 51
1752615815192 2.479593685937188 52
1752615843981 2.4709002829703572 53
1752615873103 2.466629765096128 54
1752615902231 2.463825560158859 55
1752615931273 2.451268083137271 56
1752615960131 2.4515974109807135 57
1752615989520 2.4475822454420797 58
1752616018744 2.442524954776678 59
1752616048080 2.448484588625473 60
1752616078535 2.4426385666072945 61
1752616107232 2.432249748029606 62
1752616135480 2.4121079738124847 63
1752616164403 2.413096764860061 64
1752616192673 2.413679853406865 65
1752616221066 2.417621367702052 66
1752616250072 2.403349811949877 67
1752616279997 2.3952205192314895 68
1752616309869 2.39786689227937 69
1752616338677 2.3840025959022895 70
1752616367506 2.3763852464179758 71
1752616396015 2.3769350414654062 72
1752616425521 2.378560610987837 73
1752616454516 2.3636228469768295 74
1752616483308 2.36497626064382 75
1752616512490 2.3525733422774056 76
1752616541234 2.35184392847349 77
1752616569682 2.350418628565889 78
1752616598369 2.3470245864909836 79
1752616626969 2.3319258790023927 80
1752616656259 2.335726718972873 81
1752616685576 2.3263313214767893 82
1752616715864 2.324192775900355 83
1752616744327 2.3235240980226153 84
1752616773771 2.316683448025698 85
1752616802468 2.3185814425468045 86
1752616831827 2.3098961768521016 87
1752616860257 2.305396049564444 88
1752616888834 2.3030157691126503 89
1752616917431 2.3023553138463577 90
1752616945518 2.292571307926357 91
1752616973683 2.295772332630886 92
1752617002756 2.2810681831909236 93
1752617030850 2.283426437772376 94
1752617059737 2.2790133105579216 95
1752617088557 2.2741709555390996 96
1752617117627 2.274424650888082 97
1752617146782 2.2757901227648047 98
1752617175095 2.2652633238085116 99
1752617204600 2.259590085244109 100
