1753917758927 0.015949493271307527 0
1753917800539 0.024754942681508556 1
1753917859695 0.04111978734008972 2
1753917923323 0.043861106496095696 3
1753917989034 0.0588137564379465 4
1753918056109 0.053663399235753445 5
1753918126198 0.06180428642631666 6
1753918191237 0.06869911945505898 7
1753918260740 0.07318491443761423 8
1753918324127 0.07775377969762419 9
1753918386019 0.08498089383618541 10
1753918447250 0.08921747798637647 11
1753918508815 0.0880544941020103 12
1753918570866 0.10466854959295564 13
1753918633724 0.1014288087722213 14
