1753917758928 4.595868966100006 0
1753917800540 4.563836085694084 1
1753917859696 4.536058956345995 2
1753917923324 4.517570640632213 3
1753917989035 4.4328290043228415 4
1753918056111 4.387458690616171 5
1753918126199 4.374761976964256 6
1753918191238 4.344075694221861 7
1753918260741 4.324454590450597 8
1753918324128 4.30101743937287 9
1753918386020 4.274830734637472 10
1753918447252 4.241947116151368 11
1753918508816 4.221886187947727 12
1753918570867 4.231496422004939 13
1753918633725 4.194711917886975 14
