1753488280390 4.573755371418426 0
1753488294138 4.510352879818774 1
1753488322921 4.433941528771706 2
1753488337886 4.359306254180362 3
1753488364543 4.321000112402661 4
1753488398154 4.251662691384336 5
1753488420958 4.198487307591827 6
1753488438124 4.18228054869796 7
1753488451999 4.159287363895689 8
1753488467206 4.12096683009695 9
1753488500325 4.139894105757498 10
1753488518369 4.1233780297631375 11
1753488533440 4.133510017911369 12
1753488560798 4.087233026809936 13
1753488577577 4.091102683150037 14
1753488593141 4.111496207603826 15
1753488623617 4.111435437107665 16
1753488648806 4.149302448007097 17
1753488672058 4.1381849717909285 18
1753488690638 4.136308424628462 19
1753488710687 4.1964105881265725 20
1753488726259 4.181068499072323 21
1753488740753 4.188435936502942 22
1753488754673 4.199544352663439 23
1753488770418 4.220891884890379 24
1753488798392 4.184517594324443 25
1753488828176 4.244911468055214 26
1753488843916 4.2907583741531585 27
1753488867057 4.297810257678502 28
1753488882299 4.285789163092934 29
1753488910903 4.292445163568161 30
1753488925158 4.30847011355332 31
1753488941030 4.351735153303507 32
1753488960328 4.3835979080906124 33
1753488975570 4.424028542655909 34
1753488999634 4.379524165615174 35
1753489015842 4.396942923796878 36
1753489050377 4.362507475534975 37
1753489068876 4.370183473539841 38
1753489083053 4.42224795161917 39
1753489097169 4.400090864011997 40
1753489119010 4.44572358790315 41
1753489152049 4.472063851178154 42
1753489165733 4.450420577653558 43
1753489182649 4.47063090796749 44
1753489214704 4.4614197567283025 45
1753489236438 4.487073036417798 46
1753489268134 4.518432787476685 47
1753489290543 4.4521493162849906 48
1753489305681 4.465944612679758 49
1753489322959 4.50689922447458 50
1753489337372 4.498895155523556 51
1753489351233 4.538634451700569 52
1753489375662 4.549012090451899 53
1753489391649 4.5358417332796 54
1753489425668 4.546496966349004 55
1753489454392 4.552552353596184 56
1753489470500 4.545476268838953 57
1753489484452 4.57019470031228 58
1753489503882 4.557855749509404 59
1753489519771 4.539623573615751 60
1753489547465 4.554188750327245 61
1753489576825 4.565010376887282 62
1753489595703 4.598247660905104 63
1753489625122 4.622708612398563 64
1753489652066 4.593619562777472 65
1753489683182 4.606308817277271 66
1753489708621 4.588519936268064 67
1753489735764 4.589350112195692 68
1753489765156 4.629104654711393 69
1753489781155 4.627377997328482 70
1753489796652 4.655352379393193 71
1753489823435 4.583068935909538 72
1753489857411 4.640277834554975 73
1753489872992 4.6406889868832755 74
1753489904012 4.6634039631770925 75
1753489918468 4.639756385387424 76
1753489947330 4.663529245205868 77
1753489975450 4.649260407263426 78
1753489989592 4.631762185950338 79
1753490020134 4.65158408059563 80
1753490034802 4.669235561764073 81
1753490065719 4.691668394835306 82
1753490079795 4.6814296136910905 83
1753490095812 4.709911141585895 84
1753490122502 4.6983985155664945 85
1753490137788 4.70214017075733 86
1753490167360 4.693471226193436 87
1753490184955 4.65984736890268 88
1753490198737 4.731319777647255 89
1753490217433 4.673269678915138 90
1753490244177 4.696614173144495 91
1753490258272 4.698672821752682 92
1753490272900 4.691252070163977 93
1753490291016 4.695022010942288 94
1753490305225 4.714884677643456 95
1753490322861 4.7068174544127075 96
1753490349898 4.692608363940442 97
1753490367962 4.736866861556858 98
1753490392989 4.736599148997304 99
1753490422502 4.737609424269157 100
