1749136232609 0.017943179930220966 0
1749136240835 0.02184748297059312 1
1749136249062 0.030569862103339424 2
1749136257429 0.036384781525170294 3
1749136265733 0.04120285761754444 4
1749136273970 0.047516198704103674 5
1749136282173 0.054909453397574345 6
1749136290374 0.06064130254195049 7
1749136298631 0.06736999501578335 8
1749136306951 0.07492939026416348 9
1749136315214 0.08174115301545107 10
1749136323543 0.08174115301545107 11
1749136331824 0.08223957468017944 12
1749136340086 0.09013125103837846 13
1749136348216 0.09411862435620535 14
1749136356517 0.09993354377803622 15
1749136364752 0.09744143545439442 16
1749136372945 0.10184416015949493 17
1749136381230 0.10790829041368998 18
1749136389446 0.10749293902641635 19
1749136397603 0.11372320983552085 20
1749136405956 0.11721216148861938 21
1749136414231 0.11530154510716066 22
1749136422405 0.1247715567369995 23
1749136430717 0.12618375145372984 24
1749136438915 0.13141717893337765 25
1749136446912 0.131001827546104 26
1749136454816 0.12468848645954478 27
1749136462684 0.13299551420501746 28
1749136470495 0.13997341751121448 29
1749136478500 0.1496926399734175 30
1749136486740 0.1468682505399568 31
1749136495104 0.1462867585977737 32
1749136503349 0.14919421830868915 33
1749136511602 0.1472005316497757 34
1749136519819 0.15592291078252202 35
1749136528033 0.15484299717561056 36
1749136536261 0.16007642465525834 37
1749136544513 0.1617378302043529 38
1749136552764 0.16165475992689815 39
1749136560764 0.172038544608739 40
1749136568762 0.172038544608739 41
1749136577309 0.17253696627346735 42
1749136585716 0.1696295065625519 43
1749136593738 0.18042864263166639 44
1749136601777 0.17885030736002658 45
1749136610042 0.1748629340421997 46
1749136618251 0.18441601594949328 47
1749136626180 0.18740654593786343 48
1749136633996 0.1885695298222296 49
1749136642238 0.19114470842332612 50
