1749136232610 4.617446315143227 0
1749136240836 4.591800672459772 1
1749136249063 4.557321150997398 2
1749136257430 4.512561268744323 3
1749136265734 4.469691623254402 4
1749136273970 4.423516425328778 5
1749136282174 4.378285142943457 6
1749136290375 4.33471320190566 7
1749136298632 4.292473815228068 8
1749136306952 4.248938315553092 9
1749136315215 4.209756921398985 10
1749136323543 4.169448569623699 11
1749136331825 4.135965825881012 12
1749136340087 4.098540435773377 13
1749136348216 4.0674376862046095 14
1749136356518 4.02961765482126 15
1749136364753 4.004184087718821 16
1749136372946 3.985035205548829 17
1749136381230 3.9541675594485373 18
1749136389446 3.9271561060196314 19
1749136397604 3.909509966683117 20
1749136405956 3.8804895200364578 21
1749136414232 3.864403732236868 22
1749136422406 3.8399215015156423 23
1749136430718 3.818550143837177 24
1749136438916 3.7883348826752736 25
1749136446913 3.767283770756443 26
1749136454817 3.7574290403451878 27
1749136462685 3.733487373292321 28
1749136470496 3.710990314525734 29
1749136478500 3.691099417114418 30
1749136486741 3.677397577188355 31
1749136495104 3.6602958348580095 32
1749136503350 3.644546324237649 33
1749136511603 3.6290663432152948 34
1749136519820 3.6062137631119273 35
1749136528034 3.598559018191594 36
1749136536262 3.577352612346298 37
1749136544514 3.5666028132905674 38
1749136552765 3.545819731433134 39
1749136560765 3.51982059574969 40
1749136568762 3.5094622308940333 41
1749136577309 3.5035798407843655 42
1749136585717 3.4854659046030387 43
1749136593738 3.471213303678624 44
1749136601777 3.4577187999751 45
1749136610043 3.456727013937712 46
1749136618252 3.4383510748294785 47
1749136626180 3.42054528574224 48
1749136633997 3.404184661551953 49
1749136642239 3.3963128595654832 50
