1754455784238 0.019687655756770228 0
1754455814879 0.042199700947001165 1
1754455842617 0.07924904469180927 2
1754455871340 0.07866755274962618 3
1754455900621 0.09602924073766407 4
1754455926483 0.10475161987041037 5
1754455956965 0.11862435620534972 6
1754455986796 0.13183253032065126 7
1754456012953 0.1393919255690314 8
1754456040149 0.15010799136069114 9
1754456066714 0.16223625186908125 10
1754456094947 0.16722046851636485 11
1754456123330 0.17353380960292408 12
1754456151439 0.1860774214985878 13
1754456179795 0.19056321648114305 14
1754456208400 0.19986708755607244 15
1754456237937 0.20493437448081075 16
1754456266102 0.21141385612227945 17
1754456296444 0.2140721050008307 18
1754456325980 0.21822561887356703 19
1754456354778 0.2240405382953979 20
1754456381313 0.2317660740986875 21
1754456411146 0.23342747964778202 22
1754456440498 0.23849476657252036 23
1754456468772 0.24314670210998504 24
1754456498103 0.24721714570526665 25
1754456523594 0.2507060973583652 26
1754456554915 0.25278285429473335 27
1754456578657 0.25743478983219803 28
1754456608258 0.2605083900980229 29
1754456634266 0.26399734175112144 30
1754456662289 0.26574181757767074 31
1754456693331 0.27089217477986377 32
1754456720688 0.2719720883867752 33
1754456747156 0.2737996344907792 34
1754456776907 0.27587639142714737 35
1754456803759 0.2803621864097026 36
1754456833911 0.28044525668715736 37
1754456865700 0.28418341917262 38
1754456892055 0.2830204352882539 39
1754456920730 0.2903306197042698 40
1754456951011 0.2871739491609902 41
1754456981525 0.29290579830536634 42
1754457009790 0.29016447914936033 43
1754457035555 0.2959793985711912 44
1754457060867 0.2934042199700947 45
1754457089935 0.29921913939192557 46
1754457119667 0.2952317660740987 47
1754457148398 0.29988370161156336 48
1754457176242 0.29564711746137234 49
1754457205180 0.30287423159993354 50
1754457234452 0.30046519355374646 51
1754457263387 0.3045356371490281 52
1754457290280 0.3005482638312012 53
1754457320649 0.30628011297557733 54
1754457347579 0.303040372154843 55
1754457378511 0.30902143213158334 56
1754457408234 0.30387107492939025 57
1754457439019 0.31043362684831366 58
1754457468497 0.30478484798139227 59
1754457491854 0.3115135404552251 60
1754457522323 0.30603090214321316 61
1754457552960 0.31525170294068783 62
1754457579226 0.3065293238079415 63
1754457607657 0.315500913773052 64
1754457635397 0.3101013457384948 65
1754457663257 0.3174946004319654 66
1754457693314 0.3086891510217644 67
1754457720002 0.3170792490446918 68
1754457747647 0.3092706429639475 69
1754457775759 0.31915600598106 70
1754457807373 0.31126432962286094 71
1754457835831 0.31898986542615054 72
1754457864371 0.31035055657085897 73
1754457891387 0.3204851304203356 74
1754457920386 0.3142548596112311 75
1754457947721 0.3236418009636152 76
1754457975154 0.3147532812759595 77
1754458004440 0.3230603090214321 78
1754458028452 0.31500249210832365 79
1754458057968 0.3254693470676192 80
1754458086440 0.31716231932214656 81
1754458115037 0.32497092540289085 82
1754458145651 0.31558398405050675 83
1754458176870 0.3248878551254361 84
1754458198016 0.3184914437614222 85
1754458228148 0.32779531483635155 86
1754458255464 0.31815916265160327 87
1754458282462 0.3260508390098023 88
1754458311875 0.31874065459378637 89
1754458337564 0.3286260176108988 90
1754458362042 0.321897325137066 91
1754458390322 0.32904136899817243 92
1754458420260 0.31965442764578833 93
1754458447406 0.3286260176108988 94
1754458474465 0.31998670875560725 95
1754458504734 0.33061970426981224 96
1754458535718 0.31998670875560725 97
1754458564648 0.3302874231599934 98
1754458593931 0.32098355208506396 99
1754458619661 0.3294567203854461 100
