1753120281328 4.471060275956661 0
1753120315851 4.209361051610135 1
1753120352160 3.9681260601998773 2
1753120391751 3.780222303025716 3
1753120428339 3.6123656870107017 4
1753120463793 3.462645599073285 5
1753120493599 3.3396837794149636 6
1753120524034 3.2231078959080084 7
1753120543691 3.1338941708073054 8
1753120579304 3.0524938088327453 9
1753120615762 2.9808016801184753 10
1753120651458 2.90624748453183 11
1753120683203 2.8605264351192843 12
1753120709907 2.790033346895993 13
1753120746274 2.757079088767719 14
1753120782653 2.692731518723222 15
1753120822812 2.6672853190895403 16
1753120858079 2.6411733592833704 17
1753120895712 2.6087609529370517 18
1753120930828 2.5585338376473374 19
1753120967419 2.5668366637644495 20
1753121003018 2.516992962848045 21
1753121038450 2.5179145373505363 22
1753121073626 2.4818223780868793 23
1753121108261 2.467557787190523 24
1753121139827 2.4249070281948994 25
1753121173101 2.4158593820874525 26
1753121210438 2.4220638463351984 27
1753121245145 2.3914017285461777 28
1753121279412 2.3563028357659555 29
1753121298026 2.3538522585091495 30
1753121315081 2.3408933554540794 31
1753121350901 2.326480712441501 32
1753121388455 2.319130977400179 33
1753121427122 2.3092806921092057 34
1753121463543 2.2807022932870886 35
1753121499952 2.2804292793970125 36
1753121518055 2.252663389185054 37
1753121549759 2.239705202905771 38
1753121588481 2.229658691182524 39
1753121622022 2.213191925812077 40
1753121638961 2.198831018542964 41
1753121668281 2.2216568937621424 42
1753121703287 2.1989919099068884 43
1753121736384 2.1815365973745435 44
1753121769938 2.1746456772774976 45
1753121805598 2.1777933498080193 46
1753121836976 2.1622680473443627 47
1753121869855 2.14259244418027 48
1753121889250 2.118304296941357 49
1753121924537 2.1261766050046 50
