1754590888750 0.1928237599879391 0
1754590904737 0.1205085682697623 1
1754590919189 0.19508518015980703 2
1754590933332 0.22378008945173125 3
1754590952514 0.33197648123021256 4
1754590974052 0.46972209658776826 5
1754590986766 0.61369918086336 6
1754591002430 0.6295793758480326 7
1754591016415 0.6378712498115483 8
1754591038431 0.6600331674958541 9
1754591051911 0.6733504196190764 10
1754591066789 0.6428463741896577 11
1754591091477 0.6631489019548721 12
1754591107191 0.6277702397105382 13
1754591128301 0.6589778380823157 14
1754591139327 0.6944570078898437 15
1754591155656 0.7134529373335343 16
1754591171403 0.7196341524699734 17
1754591188235 0.6795818885371124 18
1754591199161 0.7294336398814011 19
1754591219470 0.7338559726619428 20
1754591238580 0.7299864314789688 21
1754591256386 0.6863158952711191 22
1754591278797 0.7496356600834213 23
1754591296504 0.7567716970702045 24
1754591308724 0.7588321021156842 25
1754591326116 0.756319413035831 26
1754591350575 0.7850143223277551 27
1754591367444 0.7608925071611639 28
1754591381543 0.7673752449871852 29
1754591401784 0.7898889391426704 30
1754591417216 0.7453640886476708 31
1754591429112 0.7560681441278456 32
1754591442887 0.7861199055228906 33
1754591468664 0.7828031559374843 34
1754591488992 0.772551384491683 35
1754591500361 0.7576762651389517 36
1754591514210 0.7775767626513895 37
1754591525227 0.7846625458565757 38
1754591550027 0.7541082466455601 39
1754591567798 0.7488315995778683 40
1754591585645 0.8001407105884718 41
1754591599545 0.7583798180813106 42
1754591612855 0.7904417307402382 43
1754591631379 0.7760188954218805 44
1754591653671 0.7834564550982461 45
1754591665813 0.7678275290215588 46
1754591681608 0.7970249761294538 47
1754591696040 0.7650133172521232 48
1754591715524 0.7589828634604754 49
1754591738048 0.7792853912256897 50
1754591758208 0.7823508719031107 51
1754591773766 0.7759183878586864 52
1754591790930 0.808030554299211 53
1754591814214 0.798783858485351 54
1754591832759 0.788733102165938 55
1754591843261 0.8171767425498769 56
1754591859647 0.7902407156138499 57
1754591879271 0.8073772551384492 58
1754591893431 0.8005929946228454 59
1754591914704 0.7965726920950802 60
1754591929168 0.8125533946429468 61
1754591944980 0.7869239660284436 62
1754591965534 0.7731041760892507 63
1754591976028 0.8106437509422584 64
1754591988228 0.7801899592944369 65
1754592005619 0.7818985878687371 66
1754592023260 0.7788833609729132 67
1754592041841 0.7986330971405599 68
1754592063188 0.7962209156239007 69
1754592076783 0.806522940851299 70
1754592089787 0.8043620282426253 71
1754592107984 0.7616463138851198 72
1754592124369 0.8179305492738329 73
1754592140850 0.7892356399819086 74
1754592153947 0.8069752248856726 75
1754592165308 0.8222021207095834 76
1754592185696 0.8156188753203678 77
1754592201422 0.7929544198200915 78
1754592223825 0.8173777576762652 79
1754592235903 0.8301422182019197 80
1754592258360 0.7970752299110508 81
1754592277554 0.8082818232071963 82
1754592297922 0.7745112819739686 83
1754592317718 0.8060204030353284 84
1754592332120 0.8273782602140811 85
1754592352913 0.8246143022262425 86
1754592365584 0.781044273581587 87
1754592387835 0.8137092316196793 88
1754592411267 0.8206945072616715 89
1754592430533 0.8058696416905372 90
1754592448402 0.7838082315694256 91
1754592460972 0.7986833509221569 92
1754592473633 0.8115483190110055 93
1754592494479 0.8353686114880144 94
1754592509919 0.8161716669179355 95
1754592530679 0.8045630433690135 96
1754592541953 0.8224031358359717 97
1754592557456 0.8119503492637821 98
1754592568888 0.833509221568923 99
1754592588621 0.8217498366752098 100
