1751128614175 0.07459710915434457 0
1751128675958 0.13773052001993685 1
1751128740112 0.17901644791493604 2
1751128802741 0.21797640804120286 3
1751128864634 0.24214985878052833 4
1751128928977 0.26657252035221796 5
1751128991578 0.29132746303372653 6
1751129053307 0.30561555075593955 7
1751129117513 0.3199036384781525 8
1751129181472 0.33369330453563717 9
1751129246635 0.3381790995181924 10
1751129310737 0.34706761920584817 11
1751129377043 0.3600265824887855 12
1751129442378 0.3631001827546104 13
1751129504518 0.3780528326964612 14
1751129570094 0.3835354710084732 15
1751129634955 0.3783020435288254 16
1751129698909 0.3858614387772055 17
1751129763924 0.4018940023259678 18
1751129829432 0.40579830536633993 19
1751129893795 0.40754278119288917 20
1751129959404 0.425236750290746 21
1751130026137 0.4324638644293072 22
1751130091113 0.4373650107991361 23
1751130154657 0.44500747632497095 24
1751130218556 0.45655424489117796 25
1751130281981 0.45597275294899486 26
1751130344560 0.45622196378135904 27
1751130409749 0.4636152184748297 28
1751130472272 0.4676856620701113 29
1751130538326 0.47150689483302877 30
1751130604577 0.47757102508722377 31
1751130668136 0.4757434789832198 32
1751130730500 0.48180760923741484 33
1751130794224 0.48272138228941686 34
1751130859669 0.4931882372487124 35
1751130925045 0.5008307027745472 36
1751130989314 0.5008307027745472 37
1751131053953 0.5056487788669214 38
1751131119780 0.4985878052832696 39
1751131185012 0.5102176441269314 40
1751131247338 0.5147865093869414 41
1751131313906 0.5158664229938528 42
1751131379517 0.517943179930221 43
1751131442032 0.5255025751786011 44
1751131506897 0.5299883701611563 45
1751131572616 0.5301545107160658 46
1751131637668 0.5323974082073434 47
1751131704260 0.5418674198371822 48
1751131768831 0.537381624854627 49
1751131835101 0.5465193553746469 50
1751131874743 0.5485130420335604 51
1751131912173 0.5360525004153514 52
1751131950127 0.5353879381957136 53
1751131988479 0.5420335603920917 54
1751132027451 0.539209170958631 55
1751132065552 0.5453563714902808 56
1751132103563 0.5539126100681177 57
1751132141916 0.5593952483801296 58
1751132180429 0.5593121781026749 59
1751132218568 0.5587306861604918 60
1751132254860 0.5603920917095863 61
1751132292019 0.5644625353048679 62
1751132329504 0.5599767403223127 63
1751132365532 0.5657085894666888 64
1751132403750 0.5696128925070609 65
1751132441447 0.571440438611065 66
1751132479336 0.5704435952816083 67
1751132516908 0.568699119455059 68
1751132552985 0.5742648280445257 69
1751132590113 0.572354211663067 70
1751132627722 0.5777537796976242 71
1751132663744 0.5709420169463366 72
1751132700154 0.5778368499750789 73
1751132738610 0.5731849144376142 74
1751132776546 0.5809935205183585 75
1751132815025 0.5860608074430969 76
1751132852592 0.5860608074430969 77
1751132890691 0.5950323974082073 78
1751132928424 0.5911280943678352 79
1751132966456 0.5922080079747466 80
1751133004652 0.5946170460209337 81
1751133042108 0.5951985379631168 82
1751133080145 0.5927894999169298 83
1751133117646 0.5947831865758432 84
1751133155630 0.5953646785180262 85
1751133192741 0.5927894999169298 86
1751133230109 0.6002658248878551 87
1751133269166 0.6038378468184084 88
1751133306639 0.6049177604253199 89
1751133343884 0.6070775876391428 90
1751133380890 0.6063299551420501 91
1751133418073 0.6064960956969596 92
1751133456137 0.6050008307027746 93
1751133492274 0.6072437281940521 94
1751133528685 0.6082405715235089 95
1751133566455 0.6055823226449576 96
1751133604249 0.6068283768067785 97
1751133642886 0.6093204851304204 98
1751133680807 0.6126432962286094 99
1751133719667 0.6126432962286094 100
1751133747369 0.6145539126100681 101
1751133774471 0.6159661073267985 102
1751133802021 0.6137232098355209 103
1751133829355 0.6196211995348064 104
1751133857298 0.6177105831533477 105
1751133884375 0.6150523342747964 106
1751133911504 0.618541285927895 107
1751133938714 0.6211995348064463 108
1751133964924 0.6211164645289915 109
1751133992209 0.6231932214653597 110
1751134018937 0.625519189234092 111
1751134046045 0.6247715567369995 112
1751134073592 0.6241900647948164 113
1751134100308 0.6263498920086393 114
1751134127480 0.6239408539624522 115
1751134154887 0.6260176108988204 116
1751134182302 0.6238577836849976 117
1751134209979 0.624937697291909 118
1751134237520 0.6215318159162652 119
1751134264827 0.6265160325635487 120
1751134292562 0.6246884864595448 121
1751134319381 0.6270144542282772 122
1751134346388 0.6300049842166473 123
1751134372766 0.629506562551919 124
1751134399087 0.629506562551919 125
1751134426016 0.625519189234092 126
1751134453000 0.6291742814421 127
1751134479610 0.6274298056155507 128
1751134506928 0.6286758597773716 129
1751134534269 0.6262668217311845 130
1751134561685 0.6262668217311845 131
1751134589242 0.629506562551919 132
1751134616469 0.6286758597773716 133
1751134642817 0.6283435786675527 134
1751134670187 0.6308356869911945 135
1751134697512 0.6340754278119289 136
1751134724689 0.6385612227944841 137
1751134751650 0.6375643794650274 138
1751134778443 0.6370659578002991 139
1751134805373 0.6382289416846653 140
1751134832509 0.6391427147366672 141
1751134859147 0.6399734175112145 142
1751134885275 0.6413025419504901 143
1751134912605 0.6427978069446751 144
1751134939213 0.6432962286094036 145
1751134965460 0.6419671041701279 146
1751134993147 0.6447084233261339 147
1751135019798 0.6422993852799468 148
1751135046207 0.645289915268317 149
1751135073048 0.6448745638810434 150
1751135088892 0.6420501744475826 151
1751135105241 0.6457883369330454 152
1751135121351 0.6421332447250374 153
1751135137812 0.6440438611064961 154
1751135153534 0.644376142216315 155
1751135169493 0.6463698288752284 156
1751135185411 0.6428808772221299 157
1751135201330 0.6454560558232264 158
1751135217273 0.6458714072105001 159
1751135233515 0.6439607908290413 160
1751135249697 0.6419671041701279 161
1751135265554 0.645289915268317 162
1751135281390 0.6461206180428642 163
1751135297267 0.6467851802625021 164
1751135313232 0.6439607908290413 165
1751135329599 0.6448745638810434 166
1751135345642 0.6463698288752284 167
1751135362063 0.6456221963781359 168
1751135378141 0.649858780528327 169
1751135394105 0.6529323807941518 170
1751135409917 0.6485296560890513 171
1751135425831 0.6504402724705101 172
1751135442105 0.651686326632331 173
1751135458576 0.6466190397075926 174
1751135474855 0.6453729855457717 175
1751135490840 0.648612726366506 176
1751135506892 0.6474497424821399 177
1751135523098 0.6487788669214155 178
1751135538971 0.6518524671872404 179
1751135554623 0.6486957966439608 180
1751135570580 0.649526499418508 181
1751135586545 0.6516032563548763 182
1751135602639 0.6519355374646951 183
1751135619016 0.6514371157999668 184
1751135635380 0.6555075593952484 185
1751135651588 0.6533477321814255 186
1751135667411 0.6507725535803289 187
1751135683483 0.653513872736335 188
1751135699559 0.6507725535803289 189
1751135715682 0.6507725535803289 190
1751135731536 0.6516032563548763 191
1751135747227 0.652600099684333 192
1751135763111 0.6512709752450573 193
1751135779132 0.6547599268981559 194
1751135794991 0.6521016780196046 195
1751135811067 0.6514371157999668 196
1751135827555 0.652600099684333 197
1751135843671 0.6520186077421498 198
1751135859565 0.6516032563548763 199
1751135875789 0.6496926399734175 200
