1753335852549 0.03214819737497923 0
1753335888507 0.08323641800963615 1
1753335927400 0.10824057152350888 2
1753335948650 0.13606911447084233 3
1753335966673 0.1561721216148862 4
1753336002738 0.182671540122944 5
1753336041542 0.20717727197208838 6
1753336075171 0.22296062468848646 7
1753336107522 0.23807941518524672 8
1753336145097 0.24372819405216814 9
1753336183179 0.2514537298554577 10
1753336218708 0.2612560225951155 11
1753336238893 0.2718890181093205 12
1753336273682 0.28077753779697623 13
1753336305718 0.28891842498753945 14
1753336343018 0.301212826050839 15
1753336376562 0.30046519355374646 16
1753336406164 0.3083568699119455 17
1753336440010 0.3116796810101346 18
1753336466605 0.32040206014288086 19
1753336500845 0.31998670875560725 20
1753336535638 0.32696461206180427 21
1753336573014 0.3217311845821565 22
1753336602765 0.3314504070443595 23
1753336625091 0.3318657584316332 24
1753336656381 0.3375976075760093 25
1753336694299 0.342249543113474 26
1753336731398 0.3375976075760093 27
1753336768949 0.3429141053331118 28
1753336805164 0.34989200863930886 29
1753336836013 0.34789832198039544 30
1753336854418 0.35171955474331285 31
1753336872115 0.35371324140222626 32
1753336888815 0.35296560890513373 33
1753336924831 0.3559561388935039 34
1753336960237 0.36085728526333277 35
1753336997083 0.35969430137896663 36
1753337032765 0.36467851802625023 37
1753337067642 0.3655922910782522 38
1753337100660 0.36542615052334276 39
1753337137508 0.37190563216481143 40
1753337174374 0.37190563216481143 41
1753337213978 0.36908124273135073 42
1753337241206 0.36849975078916763 43
1753337277090 0.37165642133244725 44
1753337313229 0.3724871241069945 45
1753337349966 0.3727363349393587 46
1753337386072 0.3752284432630005 47
1753337422796 0.37863432463864427 48
1753337462096 0.37863432463864427 49
1753337497913 0.3798803788004652 50
1753337536213 0.3827047682339259 51
1753337571611 0.3798803788004652 52
1753337610245 0.37946502741319155 53
1753337627616 0.3835354710084732 54
1753337663466 0.3855291576673866 55
1753337700098 0.3833693304535637 56
1753337736331 0.38685828210666223 57
1753337765556 0.3856952982222961 58
1753337791238 0.3833693304535637 59
1753337825593 0.38743977404884533 60
1753337852033 0.3835354710084732 61
1753337883762 0.38544608738993186 62
1753337921551 0.38478152517029407 63
1753337959443 0.38619371988702444 64
1753337997078 0.3901810932048513 65
1753338032237 0.39159328792158166 66
1753338069001 0.3932546934706762 67
1753338107554 0.39275627180594785 68
1753338144692 0.38876889848812096 69
1753338177646 0.39200863930885527 70
1753338215149 0.39342083402558564 71
1753338246349 0.39616215318159165 72
1753338282749 0.39499916929722545 73
1753338314196 0.3964944342914105 74
1753338350020 0.3941684665226782 75
1753338385338 0.39541452068449906 76
1753338419232 0.39599601262668216 77
1753338454752 0.39882040206014285 78
1753338491009 0.40122944010632994 79
1753338507645 0.398488120950324 80
1753338544704 0.39956803455723544 81
1753338583057 0.4000664562219638 82
1753338609994 0.39940189400232595 83
1753338646802 0.3986542615052334 84
1753338686256 0.4006479481641469 85
1753338709183 0.3980727695630503 86
1753338744521 0.40039873733178266 87
1753338779429 0.4016447914936036 88
1753338814213 0.3992357534474165 89
1753338850407 0.40272470510051506 90
1753338885922 0.4033061970426981 91
1753338911953 0.4048014620368832 92
1753338946571 0.4038876889848812 93
1753338981080 0.40712742980561556 94
1753339010473 0.4074597109154345 95
1753339039840 0.4052998837016116 96
1753339074133 0.40937032729689316 97
1753339109947 0.40496760259179265 98
1753339129809 0.40596444592124936 99
1753339165737 0.40654593786343246 100
