1751249087092 0.03156670543279615 0
1751249211752 0.04975909619538129 1
1751249338214 0.06329955142050174 2
1751249464978 0.08896826715401229 3
1751249591657 0.11613224788170792 4
1751249717626 0.13930885529157666 5
1751249844338 0.15351387273633493 6
1751249970567 0.1741983718225619 7
1751250099076 0.18624356205349726 8
1751250230057 0.20011629838843661 9
1751250357680 0.21058315334773217 10
1751250484651 0.2084233261339093 11
1751250611986 0.22545273301212826 12
1751250740384 0.24406047516198703 13
1751250867625 0.26532646619039707 14
1751250997692 0.2787838511380628 15
1751251124381 0.2728858614387772 16
1751251249825 0.2762086725369663 17
1751251379285 0.2914105333111813 18
1751251505263 0.2958132580162818 19
1751251629170 0.2947333444093703 20
1751251754717 0.3035387938195714 21
1751251884612 0.31599933543778036 22
1751252010847 0.3177438112643296 23
1751252141548 0.32139890347233757 24
1751252267466 0.3294567203854461 25
1751252397299 0.3348562884200033 26
1751252523069 0.3341086559229108 27
1751252648004 0.3320318989865426 28
1751252771825 0.3410865592291078 29
1751252902024 0.34831367336766905 30
1751253032215 0.35554078750623025 31
1751253159341 0.35853131749460043 32
1751253286567 0.36567536135570694 33
1751253414425 0.3577836849975079 34
1751253540875 0.37880046519355376 35
1751253667274 0.36924738328626017 36
1751253792220 0.3709087888353547 37
1751253918995 0.38096029240737667 38
1751254046924 0.3901810932048513 39
1751254174822 0.38802126599102843 40
1751254302135 0.39815583984050507 41
1751254434369 0.3949160990197707 42
1751254559036 0.4050506728692474 43
1751254684698 0.41236085728526334 44
1751254811854 0.4154344575510882 45
1751254939652 0.4085396245223459 46
1751255065581 0.41368998172453897 47
1751255195668 0.4080412028576175 48
1751255321884 0.4022262834357867 49
1751255450451 0.4144376142216315 50
1751255527169 0.4122777870078086 51
1751255600669 0.43188237248712413 52
1751255673618 0.44110317328459875 53
1751255747134 0.4339591294234923 54
1751255822467 0.4375311513540455 55
1751255896548 0.44102010300714406 56
1751255970788 0.4471673035387938 57
1751256045916 0.45680345572354214 58
1751256120738 0.46004319654427644 59
1751256194227 0.45838179099518195 60
1751256266354 0.45962784515700283 61
1751256340840 0.4582987207177272 62
1751256415209 0.4579664396079083 63
1751256488738 0.44982555241734506 64
1751256561958 0.46303372653264663 65
1751256634851 0.46785180262502074 66
1751256708645 0.46602425652101676 67
1751256782597 0.46245223459046353 68
1751256854649 0.4690978567868417 69
1751256927426 0.4663565376308357 70
1751257001677 0.46519355374646953 71
1751257074943 0.47358365176939693 72
1751257149355 0.4720883867752118 73
1751257224632 0.47649111148031237 74
1751257298625 0.47798637647449743 75
1751257373309 0.4822229606246885 76
1751257446673 0.4826383120119621 77
1751257520465 0.48828709087888356 78
1751257594319 0.489367004485795 79
1751257667397 0.49052998837016115 80
1751257742122 0.49152683169961786 81
1751257815409 0.49052998837016115 82
1751257889760 0.4844658581159661 83
1751257961881 0.49111148031234425 84
1751258035912 0.4931882372487124 85
1751258110742 0.4896162153181592 86
1751258183830 0.4834690147865094 87
1751258259794 0.4813091875726865 88
1751258333989 0.49177604253198204 89
1751258408474 0.49019770726034223 90
1751258482302 0.48895165309852134 91
1751258555417 0.4946004319654428 92
1751258630961 0.4944342914105333 93
1751258704724 0.4994185080578169 94
1751258778163 0.5069779033061971 95
1751258853123 0.506064130254195 96
1751258928529 0.5118790496760259 97
1751259003057 0.5129589632829373 98
1751259077316 0.514288087722213 99
1751259153109 0.5043196544276458 100
1751259206185 0.508805449410201 101
1751259258490 0.515201860774215 102
1751259312085 0.513955806612394 103
1751259364632 0.5209337099185911 104
1751259418573 0.5119621199534806 105
1751259470840 0.5171955474331285 106
1751259523718 0.5145372985545772 107
1751259576467 0.5171124771556737 108
1751259627858 0.5171124771556737 109
1751259680352 0.5174447582654926 110
1751259732731 0.5184416015949493 111
1751259784578 0.5223459046353215 112
1751259838201 0.521598272138229 113
1751259890064 0.524007310184416 114
1751259943192 0.5255025751786011 115
1751259996509 0.5171124771556737 116
1751260048901 0.52126599102841 117
1751260102900 0.5207675693636816 118
1751260156115 0.5239242399069612 119
1751260209485 0.5240903804618707 120
1751260262844 0.5220966938029573 121
1751260315340 0.5225951154676857 122
1751260367732 0.5252533643462369 123
1751260420957 0.5240903804618707 124
1751260473486 0.5288253862767902 125
1751260527138 0.5274131915600598 126
1751260579828 0.5284931051669712 127
1751260632660 0.5252533643462369 128
1751260685375 0.5297391593287921 129
1751260737907 0.5309021432131583 130
1751260790250 0.5353048679182588 131
1751260843170 0.531317494600432 132
1751260896022 0.5352217976408041 133
1751260949515 0.5339757434789832 134
1751261002273 0.53040372154843 135
1751261055220 0.5284931051669712 136
1751261108687 0.5300714404386111 137
1751261161689 0.5264163482306031 138
1751261214388 0.53497258680844 139
1751261266933 0.5299883701611563 140
1751261320032 0.5310682837680678 141
1751261371848 0.5378800465193554 142
1751261424999 0.5346403056986211 143
1751261478120 0.5422827712244559 144
1751261532105 0.535886359860442 145
1751261583267 0.5387938195713574 146
1751261636237 0.5331450407044359 147
1751261688316 0.5346403056986211 148
1751261740475 0.5303206512709753 149
1751261792593 0.5321481973749792 150
1751261823761 0.537381624854627 151
1751261855315 0.5427811928891842 152
1751261886517 0.5447748795480977 153
1751261918395 0.5465193553746469 154
1751261949998 0.5450240903804618 155
1751261981446 0.5436118956637315 156
1751262013183 0.5446087389931883 157
1751262044975 0.5428642631666389 158
1751262076414 0.5470177770393753 159
1751262107829 0.548346901478651 160
1751262139034 0.5454394417677355 161
1751262169945 0.5413689981724539 162
1751262201094 0.5413689981724539 163
1751262232780 0.5485130420335604 164
1751262264479 0.5413689981724539 165
1751262296297 0.5495098853630171 166
1751262327734 0.5524173450739326 167
1751262359419 0.5430304037215484 168
1751262390331 0.5460209337099186 169
1751262422206 0.5486791825884698 170
1751262453855 0.5491776042531982 171
1751262484978 0.5475161987041036 172
1751262516454 0.5478484798139226 173
1751262548349 0.5471008473168301 174
1751262580295 0.5465193553746469 175
1751262611919 0.5451071606579166 176
1751262643244 0.5464362850971922 177
1751262675196 0.5505067286924739 178
1751262706886 0.5505897989699285 179
1751262738153 0.5513374314670211 180
1751262769928 0.5557401561721216 181
1751262801743 0.5535803289582987 182
1751262833280 0.549842166472836 183
1751262865111 0.5506728692473832 184
1751262896695 0.5485961123110151 185
1751262928277 0.5469347067619206 186
1751262959942 0.5556570858946669 187
1751262991221 0.5575677022761256 188
1751263022703 0.5550755939524838 189
1751263054478 0.554078750623027 190
1751263086042 0.552583485628842 191
1751263117432 0.5519189234092042 192
1751263149088 0.5484299717561056 193
1751263180956 0.5490114636982888 194
1751263212585 0.5485961123110151 195
1751263244367 0.5499252367502907 196
1751263276388 0.5480146203688321 197
1751263307922 0.5515035720219306 198
1751263339438 0.555324804784848 199
1751263370573 0.5515866422993853 200
