1751249087092 4.540405688841036 0
1751249211753 4.472281925514898 1
1751249338215 4.366774707744481 2
1751249464979 4.1961922783368575 3
1751249591658 4.044607059702045 4
1751249717626 3.8868109284954544 5
1751249844339 3.7487059366607824 6
1751249970568 3.610338651417383 7
1751250099077 3.4839114801329494 8
1751250230058 3.36042328029182 9
1751250357680 3.2936231364167603 10
1751250484652 3.2365881624518447 11
1751250611987 3.1453844403809685 12
1751250740385 3.0557658524260694 13
1751250867625 2.9148217283561983 14
1751250997693 2.842492325810035 15
1751251124382 2.8034988489407557 16
1751251249826 2.7487415858004565 17
1751251379286 2.648898741874739 18
1751251505264 2.619077620460186 19
1751251629171 2.5703184827003422 20
1751251754718 2.5062081047395237 21
1751251884613 2.422405381847099 22
1751252010847 2.3694805685664084 23
1751252141548 2.3482617853368315 24
1751252267467 2.347085663285412 25
1751252397299 2.2585672334419074 26
1751252523070 2.2646784522344006 27
1751252648004 2.227775862984619 28
1751252771826 2.185519983584062 29
1751252902025 2.1804789406016076 30
1751253032216 2.101346551651662 31
1751253159342 2.0450986870864 32
1751253286567 1.9917760327013665 33
1751253414426 2.0120552047905473 34
1751253540876 1.9113833239883773 35
1751253667275 1.9223041730600527 36
1751253792221 1.830252798697737 37
1751253918996 1.8205304242836522 38
1751254046925 1.7382169759175816 39
1751254174823 1.7220125012616492 40
1751254302136 1.6659099108853876 41
1751254434370 1.6719424660689894 42
1751254559037 1.6199978379084063 43
1751254684699 1.615544230560136 44
1751254811854 1.5638886518328567 45
1751254939653 1.5840936927105285 46
1751255065582 1.5149583352456428 47
1751255195669 1.5818494430211925 48
1751255321885 1.5824690225787426 49
1751255450452 1.4940145121070707 50
1751255527170 1.4979095342747175 51
1751255600670 1.380413166907729 52
1751255673618 1.3123056466004939 53
1751255747135 1.289380007107539 54
1751255822468 1.328202489469891 55
1751255896549 1.2691869338557042 56
1751255970789 1.2470509103018228 57
1751256045917 1.2229729819762551 58
1751256120739 1.2063711782288669 59
1751256194228 1.1716527371154883 60
1751256266355 1.1492798416560164 61
1751256340841 1.0929940787244614 62
1751256415210 1.1224434435486592 63
1751256488739 1.2110635449271296 64
1751256561958 1.1289782106325175 65
1751256634852 1.0987921395973654 66
1751256708646 1.0560688273899004 67
1751256782598 1.080309309081784 68
1751256854650 1.0634986889267128 69
1751256927427 1.0473403833914563 70
1751257001678 1.0385610110432961 71
1751257074944 1.0206829528823438 72
1751257149356 1.0164886413705028 73
1751257224633 1.038521741776437 74
1751257298626 1.0093336968019937 75
1751257373310 0.9632120468043427 76
1751257446674 0.9632877709407449 77
1751257520466 0.9310541564583803 78
1751257594319 0.9264241390567572 79
1751257667397 0.9045737307607195 80
1751257742123 0.867209530768649 81
1751257815410 0.875012364248679 82
1751257889761 0.9302398304765424 83
1751257961882 0.9265113724740132 84
1751258035913 0.8974502493148594 85
1751258110743 0.9289371061564343 86
1751258183831 0.9597433990387448 87
1751258259795 0.9733576791563759 88
1751258333990 0.9450890999862838 89
1751258408475 0.8910791210316594 90
1751258482303 0.8801310867679506 91
1751258555418 0.8416754189532637 92
1751258630962 0.8705182527970975 93
1751258704725 0.8186702738512509 94
1751258778164 0.7745752220444097 95
1751258853124 0.8223653375086958 96
1751258928529 0.8131485145786459 97
1751259003058 0.8186545271423308 98
1751259077317 0.8290678628921171 99
1751259153110 0.8533769228682392 100
1751259206186 0.7851714163166387 101
1751259258491 0.749961600398168 102
1751259312086 0.733013113028714 103
1751259364633 0.7056888245355797 104
1751259418574 0.7807187156519998 105
1751259470840 0.7308487661502717 106
1751259523719 0.723065039541 107
1751259576468 0.7097387596289148 108
1751259627859 0.7271849735406669 109
1751259680353 0.7280863740513929 110
1751259732732 0.7052167110625042 111
1751259784578 0.7067650573116936 112
1751259838201 0.7023010293263339 113
1751259890065 0.6783942581777245 114
1751259943193 0.6840595129269366 115
1751259996510 0.6860848322936254 116
1751260048902 0.7064526672007225 117
1751260102901 0.7126301933871132 118
1751260156116 0.685000161786954 119
1751260209486 0.732022787066323 120
1751260262844 0.7091136491822627 121
1751260315341 0.6802866842287282 122
1751260367733 0.7015397213806546 123
1751260420958 0.669961643384804 124
1751260473487 0.6628740133409172 125
1751260527139 0.6853384626675013 126
1751260579829 0.6777305192159063 127
1751260632660 0.6624323884461712 128
1751260685376 0.6590095843215281 129
1751260737908 0.637694016229925 130
1751260790251 0.6522013340769754 131
1751260843171 0.6714108389600275 132
1751260896022 0.6324900694973626 133
1751260949515 0.6500237861480063 134
1751261002274 0.6816076519453765 135
1751261055221 0.632774221282194 136
1751261108688 0.6283308423617319 137
1751261161689 0.6363345570558899 138
1751261214389 0.6069437265531178 139
1751261266934 0.6302563383768752 140
1751261320033 0.6302853588160862 141
1751261371849 0.6086833325760598 142
1751261425000 0.619512362353885 143
1751261478120 0.5785459002814427 144
1751261532105 0.5595961189508781 145
1751261583268 0.5965755012597084 146
1751261636238 0.6244043628223234 147
1751261688317 0.6129202107387427 148
1751261740476 0.6755161273851834 149
1751261792593 0.6408920619968942 150
1751261823762 0.6567146743801604 151
1751261855316 0.6337883894804657 152
1751261886518 0.5964638281989602 153
1751261918396 0.5884091851711857 154
1751261949999 0.5743709108929262 155
1751261981447 0.5772896134356227 156
1751262013184 0.5945989771672893 157
1751262044976 0.6039245983620165 158
1751262076415 0.6019345822274496 159
1751262107829 0.5641090708474318 160
1751262139035 0.5642714325596292 161
1751262169946 0.5834493891810885 162
1751262201095 0.5661069912871776 163
1751262232781 0.5449794938696996 164
1751262264480 0.5946618860825104 165
1751262296298 0.5616133432974706 166
1751262327734 0.5507068750836087 167
1751262359420 0.6430327505372996 168
1751262390332 0.5605644420415286 169
1751262422207 0.526808544500287 170
1751262453855 0.5231512850231208 171
1751262484979 0.5620646110574153 172
1751262516455 0.527911694961488 173
1751262548350 0.528792835278875 174
1751262580296 0.5445575385500089 175
1751262611920 0.5569227829704921 176
1751262643244 0.5471492369399696 177
1751262675196 0.554114867186451 178
1751262706887 0.5302937420695971 179
1751262738154 0.5358808141293437 180
1751262769929 0.5393013513728545 181
1751262801744 0.5516438718587465 182
1751262833281 0.5703676086324417 183
1751262865112 0.5537222614059693 184
1751262896696 0.5563505183303077 185
1751262928278 0.5928832678440523 186
1751262959943 0.5189963522087372 187
1751262991222 0.5280272468882243 188
1751263022703 0.5261472120155675 189
1751263054479 0.5209328120252561 190
1751263086043 0.5152458329949279 191
1751263117432 0.5361011830502443 192
1751263149089 0.5338860158832018 193
1751263180957 0.5481916301430232 194
1751263212586 0.5662563209307034 195
1751263244368 0.5182015619637267 196
1751263276389 0.5343865948999238 197
1751263307923 0.5019047208352131 198
1751263339439 0.5156142123387254 199
1751263370573 0.5379456186538583 200
