1754594278550 2.2215194351435192 0
1754594296337 1.880032973856549 1
1754594311680 1.5183731021610558 2
1754594335768 1.249580092560179 3
1754594349753 1.0783086456330124 4
1754594367935 0.9116803161005406 5
1754594382720 0.8175628418345835 6
1754594394410 0.7417861291999045 7
1754594406379 0.6781505985506796 8
1754594422487 0.6560966312372679 9
1754594437183 0.6534963873988291 10
1754594450930 0.6408174900934756 11
1754594466082 0.6054052378856218 12
1754594481597 0.5760052731452205 13
1754594503848 0.5598154351789422 14
1754594514405 0.5508989921833857 15
1754594525957 0.5276644716276436 16
1754594542396 0.5343520023597955 17
1754594563696 0.5185476399363909 18
1754594578142 0.5352200192027107 19
1754594597053 0.5132041897892121 20
1754594609521 0.5024315848034061 21
1754594627652 0.4933172050587092 22
1754594650709 0.4977284759278451 23
1754594667735 0.5168362473979874 24
1754594678237 0.49148841711699204 25
1754594700827 0.48498902185018583 26
1754594719001 0.48254410574558143 27
1754594734284 0.49296522297911305 28
1754594756299 0.4734008911678294 29
1754594773568 0.47741000266422684 30
1754594787972 0.48482056296282916 31
1754594804803 0.48220109962125135 32
1754594823082 0.45998153268815356 33
1754594839738 0.4620424683091137 34
1754594860999 0.46937311655293557 35
1754594872607 0.44909482583591687 36
1754594885685 0.45967328924516576 37
1754594906810 0.4584084545364655 38
1754594917931 0.45453221143951517 39
1754594930027 0.45267579338917274 40
1754594947148 0.4492367335782198 41
1754594961989 0.4601433980375684 42
1754594982259 0.4578134640329815 43
1754594994782 0.4382967776196642 44
1754595014182 0.4550173939109357 45
1754595025859 0.440060569430075 46
1754595047738 0.44196527637408234 47
1754595066344 0.45887666857724 48
1754595091235 0.4678474508620294 49
1754595104382 0.430556830054558 50
1754595119111 0.43925438431265 51
1754595139291 0.42534406914060446 52
1754595156275 0.4359401488651522 53
1754595171923 0.44225643052248814 54
1754595191429 0.42336975431222384 55
1754595204064 0.4304049879219572 56
1754595223452 0.41986355170216316 57
1754595243646 0.43391703198895243 58
1754595261601 0.4350835058771676 59
1754595275539 0.41980585959587563 60
1754595299730 0.4252598496866464 61
1754595316816 0.4128504159511834 62
1754595340824 0.41473557619836376 63
1754595359998 0.40737014179918746 64
1754595373747 0.41443117620296155 65
1754595394799 0.4214529439976154 66
1754595413874 0.423650144072354 67
1754595432157 0.4072634153902449 68
1754595446525 0.4146772371887673 69
1754595463706 0.40851274188576525 70
1754595476478 0.40785024273449005 71
1754595489145 0.41836408952385795 72
1754595506139 0.4160891889688508 73
1754595524228 0.4153842289927985 74
1754595540102 0.415638449056956 75
1754595560378 0.4274546798541291 76
1754595578562 0.4131330821489263 77
1754595594987 0.3999607421151226 78
1754595607712 0.3965927222414443 79
1754595621695 0.3928253188871201 80
1754595637090 0.4022357204361646 81
1754595651391 0.3975832551373424 82
1754595670496 0.39116986946682586 83
1754595685678 0.4009808086362081 84
1754595703204 0.4031748641499825 85
1754595722079 0.39973084950656834 86
1754595735730 0.3964145095120687 87
1754595751257 0.39753100430592336 88
1754595763235 0.3958404898042722 89
1754595777495 0.400004544103129 90
1754595794904 0.3943274761171145 91
1754595806804 0.38788622532919054 92
1754595820722 0.4026054041049916 93
1754595838922 0.41081673115639383 94
1754595856293 0.40581099314295727 95
1754595876035 0.4071788116363812 96
1754595890559 0.39379481989753073 97
1754595905718 0.3938114573795418 98
1754595921009 0.38966845967694713 99
1754595942695 0.39347121636897747 100
