1753287032457 0.01885695298222296 0
1753287051610 0.033560392091709586 1
1753287070961 0.05333111812593454 2
1753287089581 0.06820069779033062 3
1753287109690 0.07725535803289584 4
1753287130239 0.08348562884200034 5
1753287148297 0.10167801960458547 6
1753287165291 0.11280943678351886 7
1753287176297 0.11538461538461539 8
1753287192282 0.12153181591626516 9
1753287212631 0.1312510383784682 10
1753287233257 0.14396079082904137 11
1753287254388 0.14404386110649608 12
1753287274415 0.16356537630835688 13
1753287294259 0.17037713905964447 14
1753287312871 0.1751121448745639 15
1753287333005 0.17868416680511712 16
1753287353560 0.18557899983385945 17
1753287374974 0.1925569031400565 18
1753287393173 0.1982056820069779 19
1753287411298 0.20169463366007642 20
1753287431682 0.20676192058481474 21
1753287452724 0.2044359528160824 22
1753287471068 0.2159827213822894 23
1753287492390 0.2158996511048347 24
1753287511077 0.21581658082737995 25
1753287531896 0.22794484133577006 26
1753287552759 0.23650107991360692 27
1753287572910 0.236168798803788 28
1753287591560 0.24131915600598106 29
1753287614001 0.2402392423990696 30
1753287633423 0.2373317826881542 31
1753287654155 0.24347898321980396 32
1753287673719 0.25004153513872734 33
1753287693965 0.2501246054161821 34
1753287713476 0.24970925402890845 35
1753287729550 0.2589300548263831 36
1753287750947 0.2608406712078418 37
1753287761005 0.2660740986874896 38
1753287778626 0.2713905964445921 39
1753287800444 0.2759594617046021 40
1753287819797 0.27645788336933047 41
1753287836239 0.28110981890679515 42
1753287856855 0.2774547266987872 43
1753287877446 0.28235587306861604 44
1753287898619 0.2800299052998837 45
1753287919582 0.2821897325137066 46
1753287937522 0.2859278949991693 47
1753287958314 0.28509719222462204 48
1753287975912 0.28850307360026584 49
1753287995088 0.28891842498753945 50
1753288014812 0.29332114969263995 51
1753288034363 0.29066290081408874 52
1753288053555 0.2946502741319156 53
1753288071585 0.29789001495264994 54
1753288092082 0.30536633992357537 55
1753288112093 0.3027080910450241 56
1753288131190 0.3027080910450241 57
1753288151947 0.3067785346403057 58
1753288172665 0.30004984216647285 59
1753288194000 0.29406878218973254 60
1753288213522 0.29647782023591956 61
1753288235387 0.3071108157501246 62
1753288254059 0.30603090214321316 63
1753288273517 0.3169131084897824 64
1753288294101 0.31467021099850473 65
1753288311351 0.312759594617046 66
1753288329226 0.3069446751952152 67
1753288350315 0.310932048513042 68
1753288371489 0.3176607409868749 69
1753288389772 0.32023591958797143 70
1753288402606 0.3247217145705267 71
1753288422096 0.30686160491776043 72
1753288441685 0.3163316165475993 73
1753288461212 0.3207343412526998 74
1753288480707 0.3245555740156172 75
1753288500437 0.32098355208506396 76
1753288516695 0.3183253032065127 77
1753288535791 0.31741153015451073 78
1753288555473 0.32497092540289085 79
1753288576013 0.33120119621199534 80
1753288598346 0.32837680677853465 81
1753288614515 0.3245555740156172 82
1753288635948 0.33020435288253863 83
1753288654690 0.3314504070443595 84
1753288674371 0.33618541285927894 85
1753288695062 0.33061970426981224 86
1753288711949 0.33078584482472173 87
1753288729911 0.32870908788835357 88
1753288750069 0.331616547599269 89
1753288770338 0.33577006147200533 90
1753288792359 0.33560392091709584 91
1753288811365 0.3318657584316332 92
1753288833442 0.3310350556570859 93
1753288854035 0.3384283103505566 94
1753288874789 0.3396743645123775 95
1753288895744 0.33178268815417844 96
1753288916687 0.33801295896328293 97
1753288935142 0.33801295896328293 98
1753288953381 0.33635155341418843 99
1753288974244 0.33535471008473167 100
