1753287032459 4.587953985864848 0
1753287051611 4.511568524096883 1
1753287070962 4.436286299806926 2
1753287089582 4.377444852545964 3
1753287109691 4.334101407955854 4
1753287130240 4.283130406681957 5
1753287148298 4.236194917362946 6
1753287165292 4.208475540044078 7
1753287176298 4.191874209799251 8
1753287192283 4.155443169430256 9
1753287212632 4.140928749679366 10
1753287233258 4.102632904213083 11
1753287254389 4.103370984796217 12
1753287274416 4.052024997272828 13
1753287294260 4.029294614934179 14
1753287312872 4.023526009064153 15
1753287333006 4.008339376247145 16
1753287353561 4.016320453240321 17
1753287374975 3.9981437919269145 18
1753287393174 3.964258791118572 19
1753287411300 3.990301774398977 20
1753287431683 3.982375361253956 21
1753287452725 3.969943254171374 22
1753287471069 3.9765533138945 23
1753287492391 3.98625717720799 24
1753287511078 3.9603259300874933 25
1753287531897 3.9798025884463937 26
1753287552760 3.9996378653286984 27
1753287572911 3.9738394389036276 28
1753287591561 3.9376465276090373 29
1753287614002 3.9351730816702024 30
1753287633424 3.936728401713233 31
1753287654156 3.9456167127365522 32
1753287673720 3.97903597896066 33
1753287693966 3.990812930603797 34
1753287713477 3.9587676112343155 35
1753287729551 3.971816052554685 36
1753287750948 3.931290113860792 37
1753287761006 3.9408051894211176 38
1753287778627 3.982165564529632 39
1753287800445 3.9461128744647103 40
1753287819798 3.966303265535716 41
1753287836240 3.9887827182327213 42
1753287856857 3.976652107340491 43
1753287877447 3.9725844511819415 44
1753287898620 3.954999149910489 45
1753287919583 3.9886950603198885 46
1753287937523 3.993649946460708 47
1753287958315 3.9617243626755094 48
1753287975913 3.957194644370566 49
1753287995089 3.990406500498955 50
1753288014813 3.9749898870560543 51
1753288034364 3.982505502396143 52
1753288053556 3.9833260681660247 53
1753288071586 3.972682307902982 54
1753288092083 3.979490801660691 55
1753288112094 3.9879532077448765 56
1753288131191 3.9833836593187972 57
1753288151948 3.9858016020588236 58
1753288172666 3.9658568537550947 59
1753288194001 3.949180167930975 60
1753288213523 3.9654058343901157 61
1753288235388 3.9592334310539434 62
1753288254060 3.9772311936611384 63
1753288273518 3.998620284974149 64
1753288294102 3.990055992641886 65
1753288311352 3.999393486059629 66
1753288329227 3.9815392849474405 67
1753288350316 3.9961708009167847 68
1753288371490 4.0008947927318435 69
1753288389773 3.9998025872618173 70
1753288402607 4.006653287772523 71
1753288422097 3.972754896313466 72
1753288441686 4.016602173929908 73
1753288461213 4.01349074603029 74
1753288480708 4.036307242523978 75
1753288500438 4.029044231017029 76
1753288516696 4.023715546385187 77
1753288535792 4.0195448082715535 78
1753288555474 4.008748238373073 79
1753288576014 4.021437662170935 80
1753288598347 4.014531682824427 81
1753288614516 4.033524405372498 82
1753288635949 4.029245665264811 83
1753288654691 4.052163676329399 84
1753288674372 4.04289167712295 85
1753288695063 4.048865687000296 86
1753288711950 4.044371157997343 87
1753288729912 4.0188679984133 88
1753288750070 4.067072188819141 89
1753288770339 4.027074589962066 90
1753288792360 4.0296723375918235 91
1753288811366 4.024215594197131 92
1753288833443 4.03724580138809 93
1753288854036 4.045554985489951 94
1753288874790 4.044103998955482 95
1753288895745 4.066590539656953 96
1753288916688 4.06072388478516 97
1753288935143 4.073944573669987 98
1753288953382 4.0819135320918205 99
1753288974245 4.066526954529315 100
