1754443117145 0.0304867918258847 0
1754443161261 0.07974746635653764 1
1754443187390 0.11189566373151687 2
1754443214563 0.1235255025751786 3
1754443242919 0.1472005316497757 4
1754443269459 0.1562551918923409 5
1754443297765 0.1736168798803788 6
1754443340419 0.1866589134407709 7
1754443367247 0.2035221797640804 8
1754443404832 0.21008473168300382 9
1754443439282 0.22445588968267155 10
1754443467305 0.22852633327795316 11
1754443493537 0.2457218807110816 12
1754443521767 0.2423990696128925 13
1754443549071 0.2589300548263831 14
1754443589323 0.25593952483801297 15
1754443630690 0.27089217477986377 16
1754443658485 0.2640804120285762 17
1754443700107 0.2793653430802459 18
1754443727054 0.27396577504568864 19
1754443754613 0.28692473832862603 20
1754443781345 0.28268815417843496 21
1754443810129 0.2929888685828211 22
1754443848272 0.2880046519355375 23
1754443891106 0.2981392257850141 24
1754443930465 0.2941518524671872 25
1754443956156 0.30328958298720715 26
1754443986259 0.2965608905133743 27
1754444025681 0.3046187074264828 28
1754444071209 0.30129589632829373 29
1754444113521 0.30569862103339424 30
1754444143467 0.303954145206845 31
1754444169304 0.3105166971257684 32
1754444206230 0.30827379963449075 33
1754444237093 0.3123442432297724 34
1754444263741 0.3101844160159495 35
1754444293202 0.3151686326632331 36
1754444335869 0.3110981890679515 37
1754444373403 0.3169131084897824 38
1754444406229 0.31317494600431967 39
1754444437112 0.31915600598106 40
1754444463118 0.31525170294068783 41
1754444500950 0.3197374979232431 42
1754444530915 0.3167469679348729 43
1754444556865 0.32139890347233757 44
1754444598334 0.3197374979232431 45
1754444640099 0.3226449576341585 46
1754444667209 0.3209004818076092 47
1754444693232 0.3233095198537963 48
1754444727468 0.3214819737497923 49
1754444767211 0.3282106662236252 50
1754444802996 0.32314337929888687 51
1754444844440 0.3284598770559894 52
1754444870881 0.32555241734507395 53
1754444907240 0.32737996344907794 54
1754444933229 0.32621697956471174 55
1754444974308 0.32779531483635155 56
1754445016141 0.327047682339259 57
1754445043602 0.3298720717727197 58
1754445072330 0.3267154012294401 59
1754445111569 0.33153347732181426 60
1754445150224 0.327047682339259 61
1754445186930 0.33253032065127097 62
1754445217495 0.3282106662236252 63
1754445247305 0.33277953148363515 64
1754445273722 0.32937365010799136 65
1754445312153 0.3342747964778202 66
1754445339154 0.32962286094035553 67
1754445380957 0.3341917262003655 68
1754445407463 0.33020435288253863 69
1754445432880 0.3345240073101844 70
1754445459126 0.33095198537963116 71
1754445488372 0.3354377803621864 72
1754445526181 0.3322811098189068 73
1754445566938 0.33676690480146204 74
1754445598341 0.3313673367669048 75
1754445638156 0.3378468184083735 76
1754445680894 0.33236418009636154 77
1754445716195 0.3384283103505566 78
1754445755926 0.3326133909287257 79
1754445800093 0.3382621697956471 80
1754445845150 0.3319488287090879 81
1754445880245 0.33892673201528495 82
1754445906508 0.3324472503738162 83
1754445933076 0.3398405050672869 84
1754445966614 0.3330287423159993 85
1754446001793 0.33992357534474166 86
1754446036636 0.3322811098189068 87
1754446065415 0.3406712078418342 88
1754446104956 0.3335271639807277 89
1754446133590 0.34075427811928893 90
1754446174289 0.33435786675527496 91
1754446199575 0.3416680511712909 92
1754446243555 0.33493935869745806 93
1754446284567 0.3428310350556571 94
1754446316808 0.3351054992523675 95
1754446342495 0.34332945672038545 96
1754446368617 0.335271639807277 97
1754446409760 0.3436617378302044 98
1754446442959 0.3366007642465526 99
1754446471440 0.3424987539458382 100
