1754443117146 4.521840718331809 0
1754443161262 4.333684716471121 1
1754443187391 4.141576488313876 2
1754443214563 3.9984858274509727 3
1754443242920 3.8546020542260715 4
1754443269459 3.7513436432237977 5
1754443297766 3.650604090622764 6
1754443340420 3.5764158723069475 7
1754443367247 3.5123322854907126 8
1754443404832 3.4478483476831365 9
1754443439283 3.4013853890423396 10
1754443467305 3.3491163077302546 11
1754443493537 3.320572101800455 12
1754443521767 3.2780124897312284 13
1754443549071 3.2686792137321503 14
1754443589324 3.221861712913629 15
1754443630691 3.2222089223979933 16
1754443658486 3.1792762755886184 17
1754443700107 3.1877765077306375 18
1754443727055 3.1476040671724332 19
1754443754614 3.162991200145205 20
1754443781346 3.121611935071153 21
1754443810130 3.1417230477415883 22
1754443848272 3.1026260032579476 23
1754443891106 3.119679185954515 24
1754443930466 3.0821478393542314 25
1754443956156 3.104474175809492 26
1754443986259 3.0704245578920926 27
1754444025682 3.0904295000914725 28
1754444071210 3.0588080458971314 29
1754444113521 3.085073090505091 30
1754444143468 3.0475647234316776 31
1754444169304 3.0749424152679588 32
1754444206231 3.0360918788199993 33
1754444237093 3.0711480218805662 34
1754444263741 3.0291387756815213 35
1754444293203 3.0598584640335402 36
1754444335869 3.021798373141731 37
1754444373403 3.052868186445335 38
1754444406230 3.016148815820546 39
1754444437112 3.0495013097173675 40
1754444463119 3.0054530264892745 41
1754444500951 3.0413118466893905 42
1754444530916 2.999450690946112 43
1754444556866 3.0387496978518453 44
1754444598335 2.991444415800066 45
1754444640100 3.0321009042660148 46
1754444667209 2.986634920271502 47
1754444693232 3.0238040494392497 48
1754444727469 2.9764864452590154 49
1754444767212 3.0111276752705805 50
1754444802996 2.97650006900811 51
1754444844441 3.005480374719189 52
1754444870882 2.9682342998027105 53
1754444907240 3.005758234517398 54
1754444933230 2.962640344136229 55
1754444974308 2.997959644715515 56
1754445016141 2.9528736520864944 57
1754445043603 2.9940295439150373 58
1754445072331 2.949272584827232 59
1754445111570 2.98420227103389 60
1754445150224 2.942078694018342 61
1754445186930 2.9859887749224834 62
1754445217495 2.9337390748513843 63
1754445247306 2.97596625883002 64
1754445273723 2.9296642663208705 65
1754445312153 2.9735642548266203 66
1754445339155 2.9249757815539823 67
1754445380957 2.9674040051833885 68
1754445407463 2.915828944050784 69
1754445432880 2.9563047408708396 70
1754445459127 2.911231518452775 71
1754445488373 2.9553993205366638 72
1754445526181 2.9049771544473844 73
1754445566939 2.953269148567003 74
1754445598342 2.8985808071237797 75
1754445638157 2.9425383258449607 76
1754445680895 2.894870363439344 77
1754445716195 2.938090705243607 78
1754445755927 2.8892368132517063 79
1754445800094 2.9343826218981155 80
1754445845151 2.8829807171071518 81
1754445880245 2.92602514992089 82
1754445906509 2.876110624617851 83
1754445933076 2.9199465591398885 84
1754445966614 2.8680756692077907 85
1754446001794 2.915177843225354 86
1754446036637 2.8609623491739122 87
1754446065415 2.9084496355581844 88
1754446104956 2.862266142894893 89
1754446133591 2.906888259130059 90
1754446174289 2.852333760518463 91
1754446199575 2.9007249657212 92
1754446243555 2.840886229097681 93
1754446284568 2.8935310815475206 94
1754446316809 2.8433703343086 95
1754446342495 2.8883646689129314 96
1754446368617 2.8372130080711444 97
1754446409761 2.8835549836479037 98
1754446442960 2.8304491726879197 99
1754446471440 2.879156859902239 100
