1753397722713 4.5526553732149235 0
1753397741651 4.461416112419536 1
1753397774117 4.380851013412893 2
1753397800738 4.302086854141367 3
1753397816279 4.269206356431016 4
1753397844610 4.21316692722901 5
1753397860998 4.183538430475697 6
1753397887431 4.127348958619155 7
1753397900875 4.0940327927965035 8
1753397914856 4.064932648801864 9
1753397932752 4.067735632836894 10
1753397950135 4.065171069911469 11
1753397975639 4.082862898174982 12
1753397992472 4.0240185363496135 13
1753398021671 4.019963231618888 14
1753398037274 4.063266777025145 15
1753398050909 4.064624169535274 16
1753398065114 4.084966276187063 17
1753398080240 4.083892991533797 18
1753398108551 4.0680063283709025 19
1753398120958 4.1243313971614075 20
1753398154194 4.110798905430946 21
1753398183683 4.128561168646001 22
1753398198882 4.142665869714133 23
1753398211924 4.165735298780996 24
1753398225470 4.156095999524392 25
1753398244278 4.196612725905783 26
1753398271130 4.241305185709745 27
1753398301311 4.215461567413812 28
1753398330485 4.175172104109932 29
1753398343770 4.196517123751101 30
1753398357677 4.192344551454226 31
1753398376986 4.238059708379607 32
1753398395806 4.3005476519684676 33
1753398413383 4.2872407148870515 34
1753398430641 4.2673781904015735 35
1753398460779 4.279663744770513 36
1753398476540 4.262720261365739 37
1753398496495 4.270706722269343 38
1753398526545 4.324219678081149 39
1753398541386 4.310407485341565 40
1753398566478 4.330577495144214 41
1753398589103 4.415546554372109 42
1753398618439 4.373475456297924 43
1753398631893 4.363904207168181 44
1753398654902 4.378944055617683 45
1753398680027 4.3792703730586995 46
1753398708785 4.423954382307041 47
1753398737062 4.36292845531891 48
1753398755954 4.334606418480839 49
1753398777715 4.399170209788735 50
1753398803126 4.3902398066242085 51
1753398823661 4.373217995801158 52
1753398851682 4.383393223988954 53
1753398875662 4.370865990774578 54
1753398901796 4.427095673862452 55
1753398924612 4.407933253007258 56
1753398956851 4.454982249037265 57
1753398971123 4.438521261173118 58
1753398988092 4.442884100672326 59
1753399003699 4.401748541737866 60
1753399035074 4.395660546044935 61
1753399063005 4.425394005212227 62
1753399080770 4.460519814018995 63
1753399107001 4.483395103585976 64
1753399122770 4.44763898190554 65
1753399152676 4.480653856922068 66
1753399166419 4.435732935590121 67
1753399181840 4.451841285132019 68
1753399206105 4.506666602683498 69
1753399218851 4.466815049994538 70
1753399248310 4.479666527240103 71
1753399280310 4.439298229790777 72
1753399298379 4.477771794660696 73
1753399330102 4.449271797676605 74
1753399342747 4.508404234807098 75
1753399368021 4.475915547796987 76
1753399381700 4.505776290935646 77
1753399400929 4.4707191686775065 78
1753399425711 4.479853712000382 79
1753399441431 4.484774232129932 80
1753399459971 4.494090375641205 81
1753399473142 4.533325444097376 82
1753399501147 4.511640451713839 83
1753399526105 4.550281323451814 84
1753399540058 4.535069378785798 85
1753399567313 4.575838782898565 86
1753399598137 4.522709964309083 87
1753399615636 4.519349938570927 88
1753399630695 4.580068253184277 89
1753399653877 4.4857792496844064 90
1753399670641 4.504546340709977 91
1753399698556 4.509803894326285 92
1753399716183 4.51459490523187 93
1753399729309 4.531478267612453 94
1753399748414 4.526525627106065 95
1753399764601 4.536574398997753 96
1753399777787 4.5211974988907215 97
1753399790513 4.534453856257292 98
1753399809526 4.57088858949607 99
1753399828762 4.5353811220205245 100
