1751114442988 0.06213656753613557 0
1751114567945 0.07443096859943513 1
1751114695621 0.08273799634490779 2
1751114819505 0.1338262169795647 3
1751114943738 0.17585977737165642 4
1751115070574 0.18881874065459378 5
1751115195402 0.2342581824223293 6
1751115321964 0.24306363183253032 7
1751115450378 0.24123608572852634 8
1751115578970 0.2386609071274298 9
1751115704144 0.2614221631500249 10
1751115829475 0.28891842498753945 11
1751115957559 0.30387107492939025 12
1751116086651 0.29880378800465196 13
1751116214534 0.29905299883701614 14
1751116344660 0.31500249210832365 15
1751116470902 0.31782688154178435 16
1751116592767 0.3264661903970759 17
1751116720762 0.33277953148363515 18
1751116846555 0.3348562884200033 19
1751116968875 0.33676690480146204 20
1751117096813 0.3375976075760093 21
1751117227047 0.33577006147200533 22
1751117353025 0.35412859278949993 23
1751117483542 0.3597773716564213 24
1751117604559 0.3494766572520352 25
1751117731244 0.36949659411862434 26
1751117857548 0.3743146702109985 27
1751117983672 0.37564379465027414 28
1751118108575 0.37539458381790997 29
1751118239501 0.38162485462701445 30
1751118363699 0.3718225618873567 31
1751118487176 0.37730520019936864 32
1751118612913 0.3916763581990364 33
1751118734490 0.3861106496095697 34
1751118857138 0.3876889848812095 35
1751118983244 0.3913440770892175 36
1751119109967 0.38602757933211496 37
1751119231915 0.405466024256521 38
1751119358745 0.40098022927396576 39
1751119487734 0.3910948662568533 40
1751119614961 0.4048014620368832 41
1751119743822 0.40496760259179265 42
1751119867221 0.40098022927396576 43
1751119990011 0.40613058647615885 44
1751120115114 0.398488120950324 45
1751120242648 0.4102841003488952 46
1751120367268 0.41177936534308024 47
1751120489643 0.3935869745804951 48
1751120608353 0.40554909453397575 49
1751120732802 0.41435454394417676 50
1751120807194 0.41194550589798967 51
1751120878928 0.40156172121614886 52
1751120949335 0.4158498089383619 53
1751121019140 0.4241568366838345 54
1751121091924 0.4241568366838345 55
1751121163870 0.4214155175278285 56
1751121232857 0.40754278119288917 57
1751121302031 0.4204186741983718 58
1751121370904 0.4164313008805449 59
1751121441827 0.4185911280943678 60
1751121511470 0.4048845323143379 61
1751121583869 0.4064628675859777 62
1751121656571 0.4144376142216315 63
1751121727498 0.4221631500249211 64
1751121798922 0.4097856786841668 65
1751121869253 0.4187572686492773 66
1751121940402 0.41294234922744644 67
1751122013054 0.40928725701943847 68
1751122084575 0.417012792822728 69
1751122154543 0.4181757767070942 70
1751122226691 0.42457218807110814 71
1751122297160 0.4136069114470842 72
1751122368150 0.42615052334274794 73
1751122440914 0.4184249875394584 74
1751122510917 0.4222462203023758 75
1751122583341 0.42847649111148034 76
1751122652891 0.4254028908456554 77
1751122721328 0.41892340920418675 78
1751122793000 0.41958797142382454 79
1751122862753 0.4262335936202027 80
1751122934111 0.4249875394583818 81
1751123006464 0.43113473999003155 82
1751123079804 0.42797806944675193 83
1751123150706 0.420667885030736 84
1751123222637 0.4283934208340256 85
1751123294146 0.4296394749958465 86
1751123366674 0.4237414852965609 87
1751123440275 0.433128426648945 88
1751123510909 0.42249543113474 89
1751123582937 0.4141884033892673 90
1751123654917 0.42448911779365345 91
1751123724798 0.4231599933543778 92
1751123797395 0.421581658082738 93
1751123868112 0.41427147366672207 94
1751123938656 0.4281442100016614 95
1751124010969 0.42573517195547433 96
1751124082173 0.4218308689151022 97
1751124153247 0.425236750290746 98
1751124224714 0.4296394749958465 99
1751124298252 0.4224123608572853 100
1751124347573 0.4181757767070942 101
1751124395145 0.4219970094700116 102
1751124444629 0.42457218807110814 103
1751124493897 0.4231599933543778 104
1751124544667 0.4230769230769231 105
1751124592357 0.411862435620535 106
1751124639970 0.4204186741983718 107
1751124689519 0.4164313008805449 108
1751124737286 0.41618209004818074 109
1751124786833 0.41427147366672207 110
1751124836071 0.4231599933543778 111
1751124884677 0.4214155175278285 112
1751124934325 0.42208007974746636 113
1751124982865 0.4180096361521847 114
1751125032535 0.4168466522678186 115
1751125081303 0.4097856786841668 116
1751125131836 0.41277620867253695 117
1751125182299 0.4144376142216315 118
1751125231777 0.41792656587473004 119
1751125279618 0.4248213989034723 120
1751125329827 0.41460375477654093 121
1751125378937 0.420667885030736 122
1751125428037 0.4198371822561887 123
1751125478061 0.4120285761754444 124
1751125528146 0.4134407708921748 125
1751125577883 0.41767735504236586 126
1751125627119 0.418840338926732 127
1751125675457 0.4158498089383619 128
1751125725525 0.4132746303372653 129
1751125774228 0.41867419837182257 130
1751125822637 0.419754111978734 131
1751125873082 0.42149858780528326 132
1751125922695 0.40737664063797974 133
1751125973561 0.41518524671872403 134
1751126022421 0.4153513872736335 135
1751126072696 0.410034889516531 136
1751126122917 0.4171789333776375 137
1751126172977 0.4134407708921748 138
1751126220781 0.41734507393254694 139
1751126270567 0.41834191726200365 140
1751126319656 0.4184249875394584 141
1751126367818 0.41269313839508226 142
1751126415691 0.4126100681176275 143
1751126465957 0.4066290081408872 144
1751126516999 0.41078252201362353 145
1751126565805 0.4112809436783519 146
1751126616394 0.409121116464529 147
1751126665957 0.407293570360525 148
1751126713623 0.4066290081408872 149
1751126762291 0.40613058647615885 150
1751126789959 0.40372154842997177 151
1751126817514 0.40696128925070607 152
1751126844546 0.4086226947998006 153
1751126871932 0.40613058647615885 154
1751126898816 0.4094533975743479 155
1751126926254 0.41094866256853296 156
1751126953983 0.41094866256853296 157
1751126981860 0.4067120784183419 158
1751127009315 0.4064628675859777 159
1751127037545 0.4023093537132414 160
1751127065261 0.40770892174779866 161
1751127092598 0.40496760259179265 162
1751127119682 0.40654593786343246 163
1751127147101 0.4018940023259678 164
1751127174809 0.403638478152517 165
1751127202369 0.4106994517361688 166
1751127229598 0.4078750623027081 167
1751127256660 0.4040538295397907 168
1751127283853 0.40338926732015284 169
1751127311390 0.4066290081408872 170
1751127338804 0.41136401395580663 171
1751127365638 0.40430304037215486 172
1751127393132 0.4050506728692474 173
1751127420700 0.40754278119288917 174
1751127447960 0.40621365675361354 175
1751127474757 0.40696128925070607 176
1751127502169 0.40953646785180264 177
1751127529871 0.4068782189732514 178
1751127556769 0.40995181923907625 179
1751127583427 0.4000664562219638 180
1751127611008 0.40737664063797974 181
1751127638620 0.41053331118125935 182
1751127666231 0.4067120784183419 183
1751127693049 0.406379797308523 184
1751127720675 0.40837348396743645 185
1751127747881 0.4097856786841668 186
1751127775184 0.405466024256521 187
1751127802716 0.40613058647615885 188
1751127830049 0.40455225120451904 189
1751127857963 0.4030569862103339 190
1751127884940 0.4058813756437947 191
1751127911448 0.4076258514703439 192
1751127939082 0.4097026084067121 193
1751127966705 0.40338926732015284 194
1751127993880 0.40521681342415683 195
1751128021557 0.40712742980561556 196
1751128049449 0.4066290081408872 197
1751128076512 0.40795813258016284 198
1751128103435 0.40654593786343246 199
1751128130721 0.40272470510051506 200
