1753748267617 4.629276203778472 0
1753748275097 4.599707419554593 1
1753748282140 4.575639902117273 2
1753748288629 4.540515190515762 3
1753748295853 4.528197001037903 4
1753748303132 4.505178561928193 5
1753748309799 4.486782138114118 6
1753748317326 4.4638838525978946 7
1753748324454 4.443710328250836 8
1753748332113 4.416065957426975 9
1753748339403 4.396376384512223 10
1753748346335 4.378472092773995 11
1753748353608 4.3569652367760625 12
1753748360765 4.328306949454328 13
1753748366969 4.310088305425223 14
1753748373995 4.290718254896712 15
1753748380717 4.282535920678291 16
1753748387803 4.270588816239484 17
1753748395533 4.247074847914883 18
1753748403025 4.235328866534496 19
1753748409486 4.226226119395814 20
1753748416477 4.224102432009251 21
1753748424224 4.203409861245542 22
1753748431663 4.192555578178896 23
1753748438734 4.180223330222743 24
1753748446148 4.1636415608744 25
1753748453314 4.169166774246661 26
1753748460529 4.167678346349292 27
1753748467910 4.146175568421481 28
1753748475322 4.12829131917725 29
1753748482543 4.119842008413913 30
1753748489794 4.116291328707178 31
1753748496649 4.110931184974324 32
1753748503428 4.115012947477779 33
1753748510100 4.104724722080944 34
1753748516007 4.095817424911268 35
1753748522530 4.09403059050635 36
1753748529381 4.071651228940402 37
1753748536680 4.072387639992174 38
1753748543914 4.068487687990815 39
1753748550276 4.0452389911023845 40
1753748557363 4.051128236272346 41
1753748565130 4.049888012538491 42
1753748572559 4.042431925113785 43
1753748580182 4.038375547975489 44
1753748587863 4.027071167912589 45
1753748594547 4.0342032568151085 46
1753748602079 4.028447683892765 47
1753748609430 3.997358670250715 48
1753748616696 3.993153469709851 49
1753748623609 4.005330512181907 50
1753748631213 3.994166257602921 51
1753748638092 3.9957752553491646 52
1753748645258 3.9829770984044344 53
1753748652469 3.9794327820885727 54
1753748659844 3.969869823854678 55
1753748667406 3.962466335637372 56
1753748673785 3.9569991121476513 57
1753748680783 3.9570489775087214 58
1753748687580 3.9473232506903946 59
1753748693595 3.934921123792064 60
1753748699710 3.941383400475493 61
1753748707520 3.937713886695331 62
1753748714786 3.94048025158084 63
1753748721660 3.9426043920528993 64
1753748728519 3.931309730303092 65
1753748735300 3.925245099981676 66
1753748742833 3.921361114759313 67
1753748749423 3.918587956347351 68
1753748756521 3.9288054715189027 69
1753748762264 3.9176908499205396 70
1753748769308 3.902423960514157 71
1753748776260 3.8886543575732233 72
1753748783096 3.8932049455338036 73
1753748790305 3.881009006209612 74
1753748797665 3.891893649086225 75
1753748804656 3.8748903369242127 76
1753748812154 3.880470696368504 77
1753748819304 3.8748842137558412 78
1753748826525 3.8577968411557864 79
1753748833913 3.8637864634037618 80
1753748841208 3.858143328843672 81
1753748848209 3.8683742391506932 82
1753748856006 3.857508691482656 83
1753748863333 3.862163657573854 84
1753748870813 3.8636019201827883 85
1753748876723 3.849862823846111 86
1753748883189 3.8469214962028864 87
1753748890598 3.8328823666454315 88
1753748897374 3.8412580533206038 89
1753748904484 3.8355117358796584 90
1753748912068 3.8229457096123505 91
1753748919595 3.8156964327167593 92
1753748927049 3.8183403907828395 93
1753748934461 3.820357746314281 94
1753748940800 3.808955218121503 95
1753748947353 3.8099620261078075 96
1753748953579 3.804425656995938 97
1753748960823 3.809922436497301 98
1753748967986 3.822541933993724 99
1753748975029 3.8102834255517957 100
