1753593446293 0.02774547266987872 0
1753593469268 0.04851304203356039 1
1753593491821 0.0656255191892341 2
1753593515069 0.08315334773218143 3
1753593549883 0.1001827546104004 4
1753593574846 0.1241069945173617 5
1753593597141 0.15093869413523842 6
1753593621500 0.16248546270144543 7
1753593643911 0.17502907459710915 8
1753593670503 0.17062634989200864 9
1753593693544 0.18333610234258182 10
1753593718058 0.2006977903306197 11
1753593740400 0.20966938029573018 12
1753593763791 0.20684499086226948 13
1753593789441 0.20559893670044857 14
1753593813509 0.22885861438777205 15
1753593835610 0.2259511546768566 16
1753593859964 0.23857783684997508 17
1753593887342 0.2358365176939691 18
1753593910040 0.24414354543944178 19
1753593934972 0.24497424821398903 20
1753593957388 0.2519521515201861 21
1753593979502 0.2544442598438279 22
1753594001944 0.2558564545605582 23
1753594025698 0.2523675029074597 24
1753594047677 0.2498753945838179 25
1753594072011 0.2625851470343911 26
1753594103331 0.26931383950822396 27
1753594128330 0.26615716896494435 28
1753594153879 0.26499418508057815 29
1753594178571 0.2686492772885861 30
1753594201667 0.2596776873234757 31
1753594225117 0.2710583153347732 32
1753594248937 0.2720551586642299 33
1753594270885 0.2666555906296727 34
1753594292553 0.26457883369330454 35
1753594315120 0.2719720883867752 36
1753594339373 0.26898155839840504 37
1753594361446 0.2743811264329623 38
1753594388018 0.2825220136235255 39
1753594410734 0.28227280279116135 40
1753594440670 0.2855956138893504 41
1753594465774 0.2813590297391593 42
1753594488795 0.2810267486293404 43
1753594511616 0.28825386276790166 44
1753594536418 0.2853464030569862 45
1753594558385 0.2780362186409703 46
1753594582975 0.2912443927562718 47
1753594609486 0.28609403555407875 48
1753594632491 0.2825220136235255 49
1753594659285 0.28667552749626185 50
1753594684088 0.2877554411031733 51
1753594706613 0.2859278949991693 52
1753594731186 0.28767237082571856 53
1753594754148 0.2797806944675195 54
1753594776979 0.2881707924904469 55
1753594802609 0.2908290413689982 56
1753594824718 0.2899983385944509 57
1753594848553 0.29506562551918925 58
1753594875508 0.287838511380628 59
1753594899530 0.2845987705598937 60
1753594922901 0.28609403555407875 61
1753594946053 0.28875228443263 62
1753594968446 0.28883535471008476 63
1753594990093 0.29863764744974247 64
1753595013285 0.2931550091377305 65
1753595037834 0.2937365010799136 66
1753595059733 0.29290579830536634 67
1753595084772 0.29365343080245887 68
1753595113209 0.29514869579664393 69
1753595135514 0.2943179930220967 70
1753595157973 0.3017943179930221 71
1753595185379 0.28991526831699616 72
1753595211061 0.29514869579664393 73
1753595238895 0.2914105333111813 74
1753595263052 0.30229273965775044 75
1753595286626 0.29539790662900817 76
1753595316778 0.29764080412028576 77
1753595339435 0.29564711746137234 78
1753595361513 0.30046519355374646 79
1753595385185 0.29381957135736836 80
1753595411960 0.29747466356537633 81
1753595434142 0.2961455391261007 82
1753595457033 0.29390264163482305 83
1753595482436 0.29830536633992355 84
1753595507704 0.3033726532646619 85
1753595534460 0.3019604585479316 86
1753595567092 0.29921913939192557 87
1753595594283 0.2993022096693803 88
1753595616224 0.30063133410865595 89
1753595639885 0.2953148363515534 90
1753595662535 0.29323807941518526 91
1753595685743 0.29946835022428975 92
1753595710329 0.2995514205017445 93
1753595738515 0.30146203688320317 94
1753595760455 0.3033726532646619 95
1753595782578 0.30129589632829373 96
1753595805268 0.2983884366173783 97
1753595827494 0.29705931217810266 98
1753595856572 0.301212826050839 99
1753595879116 0.29888685828210665 100
