1753593446294 4.574799873734598 0
1753593469269 4.451790291211874 1
1753593491822 4.352921530925522 2
1753593515070 4.2448070487559 3
1753593549884 4.195741642841012 4
1753593574847 4.115631338990765 5
1753593597142 4.103064840696526 6
1753593621501 4.090039399496355 7
1753593643912 4.054432748451121 8
1753593670504 4.051919250501752 9
1753593693545 4.075190892726414 10
1753593718059 4.0826734186939975 11
1753593740401 4.112571767045504 12
1753593763792 4.087958593901343 13
1753593789443 4.112389851362293 14
1753593813510 4.157509446306243 15
1753593835612 4.194315093117146 16
1753593859965 4.211199135037241 17
1753593887343 4.213182772626486 18
1753593910042 4.212614378331221 19
1753593934973 4.304427266769465 20
1753593957389 4.262301890676454 21
1753593979503 4.278249753309758 22
1753594001945 4.324505467517377 23
1753594025699 4.366708230369883 24
1753594047678 4.323764030181057 25
1753594072012 4.39090236986524 26
1753594103332 4.48841225865197 27
1753594128331 4.433278006903919 28
1753594153880 4.427726229549477 29
1753594178572 4.375539284510502 30
1753594201668 4.432534443138533 31
1753594225118 4.446824050586976 32
1753594248938 4.510972398666688 33
1753594270886 4.519148589646026 34
1753594292554 4.519210175967511 35
1753594315121 4.534928353455406 36
1753594339375 4.47785818306166 37
1753594361448 4.510511362694826 38
1753594388019 4.576402989677815 39
1753594410735 4.520102000243995 40
1753594440671 4.59101017563132 41
1753594465775 4.630204935606665 42
1753594488796 4.603011181031992 43
1753594511617 4.616615122283545 44
1753594536419 4.584480520486707 45
1753594558386 4.663772555481667 46
1753594582976 4.679807825386212 47
1753594609487 4.584538272775898 48
1753594632492 4.591362236436752 49
1753594659286 4.641915662801523 50
1753594684089 4.608655114320063 51
1753594706614 4.590918322903113 52
1753594731187 4.6267603243786715 53
1753594754149 4.6221474227071635 54
1753594776980 4.620908022985458 55
1753594802610 4.664932434377149 56
1753594824719 4.653106379849463 57
1753594848554 4.666578663448755 58
1753594875510 4.650330505384314 59
1753594899531 4.592095259574697 60
1753594922902 4.626609921389904 61
1753594946054 4.63467106150144 62
1753594968447 4.660469560455792 63
1753594990094 4.735667331460306 64
1753595013286 4.6640497323801435 65
1753595037836 4.6733496802936765 66
1753595059734 4.670972572856678 67
1753595084773 4.677273918109275 68
1753595113210 4.720361719379167 69
1753595135515 4.721525867409001 70
1753595157974 4.70582417242321 71
1753595185381 4.620540037074581 72
1753595211062 4.719688920810473 73
1753595238897 4.678348078594145 74
1753595263053 4.734889296052046 75
1753595286627 4.7210269855153335 76
1753595316780 4.7398891193045065 77
1753595339436 4.730159629623519 78
1753595361514 4.7235755091227105 79
1753595385186 4.729095899299813 80
1753595411961 4.74260125630544 81
1753595434143 4.761031956500178 82
1753595457034 4.750508557330816 83
1753595482437 4.758809155230119 84
1753595507705 4.7709045791524956 85
1753595534462 4.818231622256428 86
1753595567093 4.776358115442953 87
1753595594284 4.7254591415456755 88
1753595616225 4.783818316208029 89
1753595639886 4.688236795791425 90
1753595662536 4.770562568611244 91
1753595685744 4.746593024384454 92
1753595710330 4.737744020141052 93
1753595738516 4.753302262023755 94
1753595760456 4.760953404303998 95
1753595782579 4.77844170523528 96
1753595805269 4.764078537301929 97
1753595827495 4.766647183215688 98
1753595856573 4.796058164933257 99
1753595879117 4.801326513823592 100
