1750858574426 4.4528619061955155 0
1750858613546 4.148730671937108 1
1750858653502 3.8541949279239973 2
1750858696422 3.6280425053107788 3
1750858737032 3.4518399775265203 4
1750858777339 3.294577855648768 5
1750858816879 3.187082919410443 6
1750858856150 3.080808422223223 7
1750858896798 3.0148658579763796 8
1750858939402 2.9629862534623186 9
1750858979412 2.9145099806857924 10
1750859019274 2.8693571446654835 11
1750859060670 2.8478323844005984 12
1750859100685 2.797415764598972 13
1750859141940 2.782105599157629 14
1750859182688 2.7504982714917174 15
1750859223664 2.7449345444754893 16
1750859262880 2.7357797144995395 17
1750859303873 2.7204235075507412 18
1750859344687 2.6841584274548818 19
1750859383688 2.705776874559847 20
1750859423408 2.6717495191674723 21
1750859465778 2.6843765242830884 22
1750859509086 2.662580956223371 23
1750859551024 2.6555275983187063 24
1750859589943 2.621012548689788 25
1750859615079 2.6016400551061345 26
1750859639804 2.6069463840567884 27
1750859664290 2.5730035202782333 28
1750859689320 2.543393671578083 29
1750859716629 2.54768791551569 30
1750859743969 2.541285794501924 31
1750859768527 2.534911786669292 32
1750859795131 2.529065495811763 33
1750859821385 2.5290417133028176 34
1750859846685 2.4926019277525735 35
1750859872787 2.5020256559172545 36
1750859897559 2.475788986425341 37
1750859923101 2.4722346085918625 38
1750859949197 2.4661065699740368 39
1750859975520 2.4482954154642687 40
1750860000547 2.4358422328648044 41
1750860026277 2.466264491460767 42
1750860051139 2.4443684827710177 43
1750860076719 2.4256643316509536 44
1750860101964 2.429259389327096 45
1750860126898 2.427569457659738 46
1750860151988 2.4146138622056594 47
1750860178752 2.3992076676777776 48
1750860203172 2.381399921114087 49
1750860230156 2.3871673726903317 50
1750860250114 2.351376703841139 51
1750860269290 2.3566420750653903 52
1750860289354 2.3374619158641594 53
1750860308241 2.3409453581681086 54
1750860327286 2.32525281662047 55
1750860347208 2.30396846034682 56
1750860366636 2.3107936263495996 57
1750860385928 2.3060433147286092 58
1750860404641 2.308068283857923 59
1750860424781 2.289517099334371 60
1750860444045 2.290813910126137 61
1750860463527 2.28747493392829 62
1750860483700 2.290023417627744 63
1750860502336 2.2704369078422846 64
1750860520893 2.258597524941504 65
1750860539480 2.255624587312232 66
1750860558989 2.2450959952550096 67
1750860578747 2.257334577507817 68
1750860598298 2.247663485602271 69
1750860617227 2.2349075353103194 70
1750860636166 2.234804695758592 71
1750860654728 2.2170854527834547 72
1750860674246 2.224404355841193 73
1750860693634 2.217303127265545 74
1750860712713 2.2081805450316003 75
1750860725782 2.1670476341065465 76
1750860738519 2.1533714230931387 77
1750860751364 2.1480617886664453 78
1750860764246 2.1366952682519265 79
1750860777275 2.1426621428448227 80
1750860790449 2.1364634760343075 81
1750860803406 2.136422534456286 82
1750860816287 2.1401575825208896 83
1750860829314 2.1339393122833776 84
1750860842154 2.119904963344454 85
1750860854948 2.1187892345909196 86
1750860867814 2.1151263227483224 87
1750860880835 2.1060910403765902 88
1750860893664 2.105358072275346 89
1750860906608 2.1031252630748716 90
1750860919470 2.103642571128969 91
1750860932232 2.095834210377828 92
1750860945195 2.091005352444418 93
1750860957886 2.0860089573009066 94
1750860970775 2.0756764546875477 95
1750860983687 2.0826707405976905 96
1750860996543 2.069675077848116 97
1750861009421 2.0744778972292925 98
1750861022441 2.069102010029234 99
1750861035240 2.0718660998023886 100
