1752886162035 0.08365176939690978 0
1752886277682 0.14229938527994684 1
1752886396650 0.1851636484465858 2
1752886515532 0.22578501412194718 3
1752886633236 0.2414022262834358 4
1752886751195 0.2646619039707593 5
1752886867324 0.28700780860608077 6
1752886982688 0.29049676025917925 7
1752887101452 0.31467021099850473 8
1752887222749 0.3201528493105167 9
1752887343924 0.34399401894002324 10
1752887459228 0.3516364844658581 11
1752887578906 0.3593620202691477 12
1752887642058 0.35545771722877556 13
1752887704772 0.3637647449742482 14
1752887768408 0.365343080245888 15
1752887830841 0.3724871241069945 16
1752887893001 0.37099185911280946 17
1752887955700 0.37747134075427813 18
1752888018613 0.38901810932048514 19
1752888078488 0.3864429307193886 20
1752888141365 0.3907625851470344 21
1752888205567 0.3899318823724871 22
1752888267728 0.3998172453895996 23
1752888332639 0.40272470510051506 24
1752888395358 0.41651437115799966 25
1752888437549 0.41593287921581656 26
1752888478763 0.4164313008805449 27
1752888518897 0.4225785014121947 28
1752888559965 0.42673201528493104 29
1752888602695 0.43387605914603755 30
1752888645368 0.4383618541285928 31
1752888687187 0.4470842332613391 32
1752888728405 0.44625353048679184 33
1752888769594 0.4485794982555242 34
1752888811096 0.44924406047516197 35
1752888851788 0.4523176607409869 36
1752888892008 0.44965941186243563 37
1752888932835 0.45132081741153013 38
1752888951815 0.4573018773882705 39
1752888971143 0.4592955640471839 40
1752888990338 0.45680345572354214 41
1752889010643 0.4611231101511879 42
1752889029993 0.46519355374646953 43
1752889048828 0.46785180262502074 44
1752889068062 0.47034391094866257 45
1752889087611 0.4742482139890347 46
1752889106646 0.46959627845157004 47
1752889126208 0.47283601927230434 48
1752889145359 0.47532812759594617 49
1752889164757 0.48056155507559395 50
