1751057816123 0.02591792656587473 0
1751057838040 0.03023758099352052 1
1751057860032 0.04519023093537133 2
1751057881398 0.04618707426482804 3
1751057902756 0.07002824389433461 4
1751057924213 0.09187572686492773 5
1751057945502 0.10649609569695963 6
1751057966865 0.10707758763914271 7
1751057988637 0.11621531815916265 8
1751058010789 0.12900814088719056 9
1751058033862 0.14786509386941352 10
1751058057976 0.156836683834524 11
1751058081995 0.1645622196378136 12
1751058096537 0.17062634989200864 13
1751058110945 0.17104170127928228 14
1751058125478 0.18591128094367834 15
1751058139755 0.18682505399568033 16
1751058153935 0.183585313174946 17
1751058168446 0.19438444924406048 18
1751058182880 0.19396909785678684 19
1751058197155 0.19729190895497592 20
1751058211543 0.20834025585645455 21
1751058226064 0.1994517361687988 22
1751058241075 0.2075095530819073 23
1751058255782 0.20792490446918094 24
1751058270782 0.18798803788004653 25
1751058282468 0.23284598770559894 26
1751058293795 0.23135072271141385 27
1751058305120 0.23151686326632331 28
1751058316436 0.22919089549759097 29
1751058328194 0.2298554577172288 30
1751058340441 0.23018773882704768 31
1751058352590 0.23766406379797309 32
1751058364671 0.23965775045688653 33
1751058376318 0.23874397740488454 34
1751058387798 0.24281442100016615 35
1751058399251 0.24995846486127263 36
1751058410574 0.23542116630669546 37
1751058421911 0.24223292905798305 38
1751058430364 0.25959461704602094 39
1751058438808 0.2572686492772886 40
1751058447327 0.2578501412194717 41
1751058455884 0.26358199036384783 42
1751058464328 0.2508722379132746 43
1751058472746 0.26034224954311347 44
1751058481239 0.25477654095364677 45
1751058489727 0.25477654095364677 46
1751058498152 0.265658747300216 47
1751058506760 0.24630337265326466 48
1751058515250 0.2507060973583652 49
1751058523701 0.25934540621365676 50
