1753644823017 0.024007310184416018 0
1753644854051 0.04111978734008972 1
1753644883170 0.057733842831035054 2
1753644901720 0.06770227612560226 3
1753644933238 0.08514703439109486 4
1753644947053 0.10400398737331783 5
1753644977752 0.12003655092208008 6
1753645004237 0.13374314670211 7
1753645034885 0.14404386110649608 8
1753645049924 0.1515201860774215 9
1753645064720 0.1608240571523509 10
1753645082359 0.17411530154510715 11
1753645106417 0.18532978900149527 12
1753645125055 0.1950490114636983 13
1753645139459 0.20044857949825554 14
1753645153725 0.20759262335936202 15
1753645170276 0.20933709918591129 16
1753645188826 0.21265991028410036 17
1753645207623 0.22204685163648447 18
1753645224690 0.22628343578667554 19
1753645247524 0.22711413856122278 20
1753645265916 0.234341252699784 21
1753645281704 0.23708257185579 22
1753645311144 0.2411530154510716 23
1753645328030 0.24298056155507558 24
1753645355419 0.24414354543944178 25
1753645383643 0.24746635653763083 26
1753645404380 0.25120451902309354 27
1753645422614 0.2520352217976408 28
1753645443169 0.2570194384449244 29
1753645457548 0.25976075760093037 30
1753645491548 0.2642465525834856 31
1753645518705 0.26516032563548764 32
1753645547562 0.2610068117627513 33
1753645575636 0.26341584980893834 34
1753645600764 0.2652433959129423 35
1753645625479 0.26740322312676523 36
1753645639531 0.2672370825718558 37
1753645656899 0.27172287755441105 38
1753645672844 0.27388270476823395 39
1753645689832 0.27994683502242895 40
1753645704498 0.28069446751952154 41
1753645720389 0.28052832696461205 42
1753645751533 0.27737165642133244 43
1753645765300 0.2824389433460708 44
1753645780958 0.2862601761089882 45
1753645812243 0.28310350556570857 46
1753645826420 0.2862601761089882 47
1753645844915 0.2837680677853464 48
1753645866111 0.286010965276624 49
1753645883968 0.2846818408373484 50
1753645898576 0.2868416680511713 51
1753645924381 0.28700780860608077 52
1753645942031 0.28767237082571856 53
1753645974665 0.2846818408373484 54
1753645989339 0.28908456554244893 55
1753646019838 0.287838511380628 56
1753646044312 0.2850141219471673 57
1753646058568 0.2945672038544609 58
1753646080714 0.29049676025917925 59
1753646105749 0.2912443927562718 60
1753646134452 0.28700780860608077 61
1753646158336 0.29323807941518526 62
1753646187513 0.28891842498753945 63
1753646214273 0.29448413357700615 64
1753646243142 0.2963947499584649 65
1753646258943 0.29548097690646286 66
1753646276001 0.29224123608572855 67
1753646298802 0.2949825552417345 68
1753646312870 0.29448413357700615 69
1753646326925 0.2911613224788171 70
1753646356875 0.29631167968101013 71
1753646380884 0.2961455391261007 72
1753646407962 0.29207509553081906 73
1753646426772 0.29249044691809273 74
1753646446850 0.2995514205017445 75
1753646461125 0.30063133410865595 76
1753646475504 0.29664396079082905 77
1753646489731 0.29606246884864595 78
1753646508287 0.3005482638312012 79
1753646522848 0.3041202857617544 80
1753646538919 0.30187738827047683 81
1753646557088 0.3007974746635654 82
1753646587544 0.3011297557733843 83
1753646604078 0.2973915932879216 84
1753646621961 0.300299052998837 85
1753646645422 0.30171124771556734 86
1753646676581 0.30204352882538626 87
1753646706481 0.3013789666057485 88
1753646727958 0.303954145206845 89
1753646759690 0.30129589632829373 90
1753646789742 0.30561555075593955 91
1753646819694 0.3033726532646619 92
1753646837461 0.30345572354211664 93
1753646858908 0.3002159827213823 94
1753646872817 0.3027080910450241 95
1753646889269 0.30046519355374646 96
1753646905848 0.29888685828210665 97
1753646920361 0.303040372154843 98
1753646937970 0.30229273965775044 99
1753646968577 0.3031234424322977 100
