1753644823018 4.58111421020242 0
1753644854052 4.509194325243337 1
1753644883171 4.435182957725062 2
1753644901721 4.350369133443407 3
1753644933239 4.298527692196933 4
1753644947055 4.244200189259791 5
1753644977753 4.218485807569288 6
1753645004238 4.166014287581028 7
1753645034886 4.153842413368073 8
1753645049925 4.1451352320348 9
1753645064721 4.1281812361753945 10
1753645082360 4.1135303855166825 11
1753645106418 4.119706675656596 12
1753645125056 4.098884868307526 13
1753645139461 4.092685931445814 14
1753645153727 4.108540527340158 15
1753645170277 4.12983266955316 16
1753645188827 4.158089364689997 17
1753645207624 4.153987376865519 18
1753645224691 4.138307935911183 19
1753645247525 4.157093691312012 20
1753645265917 4.177470238469689 21
1753645281705 4.168285139935564 22
1753645311145 4.184770487733754 23
1753645328031 4.218847768136861 24
1753645355420 4.218600038923113 25
1753645383644 4.261394946389079 26
1753645404381 4.303266141773343 27
1753645422615 4.305215294820341 28
1753645443170 4.2748576213149105 29
1753645457549 4.249869912750528 30
1753645491549 4.294087101180176 31
1753645518706 4.308963736166488 32
1753645547563 4.349028951436013 33
1753645575637 4.3591759000694585 34
1753645600765 4.3599137311127425 35
1753645625480 4.377837731501976 36
1753645639532 4.373969520103684 37
1753645656900 4.38358376348061 38
1753645672845 4.430975654099521 39
1753645689833 4.412881725002568 40
1753645704499 4.427399145475515 41
1753645720391 4.456878696233315 42
1753645751534 4.441719513067667 43
1753645765301 4.45375334705162 44
1753645780959 4.467509530925881 45
1753645812244 4.496331476041477 46
1753645826421 4.492538776880878 47
1753645844916 4.469922158297297 48
1753645866112 4.469850008203085 49
1753645883969 4.544937466322865 50
1753645898577 4.5020620058485346 51
1753645924382 4.518082206500926 52
1753645942032 4.537090877055823 53
1753645974667 4.525521791281872 54
1753645989340 4.534170673903273 55
1753646019839 4.549538826026985 56
1753646044314 4.547591047154532 57
1753646058569 4.551149730079716 58
1753646080715 4.566400111108226 59
1753646105750 4.522159711764332 60
1753646134453 4.552501947903738 61
1753646158337 4.561694446705604 62
1753646187515 4.575547409560559 63
1753646214274 4.608077634064366 64
1753646243143 4.587049013427372 65
1753646258944 4.594350203849901 66
1753646276002 4.5829852809122 67
1753646298803 4.580117584381749 68
1753646312871 4.62759929631614 69
1753646326926 4.626578428058551 70
1753646356876 4.638952428356927 71
1753646380885 4.585086019745954 72
1753646407963 4.627191408767089 73
1753646426774 4.619889997655214 74
1753646446851 4.635342224874265 75
1753646461126 4.650250075585699 76
1753646475505 4.649523155687743 77
1753646489732 4.632314782255263 78
1753646508288 4.646426599085343 79
1753646522849 4.661248754921207 80
1753646538920 4.692475538481776 81
1753646557089 4.689535453379292 82
1753646587545 4.684388958951324 83
1753646604079 4.711556085138471 84
1753646621962 4.711961955564819 85
1753646645423 4.688172716398722 86
1753646676582 4.664737196151595 87
1753646706482 4.640517381799597 88
1753646727959 4.6902962087163065 89
1753646759691 4.684122961827541 90
1753646789744 4.657307107501211 91
1753646819695 4.656656761686656 92
1753646837462 4.695523803320532 93
1753646858910 4.7066344017980235 94
1753646872818 4.69771563462082 95
1753646889270 4.690892384737749 96
1753646905849 4.704304875003466 97
1753646920362 4.740156670741941 98
1753646937971 4.750938611892781 99
1753646968578 4.730012416476347 100
