1754491124974 0.20016282426081486 0
1754491185334 0.22969322429041927 1
1754491255548 0.3620434444732265 2
1754491322731 0.34720423343078116 3
1754491383814 0.38124930614661584 4
1754491457533 0.4145727713429301 5
1754491498081 0.4150538430226104 6
1754491544508 0.43568441697812976 7
1754491588215 0.43303852273988824 8
1754491647927 0.4530215002035303 9
1754491699891 0.45070865558968287 10
1754491758001 0.4642526736483736 11
1754491804212 0.4626984420678681 12
1754491851431 0.4738371017281575 13
1754491890475 0.47067313029641417 14
1754491974479 0.4822003478518299 15
1754492022995 0.48264441401768865 16
1754492073783 0.4927284165340636 17
1754492145945 0.4873256115161159 18
1754492193045 0.4977241608999741 19
1754492258268 0.49307996891536837 20
1754492328192 0.503867076194353 21
1754492387934 0.498149724308922 22
1754492439577 0.5099729859749103 23
1754492488709 0.5032564852162972 24
1754492569833 0.512766902268438 25
1754492623762 0.5092698812123007 26
1754492671415 0.5150612441253747 27
1754492710728 0.5101765163009289 28
1754492759146 0.5186877844798875 29
1754492807713 0.5171150501424713 30
1754492875869 0.5230359323539208 31
1754492921559 0.5175961218221515 32
1754492970195 0.521925766939274 33
1754493012609 0.5210191318506457 34
1754493087965 0.5259593679458239 35
1754493128260 0.5243126225807645 36
1754493209876 0.5285127483995116 37
1754493253596 0.5237205343596196 38
1754493302053 0.5295859083003368 39
1754493343338 0.524941716315731 40
1754493409650 0.5305850571735189 41
1754493477688 0.5284202346149576 42
1754493526501 0.5340265699589238 43
1754493564881 0.5303075158198571 44
1754493613596 0.5312511564223069 45
1754493681698 0.5303815268475003 46
1754493758531 0.5340265699589238 47
1754493797267 0.5282907153165821 48
1754493859909 0.5354512822410539 49
1754493898962 0.5321022832402028 50
1754493967245 0.5367649779817193 51
1754494004760 0.5310291233393776 52
1754494053337 0.5374865855012397 53
1754494104724 0.5329904155719202 54
1754494156250 0.5389298005402805 55
1754494212526 0.533175443141028 56
1754494295668 0.5405765459053399 57
1754494351376 0.5333419679532251 58
1754494406390 0.5426858601931688 59
1754494461995 0.5353217629426784 60
1754494510079 0.5355067905117863 61
1754494548010 0.5342301002849424 62
1754494597152 0.5406875624468046 63
1754494655434 0.53654294489879 64
1754494703726 0.5450357103208378 65
1754494767904 0.5370610220922918 66
1754494817172 0.5415386892647004 67
1754494868045 0.5355808015394293 68
1754494937858 0.542574843651704 69
1754494983236 0.53678348073863 70
1754495061335 0.5393553639492285 71
1754495100537 0.5386522591866189 72
1754495181242 0.542833882248455 73
1754495246798 0.5385227398882434 74
1754495306251 0.5427228657069904 75
1754495347242 0.5397809273581764 76
1754495398042 0.5435554897679754 77
1754495449744 0.5404470266069644 78
1754495527599 0.544425119342782 79
1754495570478 0.5426118491655256 80
1754495621036 0.5424083188395071 81
1754495663666 0.5412241423972172 82
1754495717378 0.5374865855012397 83
1754495773995 0.5420012581874699 84
1754495830808 0.5412796506679495 85
1754495881972 0.5429448987899197 86
1754495930157 0.5416312030492544 87
1754495992528 0.5421122747289346 88
1754496042773 0.5416867113199867 89
1754496089016 0.5417237168338083 90
1754496141174 0.541150131369574 91
1754496194345 0.5429448987899197 92
1754496250771 0.5408170817451801 93
1754496296426 0.543000407060652 94
1754496360188 0.542500832624061 95
1754496411907 0.5437220145801724 96
1754496465752 0.5428523850053658 97
1754496533837 0.544351108315139 98
1754496582672 0.5425563408947933 99
1754496627582 0.5432224401435813 100
