1754491124974 2.277921713414665 0
1754491185335 2.247048687959214 1
1754491255548 2.20299010078269 2
1754491322731 2.1794436318178163 3
1754491383815 2.2617820605568575 4
1754491457534 2.196759581579686 5
1754491498082 2.3059321508944812 6
1754491544509 2.2541314911678616 7
1754491588216 2.369159875667088 8
1754491647928 2.307517263785431 9
1754491699891 2.4266095748578724 10
1754491758001 2.35962268479473 11
1754491804213 2.478943793071206 12
1754491851432 2.402557973182482 13
1754491890475 2.5390794851194594 14
1754491974479 2.4530960493013425 15
1754492022995 2.5831735185277274 16
1754492073784 2.4882506266831634 17
1754492145945 2.6392274619864953 18
1754492193045 2.5257658117481587 19
1754492258268 2.700432288122796 20
1754492328193 2.56512193005852 21
1754492387934 2.748252370010716 22
1754492439578 2.608808270467804 23
1754492488709 2.7945617480466862 24
1754492569834 2.637705525477648 25
1754492623762 2.8390520185669152 26
1754492671415 2.675401426677853 27
1754492710728 2.8838779807224206 28
1754492759147 2.716296626364077 29
1754492807714 2.91897644962168 30
1754492875870 2.7369778792879753 31
1754492921560 2.9661201564599855 32
1754492970196 2.7735197319360094 33
1754493012610 3.0195264850040138 34
1754493087965 2.808961998806642 35
1754493128260 3.0553058033748477 36
1754493209876 2.832937824836596 37
1754493253596 3.0988541060179564 38
1754493302054 2.860249152201261 39
1754493343338 3.1553931154521937 40
1754493409650 2.890747947341704 41
1754493477688 3.177460536102316 42
1754493526501 2.9206393790152543 43
1754493564881 3.229227336321769 44
1754493613597 2.941221690724568 45
1754493681698 3.2579520670200557 46
1754493758532 2.957301682610367 47
1754493797267 3.3120782563015925 48
1754493859909 3.0090746296827526 49
1754493898962 3.3258551566974233 50
1754493967246 3.025794566163032 51
1754494004760 3.370587120511194 52
1754494053338 3.0532426563076926 53
1754494104725 3.379948897111538 54
1754494156250 3.10127274806284 55
1754494212526 3.4209603084692337 56
1754494295669 3.1071276133993675 57
1754494351376 3.441713582430299 58
1754494406391 3.099139958089739 59
1754494461995 3.4685136223667627 60
1754494510079 3.149383225785965 61
1754494548010 3.4972992821764537 62
1754494597153 3.1565852141505877 63
1754494655435 3.5155690794323275 64
1754494703727 3.1899576935451974 65
1754494767905 3.5536126808111805 66
1754494817173 3.1878399683176313 67
1754494868046 3.573922437251867 68
1754494937858 3.191828932404839 69
1754494983236 3.6008243991163944 70
1754495061336 3.2127293792954843 71
1754495100538 3.6301866477398317 72
1754495181242 3.2420019440898806 73
1754495246799 3.648432020997185 74
1754495306252 3.2519464180949345 75
1754495347243 3.6601813880139926 76
1754495398043 3.2699105511424444 77
1754495449745 3.6804441632084544 78
1754495527600 3.2835004656122684 79
1754495570479 3.699948244600794 80
1754495621037 3.264229746390305 81
1754495663667 3.704425242871878 82
1754495717379 3.3064209507682953 83
1754495773995 3.7186708936089117 84
1754495830809 3.3001989433663326 85
1754495881972 3.7332662775439096 86
1754495930158 3.292501623801184 87
1754495992529 3.7431082500070163 88
1754496042774 3.2936883566993655 89
1754496089017 3.7604775267465747 90
1754496141175 3.329275018804826 91
1754496194345 3.786177018420423 92
1754496250772 3.3608972441973246 93
1754496296427 3.810555445757032 94
1754496360188 3.379115692351203 95
1754496411908 3.83479269937728 96
1754496465753 3.3984693178131677 97
1754496533838 3.8431404894049743 98
1754496582673 3.4062244589972717 99
1754496627583 3.865646776713631 100
