1753261844362 0.020518358531317494 0
1753261857778 0.03630171124771557 1
1753261871880 0.05466024256521017 2
1753261885589 0.07227114138561223 3
1753261899971 0.08830370493437448 4
1753261912962 0.09860441933876059 5
1753261927345 0.10848978235587307 6
1753261941426 0.12958963282937366 7
1753261955260 0.13399235753447417 8
1753261969506 0.14537298554577172 9
1753261983586 0.1506064130254195 10
1753261997063 0.15575677022761256 11
1753262011518 0.16157168964944343 12
1753262025077 0.17968101013457385 13
1753262039217 0.1860774214985878 14
1753262052570 0.1894833028742316 15
1753262066211 0.19371988702442267 16
1753262080574 0.19887024422661573 17
1753262094838 0.20775876391427148 18
1753262108735 0.21133078584482473 19
1753262122740 0.2153181591626516 20
1753262136736 0.2208838677521183 21
1753262151961 0.2193055324804785 22
1753262165619 0.22877554411031734 23
1753262179915 0.22453895996012627 24
1753262193106 0.2348396743645124 25
1753262208135 0.23882704768233926 26
1753262221676 0.24098687489616216 27
1753262232102 0.25161987041036715 28
1753262246137 0.2555241734507393 29
1753262260106 0.2538627679016448 30
1753262274830 0.25593952483801297 31
1753262289026 0.2576009303871075 32
1753262302933 0.2612560225951155 33
1753262316972 0.26241900647948163 34
1753262331360 0.2704768233925901 35
1753262343378 0.26914769895331453 36
1753262356817 0.27454726698787174 37
1753262371224 0.2763748130918757 38
1753262386608 0.2813590297391593 39
1753262401278 0.28551254361189565 40
1753262415441 0.28700780860608077 41
1753262430066 0.28368499750789167 42
1753262444819 0.286010965276624 43
1753262459671 0.2915766738660907 44
1753262474737 0.2903306197042698 45
1753262489306 0.29149360358863596 46
1753262502613 0.29880378800465196 47
1753262516992 0.30013291244392754 48
1753262529041 0.30669546436285094 49
1753262542748 0.30328958298720715 50
1753262556498 0.3059478318657584 51
1753262570982 0.30702774547266987 52
1753262580941 0.3133410865592291 53
1753262595782 0.3130088054494102 54
1753262607805 0.3194882870908789 55
1753262621923 0.3185745140388769 56
1753262636988 0.3211496926399734 57
1753262650700 0.32023591958797143 58
1753262666026 0.3217311845821565 59
1753262680274 0.3263000498421665 60
1753262693749 0.32198039541452067 61
1753262707214 0.3209004818076092 62
1753262721351 0.32372487124106997 63
1753262734597 0.3326964612061804 64
1753262748215 0.32995514205017445 65
1753262761555 0.3332779531483635 66
1753262774992 0.33369330453563717 67
1753262788514 0.3388436617378302 68
1753262801343 0.3338594450905466 69
1753262815878 0.33635155341418843 70
1753262830188 0.33867752118292077 71
1753262844497 0.33834524007310185 72
1753262857792 0.3400897158996511 73
1753262871758 0.3415849808938362 74
1753262885683 0.34391094866256855 75
1753262899050 0.344077089217478 76
1753262911679 0.342249543113474 77
1753262925630 0.34274796477820235 78
1753262940047 0.34856288420003323 79
1753262950471 0.3474829705931218 80
1753262965872 0.3493935869745805 81
1753262979462 0.3494766572520352 82
1753262992157 0.3512211330785845 83
1753263005105 0.351968765575677 84
1753263019276 0.35288253862767904 85
1753263033356 0.35371324140222626 86
1753263046710 0.3512211330785845 87
1753263061599 0.35703605250041537 88
1753263075540 0.3591958797142382 89
1753263088960 0.35969430137896663 90
1753263102906 0.3603588635986044 91
1753263116359 0.36077421498587803 92
1753263131295 0.36368167469679347 93
1753263145209 0.36575843163316163 94
1753263159374 0.3675859777371656 95
1753263172953 0.36285097192224625 96
1753263187195 0.36542615052334276 97
1753263200639 0.36467851802625023 98
1753263214670 0.36600764246552586 99
1753263230069 0.3658415019106164 100
