1753261844363 4.585213167319632 0
1753261857779 4.48828914066281 1
1753261871881 4.385054518816701 2
1753261885590 4.285625551066613 3
1753261899972 4.200454507268943 4
1753261912963 4.109857959274286 5
1753261927346 4.026409175928123 6
1753261941427 3.9662961430186834 7
1753261955261 3.9080354217322446 8
1753261969507 3.8468463222937404 9
1753261983587 3.7952520148300133 10
1753261997064 3.751066487894784 11
1753262011519 3.7123099200211436 12
1753262025078 3.6653223307306098 13
1753262039218 3.626438676434036 14
1753262052571 3.5914298644482763 15
1753262066212 3.562957567620448 16
1753262080575 3.544227083223414 17
1753262094839 3.5103948064439683 18
1753262108736 3.466080253542146 19
1753262122741 3.467129225513423 20
1753262136737 3.433403623960959 21
1753262151962 3.413843147641423 22
1753262165620 3.3866919156331483 23
1753262179916 3.370658917505233 24
1753262193107 3.330373247063626 25
1753262208136 3.329397068949696 26
1753262221677 3.319606377027174 27
1753262232103 3.2852005170593244 28
1753262246138 3.2575254773532407 29
1753262260107 3.245839361459981 30
1753262274831 3.230049997555603 31
1753262289027 3.2168880994954296 32
1753262302934 3.1987655638345602 33
1753262316973 3.199001587304111 34
1753262331361 3.159933349574098 35
1753262343379 3.160220546449819 36
1753262356818 3.1474521146095213 37
1753262371225 3.128573952577053 38
1753262386609 3.1133579873597736 39
1753262401279 3.097501040056204 40
1753262415442 3.0867187992370946 41
1753262430067 3.08988237478694 42
1753262444820 3.0684896452104207 43
1753262459672 3.055749223569503 44
1753262474738 3.0396795094689684 45
1753262489307 3.042135786063133 46
1753262502614 3.027356146638661 47
1753262516993 3.0078483604367614 48
1753262529042 2.9945707217691924 49
1753262542749 2.9902905728973326 50
1753262556499 2.970750501196943 51
1753262570983 2.967273606904268 52
1753262580942 2.9604154435487895 53
1753262595783 2.944364078433737 54
1753262607806 2.930060603053392 55
1753262621924 2.9303589210684633 56
1753262636989 2.9310253556784884 57
1753262650701 2.9115016171916186 58
1753262666027 2.914489954221444 59
1753262680275 2.8930390839468485 60
1753262693750 2.8833985555292228 61
1753262707215 2.882991411509059 62
1753262721352 2.8789497570687854 63
1753262734598 2.8601208617828533 64
1753262748216 2.8441431218082536 65
1753262761556 2.8536282727802535 66
1753262774993 2.8393137364164027 67
1753262788515 2.8442297024779983 68
1753262801344 2.834271675325733 69
1753262815879 2.8251853915586747 70
1753262830189 2.819507140705394 71
1753262844498 2.7958800943021065 72
1753262857793 2.8133235444236875 73
1753262871759 2.797994418328878 74
1753262885684 2.7996455035624557 75
1753262899051 2.778700853631796 76
1753262911680 2.7741881133804505 77
1753262925631 2.7640414982720953 78
1753262940048 2.7584189235938603 79
1753262950472 2.7623835007224375 80
1753262965873 2.7539525770023623 81
1753262979463 2.7583895911184264 82
1753262992158 2.7557654662035054 83
1753263005106 2.7469314713721618 84
1753263019277 2.7332384276284847 85
1753263033357 2.7404733503401 86
1753263046711 2.718518766260989 87
1753263061600 2.718811117785976 88
1753263075541 2.728350394823913 89
1753263088961 2.704647159140468 90
1753263102907 2.711502493492642 91
1753263116360 2.697606910384969 92
1753263131296 2.698393139519978 93
1753263145210 2.678974311383846 94
1753263159375 2.6771086127931403 95
1753263172954 2.6956458603724456 96
1753263187196 2.670697177005145 97
1753263200640 2.6660749351229174 98
1753263214671 2.665719570107398 99
1753263230070 2.6613309596981907 100
