1753740034960 0.02409038046187074 0
1753740051317 0.043362684831367335 1
1753740078347 0.0613058647615883 2
1753740095011 0.08124273135072271 3
1753740123788 0.09943512211330786 4
1753740151653 0.11779365343080246 5
1753740166473 0.13964113640139558 6
1753740192364 0.15326466190397076 7
1753740206399 0.1643130088054494 8
1753740222003 0.17386609071274298 9
1753740246307 0.18142548596112312 10
1753740260833 0.19579664396079083 11
1753740284652 0.20260840671207841 12
1753740309882 0.21232762917428144 13
1753740330422 0.22046851636484466 14
1753740356264 0.23093537132414022 15
1753740375325 0.22736334939358696 16
1753740390764 0.22786177105831534 17
1753740405879 0.2393254693470676 18
1753740432740 0.24281442100016615 19
1753740459419 0.2443096859943512 20
1753740487666 0.2554411031732846 21
1753740501048 0.25618873567037714 22
1753740524363 0.2580993520518359 23
1753740549729 0.2658248878551254 24
1753740564205 0.26499418508057815 25
1753740589685 0.26316663897657416 26
1753740617840 0.26499418508057815 27
1753740644681 0.2706429639474996 28
1753740657387 0.2696461206180429 29
1753740670579 0.27180594783186574 30
1753740697209 0.26989533145040706 31
1753740713063 0.27089217477986377 32
1753740737435 0.27670709420169465 33
1753740767032 0.2782023591958797 34
1753740780318 0.2794484133577006 35
1753740796118 0.27928227280279116 36
1753740822930 0.2819405216813424 37
1753740838351 0.2818574514038877 38
1753740869611 0.28518026250207673 39
1753740900040 0.2890014952649942 40
1753740934738 0.28792158165808274 41
1753740953038 0.2897491277620867 42
1753740978497 0.2874231599933544 43
1753740999277 0.2939857119122778 44
1753741025122 0.29381957135736836 45
1753741050571 0.29348729024754944 46
1753741063823 0.28792158165808274 47
1753741081119 0.29190895497590963 48
1753741111864 0.2958132580162818 49
1753741127415 0.2903306197042698 50
1753741146007 0.29365343080245887 51
1753741173627 0.2941518524671872 52
1753741201320 0.2929888685828211 53
1753741225691 0.29365343080245887 54
1753741247974 0.3011297557733843 55
1753741277413 0.2965608905133743 56
1753741306795 0.300299052998837 57
1753741336801 0.30046519355374646 58
1753741360739 0.29764080412028576 59
1753741374125 0.29290579830536634 60
1753741397777 0.29406878218973254 61
1753741424473 0.2987207177271972 62
1753741447074 0.2989699285595614 63
1753741464225 0.30104668549592956 64
1753741488605 0.2968101013457385 65
1753741515411 0.30220966938029575 66
1753741533013 0.29880378800465196 67
1753741563442 0.3002159827213823 68
1753741592699 0.29946835022428975 69
1753741623926 0.30162817743811265 70
1753741646464 0.3042864263166639 71
1753741661753 0.3033726532646619 72
1753741691334 0.2987207177271972 73
1753741710464 0.30171124771556734 74
1753741741395 0.3081076590795813 75
1753741771168 0.30420335603920917 76
1753741799559 0.29381957135736836 77
1753741822712 0.301212826050839 78
1753741846031 0.30702774547266987 79
1753741872002 0.3046187074264828 80
1753741887785 0.30686160491776043 81
1753741900577 0.3089383618541286 82
1753741925633 0.3067785346403057 83
1753741943374 0.3049509885363017 84
1753741969190 0.30486791825884696 85
1753741997432 0.3080245888021266 86
1753742014211 0.30071440438611063 87
1753742028536 0.30686160491776043 88
1753742046490 0.3069446751952152 89
1753742076330 0.30387107492939025 90
1753742102837 0.3025419504901146 91
1753742125442 0.3063631832530321 92
1753742139465 0.3101013457384948 93
1753742161325 0.31035055657085897 94
1753742185571 0.3096029240737664 95
1753742204950 0.30669546436285094 96
1753742233461 0.30569862103339424 97
1753742259655 0.30445256687157335 98
1753742274800 0.31001827546104005 99
1753742289655 0.30910450240903803 100
