1753740034962 4.553388824980016 0
1753740051318 4.439964269679752 1
1753740078348 4.321142501017285 2
1753740095012 4.219271438469552 3
1753740123789 4.1424440044773485 4
1753740151654 4.051389481100329 5
1753740166474 3.981483956253193 6
1753740192365 3.93780309199886 7
1753740206400 3.907266808563343 8
1753740222004 3.8632743834146384 9
1753740246308 3.8331415741420582 10
1753740260835 3.8121282404438195 11
1753740284653 3.7726053655673697 12
1753740309883 3.7355876361286504 13
1753740330423 3.7239504963873613 14
1753740356265 3.7380107871721453 15
1753740375326 3.734285776481853 16
1753740390765 3.7532926810394067 17
1753740405880 3.73595115445952 18
1753740432741 3.7285472754171387 19
1753740459420 3.7641299504750716 20
1753740487667 3.7269699812286188 21
1753740501049 3.747744810899399 22
1753740524364 3.736534795524594 23
1753740549730 3.7555596527180386 24
1753740564206 3.7279149284065647 25
1753740589686 3.76249698660062 26
1753740617841 3.790946766790496 27
1753740644682 3.7655458646118265 28
1753740657388 3.761833515974993 29
1753740670581 3.749239558417439 30
1753740697210 3.7700126234625206 31
1753740713064 3.786470965321398 32
1753740737437 3.8002152046820554 33
1753740767033 3.818603631664896 34
1753740780319 3.8001845830025016 35
1753740796119 3.8296646955209703 36
1753740822931 3.8047814967628284 37
1753740838352 3.813722809744563 38
1753740869612 3.8293466594300383 39
1753740900041 3.8206811213929295 40
1753740934740 3.8385463163676308 41
1753740953039 3.865086215316072 42
1753740978498 3.8827348606783887 43
1753740999278 3.8444613074118874 44
1753741025123 3.846600098212059 45
1753741050572 3.873089099917506 46
1753741063824 3.8525353797647623 47
1753741081120 3.815693381166899 48
1753741111865 3.8238164873722473 49
1753741127416 3.8547806006336773 50
1753741146008 3.8391861724798395 51
1753741173628 3.8479167168483155 52
1753741201321 3.851223973240257 53
1753741225692 3.87282993829566 54
1753741247975 3.864758850872742 55
1753741277414 3.8666700955672946 56
1753741306796 3.8725516101100355 57
1753741336802 3.9037066838567425 58
1753741360741 3.8813867304832708 59
1753741374126 3.848984968516946 60
1753741397779 3.8697776116960036 61
1753741424474 3.8745620546595494 62
1753741447075 3.8929632435380133 63
1753741464226 3.895363615510242 64
1753741488606 3.868960017389287 65
1753741515412 3.8699903769395894 66
1753741533014 3.849037142023413 67
1753741563443 3.8736777497144645 68
1753741592700 3.9272283727679747 69
1753741623927 3.9032151394278225 70
1753741646465 3.9086662851346046 71
1753741661754 3.8550833609360713 72
1753741691335 3.9039354332107714 73
1753741710465 3.890773041063419 74
1753741741396 3.926291775520532 75
1753741771169 3.883263799781156 76
1753741799560 3.903653736091201 77
1753741822713 3.9041667715648285 78
1753741846032 3.877753720933923 79
1753741872003 3.9311007081134424 80
1753741887786 3.9117806804322957 81
1753741900578 3.929373973029258 82
1753741925634 3.9190471675614944 83
1753741943375 3.9233699859616737 84
1753741969191 3.9081984740400473 85
1753741997433 3.906364035398432 86
1753742014212 3.8998530452374953 87
1753742028537 3.8955616023721893 88
1753742046491 3.92322144953956 89
1753742076331 3.8913254378134083 90
1753742102838 3.919963689825524 91
1753742125443 3.891437974871583 92
1753742139466 3.9273498867454024 93
1753742161326 3.9183663751032736 94
1753742185572 3.9095757722090454 95
1753742204952 3.9186187239818686 96
1753742233462 3.8977071825836123 97
1753742259657 3.9189074701962725 98
1753742274801 3.9511307958433637 99
1753742289656 3.921346490873089 100
