1754150251148 7.176246669133305 0
1754150273876 6.8613198613878525 1
1754150307876 6.8291712134864495 2
1754150323777 7.443839341261741 3
1754150338661 6.52589001861557 4
1754150355529 7.242596911664387 5
1754150385995 6.6298390708787345 6
1754150415264 6.996106016527387 7
1754150444944 7.268902331199337 8
1754150463759 6.093717101806251 9
1754150487049 6.2112047938444075 10
1754150505092 6.503150318112582 11
1754150522091 6.397198469045398 12
1754150547988 6.549911463095706 13
1754150564245 6.759190908198789 14
1754150579527 6.62620012643064 15
1754150594392 4.697848553399607 16
1754150609834 6.024155528644159 17
1754150632463 6.085741601492271 18
1754150662461 6.115744964431072 19
1754150690790 7.011006551803088 20
1754150718840 6.223234666979124 21
1754150733923 6.136887677536148 22
1754150754698 6.775550894875748 23
1754150769888 7.055906296691515 24
1754150784729 6.624670540745955 25
1754150799753 6.502132362577745 26
1754150821821 5.5739740973553245 27
1754150848786 6.167382416923592 28
1754150875106 6.245768094924478 29
1754150905711 7.490723038634797 30
1754150929692 5.657413805353795 31
1754150953563 5.914117003447075 32
1754150972076 6.641860997587868 33
1754150998759 6.335727780026453 34
1754151023568 6.55685465866464 35
1754151055668 6.807068128265452 36
1754151088268 6.365913387847903 37
1754151117825 6.831739822630993 38
1754151132404 6.335883354544632 39
1754151151310 5.982617852790973 40
1754151169487 6.485030062621579 41
1754151195512 6.240670581008958 42
1754151226891 6.109715632929639 43
1754151243649 6.064968115516918 44
1754151270124 5.538713489682711 45
1754151284577 6.233727294710321 46
1754151314106 6.459982420168114 47
1754151341039 6.788773925297179 48
1754151361761 5.80904514231388 49
1754151395828 7.15357000363956 50
1754151416704 5.703445063674167 51
1754151447014 5.195376854370418 52
1754151464432 5.612914125341708 53
1754151491468 6.155503382817843 54
1754151520645 5.597162575580626 55
1754151535628 6.076081996569248 56
1754151567407 5.938431451520795 57
1754151582676 6.535003517673891 58
1754151604825 6.175197078008225 59
1754151620862 6.543864672422817 60
1754151651827 5.643782190661265 61
1754151668231 6.1435106317784545 62
1754151695990 6.086640594301164 63
1754151727966 6.996524620206637 64
1754151756341 5.403174233850467 65
1754151770587 5.480568500871759 66
1754151785072 5.228555203349 67
1754151814272 6.00650914691016 68
1754151828301 5.884675047579209 69
1754151860772 5.627551501745455 70
1754151876495 5.255775538043395 71
1754151891713 5.281228109429894 72
1754151916439 5.781098684329725 73
1754151935051 6.0572616191605055 74
1754151949030 5.643345015387546 75
1754151977319 5.968770374150701 76
1754152007684 5.952803116659301 77
1754152022475 5.451300395568513 78
1754152043869 6.4554904549230425 79
1754152068408 5.952396541791979 80
1754152092666 4.729198113079162 81
1754152108276 6.084563085587871 82
1754152123148 6.193713371372125 83
1754152138485 4.950767610758893 84
1754152167601 6.012921756632276 85
1754152188587 5.81534123322828 86
1754152207847 5.146917742968766 87
1754152238731 5.60234192198524 88
1754152253386 6.079421853212253 89
1754152278711 5.2092044146269245 90
1754152294440 5.542529205892258 91
1754152309494 5.56163504978318 92
1754152335232 5.555497870652688 93
1754152352684 5.593990559150376 94
1754152372317 5.608801249920002 95
1754152386948 6.117172026915688 96
1754152404225 5.397166636029091 97
1754152434221 6.524147802555583 98
1754152462476 5.395709276749019 99
1754152477112 5.22237057282655 100
