1754128795065 0.025585645456055822 0
1754128827823 0.06354876225286593 1
1754128859875 0.07534474165143712 2
1754128893865 0.10433626848313673 3
1754128921956 0.11588303704934375 4
1754128954388 0.131001827546104 5
1754128987863 0.14661903970759263 6
1754129020537 0.15791659744143546 7
1754129055725 0.1707924904469181 8
1754129090822 0.17386609071274298 9
1754129124598 0.1901478650938694 10
1754129160840 0.19870410367170627 11
1754129192923 0.21050008307027746 12
1754129226515 0.21789333776374814 13
1754129261191 0.22520352217976408 14
1754129295081 0.22860940355540788 15
1754129327367 0.23999003156670543 16
1754129362776 0.24065459378634324 17
1754129388447 0.2501246054161821 18
1754129423780 0.24538959960126266 19
1754129458400 0.2579332114969264 20
1754129490170 0.26017610898820404 21
1754129523475 0.26648945007476327 22
1754129558054 0.2686492772885861 23
1754129591243 0.27429805615550756 24
1754129626472 0.2756271805947832 25
1754129657849 0.2837680677853464 26
1754129691750 0.2825220136235255 27
1754129722969 0.28866921415517527 28
1754129757809 0.29008140887190564 29
1754129795004 0.2909951819239076 30
1754129830147 0.2958963282937365 31
1754129863226 0.2985545771722878 32
1754129897089 0.30187738827047683 33
1754129931886 0.3025419504901146 34
1754129965019 0.3052832696461206 35
1754129997838 0.30486791825884696 36
1754130032910 0.30985213490613056 37
1754130062755 0.3086060807443097 38
1754130094383 0.313673367669048 39
1754130127556 0.3116796810101346 40
1754130161323 0.3111812593454062 41
1754130194462 0.31566705432796144 42
1754130227536 0.31533477321814257 43
1754130258101 0.31599933543778036 44
1754130291888 0.32023591958797143 45
1754130325384 0.31683003821232764 46
1754130350543 0.3185745140388769 47
1754130385223 0.32081741153015453 48
1754130419330 0.32156504402724706 49
1754130449038 0.3230603090214321 50
1754130482948 0.32372487124106997 51
1754130515836 0.3253032065127098 52
1754130549064 0.3258846984548928 53
1754130583441 0.32654926067453066 54
1754130615741 0.3272968931716232 55
1754130647996 0.3276291742814421 56
1754130682990 0.32779531483635155 57
1754130716649 0.3285429473334441 58
1754130749026 0.3292905798305366 59
1754130783238 0.3267154012294401 60
1754130814446 0.3318657584316332 61
1754130848307 0.33078584482472173 62
1754130879619 0.3326964612061804 63
1754130913704 0.3338594450905466 64
1754130947938 0.3322811098189068 65
1754130983052 0.3329456720385446 66
1754131015411 0.3362684831367337 67
1754131049183 0.33377637481309186 68
1754131084498 0.33518856952982223 69
1754131116003 0.33593620202691477 70
1754131150488 0.33560392091709584 71
1754131184257 0.33277953148363515 72
1754131216448 0.33560392091709584 73
1754131250706 0.3368499750789168 74
1754131282385 0.33585313174946 75
1754131314214 0.3360192723043695 76
1754131347895 0.3350224289749128 77
1754131380678 0.33776374813091875 78
1754131415289 0.33801295896328293 79
1754131446191 0.3368499750789168 80
1754131480833 0.3390928725701944 81
1754131516044 0.33743146702109983 82
1754131550420 0.33834524007310185 83
1754131582651 0.3350224289749128 84
1754131619053 0.3381790995181924 85
1754131644988 0.3408373483967436 86
1754131679393 0.3394251536800133 87
1754131709379 0.34058813756437945 88
1754131743763 0.33992357534474166 89
1754131773974 0.33876059146037546 90
1754131805823 0.3391759428476491 91
1754131838154 0.3378468184083735 92
1754131869598 0.33734839674364514 93
1754131899930 0.33734839674364514 94
1754131935875 0.3379298886858282 95
1754131968001 0.337680677853464 96
1754132001421 0.33876059146037546 97
1754132036731 0.3388436617378302 98
1754132067970 0.3394251536800133 99
1754132102575 0.3392590131251038 100
