1754128795066 4.554888427934009 0
1754128827825 4.399087600168835 1
1754128859876 4.246720236858033 2
1754128893867 4.091859415680884 3
1754128921957 3.961487417162943 4
1754128954389 3.8393246939624244 5
1754128987864 3.731289439213381 6
1754129020538 3.6363676286335 7
1754129055727 3.5484407031771616 8
1754129090823 3.471879936908162 9
1754129124600 3.39929128973461 10
1754129160842 3.329731683011514 11
1754129192924 3.274477176527959 12
1754129226516 3.2119861349382037 13
1754129261192 3.159000096700932 14
1754129295082 3.112200885773106 15
1754129327368 3.0631573336021196 16
1754129362777 3.0299094801642603 17
1754129388448 2.9792367257757215 18
1754129423782 2.9580798147104526 19
1754129458401 2.9149363623691635 20
1754129490172 2.8858123292137265 21
1754129523477 2.8581437015794013 22
1754129558055 2.826255560597736 23
1754129591245 2.796623940726397 24
1754129626473 2.7708604180697587 25
1754129657850 2.747042099985569 26
1754129691751 2.7281430376933975 27
1754129722970 2.7006855167451653 28
1754129757810 2.6870374589995607 29
1754129795006 2.672770431032698 30
1754129830149 2.6456655571695236 31
1754129863228 2.6244935891917893 32
1754129897090 2.6073285877679564 33
1754129931887 2.5924712559940333 34
1754129965021 2.568257562449721 35
1754129997839 2.560515748409726 36
1754130032911 2.537681255572581 37
1754130062756 2.5188367813762973 38
1754130094384 2.5032455892235155 39
1754130127557 2.49668511333662 40
1754130161324 2.491697140178945 41
1754130194463 2.491041715378619 42
1754130227537 2.4683011794426 43
1754130258102 2.4725908732504442 44
1754130291889 2.433372873576462 45
1754130325385 2.438143074174246 46
1754130350544 2.4172673097624906 47
1754130385224 2.409174042484148 48
1754130419332 2.3901492861601024 49
1754130449040 2.396087825573909 50
1754130482949 2.368498509172734 51
1754130515838 2.371048119105477 52
1754130549066 2.3546829879935323 53
1754130583443 2.3535251867976594 54
1754130615742 2.339448943803069 55
1754130647997 2.3350008928309776 56
1754130682991 2.3203575136331813 57
1754130716650 2.320253660206336 58
1754130749027 2.299803655066877 59
1754130783239 2.308200080625747 60
1754130814448 2.288519903021532 61
1754130848309 2.291691392973322 62
1754130879620 2.2768648553603636 63
1754130913705 2.2812968467703985 64
1754130947939 2.2700367123577565 65
1754130983053 2.273916894483085 66
1754131015412 2.2545152764678154 67
1754131049185 2.2527283307583006 68
1754131084500 2.2415269463690652 69
1754131116004 2.2411471847577875 70
1754131150489 2.2275525588744225 71
1754131184258 2.233423303222396 72
1754131216450 2.2172031819995786 73
1754131250708 2.206464183886746 74
1754131282386 2.2072180499670737 75
1754131314215 2.206896369361537 76
1754131347896 2.2037879590316196 77
1754131380679 2.1913108109939294 78
1754131415291 2.185681678909071 79
1754131446192 2.181142993600191 80
1754131480835 2.1715695062270934 81
1754131516045 2.1703308897015425 82
1754131550421 2.1651470048580914 83
1754131582652 2.175222694422829 84
1754131619054 2.159581945411244 85
1754131644989 2.152149242574851 86
1754131679394 2.14569946759611 87
1754131709381 2.1442632247615934 88
1754131743764 2.1429480932035982 89
1754131773975 2.1457063089014854 90
1754131805824 2.1494525398474975 91
1754131838156 2.148099557780428 92
1754131869600 2.148059663068802 93
1754131899932 2.1452933176694273 94
1754131935877 2.146077383392596 95
1754131968003 2.1439849483197655 96
1754132001422 2.1416840128422083 97
1754132036732 2.138309805570605 98
1754132067971 2.137391765455129 99
1754132102576 2.1349809572144482 100
