1754203655923 2.4422639221842175 0
1754203710232 2.616319209474139 1
1754203757629 2.4053456716474195 2
1754203803816 2.4662167406166233 3
1754203871310 2.2844075629243297 4
1754203928639 2.3685934053297735 5
1754203964545 2.347736883932883 6
1754204018777 2.4425454170575227 7
1754204050534 2.4927336968923024 8
1754204091097 2.378661406559599 9
1754204126930 2.4225721563282194 10
1754204162555 2.544489852357733 11
1754204197892 2.5048135023225813 12
1754204236032 2.3421779918530152 13
1754204292172 2.5113565558198157 14
1754204360638 2.569787289644249 15
1754204393242 2.8651612663485047 16
1754204453436 2.530687321853673 17
1754204488489 2.6213741664760066 18
1754204543010 2.727873506709089 19
1754204592520 2.7262746861797327 20
1754204640314 3.0513038981304352 21
1754204690212 2.730421991606809 22
1754204723469 2.6586640888253674 23
1754204758918 2.7435522474465053 24
1754204799224 2.9173978550833155 25
1754204832680 2.6373428922508007 26
1754204869518 2.9515629577324742 27
1754204920129 2.82920154402286 28
1754204984236 3.161219665227946 29
1754205035067 2.9014150988493634 30
1754205076997 3.202813324948446 31
1754205122444 2.997771435922027 32
1754205184631 2.8397814038603175 33
1754205229641 2.8241368656162376 34
1754205265826 2.6934428299292295 35
1754205311592 2.8833187709764165 36
1754205349037 3.4973005494516403 37
1754205403559 3.2518703868068743 38
1754205440880 2.941377551382719 39
1754205484046 2.8455022450944956 40
1754205523031 3.1789836917145307 41
1754205594841 2.8213388468045313 42
1754205636591 3.0697844377081664 43
1754205678649 3.011541329642998 44
1754205744199 2.8491321227420214 45
1754205810308 2.868174357383214 46
1754205857927 3.610226627830009 47
1754205903004 3.1307753816732373 48
1754205947977 2.9371508049567883 49
1754205980951 3.1792816426171973 50
1754206015317 3.134848307618176 51
1754206054199 2.8324967873299194 52
1754206109055 2.6155135091797814 53
1754206182073 3.5974614976381827 54
1754206232087 2.837916006975304 55
1754206269211 3.7362855651066407 56
1754206329764 3.0063998551870643 57
1754206361499 2.6142856618008765 58
1754206394900 3.0717244037499998 59
1754206432901 2.9237859774704 60
1754206473827 2.7125225323004973 61
1754206519524 3.0806313431181103 62
1754206573068 2.882983014303528 63
1754206612270 3.2398447501063234 64
1754206651220 3.233314121553867 65
1754206691736 2.998276980628459 66
1754206731604 2.6399741028010513 67
1754206794999 3.115666243539604 68
1754206829048 2.745775732634366 69
1754206874314 2.3957255046819346 70
1754206931773 2.8702006104551034 71
1754206966236 2.5546452611281 72
1754207002985 2.887184596654683 73
1754207041994 2.551827953683877 74
1754207096928 2.6360583096786883 75
1754207144006 3.111009230410177 76
1754207183455 3.4196005836614924 77
1754207229481 2.9863248077251856 78
1754207271240 2.763298621547343 79
1754207323712 2.372214537616407 80
1754207370676 2.7496579535892183 81
1754207405056 3.187490493810059 82
1754207454565 2.752560505569935 83
1754207499231 2.796381065957751 84
1754207530889 2.8414382372017077 85
1754207575705 3.4094446719509195 86
1754207611052 3.4620430039086423 87
1754207673167 3.3638182295097656 88
1754207705763 2.7317508787931764 89
1754207761216 2.7693612274963293 90
1754207797037 2.763416711980326 91
1754207831028 2.5584667876841967 92
1754207874584 2.415678848905423 93
1754207909486 2.971556147457021 94
1754207975660 2.711222375782287 95
1754208030456 2.7848149968238505 96
1754208091662 3.19544041404165 97
1754208149475 2.9046183037445203 98
1754208187409 2.6509170666005817 99
1754208224423 2.8620300120911537 100
