1753719189645 4.584924791178918 0
1753719220696 4.487974344105618 1
1753719248965 4.419244142929613 2
1753719277392 4.368641142937355 3
1753719305909 4.315910063405255 4
1753719335574 4.273137857403861 5
1753719365329 4.241376008542459 6
1753719394078 4.211041589377557 7
1753719419493 4.2155579723395835 8
1753719449231 4.213116881450518 9
1753719475977 4.177042797038714 10
1753719505278 4.174026670451924 11
1753719534485 4.15732096180088 12
1753719555107 4.16224305734458 13
1753719582425 4.1543132376901335 14
1753719611306 4.139692582067896 15
1753719640979 4.1332191363910304 16
1753719671146 4.140063270093414 17
1753719698010 4.144154995817655 18
1753719725964 4.168127325238576 19
1753719756821 4.170369614844264 20
1753719786101 4.169714648904495 21
1753719816141 4.15918323676994 22
1753719845243 4.189909996656672 23
1753719875606 4.176046429160464 24
1753719905486 4.232967290671847 25
1753719935683 4.209194733997311 26
1753719964300 4.19500934942373 27
1753719995779 4.214868860166581 28
1753720017745 4.222471097303369 29
1753720047332 4.197009062130645 30
1753720074629 4.219790690257901 31
1753720104072 4.233824550078265 32
1753720134029 4.22603607147669 33
1753720165320 4.236201889277407 34
1753720190936 4.2449404948295895 35
1753720221278 4.267910938758518 36
1753720251075 4.2692731924921885 37
1753720282803 4.302544929165458 38
1753720312028 4.3282745202432515 39
1753720340095 4.316626023487065 40
1753720366025 4.310388308041935 41
1753720396168 4.334167577893155 42
1753720425644 4.354376515541922 43
1753720454819 4.372952011000865 44
1753720484605 4.374288735995026 45
1753720514782 4.361014939496977 46
1753720542414 4.394152902539611 47
1753720572119 4.421689166234491 48
1753720602206 4.389841846216622 49
1753720633812 4.418643626196137 50
1753720662140 4.428917078109487 51
1753720691365 4.425244665449034 52
1753720721163 4.459086087257133 53
1753720751993 4.428586441574101 54
1753720780359 4.4543124175888495 55
1753720807963 4.4590961632106225 56
1753720838842 4.474568420533324 57
1753720870576 4.476550222332611 58
1753720894229 4.509083382406371 59
1753720914794 4.511602971535262 60
1753720944775 4.520399691879173 61
1753720973652 4.510495839711747 62
1753721003023 4.560704120828254 63
1753721032036 4.566850480022627 64
1753721061337 4.569975345988592 65
1753721088610 4.565648931253603 66
1753721117157 4.585069333306878 67
1753721146126 4.603737798613778 68
1753721175743 4.617370220663017 69
1753721204350 4.601315315667197 70
1753721231043 4.623809985844665 71
1753721259924 4.675623490861505 72
1753721287805 4.61985429242009 73
1753721318068 4.620092147511061 74
1753721346213 4.636233906940834 75
1753721370889 4.645256504410202 76
1753721399167 4.641045633611082 77
1753721429279 4.666919946958659 78
1753721458485 4.645701806307992 79
1753721487627 4.643922673066206 80
1753721517175 4.665833376131924 81
1753721544885 4.689272469359819 82
1753721573927 4.693291576933891 83
1753721603406 4.730054114197121 84
1753721632137 4.706037988797763 85
1753721659981 4.69291802699599 86
1753721688314 4.709310122620363 87
1753721715730 4.705651127494098 88
1753721740952 4.739921562145016 89
1753721770701 4.734363292009202 90
1753721797788 4.709736476476551 91
1753721827173 4.709707806958727 92
1753721858359 4.729360780761291 93
1753721887647 4.77138160788597 94
1753721915961 4.770932563203581 95
1753721943973 4.751376718671044 96
1753721973201 4.7661045559342545 97
1753722001952 4.75971442198568 98
1753722030487 4.780996034480084 99
1753722057988 4.791170363142592 100
