1753911792681 0.011131417178933378 0
1753911820989 0.024256521016780195 1
1753911854468 0.03771390596444592 2
1753911897443 0.047183917594284766 3
1753911938281 0.05557401561721216 4
1753911982573 0.05441103173284599 5
1753912025117 0.061472005316497755 6
1753912069626 0.07492939026416348 7
1753912113627 0.07335105499252367 8
1753912157935 0.06869911945505898 9
1753912203748 0.07418175776707094 10
1753912247073 0.08855291576673865 11
1753912290040 0.08456554244891178 12
1753912334067 0.08988204020601429 13
1753912378390 0.09170958631001827 14
1753912421967 0.09852134906130587 15
1753912465048 0.09835520850639641 16
1753912508443 0.10084731683003821 17
1753912555446 0.09901977072603423 18
1753912599340 0.117627512875893 19
1753912646213 0.11023425818242233 20
