1753911792682 4.604775015817424 0
1753911820990 4.5602709765363425 1
1753911854469 4.5032820043316395 2
1753911897444 4.470668480794882 3
1753911938282 4.422292093198951 4
1753911982574 4.38349887333946 5
1753912025119 4.362435092709508 6
1753912069627 4.325701905933228 7
1753912113628 4.288115463438431 8
1753912157937 4.270540496524245 9
1753912203749 4.259612501827487 10
1753912247074 4.246808738058944 11
1753912290041 4.217811292348783 12
1753912334068 4.200552050127946 13
1753912378391 4.19842063934141 14
1753912421968 4.174856318417741 15
1753912465049 4.15354141752 16
1753912508444 4.15047004320652 17
1753912555448 4.134794166931724 18
1753912599341 4.138634376581754 19
1753912646215 4.1128034914455345 20
