1749277618518 2.0728858858353854 0
1749277712729 1.9455809235368149 1
1749277816391 1.8677901670389965 2
1749277907088 1.6737864537260592 3
1749278000111 1.5342526820595317 4
1749278098308 1.5807702543826663 5
1749278191573 1.5227138669295774 6
1749278276304 1.470578051227123 7
1749278365644 1.4987757160072455 8
1749278459814 1.5366781475249314 9
1749278550361 1.4637974467716064 10
1749278637750 1.4907616160474302 11
1749278728277 1.5803830198158662 12
1749278806646 1.5694846463520247 13
1749278904885 1.5581052666387836 14
1749278995274 1.6069172796256597 15
1749279081907 1.5729458249065114 16
1749279160742 1.5638726112572319 17
1749279240341 1.556115121911729 18
1749279317681 1.5802109707813257 19
1749279410145 1.5573365729094564 20
1749279491899 1.5522206741646656 21
1749279565357 1.6035711849779464 22
1749279634229 1.5443088920603487 23
1749279714391 1.625378177431815 24
1749279774708 1.6523318234259794 25
1749279841861 1.4878457749719578 26
1749279912339 1.4882791910904267 27
1749279976783 1.5097061131848055 28
1749280042252 1.5373593813062412 29
1749280109942 1.4917113000104296 30
1749280170948 1.5005765019390809 31
1749280230864 1.4992858407598293 32
1749280284146 1.5126354637333266 33
1749280337906 1.5187548998129472 34
1749280395510 1.5639118081790437 35
1749280453568 1.498482091908864 36
1749280511858 1.492114728089614 37
1749280563021 1.4849589307562625 38
1749280612097 1.4846262499991003 39
1749280667589 1.4604093227035058 40
1749280715674 1.4789249807835443 41
1749280776862 1.4860345311649568 42
1749280835427 1.4918987794469087 43
1749280889024 1.448756513002525 44
1749280942563 1.4567016654271787 45
1749280993193 1.4905491017979233 46
1749281044272 1.4134781055095718 47
1749281101022 1.4389331978647444 48
1749281147086 1.4711006346016204 49
1749281191548 1.508007161596263 50
