1750967765963 0.03588635986044193 0
1750967787372 0.07750456886526001 1
1750967809851 0.1101511879049676 2
1750967832538 0.12742980561555076 3
1750967855730 0.13606911447084233 4
1750967877516 0.1683003821232763 5
1750967900529 0.18034557235421167 6
1750967922745 0.19737497923243064 7
1750967944780 0.20759262335936202 8
1750967967588 0.2162319322146536 9
1750967990997 0.22952317660740987 10
1750968014281 0.24123608572852634 11
1750968039001 0.24464196710417013 12
1750968053464 0.2566871573351055 13
1750968067879 0.26216979564711745 14
1750968082891 0.26615716896494435 15
1750968098672 0.2710583153347732 16
1750968114137 0.27429805615550756 17
1750968129162 0.2803621864097026 18
1750968143568 0.28293736501079914 19
1750968157942 0.2811928891842499 20
1750968172547 0.28925070609735837 21
1750968187147 0.28567868416680514 22
1750968201608 0.29348729024754944 23
1750968216372 0.2912443927562718 24
1750968231590 0.2977238743977405 25
1750968243542 0.2979730852301047 26
1750968255842 0.2971423824555574 27
1750968268030 0.29946835022428975 28
1750968279942 0.3071108157501246 29
1750968291996 0.3096859943512211 30
1750968303798 0.30819072935703606 31
1750968315388 0.3052832696461206 32
1750968326825 0.3055324804784848 33
1750968338320 0.3027080910450241 34
1750968349892 0.31242731350722713 35
1750968361514 0.30902143213158334 36
1750968373370 0.31342415683668384 37
1750968385642 0.31408871905632163 38
1750968394455 0.3149194218308689 39
1750968403398 0.32081741153015453 40
1750968412225 0.31965442764578833 41
1750968421207 0.3167469679348729 42
1750968429889 0.3177438112643296 43
1750968438498 0.32023591958797143 44
1750968447096 0.31898986542615054 45
1750968455702 0.31724538959960125 46
1750968464247 0.3216481143047018 47
1750968472887 0.3204851304203356 48
1750968481481 0.321897325137066 49
1750968490275 0.32023591958797143 50
