1750967765964 4.505388925786076 0
1750967787372 4.275738051529941 1
1750967809852 4.041316160137486 2
1750967832539 3.857721502713768 3
1750967855731 3.7327927894680477 4
1750967877517 3.543096251350433 5
1750967900530 3.4059772111127837 6
1750967922746 3.2772982591287887 7
1750967944781 3.1831757331806454 8
1750967967589 3.1059698865863643 9
1750967990998 3.017577335282302 10
1750968014282 2.9500844952137144 11
1750968039002 2.93051867772672 12
1750968053465 2.8546809487204534 13
1750968067880 2.8289907085088783 14
1750968082892 2.796912795984229 15
1750968098673 2.7605604889163353 16
1750968114137 2.7440284400389143 17
1750968129163 2.7205355518151855 18
1750968143569 2.685769380529471 19
1750968157943 2.6884960793757346 20
1750968172548 2.644465153509952 21
1750968187148 2.641118905169967 22
1750968201609 2.6139384361939952 23
1750968216373 2.6006531323540756 24
1750968231591 2.56431872504456 25
1750968243542 2.5555311998884034 26
1750968255843 2.561390632927142 27
1750968268030 2.5350812644881326 28
1750968279943 2.512669100875161 29
1750968291997 2.507089394751894 30
1750968303798 2.505067131220167 31
1750968315389 2.495036748877189 32
1750968326826 2.490636183815676 33
1750968338320 2.481209783029937 34
1750968349893 2.4538218276046715 35
1750968361515 2.4601832852487857 36
1750968373371 2.4377459807398942 37
1750968385642 2.4316240535057005 38
1750968394456 2.4233275854873177 39
1750968403398 2.4060608300029256 40
1750968412226 2.402740170821366 41
1750968421208 2.4154814277165273 42
1750968429889 2.3986953015135035 43
1750968438499 2.3959839805027374 44
1750968447097 2.3952693302699526 45
1750968455703 2.3970642720715944 46
1750968464248 2.3874677022799267 47
1750968472888 2.3811273999252256 48
1750968481481 2.372744256318142 49
1750968490276 2.376738234032799 50
