1751234594207 4.525442540019237 0
1751234718134 4.4294212624624825 1
1751234844535 4.281535867584408 2
1751234971396 4.102342423294311 3
1751235096662 3.9110083867642698 4
1751235223711 3.737410160712506 5
1751235350189 3.526213758104035 6
1751235476160 3.379426048452386 7
1751235604523 3.2217450745469534 8
1751235736209 3.089725044581408 9
1751235864559 2.9830899548510534 10
1751235991044 2.8472161000894367 11
1751236120751 2.7381153400077594 12
1751236247522 2.6225859633309843 13
1751236375246 2.6431310047442897 14
1751236503383 2.493969565544774 15
1751236629915 2.4361062398499027 16
1751236755140 2.4310219627861818 17
1751236884783 2.3225855196835163 18
1751237011103 2.287967709820528 19
1751237135403 2.292058553952237 20
1751237262876 2.17199378931357 21
1751237392692 2.08849022587892 22
1751237517874 1.9974422625705643 23
1751237648843 2.016511053560962 24
1751237775720 1.9543351202063222 25
1751237905516 1.906661905013197 26
1751238034267 1.8715158685597115 27
1751238160972 1.8348547177199006 28
1751238286305 1.80874506395722 29
1751238417984 1.681469730303136 30
1751238545547 1.6399774167807275 31
1751238672272 1.6049923661058065 32
1751238799597 1.5810778679662063 33
1751238927683 1.4455888117434548 34
1751239053615 1.4048753335395496 35
1751239179767 1.4817168131289036 36
1751239307262 1.405586766634182 37
1751239433817 1.3977039051549482 38
1751239561716 1.3404087032707812 39
1751239690322 1.2528928663078953 40
1751239817652 1.2612987921932206 41
1751239948304 1.185575328159728 42
1751240075205 1.142561417863794 43
1751240201845 1.1323308045715532 44
1751240329601 1.0831106711255747 45
1751240457247 1.030922430033078 46
1751240583939 1.0081107758358276 47
1751240713040 0.9932044374530633 48
1751240838604 0.989406433874078 49
1751240965953 1.0046843309918463 50
1751241042918 0.9522354812848688 51
1751241116550 0.9199644406993582 52
1751241190679 0.8599614647294216 53
1751241264760 0.8115729496631491 54
1751241338755 0.7981843664097518 55
1751241412113 0.7804526985967833 56
1751241486072 0.8001317386548714 57
1751241561521 0.7753986790784082 58
1751241636253 0.7280543919084277 59
1751241709953 0.7680472856941044 60
1751241782106 0.7595267484771787 61
1751241857317 0.7335680682727297 62
1751241931566 0.6994151181207454 63
1751242004495 0.7186053428805178 64
1751242078513 0.7000578490750236 65
1751242152315 0.6355234621990724 66
1751242225698 0.661318055742012 67
1751242301922 0.663151436362818 68
1751242375863 0.6785899625003601 69
1751242450956 0.6790307447221874 70
1751242525987 0.6189582107166637 71
1751242598795 0.6223586757078974 72
1751242673570 0.6157448680616505 73
1751242748955 0.5917837391245347 74
1751242822973 0.5739187500758638 75
1751242898492 0.5819615428267456 76
1751242972248 0.5898773700974415 77
1751243047091 0.5918953381322196 78
1751243120162 0.5628259929203158 79
1751243194588 0.5650300580954172 80
1751243269422 0.5219186557454503 81
1751243344651 0.5452036350075282 82
1751243420747 0.5003868084989673 83
1751243494761 0.5001330622822241 84
1751243568349 0.5481328278092551 85
1751243643550 0.50774676921907 86
1751243718898 0.4821208972732852 87
1751243795159 0.5297532992922129 88
1751243869003 0.4936402348430374 89
1751243943727 0.5055203215239046 90
1751244016518 0.47621316293715654 91
1751244088781 0.46605484566884997 92
1751244164153 0.4600392568703019 93
1751244237341 0.4528462796019075 94
1751244311007 0.4317431353766999 95
1751244384549 0.4343510900341059 96
1751244459303 0.43992850462271477 97
1751244534771 0.41302040465154183 98
1751244609330 0.4170378210733967 99
1751244685479 0.398805355016626 100
1751244738190 0.3799822894430016 101
1751244791473 0.4011312160643304 102
1751244845319 0.39380377020331403 103
1751244898857 0.38374111118983634 104
1751244953142 0.4199457109356538 105
1751245005875 0.4053417902100031 106
1751245059460 0.40856638646983284 107
1751245112730 0.3921081981666311 108
1751245164294 0.3937786928512714 109
1751245217342 0.3802135941445649 110
1751245270240 0.39729477346965986 111
1751245322866 0.3515427607783406 112
1751245376537 0.39632916904163024 113
1751245429530 0.3596782757994218 114
1751245482755 0.38098942262334684 115
1751245536416 0.39878245508002713 116
1751245590662 0.40118436888574743 117
1751245644485 0.3676147660590511 118
1751245697634 0.3999940196143995 119
1751245751178 0.40244556030809736 120
1751245805186 0.4330137179586637 121
1751245857827 0.3466610910776907 122
1751245910735 0.34776124931093244 123
1751245964586 0.38978205744655486 124
1751246018122 0.3551461836031492 125
1751246072448 0.3330841552023394 126
1751246124998 0.31252459285300443 127
1751246178187 0.38729930160600046 128
1751246231617 0.37344786921700446 129
1751246285289 0.41345720925954016 130
1751246339131 0.41953115141578645 131
1751246393124 0.4207927805633676 132
1751246445518 0.3600965065104725 133
1751246498364 0.35269474544311463 134
1751246551329 0.33609470764627997 135
1751246604270 0.3484712861424109 136
1751246657965 0.3715184841974638 137
1751246710460 0.33862746341736105 138
1751246762543 0.3231006169461885 139
1751246815556 0.33486370503265894 140
1751246869006 0.2935288551572973 141
1751246921917 0.2854183632570204 142
1751246975439 0.2942379660210124 143
1751247027984 0.30324158345487323 144
1751247082404 0.2816962721861723 145
1751247134811 0.30830847305467274 146
1751247187651 0.3294530374438593 147
1751247240835 0.3642820344234497 148
1751247293447 0.3009547198105356 149
1751247346658 0.30772859037649425 150
1751247378923 0.3427567052121144 151
1751247411393 0.3718424417229605 152
1751247443263 0.37157267236116354 153
1751247475911 0.3504591066115851 154
1751247507793 0.3494995484278236 155
1751247539882 0.34806502416541824 156
1751247572190 0.33982635761551266 157
1751247604641 0.34298894372388966 158
1751247636771 0.342897400819783 159
1751247669251 0.33569069719783723 160
1751247701075 0.32147261125470905 161
1751247732803 0.3452661356193547 162
1751247764875 0.3557690428046313 163
1751247796890 0.3673115064746345 164
1751247828994 0.3651656768768799 165
1751247861268 0.33570454238422454 166
1751247893402 0.4364395888161913 167
1751247925476 0.41527387386310444 168
1751247957451 0.351848060536966 169
1751247989962 0.31865397820743635 170
1751248022212 0.3275049568710108 171
1751248054181 0.340486683943305 172
1751248086302 0.34105289657967236 173
1751248118353 0.3060018784995749 174
1751248150437 0.3280296153187307 175
1751248182833 0.34018263779384855 176
1751248215040 0.3136269645849102 177
1751248247587 0.306497554526568 178
1751248279897 0.2935774924701664 179
1751248311400 0.31862864778340905 180
1751248343324 0.32982336654185507 181
1751248375560 0.3183278719752286 182
1751248407413 0.3340858124170496 183
1751248439800 0.30337623674160213 184
1751248471881 0.28785640149916153 185
1751248504220 0.2827984118212082 186
1751248536413 0.2979575020743653 187
1751248568492 0.32864775961110726 188
1751248600730 0.3200714394431886 189
1751248632924 0.29129363244658585 190
1751248665088 0.26140178236624945 191
1751248697009 0.2605770189379087 192
1751248729309 0.2961332677690212 193
1751248762020 0.2914720016582832 194
1751248794211 0.32721585103675893 195
1751248826655 0.3382829915112242 196
1751248859456 0.35604663495205935 197
1751248891604 0.3294276617028069 198
1751248923879 0.3024999668197581 199
1751248956236 0.2870203014204812 200
