1749120445664 4.375865224515776 0
1749120515499 4.023265730738515 1
1749120586260 3.7009138030271496 2
1749120657358 3.4216069400647267 3
1749120728233 3.207442178065669 4
1749120799427 3.0417511024143837 5
1749120870129 2.9030072688869315 6
1749120940850 2.791045462612478 7
1749121012509 2.6890675789717724 8
1749121085447 2.561830599635035 9
1749121157151 2.490371801684057 10
1749121227851 2.3980312186115382 11
1749121299670 2.338385652238591 12
1749121371271 2.2625440026045496 13
1749121442144 2.202189815561376 14
1749121514238 2.129835835198686 15
1749121584471 2.067729205067723 16
1749121654362 2.0054312337764415 17
1749121726321 1.94854219134045 18
1749121796861 1.8657999629379691 19
1749121866337 1.871855521119771 20
1749121937279 1.8009555617865345 21
1749122009189 1.746911020845418 22
1749122079441 1.6810113890577894 23
1749122151698 1.6555432550987954 24
1749122222135 1.6248577228071277 25
1749122294213 1.5626817379948932 26
1749122365291 1.5537553970725573 27
1749122435495 1.5113090447244297 28
1749122504886 1.4894345491379344 29
1749122577570 1.4729117407075878 30
1749122649471 1.4547600432338639 31
1749122720729 1.4126536722514613 32
1749122791696 1.3396516908681226 33
1749122862735 1.3273227271530563 34
1749122932241 1.2917540540478674 35
1749123002804 1.2871279204227257 36
1749123073717 1.2128034067426137 37
1749123144311 1.1572451062849698 38
1749123215871 1.1311049660608143 39
1749123287082 1.1318718516214246 40
1749123358171 1.1222753847404912 41
1749123431548 1.07680420083549 42
1749123502212 1.0585578716176651 43
1749123572521 1.021208895656835 44
1749123643642 1.002179317460864 45
1749123711837 0.9761095624569072 46
1749123780681 0.9540495524098339 47
1749123853133 0.9650069304585432 48
1749123923406 0.9366717854151075 49
1749123992375 0.9114402922727425 50
