1753219126226 0.0183585313174946 0
1753219132924 0.021764412693138394 1
1753219139821 0.029323807941518523 2
1753219146236 0.03713241402226283 3
1753219153802 0.042947333444093704 4
1753219161178 0.04502409038046187 5
1753219168257 0.05590629672703107 6
1753219175177 0.0609735836517694 7
1753219181091 0.06653929224123609 8
1753219188524 0.0746801794317993 9
1753219195929 0.08282106662236252 10
1753219203038 0.08132580162817744 11
1753219210034 0.08207343412526998 12
1753219217499 0.09162651603256355 13
1753219224475 0.09461704602093371 14
1753219231510 0.09968433294567204 15
1753219238225 0.09818906795148696 16
1753219244862 0.10367170626349892 17
1753219251726 0.10807443096859944 18
1753219258214 0.11023425818242233 19
1753219264841 0.11214487456388104 20
1753219271588 0.11579996677188902 21
1753219278687 0.11380628011297558 22
1753219285905 0.12618375145372984 23
1753219291940 0.12668217311845822 24
1753219299309 0.13183253032065126 25
1753219306900 0.13357700614720053 26
1753219313273 0.12576840006645623 27
1753219320063 0.13174946004319654 28
1753219327423 0.14213324472503738 29
1753219334778 0.1486957966439608 30
1753219341963 0.14819737497923244 31
1753219349199 0.14495763415849808 32
1753219356258 0.14828044525668715 33
1753219362042 0.14678518026250206 34
1753219367806 0.1555906296727031 35
1753219373773 0.1555906296727031 36
1753219380213 0.16007642465525834 37
1753219387278 0.16298388436617378 38
1753219394407 0.1630669546436285 39
1753219402006 0.1726200365509221 40
1753219408355 0.1721216148861937 41
1753219415314 0.17137398238910118 42
1753219421934 0.16813424156836684 43
1753219428291 0.18001329124439275 44
1753219435553 0.18042864263166639 45
1753219443065 0.1780196045854793 46
1753219450799 0.18316996178767236 47
1753219457808 0.18740654593786343 48
1753219464808 0.18840338926732014 49
1753219471539 0.1894833028742316 50
1753219478130 0.19031400564877887 51
1753219485113 0.19122777870078086 52
1753219491747 0.19313839508223957 53
1753219497982 0.19455058979896994 54
1753219504630 0.2000332281109819 55
1753219511749 0.20144542282771224 56
1753219517937 0.19895331450407044 57
1753219525194 0.20219305532480478 58
1753219532008 0.2016115633826217 59
1753219538784 0.20825718557899983 60
1753219546213 0.20767569363681676 61
1753219553937 0.21108157501246055 62
1753219561102 0.21166306695464362 63
1753219567669 0.21764412693138396 64
1753219575204 0.21506894833028742 65
1753219582015 0.2174779863764745 66
1753219588974 0.2212161488619372 67
1753219596441 0.21481973749792324 68
1753219603101 0.21548429971756106 69
1753219610205 0.21980395414520684 70
1753219617659 0.22204685163648447 71
1753219624906 0.22287755441103174 72
1753219631646 0.22545273301212826 73
1753219638662 0.22802791161322478 74
1753219644955 0.22711413856122278 75
1753219652149 0.2267818574514039 76
1753219659548 0.22977238743977405 77
1753219666120 0.22885861438777205 78
1753219673038 0.23666722046851638 79
1753219679676 0.23467353380960293 80
1753219685664 0.23716564213324473 81
1753219692498 0.23749792324306362 82
1753219698876 0.238910117959794 83
1753219705975 0.2373317826881542 84
1753219712373 0.23799634490779198 85
1753219719288 0.23749792324306362 86
1753219725834 0.2386609071274298 87
1753219732826 0.2448081076590796 88
1753219739803 0.24588802126599102 89
1753219745913 0.248629340421997 90
1753219751965 0.24995846486127263 91
1753219758501 0.2507891676358199 92
1753219765587 0.2532812759594617 93
1753219773152 0.2530320651270975 94
1753219780416 0.25311513540455227 95
1753219787294 0.2512875893005483 96
1753219794061 0.2576009303871075 97
1753219800556 0.25618873567037714 98
1753219807556 0.25477654095364677 99
1753219814410 0.2578501412194717 100
