1753219126227 4.617454599863143 0
1753219132925 4.591633989010202 1
1753219139822 4.556047950185813 2
1753219146237 4.512247663277846 3
1753219153803 4.4684939750757176 4
1753219161179 4.422187915766324 5
1753219168258 4.377819626508715 6
1753219175178 4.334879559045481 7
1753219181092 4.291792652445613 8
1753219188525 4.247274634065423 9
1753219195930 4.208673890070937 10
1753219203039 4.1713120330026445 11
1753219210035 4.136197827853491 12
1753219217500 4.098095768236623 13
1753219224476 4.066748123000579 14
1753219231511 4.0287049720146015 15
1753219238226 4.004197629222653 16
1753219244863 3.983989058296537 17
1753219251727 3.953917401335028 18
1753219258215 3.9285908259479574 19
1753219264842 3.9087224817416306 20
1753219271589 3.882360621729334 21
1753219278688 3.8633922704782444 22
1753219285906 3.8375347935887834 23
1753219291941 3.816432343405202 24
1753219299310 3.7872416576751893 25
1753219306901 3.766676147828938 26
1753219313274 3.754743647254681 27
1753219320063 3.734125950297371 28
1753219327424 3.7106993663406214 29
1753219334779 3.689264984730163 30
1753219341964 3.6777349351684103 31
1753219349200 3.660668751280465 32
1753219356259 3.6433924999293184 33
1753219362043 3.6292724633928404 34
1753219367807 3.605747247954886 35
1753219373774 3.5990382695007646 36
1753219380214 3.5773216626783437 37
1753219387279 3.5662662798038496 38
1753219394408 3.5463663879539244 39
1753219402007 3.521349788714277 40
1753219408356 3.5105270116256033 41
1753219415315 3.5076048151692105 42
1753219421935 3.4900255575055783 43
1753219428292 3.4727431074217017 44
1753219435554 3.4589111279068296 45
1753219443066 3.4534661224681122 46
1753219450800 3.4368846246353364 47
1753219457809 3.422119315229779 48
1753219464809 3.407025048641559 49
1753219471540 3.3987212770122497 50
1753219478131 3.380448728486639 51
1753219485114 3.3757071631102065 52
1753219491748 3.359764794233017 53
1753219497983 3.353595557609693 54
1753219504631 3.3389898184569455 55
1753219511750 3.322424490620179 56
1753219517938 3.3129279367209183 57
1753219525195 3.300683048529102 58
1753219532009 3.29750533026775 59
1753219538785 3.2781932157796687 60
1753219546214 3.274137448793502 61
1753219553938 3.2643766314755873 62
1753219561103 3.257089192750024 63
1753219567670 3.241590196392826 64
1753219575205 3.2282408532499014 65
1753219582016 3.2203145861976434 66
1753219588975 3.208824069347638 67
1753219596442 3.205337102847121 68
1753219603102 3.2041824405661345 69
1753219610206 3.1815060263624106 70
1753219617660 3.174970137892575 71
1753219624907 3.1607171794655646 72
1753219631647 3.1574824364458927 73
1753219638663 3.1486832165527665 74
1753219644956 3.139844334616587 75
1753219652150 3.1379524265432015 76
1753219659549 3.123440025858941 77
1753219666121 3.1170790112284164 78
1753219673039 3.104304103026524 79
1753219679677 3.099721081896257 80
1753219685665 3.091173630519392 81
1753219692499 3.085413745092013 82
1753219698877 3.0794518483241298 83
1753219705976 3.072991776235868 84
1753219712374 3.0653788407543416 85
1753219719289 3.056888562032484 86
1753219725835 3.043411235440524 87
1753219732827 3.030779001140554 88
1753219739804 3.032498475882926 89
1753219745914 3.019764613433764 90
1753219751966 3.0168273528366845 91
1753219758502 3.0070079561791134 92
1753219765588 2.9991186007625568 93
1753219773153 2.990045867531477 94
1753219780417 2.9801034041441206 95
1753219787295 2.9817809190204936 96
1753219794062 2.968515923815948 97
1753219800557 2.966015889846061 98
1753219807557 2.958029560904485 99
1753219814411 2.9538759242691577 100
