1754703315064 0.23868984727691864 0
1754703329393 0.3980405340505235 1
1754703342596 0.46277975218518874 2
1754703356284 0.5606569974065891 3
1754703369170 0.5810200749207569 4
1754703382691 0.6248199020267026 5
1754703392796 0.6976275093650947 6
1754703407708 0.7408510229564883 7
1754703422479 0.7768706176159831 8
1754703435644 0.7917587167419076 9
1754703450130 0.7740851022956489 10
1754703463660 0.8087599654211891 11
1754703480207 0.8320046105081164 12
1754703491903 0.8218230717510325 13
1754703506948 0.8269138411295744 14
1754703519784 0.8486216501776966 15
1754703533449 0.8407453654788205 16
1754703549165 0.8575545096532514 17
1754703564179 0.8700413024685428 18
1754703577585 0.8641821150705984 19
1754703591842 0.874267601575257 20
1754703605100 0.8722505042743253 21
1754703618281 0.8771491691480165 22
1754703631491 0.8893478052060321 23
1754703643001 0.8813754682547306 24
1754703657804 0.883296513303237 25
1754703670525 0.9096148304677745 26
1754703683357 0.9098069349726251 27
1754703696599 0.9057727403707617 28
1754703711815 0.9085582556910959 29
1754703723853 0.914897704351167 30
1754703734111 0.9153779656132937 31
1754703747932 0.9102871962347517 32
1754703760477 0.9171069061569493 33
1754703775311 0.9203726827394102 34
1754703788271 0.9256555566228029 35
1754703803325 0.9222937277879166 36
1754703817791 0.9274805494188839 37
1754703831977 0.9337239458265296 38
1754703846171 0.9344923638459322 39
1754703859902 0.9270002881567573 40
1754703873153 0.9410239170108539 41
1754703887716 0.9418883872826818 42
1754703901047 0.9439054845836135 43
1754703912924 0.9400633944866007 44
1754703926727 0.9416962827778311 45
1754703941409 0.9439054845836135 46
1754703956236 0.9477475746806263 47
1754703969344 0.9432331188166363 48
1754703982553 0.9469791566612237 49
1754703996131 0.9501488809912593 50
1754704010825 0.9483238881951782 51
1754704024915 0.9447699548554414 52
1754704039673 0.9490923062145807 53
1754704053380 0.9531265008164441 54
1754704067156 0.9525501873018922 55
1754704077085 0.9520699260397656 56
1754704089290 0.9482278359427528 57
1754704103403 0.9531265008164441 58
1754704116652 0.9553357026222264 59
1754704130822 0.953990971088272 60
1754704145369 0.9586014792046873 61
1754704159004 0.9584093746998367 62
1754704174128 0.958505426952262 63
1754704187019 0.9584093746998367 64
1754704201932 0.9594659494765152 65
1754704218710 0.9605225242531937 66
1754704233546 0.9604264720007685 67
1754704249680 0.9599462107386418 68
1754704260121 0.9622514647968495 69
1754704275883 0.9620593602919989 70
1754704290920 0.9623475170492748 71
1754704305908 0.9600422629910671 72
1754704319779 0.963308039573528 73
1754704332075 0.9646527711074825 74
1754704343364 0.9640764575929306 75
1754704358278 0.965421189126885 76
1754704372163 0.9661896071462875 77
1754704387138 0.9590817404668139 78
1754704401548 0.9626356738065508 79
1754704415562 0.9630198828162521 80
1754704428791 0.9680145999423686 81
1754704441121 0.9661896071462875 82
1754704454890 0.9637883008356546 83
1754704468054 0.9686869657093459 84
1754704481134 0.9682067044472192 85
1754704494513 0.9675343386802421 86
1754704507706 0.965133032369609 87
1754704521976 0.9684948612044952 88
1754704536808 0.9701277494957257 89
1754704549903 0.9704159062530017 90
1754704565650 0.9691672269714725 91
1754704573039 0.969935644990875 92
1754704585055 0.9684948612044952 93
1754704598514 0.9690711747190471 94
1754704611896 0.9698395927384497 95
1754704626994 0.9712803765248295 96
1754704640896 0.9709922197675536 97
1754704653036 0.9714724810296801 98
1754704665743 0.972336951301508 99
1754704679518 0.9717606377869561 100
