1754703315065 3.3154130298798994 0
1754703329395 3.0038340949814204 1
1754703342597 2.7249316500639065 2
1754703356285 2.5118321753459614 3
1754703369171 2.3947358071389115 4
1754703382692 2.237354875162324 5
1754703392797 2.11000119826725 6
1754703407709 2.023513561590567 7
1754703422480 1.9491448534991997 8
1754703435645 1.8825984122686572 9
1754703450131 1.9123713319837268 10
1754703463661 1.8661660188713494 11
1754703480208 1.8148566467765288 12
1754703491905 1.7801982977415713 13
1754703506949 1.7932741659457745 14
1754703519785 1.7852362979364522 15
1754703533450 1.7888689258319663 16
1754703549166 1.7836975194950568 17
1754703564180 1.7491342399531404 18
1754703577586 1.7533268371134456 19
1754703591843 1.7677494065643165 20
1754703605101 1.7502961190547985 21
1754703618282 1.7600810060576269 22
1754703631492 1.7260601143659793 23
1754703643002 1.7422723877495068 24
1754703657806 1.7084279117050696 25
1754703670526 1.7702930759018993 26
1754703683358 1.769737004779307 27
1754703696600 1.8420369035008048 28
1754703711816 1.7830041579917641 29
1754703723854 1.868981144964603 30
1754703734112 1.8225472653069128 31
1754703747933 1.8157723389739857 32
1754703760479 1.8849143148983956 33
1754703775313 1.8944684988376321 34
1754703788272 1.9154569219587312 35
1754703803326 1.9668634439505825 36
1754703817792 1.9725004083941142 37
1754703831978 1.9941526327578802 38
1754703846173 1.999967801681012 39
1754703859903 2.030795692140498 40
1754703873154 2.017843667386201 41
1754703887717 2.038749806737731 42
1754703901048 2.0565655267204868 43
1754703912926 2.093209344024645 44
1754703926728 2.1196682247865883 45
1754703941410 2.1346195168778075 46
1754703956237 2.1331472716298894 47
1754703969345 2.1558983286101503 48
1754703982554 2.159495321753928 49
1754703996132 2.150618762993389 50
1754704010826 2.174371566863026 51
1754704024916 2.184121714918582 52
1754704039674 2.1829718962203417 53
1754704053381 2.18843711337815 54
1754704067158 2.20247350879054 55
1754704077086 2.216176732531111 56
1754704089291 2.2451195161975823 57
1754704103404 2.25027388937009 58
1754704116653 2.2510489750213556 59
1754704130823 2.2699161442991653 60
1754704145370 2.285835358557397 61
1754704159006 2.288098559171371 62
1754704174129 2.3108829262830803 63
1754704187021 2.2981495955227436 64
1754704201933 2.333280652313862 65
1754704218711 2.3334553622484115 66
1754704233547 2.34101337740136 67
1754704249681 2.3703525529652163 68
1754704260122 2.352878874384401 69
1754704275884 2.3747657079785673 70
1754704290921 2.385308306082404 71
1754704305910 2.3758051340150437 72
1754704319780 2.381836965635059 73
1754704332076 2.3943211044860107 74
1754704343365 2.3984973128271654 75
1754704358280 2.392109489140857 76
1754704372164 2.4139731258469364 77
1754704387139 2.4513455030116704 78
1754704401549 2.4448323764321502 79
1754704415563 2.451209859490954 80
1754704428792 2.4557396292744516 81
1754704441122 2.462896071358137 82
1754704454891 2.4662232182190276 83
1754704468056 2.471796877099432 84
1754704481135 2.478551890221525 85
1754704494514 2.4875848578757322 86
1754704507707 2.500728420822375 87
1754704521977 2.4796419813495976 88
1754704536809 2.4947723645449 89
1754704549904 2.50513856069887 90
1754704565652 2.5329011436491737 91
1754704573040 2.531509486444383 92
1754704585056 2.5497118317915253 93
1754704598515 2.5455481412573127 94
1754704611897 2.5428326184337973 95
1754704626995 2.560551119713064 96
1754704640897 2.5619220734280086 97
1754704653037 2.558072358249502 98
1754704665744 2.5692911515002863 99
1754704679519 2.5614429092112285 100
