1752725259523 0.02682119205298013 0
1752725282429 0.05637417218543046 1
1752725304751 0.08394039735099337 2
1752725326502 0.10066225165562914 3
1752725348220 0.11961920529801325 4
1752725371478 0.1297185430463576 5
1752725395171 0.14403973509933773 6
1752725419340 0.15306291390728477 7
1752725443770 0.1672185430463576 8
1752725466076 0.1771523178807947 9
1752725489696 0.18841059602649007 10
1752725512316 0.19155629139072847 11
1752725535911 0.201158940397351 12
1752725559284 0.2097682119205298 13
1752725581326 0.21928807947019868 14
1752725605323 0.225 15
1752725629312 0.23104304635761588 16
1752725653869 0.2389072847682119 17
1752725677720 0.2408112582781457 18
1752725699439 0.24817880794701988 19
1752725723662 0.25215231788079473 20
1752725748031 0.2550496688741722 21
1752725772657 0.2589403973509934 22
1752725796640 0.2603476821192053 23
1752725819986 0.2674668874172185 24
1752725843857 0.2705298013245033 25
1752725858271 0.2734271523178808 26
1752725872759 0.27483443708609273 27
1752725887237 0.27822847682119206 28
1752725901683 0.2815397350993378 29
1752725916099 0.28294701986754967 30
1752725931370 0.28302980132450334 31
1752725945612 0.28700331125827816 32
1752725960799 0.28683774834437087 33
1752725975334 0.286341059602649 34
1752725989587 0.2903145695364238 35
1752726004133 0.29254966887417216 36
1752726019523 0.2939569536423841 37
1752726034147 0.2950331125827815 38
1752726048478 0.2947019867549669 39
1752726062975 0.29677152317880795 40
1752726077304 0.3001655629139073 41
1752726092231 0.30066225165562915 42
1752726106687 0.30173841059602646 43
1752726121666 0.30455298013245036 44
1752726136190 0.30653973509933774 45
1752726150598 0.30612582781456954 46
1752726165258 0.30910596026490067 47
1752726179787 0.30571192052980134 48
1752726194183 0.3097682119205298 49
1752726209309 0.311341059602649 50
1752726221772 0.3125827814569536 51
1752726234026 0.31357615894039736 52
1752726246125 0.31415562913907286 53
1752726257939 0.31374172185430466 54
1752726270014 0.31481788079470197 55
1752726281536 0.31415562913907286 56
1752726293044 0.3172185430463576 57
1752726304817 0.3177980132450331 58
1752726317041 0.3222682119205298 59
1752726329194 0.31920529801324504 60
1752726340822 0.3219370860927152 61
1752726353160 0.3206953642384106 62
1752726364790 0.3214403973509934 63
1752726376438 0.3248344370860927 64
1752726388019 0.32491721854304634 65
1752726399541 0.3257450331125828 66
1752726411083 0.3263245033112583 67
1752726422603 0.3256622516556291 68
1752726434661 0.3277317880794702 69
1752726446230 0.3277317880794702 70
1752726458181 0.32806291390728476 71
1752726470316 0.32814569536423843 72
1752726482265 0.32922185430463574 73
1752726493874 0.32922185430463574 74
1752726505391 0.3302980132450331 75
1752726514188 0.3314569536423841 76
1752726522963 0.3299668874172185 77
1752726531585 0.33220198675496687 78
1752726540241 0.3350165562913907 79
1752726548878 0.3337748344370861 80
1752726557582 0.33187086092715234 81
1752726566415 0.3345198675496689 82
1752726575207 0.33336092715231785 83
1752726583887 0.3365066225165563 84
1752726592729 0.3345198675496689 85
1752726601491 0.33725165562913906 86
1752726610271 0.3379139072847682 87
1752726618853 0.33725165562913906 88
1752726627460 0.3382450331125828 89
1752726636137 0.33708609271523177 90
1752726644886 0.3403973509933775 91
1752726653791 0.3394867549668874 92
1752726662643 0.33799668874172184 93
1752726671494 0.3387417218543046 94
1752726680158 0.34014900662251657 95
1752726689025 0.34105960264900664 96
1752726697902 0.34105960264900664 97
1752726706736 0.33973509933774837 98
1752726715546 0.3399006622516556 99
1752726724399 0.3408112582781457 100
