1753322224123 0.02816082405715235 0
1753322260552 0.0513374314670211 1
1753322294352 0.0684499086226948 2
1753322326925 0.08655922910782522 3
1753322362436 0.10309021432131583 4
1753322397048 0.11663066954643629 5
1753322432307 0.14005648778866922 6
1753322463970 0.15409536467851803 7
1753322497669 0.15592291078252202 8
1753322532571 0.16979564711746137 9
1753322566527 0.17677355042365842 10
1753322602615 0.1919754111978734 11
1753322639516 0.2019438444924406 12
1753322655653 0.2119122777870078 13
1753322688876 0.22462203023758098 14
1753322724089 0.23101844160159496 15
1753322759499 0.2327629174281442 16
1753322792937 0.23899318823724872 17
1753322828465 0.24547266987871738 18
1753322862330 0.24912776208672538 19
1753322893191 0.2528659245721881 20
1753322925878 0.2520352217976408 21
1753322941451 0.25560724372819404 22
1753322977808 0.2654095364678518 23
1753323015153 0.26333277953148365 24
1753323048994 0.26499418508057815 25
1753323074922 0.2676524339591294 26
1753323112136 0.2768732347566041 27
1753323140959 0.277205515866423 28
1753323173132 0.2806113972420668 29
1753323189145 0.2818574514038877 30
1753323224555 0.28734008971589964 31
1753323259152 0.28866921415517527 32
1753323293687 0.29190895497590963 33
1753323328083 0.2890014952649942 34
1753323360650 0.297557733842831 35
1753323393152 0.2939857119122778 36
1753323423289 0.3011297557733843 37
1753323458438 0.302126599102841 38
1753323493845 0.3043694965941186 39
1753323522300 0.30544941020103006 40
1753323547997 0.310932048513042 41
1753323584150 0.3116796810101346 42
1753323617847 0.3067785346403057 43
1753323651714 0.30727695630503404 44
1753323675203 0.30760923741485297 45
1753323709242 0.3086060807443097 46
1753323745273 0.3177438112643296 47
1753323781844 0.3111812593454062 48
1753323810644 0.310932048513042 49
1753323846552 0.31325801628177435 50
1753323876476 0.31599933543778036 51
1753323912646 0.3075261671373982 52
1753323947631 0.31035055657085897 53
1753323976542 0.3133410865592291 54
1753324009977 0.32098355208506396 55
1753324042640 0.32679847150689484 56
1753324073877 0.31683003821232764 57
1753324107575 0.32256188735670377 58
1753324145067 0.32156504402724706 59
1753324179672 0.3251370659578003 60
1753324211015 0.3055324804784848 61
1753324244567 0.3203189898654262 62
1753324278776 0.3192390762585147 63
1753324312811 0.33078584482472173 64
1753324347354 0.30760923741485297 65
1753324383106 0.3276291742814421 66
1753324412137 0.32397408207343414 67
1753324448218 0.32372487124106997 68
1753324472566 0.3294567203854461 69
1753324490501 0.3257185578999834 70
1753324526476 0.328875228443263 71
1753324545727 0.32281109818906795 72
1753324581192 0.3235587306861605 73
1753324617054 0.313673367669048 74
1753324651432 0.3360192723043695 75
1753324684596 0.3311181259345406 76
1753324719894 0.3266323309519854 77
1753324755239 0.32737996344907794 78
1753324788357 0.33078584482472173 79
1753324823527 0.3276291742814421 80
1753324858063 0.33153347732181426 81
1753324893746 0.33277953148363515 82
1753324930137 0.3322811098189068 83
1753324964280 0.33593620202691477 84
1753324999997 0.33402558564545604 85
1753325035965 0.338594450905466 86
1753325070648 0.3341086559229108 87
1753325104772 0.3319488287090879 88
1753325142302 0.337680677853464 89
1753325178386 0.329789001495265 90
1753325209579 0.33635155341418843 91
1753325231207 0.33435786675527496 92
1753325261924 0.3341086559229108 93
1753325298866 0.337680677853464 94
1753325321515 0.34033892673201527 95
1753325357823 0.33892673201528495 96
1753325391907 0.33552085063964115 97
1753325420193 0.33801295896328293 98
1753325436931 0.34216647283601925 99
1753325453139 0.33734839674364514 100
