1753322224124 4.560477075931554 0
1753322260553 4.469655456989941 1
1753322294354 4.382698775189621 2
1753322326926 4.306640693398773 3
1753322362437 4.252905087392838 4
1753322397049 4.187686877523264 5
1753322432308 4.153077464837295 6
1753322463971 4.1012795293416335 7
1753322497670 4.069532175407835 8
1753322532572 4.043535496417892 9
1753322566528 4.041861001009098 10
1753322602616 4.007293976971761 11
1753322639517 4.010131927236081 12
1753322655654 3.979232029185269 13
1753322688877 3.9628717066761623 14
1753322724090 3.9687640632135923 15
1753322759500 3.9876139166977485 16
1753322792938 3.9978269722693205 17
1753322828466 3.979586189311309 18
1753322862331 3.98030511372828 19
1753322893192 4.0034992800459435 20
1753322925879 4.005237271050136 21
1753322941452 3.9889675543908565 22
1753322977809 4.00474696394374 23
1753323015154 4.03617067793529 24
1753323048995 4.018248208822349 25
1753323074923 4.0720916995485075 26
1753323112137 4.087991992407058 27
1753323140961 4.073666431802118 28
1753323173133 4.034113310286857 29
1753323189146 4.058241254507167 30
1753323224556 4.062422676014269 31
1753323259153 4.090140274050557 32
1753323293688 4.1172153404426455 33
1753323328084 4.1257944779017235 34
1753323360651 4.104768463071027 35
1753323393153 4.134809406190021 36
1753323423290 4.079605566949191 37
1753323458439 4.09440262716525 38
1753323493846 4.147729955234664 39
1753323522301 4.086953339643366 40
1753323547998 4.165229570645152 41
1753323584151 4.174881143572953 42
1753323617848 4.166536104972245 43
1753323651715 4.177176694112848 44
1753323675204 4.168969396622354 45
1753323709243 4.175910407014132 46
1753323745274 4.195335899232665 47
1753323781845 4.127448036508833 48
1753323810645 4.119364736885922 49
1753323846553 4.210321486447227 50
1753323876477 4.157651582777425 51
1753323912647 4.157293792561905 52
1753323947632 4.183451216653798 53
1753323976543 4.1678990980264965 54
1753324009978 4.183829529313492 55
1753324042641 4.181778559606082 56
1753324073878 4.170276980394574 57
1753324107577 4.202773857525088 58
1753324145068 4.186626561390046 59
1753324179673 4.172131624390669 60
1753324211017 4.1832724855120516 61
1753324244568 4.176361746650726 62
1753324278777 4.200112456594409 63
1753324312812 4.252492382164109 64
1753324347355 4.2092747295814785 65
1753324383107 4.18846763895935 66
1753324412138 4.141080222294179 67
1753324448219 4.166767538358004 68
1753324472567 4.236097164630589 69
1753324490502 4.190698498760566 70
1753324526477 4.213811943947191 71
1753324545728 4.15572166893852 72
1753324581193 4.190642514321272 73
1753324617055 4.1877095596461595 74
1753324651434 4.252340046102483 75
1753324684597 4.221302139666362 76
1753324719895 4.248720444829687 77
1753324755240 4.190014721159426 78
1753324788358 4.205331943719364 79
1753324823528 4.234955625180288 80
1753324858064 4.24769691685109 81
1753324893747 4.252687663917233 82
1753324930138 4.214624232983279 83
1753324964281 4.241522131252058 84
1753324999998 4.233680651268322 85
1753325035966 4.264987154536109 86
1753325070649 4.2402105996304575 87
1753325104773 4.221040966538082 88
1753325142303 4.275163318302613 89
1753325178387 4.183744773168482 90
1753325209580 4.212540158141481 91
1753325231208 4.195496109941017 92
1753325261925 4.207977592174673 93
1753325298867 4.235930477560644 94
1753325321516 4.255212259898921 95
1753325357824 4.264960851487416 96
1753325391908 4.232289688934945 97
1753325420194 4.236857319094895 98
1753325436932 4.2786427895441035 99
1753325453140 4.277747230758533 100
