1752945737867 0.029240737664063796 0
1752945768150 0.07501246054161821 1
1752945797441 0.10333942515368001 2
1752945819808 0.1260176108988204 3
1752945844822 0.14454228277122447 4
1752945860581 0.16472836019272305 5
1752945891444 0.1869911945505898 6
1752945904975 0.20327296893171623 7
1752945919282 0.21357368333610235 8
1752945946194 0.22761256022595117 9
1752945971863 0.2336766904801462 10
1752945997669 0.2438943346070776 11
1752946031446 0.24555574015617213 12
1752946048861 0.25660408705765075 13
1752946065592 0.26300049842166473 14
1752946084761 0.27487954809769066 15
1752946102271 0.27213822894168466 16
1752946118713 0.27454726698787174 17
1752946135844 0.28144210001661407 18
1752946154175 0.28675859777371654 19
1752946172074 0.2852633327795315 20
1752946187451 0.2903306197042698 21
1752946201285 0.2875893005482638 22
1752946219024 0.2955640471839176 23
1752946237995 0.2931550091377305 24
1752946256553 0.299385279946835 25
1752946267561 0.3002159827213823 26
1752946279224 0.29705931217810266 27
1752946290885 0.3033726532646619 28
1752946303624 0.30727695630503404 29
1752946317039 0.30744309685994353 30
1752946327982 0.3089383618541286 31
1752946340681 0.30603090214321316 32
1752946352977 0.3086891510217644 33
1752946364951 0.30644625353048677 34
1752946375999 0.31242731350722713 35
1752946387550 0.31217810267486296 36
1752946399170 0.313673367669048 37
1752946412233 0.313673367669048 38
1752946418899 0.31500249210832365 39
1752946425960 0.320069779033062 40
1752946433060 0.3195713573683336 41
1752946439448 0.3169131084897824 42
1752946445675 0.31716231932214656 43
1752946453343 0.32139890347233757 44
1752946460180 0.31982056820069776 45
1752946467281 0.31824223292905796 46
1752946474476 0.3220634656919754 47
1752946481364 0.31940521681342415 48
1752946488587 0.32438943346070775 49
1752946494825 0.3216481143047018 50
