1752539318086 0.022350993377483443 0
1752539341449 0.04561258278145695 1
1752539365934 0.06572847682119205 2
1752539389582 0.07822847682119205 3
1752539413092 0.09751655629139074 4
1752539437078 0.10504966887417219 5
1752539460593 0.11399006622516557 6
1752539485462 0.12955298013245034 7
1752539510370 0.13278145695364238 8
1752539535260 0.14163907284768212 9
1752539560222 0.15 10
1752539585176 0.15471854304635763 11
1752539609833 0.16175496688741722 12
1752539633494 0.17144039735099337 13
1752539657161 0.17756622516556292 14
1752539680852 0.1853476821192053 15
1752539704632 0.18841059602649007 16
1752539728507 0.19958609271523178 17
1752539752235 0.1994205298013245 18
1752539775935 0.20678807947019867 19
1752539799718 0.21142384105960266 20
1752539823275 0.21382450331125827 21
1752539847841 0.21746688741721854 22
1752539871637 0.22044701986754967 23
1752539895534 0.22632450331125828 24
1752539919065 0.22963576158940396 25
1752539942696 0.23841059602649006 26
1752539966506 0.23990066225165563 27
1752539990844 0.24486754966887417 28
1752540014559 0.25149006622516556 29
1752540038582 0.25124172185430466 30
1752540062526 0.2544701986754967 31
1752540086046 0.2548013245033113 32
1752540109910 0.2570364238410596 33
1752540133419 0.25794701986754964 34
1752540156859 0.264817880794702 35
1752540180371 0.2670529801324503 36
1752540204100 0.2677152317880795 37
1752540227550 0.26995033112582784 38
1752540250855 0.2691225165562914 39
1752540274496 0.2730132450331126 40
1752540298114 0.2764900662251656 41
1752540322273 0.27996688741721854 42
1752540345822 0.2774834437086093 43
1752540369469 0.28336092715231787 44
1752540392793 0.28642384105960267 45
1752540416181 0.281705298013245 46
1752540439924 0.28816225165562914 47
1752540463555 0.2893211920529801 48
1752540487057 0.2910596026490066 49
1752540511371 0.2947847682119205 50
1752540535265 0.2947847682119205 51
1752540559376 0.29652317880794704 52
1752540583342 0.29644039735099337 53
1752540606960 0.30033112582781457 54
1752540630768 0.29950331125827817 55
1752540654043 0.3004139072847682 56
1752540677231 0.3038907284768212 57
1752540700820 0.3036423841059603 58
1752540724436 0.30538079470198676 59
1752540747809 0.30637417218543045 60
1752540771875 0.3041390728476821 61
1752540796179 0.3074503311258278 62
1752540819977 0.3081953642384106 63
1752540844401 0.30885761589403976 64
1752540868090 0.3109271523178808 65
1752540891666 0.3077814569536424 66
1752540915136 0.31125827814569534 67
1752540938876 0.3121688741721854 68
1752540962023 0.3138245033112583 69
1752540985637 0.31572847682119204 70
1752541009046 0.3170529801324503 71
1752541032486 0.3173841059602649 72
1752541056297 0.31870860927152317 73
1752541079754 0.3167218543046358 74
1752541104166 0.31862582781456955 75
1752541128595 0.3214403973509934 76
1752541151981 0.32177152317880797 77
1752541175429 0.32309602649006625 78
1752541199071 0.3224337748344371 79
1752541222652 0.3234271523178808 80
1752541246249 0.32392384105960265 81
1752541269583 0.32293046357615895 82
1752541294361 0.3256622516556291 83
1752541319370 0.32475165562913905 84
1752541344381 0.3264900662251656 85
1752541367582 0.3300496688741722 86
1752541391140 0.3277317880794702 87
1752541415001 0.32814569536423843 88
1752541438639 0.330546357615894 89
1752541463697 0.32880794701986754 90
1752541487828 0.33178807947019867 91
1752541512602 0.33170529801324505 92
1752541537358 0.33269867549668874 93
1752541561082 0.33253311258278145 94
1752541584769 0.33369205298013244 95
1752541608475 0.335182119205298 96
1752541631832 0.3352649006622517 97
1752541655222 0.3337748344370861 98
1752541679647 0.3336092715231788 99
1752541703292 0.33725165562913906 100
