1752539318087 4.58517116550844 0
1752539341450 4.487730525351729 1
1752539365935 4.372619268356769 2
1752539389583 4.274382785428169 3
1752539413093 4.173007578281521 4
1752539437079 4.080189288747139 5
1752539460594 3.989598414368016 6
1752539485463 3.911672514520936 7
1752539510370 3.8339661284928517 8
1752539535261 3.7690025941297636 9
1752539560223 3.7091094066733827 10
1752539585177 3.646428020266036 11
1752539609834 3.5880319905529343 12
1752539633495 3.5444622712894183 13
1752539657162 3.4887062669790945 14
1752539680853 3.448320806133041 15
1752539704633 3.4069395977402257 16
1752539728508 3.3647238966969018 17
1752539752236 3.331115835972159 18
1752539775936 3.2914810816396782 19
1752539799719 3.2634673228433884 20
1752539823276 3.236946586468148 21
1752539847842 3.208493649439191 22
1752539871638 3.1898655021204436 23
1752539895535 3.1481610241780915 24
1752539919066 3.1241569215220406 25
1752539942697 3.099956836373921 26
1752539966507 3.078661773537591 27
1752539990845 3.0577972065177366 28
1752540014560 3.0366475787764156 29
1752540038583 3.013966860487294 30
1752540062527 2.9986778822960356 31
1752540086047 2.9819285138443066 32
1752540109911 2.9691466452810333 33
1752540133420 2.954737996408036 34
1752540156860 2.9321406670796377 35
1752540180372 2.919529707647215 36
1752540204101 2.9002339300753706 37
1752540227551 2.890821617961469 38
1752540250856 2.884124351905776 39
1752540274497 2.874405167588579 40
1752540298115 2.8554401258897166 41
1752540322274 2.8374886834259048 42
1752540345823 2.8259046680420448 43
1752540369470 2.809664219934456 44
1752540392794 2.795835392362527 45
1752540416182 2.803470214634297 46
1752540439925 2.783681710473343 47
1752540463556 2.773042949201231 48
1752540487058 2.7646526101574205 49
1752540511372 2.7511036189131346 50
1752540535266 2.738763045628916 51
1752540559377 2.7335045970024163 52
1752540583343 2.721294347302224 53
1752540606961 2.712164350390823 54
1752540630769 2.70815725372682 55
1752540654044 2.693255442142035 56
1752540677232 2.686485387812005 57
1752540700820 2.681478282455341 58
1752540724436 2.6755350760271512 59
1752540747809 2.6695862666244223 60
1752540771876 2.6589762802014683 61
1752540796180 2.651722864039102 62
1752540819978 2.6538712472410073 63
1752540844402 2.642685676230433 64
1752540868091 2.6348139709812917 65
1752540891667 2.6364624427735923 66
1752540915137 2.620073715099667 67
1752540938877 2.6139885019125013 68
1752540962024 2.612072036483755 69
1752540985638 2.598353530131292 70
1752541009046 2.5956303712144764 71
1752541032487 2.585617041235481 72
1752541056298 2.5834730156616317 73
1752541079755 2.585839443158762 74
1752541104167 2.5817319725331442 75
1752541128596 2.565697717104874 76
1752541151982 2.5644317213024665 77
1752541175430 2.5524177225503535 78
1752541199071 2.544761060364329 79
1752541222653 2.5458098167285717 80
1752541246250 2.5514720133317184 81
1752541269584 2.5452998045793125 82
1752541294362 2.5349668989212115 83
1752541319371 2.537005817305845 84
1752541344381 2.531151291968457 85
1752541367583 2.5129634168630295 86
1752541391141 2.5100419115315504 87
1752541415001 2.5052882472623894 88
1752541438640 2.510492877972995 89
1752541463698 2.5122370620599943 90
1752541487829 2.4987004277921065 91
1752541512603 2.49393216819057 92
1752541537359 2.496045384012563 93
1752541561083 2.486118342731733 94
1752541584770 2.473906525624366 95
1752541608475 2.4767433028467147 96
1752541631833 2.4687452113777604 97
1752541655223 2.472994337482408 98
1752541679648 2.465388424563661 99
1752541703293 2.4537588614287458 100
