1751871829150 0.17048689415505194 0
1751871918384 0.10257310806314467 1
1751872005800 0.16338866501534252 2
1751872099160 0.13041147547044252 3
1751872186325 0.192299160782284 4
1751872277112 0.21603386446818737 5
1751872371289 0.2425413139117897 6
1751872465909 0.24043402713593848 7
1751872558690 0.2428370734592776 8
1751872647586 0.29171133868165183 9
1751872739286 0.2849273540611483 10
1751872829144 0.2759251728344856 11
1751872912496 0.30648083108432844 12
1751872999157 0.29734925505563975 13
1751873088653 0.3245776183962438 14
1751873184110 0.31185995785426446 15
1751873272662 0.32010425524048947 16
1751873367820 0.29413286997670895 17
1751873465086 0.3393101408554845 18
1751873555519 0.24664497763318421 19
1751873645716 0.31300602610078004 20
1751873737944 0.3198269806647196 21
1751873833919 0.35587267551480645 22
1751873925571 0.3074050796702281 23
1751874026054 0.34319198491626307 24
1751874115278 0.31222965728862434 25
1751874204690 0.33973529520499834 26
1751874294823 0.35361750896521127 27
1751874383988 0.3235424599800362 28
1751874483411 0.34162076232023364 29
1751874577420 0.3285703722873304 30
1751874683528 0.36533698103441903 31
1751874777758 0.3126548116381382 32
1751874872598 0.3726015749195904 33
1751874962474 0.3656142556101889 34
1751875054260 0.3541905430884691 35
1751875141650 0.3568338940441421 36
1751875235154 0.39825871566416504 37
1751875319438 0.3961699138600318 38
1751875411098 0.36818366667899 39
1751875495516 0.3733779437317461 40
1751875575315 0.362619690191874 41
1751875666038 0.34842323191245517 42
1751875762453 0.37287884949536027 43
1751875859877 0.3530629598136715 44
1751875960795 0.37369218825095196 45
1751876063880 0.3491811157528929 46
1751876151333 0.34956930015897075 47
1751876241470 0.390051388221376 48
1751876336279 0.34997596953676663 49
1751876435915 0.3588672409331214 50
1751876490200 0.35206477134089986 51
1751876548658 0.3566490443269622 52
1751876604936 0.3645606122222633 53
1751876655911 0.32317276054567634 54
1751876710462 0.39295352878110096 55
1751876765171 0.3636918185515176 56
1751876824783 0.3904026026840179 57
1751876882034 0.3829901290251026 58
1751876941467 0.37629856926318905 59
1751876998055 0.3914932160153795 60
1751877054976 0.354338422862213 61
1751877108258 0.403804207179563 62
1751877164308 0.38742652223742097 63
1751877220872 0.3822137602129469 64
1751877276416 0.3860586343302895 65
1751877336413 0.3628415098524899 66
1751877391693 0.37542977559244334 67
1751877445614 0.38084587230581535 68
1751877504353 0.3788494953602721 69
1751877563401 0.3796443491441458 70
1751877621389 0.38942289918296424 71
1751877673545 0.40066176198750414 72
1751877728967 0.38152981625938115 73
1751877783802 0.38731561240711304 74
1751877839935 0.412196384339532 75
1751877895672 0.3426189507930053 76
1751877950162 0.3934895929609228 77
1751878005050 0.39239897962956116 78
1751878066679 0.4003105475248623 79
1751878126392 0.3582387518947096 80
1751878179805 0.39025472291027397 81
1751878236991 0.40101297645014605 82
1751878294912 0.38897925986173243 83
1751878349169 0.379015860105734 84
1751878402572 0.39487596583977225 85
1751878455073 0.3947465710377463 86
1751878511714 0.38968168878701614 87
1751878562195 0.3836555880069504 88
1751878615265 0.3678879071315021 89
1751878682615 0.41239971902842987 90
1751878741278 0.392898073865947 91
1751878795409 0.35149173721764204 92
1751878852243 0.40864726976967725 93
1751878909687 0.4062627084180561 94
1751878964085 0.37981071388960774 95
1751879019137 0.40373026729269107 96
1751879076357 0.3728973344670783 97
1751879127558 0.4168730821841843 98
1751879183869 0.4002550926097083 99
1751879239295 0.403859662094717 100
1751879282882 0.3631372693999778 101
1751879327954 0.38149284631594516 102
1751879372765 0.3728233945802063 103
1751879414065 0.3920107952234833 104
1751879455646 0.4214758401419646 105
1751879498256 0.4099227328182188 106
1751879540549 0.3824170949018448 107
1751879585921 0.431346815039373 108
1751879626994 0.43704018632851493 109
1751879671968 0.4076305963251876 110
1751879712323 0.4241191910976376 111
1751879754827 0.3656697105253429 112
1751879798328 0.4031757181411512 113
1751879840473 0.354486302635957 114
1751879882549 0.3986838700136789 115
1751879927019 0.40716847203223777 116
1751879970633 0.43387925616473805 117
1751880008372 0.39380383748012865 118
1751880049995 0.42593071832600093 119
1751880092233 0.38467226145143996 120
1751880134248 0.3883692557950386 121
1751880176985 0.42953528781100964 122
1751880222240 0.39169655070427745 123
1751880262759 0.4040814817553329 124
1751880307760 0.3716588413619727 125
1751880352497 0.41003364264852676 126
1751880395095 0.41199304965063405 127
1751880439254 0.3802728381825576 128
1751880482668 0.4049133054826426 129
1751880527184 0.3585160264704795 130
1751880568069 0.40373026729269107 131
1751880607017 0.41548670930533477 132
1751880651628 0.39607748900144185 133
1751880691716 0.38360013309179636 134
1751880734372 0.40485785056748863 135
1751880776727 0.4123442641132759 136
1751880825507 0.4246737402491774 137
1751880868049 0.4365410920921291 138
1751880911405 0.414802765351769 139
1751880955165 0.36990276904876335 140
1751880996755 0.4082590853635994 141
1751881037233 0.4162261081740545 142
1751881078275 0.4326962179747865 143
1751881120239 0.4005693371289142 144
1751881162070 0.39051351251432587 145
1751881202913 0.37705645310362673 146
1751881244526 0.3619912011534622 147
1751881285934 0.4110318311212984 148
1751881330919 0.42539465414617916 149
1751881373429 0.35256386557728564 150
1751881400084 0.3898665385041961 151
1751881426719 0.39631779363377573 152
1751881453876 0.40289844356538135 153
1751881481828 0.4192391585640874 154
1751881509917 0.38994047839106805 155
1751881537407 0.4150430699841029 156
1751881566139 0.40230692447040556 157
1751881595466 0.42602314318459095 158
1751881623068 0.3976117416540353 159
1751881652011 0.38731561240711304 160
1751881680418 0.41162335021627416 161
1751881709160 0.3703464083699952 162
1751881736777 0.37391400791156787 163
1751881764244 0.3903656327405819 164
1751881793192 0.3914747310436615 165
1751881821213 0.41968279788531926 166
1751881848538 0.39519021035897817 167
1751881876897 0.4122333542829679 168
1751881905128 0.41082849643240044 169
1751881932667 0.40010721283596434 170
1751881960532 0.41696550704277424 171
1751881988245 0.4287774039705719 172
1751882017076 0.40716847203223777 173
1751882044369 0.3987578099005509 174
1751882071665 0.40805575067470146 175
1751882100501 0.40761211135346964 176
1751882129629 0.4051536101149765 177
1751882157822 0.3793855595400939 178
1751882184740 0.42097674590557876 179
1751882212852 0.4242116159562276 180
1751882241372 0.4060039188140042 181
1751882270968 0.40947909349698697 182
1751882299359 0.36714850826278234 183
1751882326144 0.43288106769196644 184
1751882353780 0.39596657917113387 185
1751882383246 0.4389811083589042 186
1751882411746 0.4057266442382343 187
1751882439463 0.42657769233613074 188
1751882467640 0.38923804946578433 189
1751882495535 0.41914673370549743 190
1751882523154 0.41334245258604757 191
1751882551463 0.3897371437021701 192
1751882581198 0.4227697881622241 193
1751882609370 0.39411808199933457 194
1751882638291 0.420366741838885 195
1751882665788 0.3940071721690266 196
1751882693780 0.42215978409553034 197
1751882721908 0.4228067581056601 198
1751882750048 0.42946134792413765 199
1751882778491 0.3897371437021701 200
