1751871829151 2.2591034720350613 0
1751871918385 2.2535815576649405 1
1751872005801 2.187797358533875 2
1751872099161 2.277325970944197 3
1751872186326 2.196963516524014 4
1751872277113 2.186205839425786 5
1751872371290 2.217145617724608 6
1751872465910 2.238200238934805 7
1751872558691 2.2797388958038454 8
1751872647587 2.2238329512652704 9
1751872739287 2.2871829012106795 10
1751872829144 2.325314628559242 11
1751872912496 2.2837612105523424 12
1751872999158 2.372469196869419 13
1751873088654 2.3064092735858233 14
1751873184111 2.3690733774078776 15
1751873272663 2.351200613616826 16
1751873367821 2.4364032830784295 17
1751873465087 2.3739815860361784 18
1751873555520 2.6436801470153406 19
1751873645717 2.5207300059012883 20
1751873737944 2.413378099154031 21
1751873833920 2.381083203661022 22
1751873925572 2.5196880301374964 23
1751874026055 2.4556467731650957 24
1751874115279 2.5266518330486227 25
1751874204691 2.4475673720406363 26
1751874294824 2.450273484031678 27
1751874383988 2.5304778560147616 28
1751874483412 2.5552833163918307 29
1751874577421 2.5239313221773267 30
1751874683529 2.459107912703204 31
1751874777759 2.659568787492247 32
1751874872598 2.488250073065953 33
1751874962474 2.601813239382701 34
1751875054261 2.5729913381265597 35
1751875141651 2.5834010088184423 36
1751875235155 2.552908139675093 37
1751875319439 2.532025420569054 38
1751875411099 2.617194833275915 39
1751875495516 2.5433997202954535 40
1751875575315 2.634596607786555 41
1751875666039 2.6190358504945674 42
1751875762454 2.576880279254273 43
1751875859877 2.5985494883513565 44
1751875960796 2.538780564032363 45
1751876063881 2.621306620870119 46
1751876151334 2.63048986038337 47
1751876241471 2.5632015098117984 48
1751876336280 2.635189602773493 49
1751876435916 2.6542625770011297 50
1751876490201 2.62765886250771 51
1751876548659 2.6196020335642913 52
1751876604937 2.5371388624592357 53
1751876655911 2.637510058786002 54
1751876710463 2.4767879891864575 55
1751876765171 2.518218471307125 56
1751876824783 2.443740514649265 57
1751876882034 2.5297568519557254 58
1751876941468 2.4871047521441803 59
1751876998056 2.4672911996633964 60
1751877054977 2.55245284151015 61
1751877108259 2.4687977097925056 62
1751877164309 2.46035143596352 63
1751877220873 2.4911626869295187 64
1751877276417 2.455964135181896 65
1751877336414 2.4862719703159826 66
1751877391694 2.4145072524171733 67
1751877445615 2.478540768938424 68
1751877504353 2.4285985014970644 69
1751877563402 2.443350632906652 70
1751877621390 2.4434795430662875 71
1751877673546 2.4315152911830356 72
1751877728968 2.478289393398247 73
1751877783803 2.445772785258177 74
1751877839936 2.4347316368438445 75
1751877895673 2.545252294928925 76
1751877950163 2.4550571596391086 77
1751878005051 2.4439571852034736 78
1751878066680 2.4370453560243153 79
1751878126393 2.5123965117651736 80
1751878179806 2.4826015284154206 81
1751878236992 2.462508791717426 82
1751878294913 2.481547064970665 83
1751878349170 2.476117019998813 84
1751878402572 2.4931314471280928 85
1751878455074 2.473352585524373 86
1751878511715 2.4440523397447613 87
1751878562196 2.462188867530958 88
1751878615266 2.4827820129425175 89
1751878682616 2.4441171366210908 90
1751878741279 2.4505929372805197 91
1751878795409 2.5268148455380066 92
1751878852243 2.4512808626683076 93
1751878909688 2.431549660066981 94
1751878964086 2.488010043621492 95
1751879019138 2.447334352990304 96
1751879076358 2.4903486373429775 97
1751879127559 2.4373299628197924 98
1751879183870 2.450854318542952 99
1751879239296 2.4772083019528046 100
1751879282883 2.459746640580119 101
1751879327954 2.351896403538068 102
1751879372766 2.3668564790382973 103
1751879414065 2.318383231340141 104
1751879455647 2.2977863580315856 105
1751879498257 2.293671770619197 106
1751879540550 2.3568969825943342 107
1751879585922 2.315426381608307 108
1751879626995 2.3509234126096823 109
1751879671969 2.327771944370314 110
1751879712324 2.3160010815277805 111
1751879754828 2.3665485413511997 112
1751879798329 2.279208859053876 113
1751879840474 2.363155731148088 114
1751879882550 2.318318167688012 115
1751879927020 2.3189630396391907 116
1751879970634 2.3253997497987458 117
1751880008372 2.3500432449310957 118
1751880049996 2.329631804752685 119
1751880092234 2.357678445439638 120
1751880134249 2.3266121851392345 121
1751880176986 2.3423629728517144 122
1751880222241 2.3640372690960927 123
1751880262760 2.349933159095621 124
1751880307761 2.409764932870471 125
1751880352498 2.3214061549729283 126
1751880395096 2.3410435346135703 127
1751880439255 2.398327409325671 128
1751880482669 2.340830280226167 129
1751880527185 2.4118049816324514 130
1751880568070 2.3177865327522644 131
1751880607018 2.3271685112076996 132
1751880651629 2.362913726943262 133
1751880691716 2.3430802970517757 134
1751880734373 2.3217754434768874 135
1751880776728 2.3529511048558915 136
1751880825508 2.3535582607227417 137
1751880868049 2.376654223998614 138
1751880911406 2.3278955297731523 139
1751880955166 2.4016293929556873 140
1751880996756 2.3576926754458456 141
1751881037234 2.381669988340033 142
1751881078276 2.310927359143134 143
1751881120240 2.3208840380224576 144
1751881162071 2.316406674726444 145
1751881202914 2.3370730498834424 146
1751881244526 2.342503310411127 147
1751881285935 2.309830406900572 148
1751881330920 2.3230849155565587 149
1751881373430 2.4008624079864207 150
1751881400085 2.206437409490075 151
1751881426720 2.1419777895355665 152
1751881453877 2.0995582803852164 153
1751881481829 2.1000650698016323 154
1751881509917 2.1102177265416286 155
1751881537407 2.076149626933087 156
1751881566140 2.0925902382608865 157
1751881595467 2.0741308428655065 158
1751881623069 2.097425725027361 159
1751881652012 2.1079812105956623 160
1751881680419 2.0880336238331765 161
1751881709161 2.082009288580338 162
1751881736778 2.078083143899506 163
1751881764245 2.0818966196298883 164
1751881793193 2.085818320078929 165
1751881821214 2.0486455816644473 166
1751881848539 2.06296761081197 167
1751881876898 2.045854167443298 168
1751881905129 2.0645930217639696 169
1751881932668 2.075228009926437 170
1751881960533 2.0482693915051624 171
1751881988245 2.0685646066608943 172
1751882017077 2.0748803411559966 173
1751882044370 2.0864558716467076 174
1751882071666 2.0715972677516863 175
1751882100502 2.0610519855093674 176
1751882129630 2.063342080868571 177
1751882157823 2.1074241838410837 178
1751882184740 2.056248797516104 179
1751882212853 2.0791472090459187 180
1751882241373 2.0765338566291573 181
1751882270969 2.060062778253941 182
1751882299360 2.1025664404924496 183
1751882326144 2.0775854580206308 184
1751882353781 2.073901347879801 185
1751882383247 2.042525839706974 186
1751882411747 2.055884748457991 187
1751882439464 2.0315502845548514 188
1751882467641 2.0515184558753226 189
1751882495536 2.0354773935472954 190
1751882523155 2.023315365676456 191
1751882551464 2.0727764390585164 192
1751882581199 2.03829333054783 193
1751882609370 2.0525412878562252 194
1751882638292 2.052177684827238 195
1751882665789 2.061305360483282 196
1751882693781 2.042337494890695 197
1751882721909 2.047814793705807 198
1751882750048 2.058241373894199 199
1751882778491 2.0701434725316026 200
