1753568674071 0.026084067120784184 0
1753568693851 0.059561388935039046 1
1753568708131 0.06703771390596444 2
1753568729545 0.09245721880711082 3
1753568746741 0.10990197707260342 4
1753568766036 0.12294401063299551 5
1753568781083 0.14080412028576175 6
1753568804216 0.1545937863432464 7
1753568822045 0.16497757102508723 8
1753568843975 0.17635819903638478 9
1753568867285 0.1825884698454893 10
1753568888681 0.1909785678684167 11
1753568911695 0.19936866589134408 12
1753568934294 0.21257684000664562 13
1753568954042 0.22221299219139393 14
1753568974081 0.23143379298886857 15
1753568991815 0.23267984715068948 16
1753569013527 0.23799634490779198 17
1753569034484 0.24372819405216814 18
1753569055190 0.2492939026416348 19
1753569076740 0.251370659578003 20
1753569090426 0.25776707094201695 21
1753569110976 0.25843163316165474 22
1753569129674 0.2670709420169463 23
1753569150697 0.26499418508057815 24
1753569163720 0.27114138561222795 25
1753569185003 0.2709752450573185 26
1753569202978 0.2724705100515036 27
1753569222471 0.28310350556570857 28
1753569243851 0.2826050839009802 29
1753569262703 0.2825220136235255 30
1753569281809 0.28650938694135236 31
1753569304792 0.28808772221299217 32
1753569324465 0.29107825220136235 33
1753569345768 0.29165974414354545 34
1753569364509 0.29764080412028576 35
1753569385772 0.2977238743977405 36
1753569406322 0.30146203688320317 37
1753569421056 0.3036218640970261 38
1753569441753 0.3027080910450241 39
1753569459036 0.3102674862934042 40
1753569480215 0.3101013457384948 41
1753569501161 0.3077753779697624 42
1753569520907 0.3083568699119455 43
1753569541655 0.3102674862934042 44
1753569561763 0.3083568699119455 45
1753569582839 0.31043362684831366 46
1753569605754 0.3179930220966938 47
1753569629378 0.31400564877886694 48
1753569649807 0.3139225785014122 49
1753569670638 0.31874065459378637 50
1753569693591 0.3203189898654262 51
1753569712925 0.31915600598106 52
1753569731581 0.32214653596943016 53
1753569751192 0.32065127097524504 54
1753569769526 0.32339259013125105 55
1753569791355 0.32256188735670377 56
1753569809506 0.32463864429307193 57
1753569831554 0.326133909287257 58
1753569851660 0.3226449576341585 59
1753569871556 0.32596776873234756 60
1753569890354 0.3260508390098023 61
1753569908483 0.3253032065127098 62
1753569928639 0.32555241734507395 63
1753569949370 0.32962286094035553 64
1753569967702 0.33178268815417844 65
1753569988801 0.3312842664894501 66
1753569999795 0.329789001495265 67
1753570019933 0.32779531483635155 68
1753570041302 0.3304535637149028 69
1753570062791 0.3295397906629008 70
1753570080781 0.3344409370327297 71
1753570099664 0.3344409370327297 72
1753570121828 0.3319488287090879 73
1753570143111 0.33394251536800135 74
1753570165296 0.3354377803621864 75
1753570188805 0.3304535637149028 76
1753570210249 0.3344409370327297 77
1753570228669 0.3351054992523675 78
1753570249117 0.33585313174946 79
1753570267278 0.33402558564545604 80
1753570287269 0.3344409370327297 81
1753570305821 0.3338594450905466 82
1753570325868 0.33618541285927894 83
1753570337856 0.33709918591128096 84
1753570348792 0.335271639807277 85
1753570368445 0.33618541285927894 86
1753570389716 0.3351054992523675 87
1753570408959 0.3382621697956471 88
1753570429989 0.33834524007310185 89
1753570443348 0.33776374813091875 90
1753570463097 0.3410034889516531 91
1753570484211 0.33900980229273964 92
1753570504762 0.3397574347898322 93
1753570525101 0.3385113806280113 94
1753570544789 0.3420003322811098 95
1753570557330 0.338594450905466 96
1753570579448 0.3438278783851138 97
1753570600129 0.3414188403389267 98
1753570621376 0.34332945672038545 99
1753570642912 0.34042199700947 100
